66
134403 134411 605
134394 134397 877
134411 134403 605
134500 134501 475
134501 134500 475
136739 136745 1739
136745 136739 1739
136873 136982 383
133590 133589 847
133590 133594 924
133594 133590 924
133586 133597 713
136982 136873 383
136952 136951 848
136951 136952 848
133597 133586 713
133604 133606 818
133606 133604 818
133589 133590 847
133925 133927 475
133927 133925 475
133961 133962 2273
133962 133961 2273
133962 133965 818
133965 133962 818
137220 137233 504
137233 137220 504
137233 137227 2557
137227 137233 2557
137188 137191 840
137191 137188 840
137193 137194 1558
137194 137193 1558
137194 137203 681
137618 137616 301
137616 137618 301
138001 138003 931
137256 137257 840
137203 137194 681
138003 138001 931
138003 138004 927
138004 138003 927
137257 137256 840
138084 138087 947
138087 138084 947
138822 138823 202
138823 138822 202
10934 10935 409
10935 10934 409
13116 13119 2476
13127 13129 938
13129 13127 938
13119 13116 2476
13139 13205 3482
13205 13139 3482
13242 13241 836
13241 13242 836
13867 13868 2459
13868 13867 2459
14178 14187 551
14187 14178 551
134219 134222 403
134222 134219 403
134256 134257 788
134257 134256 788
134397 134394 877
174
10295
10310
10807
10810
7901
10637
10895
10645
10673
10934
10678
10935
10968
13401
13402
13412
13415
14227
14267
14282
14226
13444
13441
13399
13465
11197
13594
13116
13474
13481
13113
13127
13129
13119
13132
13139
13205
13219
13578
13249
13215
13246
13242
13853
13855
13233
13241
13860
14001
13867
13868
12082
13883
13905
14056
14052
14079
14077
14060
14086
34372
14169
14178
14187
24005
23840
23998
14158
24016
23984
132848
189463
189592
139550
134219
134222
134256
134917
134257
134329
134349
134350
135652
134397
134402
134393
134411
134501
134588
136028
136036
137415
137421
136979
136980
136895
136894
133590
133580
133594
133586
136938
136939
136936
136952
136962
136942
136951
136941
133597
133604
133606
133589
133915
133927
133931
133950
133961
133962
133965
137135
137138
137136
137119
137133
137233
137227
137226
137072
137080
137022
137584
137079
137188
137170
137191
137594
137623
137616
137628
137999
138009
137177
137186
137230
138004
138017
138025
138073
138084
138087
138353
139683
138364
138369
138370
138291
138304
138307
138297
138312
138296
138313
138822
138823
138750
231258
230156
230182
230206
230501
230510
230675
229968
