78
14384 14385 626
14385 14384 626
23517 23516 818
23516 23517 818
24149 24068 750
24068 24149 750
24167 24169 809
24168 24169 3205
24976 24982 870
24982 24976 870
24982 24985 848
24985 24982 848
24985 24986 1009
24986 24985 1009
24986 24989 951
24989 24986 951
24989 25039 738
25039 24989 738
187669 187668 810
187609 187610 2081
187668 187669 810
187610 187609 2081
188390 188388 629
188382 188392 717
188392 188382 717
190790 190791 208
190790 190800 1950
188388 188390 629
190791 190790 208
190791 190800 1772
190800 190790 1950
190800 190791 1772
188341 188344 876
188344 188341 876
135246 135244 1398
135249 135244 827
135249 135245 1494
135251 135253 1299
135253 135251 1299
135282 135285 884
135285 135282 884
135295 135344 475
135297 135344 403
135344 135295 475
135344 135297 403
135244 135246 1398
135244 135249 827
135245 135249 1494
135214 135212 1810
135212 135214 1810
135413 135431 1417
135431 135413 1417
135432 135484 905
135484 135432 905
135513 135514 1530
135514 135513 1530
136245 136257 1263
136257 136245 1263
136263 136265 1731
136265 136263 1731
136265 136314 841
136314 136265 841
22591 22589 893
22597 22598 847
22589 22591 893
22598 22597 847
22638 22641 1032
22641 22638 1032
23378 23380 747
23388 23380 737
23380 23378 747
23380 23388 737
23443 23444 750
23444 23443 750
23452 23453 435
23453 23452 435
24169 24167 809
24169 24168 3205
167
16458
16655
16756
16785
16767
16776
16790
9785
11333
11234
11361
11369
11449
11506
11305
11471
11540
11291
11312
11567
11570
11493
11498
11457
11458
11491
11463
11510
11587
11590
11610
22591
22597
22568
22589
22598
22646
11630
22607
22634
22638
22641
23251
23264
23267
23281
23305
23307
23339
23404
23341
23326
23335
23383
23378
23364
23388
23380
23362
23389
23443
23444
23447
23452
23453
23457
23472
7468
7475
28469
28368
28483
23514
23545
23554
24170
24173
24240
24169
24209
24243
14384
14385
23503
23516
24135
24139
24068
24072
24073
24159
24168
24286
24296
24308
24366
24377
24378
24360
24549
24386
24972
24982
24985
24986
24989
25036
25039
25231
11875
25186
25234
25237
35294
188149
188157
188175
188120
188126
188125
188150
188154
187609
187623
187621
187610
188377
188392
188395
188388
188399
188412
188400
188405
187289
190146
190800
188221
188341
188310
188320
135249
135251
135253
135282
135295
135343
135276
135277
135297
135344
135245
135214
135302
135210
135212
135426
135413
135431
135491
135484
135514
135523
136245
136254
136265
136314
