42
64752 64753 1531
64753 64752 1531
63507 64232 782
64234 64232 782
64232 63507 782
64232 64234 782
70855 70851 1219
70851 70855 1219
74409 74410 1011
74838 74824 1689
74813 74416 789
74813 74814 344
74814 74813 344
74419 74417 838
74823 74436 1322
74824 74838 1689
74410 74409 1011
74416 74813 789
74417 74419 838
74436 74823 1322
74474 74518 2374
74518 74474 2374
74540 74541 1504
74541 74540 1504
170992 170997 1396
170997 170992 1396
171748 171745 338
171745 171748 338
171782 171815 2197
171815 171782 2197
124235 122540 1308
122540 124235 1308
123405 124411 811
124411 123405 811
124411 123435 874
123435 124411 874
60575 60571 951
60571 60575 951
60579 60580 1426
60580 60579 1426
70755 64562 1556
64562 70755 1556
173
121870
121857
121892
122543
124116
124222
124235
122540
118006
118104
118039
118009
118124
118083
122545
124283
123405
124411
123435
123436
123545
124460
124466
124468
124469
124435
124454
124473
124480
124554
124617
124679
124710
120230
120233
120181
120420
124707
124691
120246
67040
77011
77017
67161
66844
66839
67023
67025
60575
60571
60579
60580
60593
66884
66904
66909
77713
70731
70865
70868
70881
70867
66933
67330
67340
70857
70863
70871
70698
70755
70742
64466
64508
64562
64633
64767
64771
64781
70809
70810
64661
64775
64658
64664
64728
64729
64743
64749
64752
64753
64702
64708
64713
63506
63507
64234
64238
64232
64164
64830
73146
70854
70855
70851
70852
74349
73348
74409
74838
74892
74903
74904
74898
74929
74814
74824
74410
74416
74358
74064
74112
74153
74164
74245
74468
74509
74448
74854
74855
74439
74412
74858
74945
74950
74961
74474
74518
74540
74541
57800
75074
76014
76110
76104
76115
75023
75025
77297
77317
77318
78289
74724
74758
74579
74598
74604
74732
74678
74679
74675
170987
170992
170994
170997
171748
171745
171782
171815
171824
171876
171886
171904
171928
