22
256386 256392 1417
238017 238024 1340
238024 238017 1340
238152 238153 787
238153 238152 787
257089 257105 252
257105 257089 252
257105 257106 1061
257112 257106 930
257106 257105 1061
257106 257112 930
238404 238416 1211
238416 238404 1211
238453 238448 469
238448 238453 469
247043 247044 2339
247044 247043 2339
255493 255491 2886
255491 255493 2886
255929 257357 2457
257357 255929 2457
256392 256386 1417
151
240129
240112
244642
244643
244663
238692
261318
244694
244701
244726
244730
244752
244787
244789
244796
244801
245096
245103
245097
245112
245135
245166
245168
245257
246058
245673
245683
261570
246136
246569
246572
246695
246604
261920
246608
246654
246661
246684
246793
246794
247043
247044
247045
248160
248171
248174
248176
256407
248168
248216
247167
248218
248226
248227
248235
248252
248200
248208
248330
248392
255493
255510
255491
255716
255717
255819
255826
255862
255915
255933
255927
255929
255921
255936
255952
257357
257371
256392
255678
257350
257355
257365
256386
256390
264240
256856
256890
256888
256894
238099
238105
238137
238148
238217
238220
238233
238020
238017
238096
238184
238153
238155
238246
238841
238845
257086
256907
257083
257091
257112
257106
257163
257334
238109
238117
263231
238404
238408
238414
238416
238453
238448
238854
238365
238857
238371
238469
238642
238644
238676
238645
238719
238779
239049
238807
238737
238739
238761
238768
242795
242838
263617
242626
242670
242682
261109
242777
261114
242925
239655
239671
