132
250878 250877 275
133254 133256 604
133254 133256 604
253289 253304 629
253304 253289 629
253304 253306 681
253306 253304 681
253306 253307 869
253307 253306 869
251126 251127 452
251127 251126 452
251134 251136 2514
251136 251134 2514
251136 251321 2665
251321 251136 2665
263478 263480 256
263480 263478 256
236229 236230 601
236229 236236 1624
236232 236238 1022
236238 236232 1022
236236 236229 1624
236230 236229 601
236736 236738 1439
236738 236736 1439
231925 231923 1300
233067 233066 901
233065 233068 1332
233066 233067 901
233066 233068 670
233072 233068 1261
233072 233074 1336
233074 233072 1336
233074 233075 485
233105 233081 452
233113 233081 845
233110 233271 5357
233272 233271 1670
233094 233099 1110
233094 233100 2180
233103 233099 1000
233098 233100 893
233102 233106 1094
231923 231924 1669
231923 231925 1300
231829 234695 2703
231836 231835 557
232057 231835 749
231856 231858 275
231863 231858 610
231851 231869 5212
234504 231865 1613
231854 231866 433
232629 232459 445
232629 232628 889
232450 232451 889
232450 232451 889
232450 232462 2582
232451 232450 889
232451 232450 889
232451 232453 1114
232451 232462 2024
232457 232459 2199
232452 232453 2601
232452 232454 2516
232453 232451 1114
232453 232452 2601
232453 232454 778
232461 232454 503
232380 232440 1257
232532 232674 515
232695 232694 1276
232699 232698 562
232686 232731 2069
232704 232731 884
232732 232731 1223
232734 232792 876
232796 232794 713
232842 232795 557
232867 232869 1119
232870 232869 603
232882 232883 749
232888 232883 602
233068 233065 1332
233068 233066 670
233068 233072 1261
233075 233074 485
233081 233105 452
233081 233113 845
233271 233110 5357
233271 233272 1670
233099 233094 1110
233099 233103 1000
233100 233094 2180
233100 233098 893
233106 233102 1094
231924 231923 1669
234695 231829 2703
231835 231836 557
231835 232057 749
231858 231856 275
231858 231863 610
231869 231851 5212
231865 234504 1613
231866 231854 433
232628 232629 889
232462 232450 2582
232462 232451 2024
232459 232457 2199
232459 232629 445
232454 232452 2516
232454 232453 778
232454 232461 503
232440 232380 1257
232674 232532 515
232694 232695 1276
232698 232699 562
232731 232686 2069
232731 232704 884
232731 232732 1223
232792 232734 876
232794 232796 713
232795 232842 557
232869 232867 1119
232869 232870 603
232883 232882 749
232883 232888 602
133320 133321 418
133321 133320 418
133256 133254 604
133256 133254 604
250877 250878 275
152
233068
233075
233081
233271
233099
233100
233106
231924
234695
231835
231858
231869
231865
231866
232628
232462
232459
232454
232440
232674
232694
232698
232731
232792
232794
232795
232869
232883
232845
232924
232937
232931
233586
233594
11170
233633
11163
11165
233641
248413
248465
248426
248487
248497
248525
248691
248692
235977
248773
248784
238208
248792
236828
249760
249245
249258
249274
133268
133136
133137
133275
133320
133321
133328
133339
133341
251093
251124
133256
251297
250877
250878
250880
250895
250893
253289
253304
253306
253307
253345
251133
251134
251136
251321
251325
251345
251372
251375
253373
253376
253507
253380
134094
138704
263478
236229
236232
236238
236222
236228
236281
236004
236006
236008
236021
236230
236013
253423
236248
236428
236721
236736
235714
236718
236740
235905
236748
236807
236810
236840
236814
231883
231893
231770
231902
231910
231977
231603
231612
233065
233072
233074
233110
233094
233103
231923
231829
231856
231851
231854
232450
232457
232380
232532
232686
232704
232732
232796
232842
232867
232870
232888
