60
33587 33592 818
33699 33700 2005
33700 33699 2005
33730 33747 1873
33747 33730 1873
33819 33762 826
33762 33819 826
33904 33913 1885
33913 33904 1885
17433 17434 598
17434 17433 598
18623 18627 1426
18625 18627 904
18625 18636 1268
18628 18627 551
18627 18623 1426
18627 18625 904
18627 18628 551
18636 18625 1268
18636 18637 818
18645 18637 1062
18480 18483 1032
18483 18480 1032
103613 103616 605
103616 103613 605
18633 18637 1179
18637 18633 1179
18637 18636 818
18637 18645 1062
26633 26634 2141
26134 26143 1558
26143 26134 1558
26143 26148 789
26148 26143 789
26148 26151 927
26151 26148 927
19180 11216 1248
26570 26571 649
26634 26633 2141
26571 26570 649
11216 19180 1248
29142 29146 709
29146 29142 709
29147 29150 806
29150 29147 806
192931 192917 432
192917 192931 432
193062 193283 610
193283 193062 610
32786 32787 833
32787 32786 833
33062 33063 761
29537 29540 4013
29540 29537 4013
29589 29590 7617
29590 29589 7617
33063 33062 761
108015 108029 667
108029 108015 667
33592 33587 818
166
191859
191804
191811
192878
192880
192903
192935
192931
192951
192917
192929
193182
193062
193283
193284
193285
193053
192454
192576
192281
192264
192288
192293
192535
191494
192303
192250
192197
192488
192490
32699
32705
32706
32642
32629
32632
32691
32724
32752
32767
32786
32787
33062
32783
29537
32418
32444
29540
29571
29576
32453
29589
29590
32463
32486
32545
32638
32596
32834
33063
33070
107883
107902
107878
103509
105672
107912
108015
108029
103384
107991
107999
108017
111836
107980
111832
108038
108044
33500
33507
33516
33514
33573
33588
33592
33699
33700
33730
33747
33738
33740
33819
33762
33832
33840
17221
33842
33827
17251
17266
17273
17330
33881
33904
33921
33911
33913
17375
17383
17434
33998
18334
113473
18349
33985
18409
18410
18415
18435
18439
18636
18654
18464
18483
18478
18449
18631
103506
103549
103604
103542
103599
103521
103616
18452
18646
26633
25276
25277
26134
26143
26151
26545
18853
26551
19180
26185
26188
26267
11219
26192
26210
11216
29195
105536
105544
105283
103555
103689
103699
105550
40208
29142
29146
29150
29214
