66
218524 224055 1245
224055 218524 1245
218526 218527 804
218527 218526 804
218327 218329 1124
218329 218327 1124
218329 222728 704
222707 222711 732
222728 218329 704
222711 222707 732
222856 222857 830
222857 218670 769
222857 222856 830
218670 222853 257
218670 222857 769
222853 218670 257
222900 222901 1374
222901 222900 1374
150978 150994 2353
150994 150978 2353
151042 151064 2421
149106 149108 810
149108 149106 810
149139 149413 724
149413 149139 724
148658 148657 731
148657 148658 731
149463 149465 644
149470 149461 948
149465 149463 644
149461 149470 948
149478 149476 890
149476 147314 1019
149476 149478 890
149445 147314 848
147314 149445 848
147314 149476 1019
146279 146572 532
148834 148827 847
148827 148834 847
146572 146279 532
151620 151778 262
151778 151620 262
146499 146321 1000
140292 146343 904
146343 140292 904
146321 146499 1000
151064 151042 2421
151080 151079 757
151079 151080 757
142982 142987 443
142987 142982 443
142987 143152 524
143152 142987 524
128124 128116 1726
128116 128124 1726
128197 128198 1344
128198 128197 1344
131941 131946 941
131946 131941 941
128273 128274 1426
128274 128273 1426
128292 128293 1357
128293 128292 1357
218068 218069 244
218069 218068 244
163
46537
46541
128046
128032
128124
128116
128010
128033
128148
128184
128199
128159
128041
128085
128191
128217
128197
128198
128210
128264
130346
131916
130383
131941
130386
131946
128273
128274
128275
128263
128303
128298
128295
128292
128293
129653
129842
129848
130300
130301
130306
130338
121479
121478
121585
121598
121481
121487
121621
70245
130435
121457
130465
121473
121444
132102
129837
129839
129899
130417
130431
127510
218022
218072
218086
218068
218069
218306
218357
224039
218359
218382
218504
218506
218511
218631
218500
218431
218599
218524
224055
218526
218527
218546
218486
218327
218345
216236
218348
222707
222730
222732
222599
222696
222711
222712
222709
222716
222737
222768
222814
222856
224007
218670
222803
218574
222603
222892
222900
222901
223005
223006
150977
150994
151041
151644
148488
148492
149089
149095
149106
149108
149139
149411
149413
148796
148658
148657
149469
149470
149465
149461
149478
149476
149439
149441
149445
147314
148785
148799
148800
148802
148791
146329
146499
140292
146343
146348
146321
151064
151072
151079
151228
151251
151263
151267
142966
142975
142987
143152
143155
147574
147587
