90
24593 24597 2204
24597 24593 2204
25225 25224 373
25224 25225 373
188329 188327 900
188534 188526 860
188546 188526 2637
188496 188495 778
188495 188496 778
188495 188497 777
188497 188495 777
188383 188384 809
188544 188543 810
188559 188562 1371
188562 188559 1371
188384 188383 809
188543 188544 810
188525 188526 802
188526 188525 802
188526 188534 860
188526 188546 2637
187055 187672 289
187672 187055 289
188351 189258 2180
189258 188351 2180
188327 188329 900
135563 135565 848
135565 135563 848
135565 135570 2964
135316 135328 747
135328 135316 747
135534 135548 336
135534 135549 474
135548 135534 336
135541 135540 1209
135540 135541 1209
135440 135443 629
135549 135534 474
135503 135502 1052
135443 135440 629
135498 135502 480
135502 135498 480
135502 135503 1052
135593 136331 789
136331 135593 789
136334 136336 1483
136336 136334 1483
136336 136342 1055
136342 136336 1055
135612 135633 951
135633 135612 951
135633 135632 1612
135632 135633 1612
135570 135565 2964
135570 136680 1702
136680 135570 1702
136680 136696 202
136696 136680 202
136696 136694 939
136702 136725 1006
136724 136725 836
136725 136702 1006
136725 136724 836
135622 135623 1258
135625 135619 951
135623 135581 924
135623 135622 1258
135581 135623 924
136694 136696 939
135619 135625 951
199296 199317 739
199317 199296 739
199317 199315 1319
199315 199317 1319
22626 22632 712
22632 22626 712
23023 23065 1188
23065 23023 1188
28355 28382 672
28382 28355 672
24080 24089 697
24080 28839 418
24089 24080 697
24099 24100 737
24100 24099 737
24100 24102 1946
28839 24080 418
24102 24100 1946
28781 28779 1533
28779 28781 1533
159
22518
22530
22507
22512
22573
22584
22611
22278
22286
22292
22618
22626
22632
22630
23248
22886
22889
22945
22954
22958
22960
22866
22928
22927
22940
22986
22990
22994
23042
23045
23078
23023
23067
23032
23065
23072
23228
23237
34131
28475
35316
34290
28467
28478
23221
23222
23206
28353
28355
28382
28401
28399
27630
28457
24080
24089
24099
24100
28839
24102
24250
28781
28779
28786
28759
28788
28763
28764
24512
24279
24123
24132
24273
24543
24558
24593
24612
24614
25171
24616
25207
25240
25224
188138
188142
188146
188158
188164
188141
188222
188314
188329
188546
188439
188481
188484
188429
186829
188544
188556
188559
188562
190627
190625
190631
188384
188531
188543
188540
187309
187055
188351
188359
189258
188356
188357
189271
135342
135563
139590
136646
135316
135325
135328
135548
135330
135541
135540
135424
135425
135549
135503
135520
135443
135498
135589
135593
132608
135612
135633
135632
135631
136680
136724
136673
136690
136711
136672
136725
136727
135622
135623
135581
135619
139663
199292
199293
199296
199315
