40
43761 43760 2737
44772 44798 1533
44798 44772 1533
44732 44736 1323
44736 44732 1323
45915 45920 1206
45920 45915 1206
45954 45957 111
45957 45954 111
126633 126632 1467
126632 126633 1467
125353 125355 1607
125355 125353 1607
125445 125448 848
125429 125431 2701
125448 125445 848
125431 125429 2701
45675 45673 1547
45673 45675 1547
45682 45683 276
45683 45682 276
45708 45709 1457
45709 45708 1457
45709 45713 1067
45713 45709 1067
45720 45718 1067
45720 45722 2180
45722 45720 2180
45718 45720 1067
126508 126513 581
126513 126508 581
93529 93527 928
93527 93529 928
98942 93558 905
93558 98942 905
43923 43924 101
43924 43923 101
44245 44248 2139
44248 44245 2139
43760 43761 2737
160
49921
41948
41952
50446
49824
49893
49908
50010
97764
97747
94604
93529
94334
94616
93533
93527
93528
93560
98942
93558
102036
92745
101754
98899
98965
98960
98975
101685
94534
98622
98624
97801
97802
97833
97843
97842
98048
98043
98058
98338
97768
97799
98330
98591
191007
41962
41970
42010
49973
49910
42040
42044
42046
42047
46239
50149
50159
42105
42149
42162
42167
43955
43957
43963
43985
43990
43992
44054
43923
43924
43901
44197
44245
44248
44265
44344
43981
44254
44393
44399
44438
44473
44477
44483
44504
43760
43761
44007
44015
43742
43775
43910
44734
44772
44798
45892
44736
44762
44758
45912
45920
45956
45994
46027
126024
126084
126089
126097
126191
126207
126208
126216
126499
45755
45437
125345
126633
126632
126631
125248
45363
125314
125322
125326
125363
125373
125375
125944
125353
125355
45761
125406
125426
125429
125432
125431
126008
126013
126038
126056
126070
126004
45675
45673
45682
45708
45713
45718
46005
45998
46000
126516
126498
126524
126554
126591
126598
119997
126562
126567
