74
233290 233293 1029
233293 233290 1029
248407 248408 1017
248408 248407 1017
248574 248575 787
248575 248574 787
248575 248611 1113
248611 248575 1113
248722 248761 1097
248761 248722 1097
248761 248763 1114
248763 248761 1114
248767 248769 1178
248769 248767 1178
249757 249758 1340
249758 249757 1340
249148 249270 1225
249270 249148 1225
251237 133263 1469
133263 251237 1469
250087 251257 2229
251257 250087 2229
251257 251261 588
251261 251257 588
251261 251262 708
251262 251261 708
251262 251270 764
251270 251262 764
250866 250865 2225
250865 250866 2225
253277 253282 764
253277 253286 1719
253286 253277 1719
253400 253401 75
251156 251203 2902
251203 251156 2902
251203 251207 2643
251207 251203 2643
251353 251352 1085
251353 253255 1303
251352 251353 1085
253255 251353 1303
253268 253269 580
253269 253268 580
253282 253277 764
253401 253400 75
253534 134128 286
253534 253525 1124
134175 134173 375
134175 134177 4205
134178 134173 513
134177 134175 4205
134177 134181 884
134123 134122 2889
134124 134122 1280
134126 134122 2807
134128 134127 562
134128 253534 286
261751 253557 609
253525 253534 1124
134173 134175 375
134173 134178 513
134181 134177 884
134122 134123 2889
134122 134124 1280
134122 134126 2807
134127 134128 562
253557 261751 609
254995 255021 266
255021 254995 266
236851 236858 2761
236858 236851 2761
232079 232080 796
232080 232079 796
164
253525
134173
134181
134122
134127
253557
254995
255021
236317
236383
236270
263529
236041
236045
236035
236303
263826
263575
236283
236285
236289
263518
263539
263838
236764
246096
236752
236851
236858
263197
262060
236997
262044
263204
236824
237007
262877
237010
231979
231942
231993
231996
231956
231965
231998
233080
233124
233122
233275
233277
233281
233284
231946
232060
231861
232079
232084
232080
232089
232639
232474
232642
232681
232709
232713
232736
232856
233524
233544
233547
233553
233577
233574
233619
233624
233293
244927
248416
248537
248544
248539
248542
248570
248574
248611
248616
248596
248635
248584
248594
248670
248673
248689
248674
248697
248722
248761
248767
248769
248787
249466
249751
249752
249758
249767
249148
249270
139752
139541
133267
251237
133263
133261
251240
251246
251255
250828
250148
250161
251261
251262
251269
251270
251278
251281
250835
250820
250837
250871
250866
251083
250864
250865
250842
251085
253286
253320
253323
253342
262184
251110
251162
251144
251143
251147
251156
251203
251207
251343
251353
251355
253255
253269
253282
253437
253428
253436
253516
134175
134177
134123
134124
134126
261751
