50
49571 49572 1807
49572 49571 1807
144283 144284 320
144367 144353 869
144253 144254 184
144254 144253 184
144257 144251 1688
144284 144283 320
144251 144257 1688
144353 144367 869
195570 195575 691
195575 195570 691
196350 196339 1945
196339 196350 1945
196385 196386 880
196386 196385 880
196384 196376 772
196376 196370 902
196376 196384 772
196370 196376 902
196370 214614 661
214614 196370 661
189913 189948 855
189948 189913 855
140127 141458 678
141458 140127 678
139824 140033 223
140033 139824 223
139994 139997 929
139997 139994 929
139997 140015 1586
140015 139997 1586
190046 190083 669
190083 190046 669
190083 190079 655
190079 190083 655
190085 190087 548
190087 190085 548
142337 142338 501
142338 142337 501
29266 29267 788
29267 29266 788
29335 29337 650
29337 29335 650
54794 54809 276
54809 54794 276
53473 53497 1716
53497 53473 1716
53528 53526 1199
53526 53528 1199
168
105497
40138
40157
40159
41281
41308
41313
29224
29226
29241
29021
29262
29263
29265
29266
29267
29335
29086
29337
29331
29332
29059
29081
34986
52992
52997
53004
56637
52965
52975
52987
53297
53308
53303
53430
53434
53485
53487
53493
53572
29445
53582
53587
54794
54809
54811
54824
54826
55265
55268
55323
55925
53459
53458
53469
53454
53473
53540
53546
53557
53497
53510
53528
53526
53592
49519
49522
49523
49521
49549
49298
49317
49318
49285
49272
49276
49300
46276
49544
49477
49568
49572
49787
49789
53712
53693
53764
53765
53752
54766
54776
54782
144223
144239
144244
144316
144417
144317
144366
144367
144253
144254
144251
144363
144353
144327
144328
144331
195551
195553
195570
195569
196333
196350
196352
196339
196385
196384
196376
196370
141417
189913
140063
140085
140094
140127
141457
141458
189915
190015
190021
190026
190029
190032
139824
139826
140033
139820
139953
139994
139997
140015
140097
140102
140099
140103
190046
190083
190079
190087
190097
190111
190446
190467
190473
189989
189998
189996
190562
190536
190475
142195
142197
142213
142338
142343
142355
141379
