68
24051 24050 1166
24050 24051 1166
24058 24056 1167
24056 24058 1167
23498 24276 1818
24276 23498 1818
24282 24280 616
24280 24282 616
24592 24594 2183
24594 24592 2183
25219 25226 738
25226 25219 738
188312 188313 867
187628 187629 1380
187628 188528 778
187629 187628 1380
188494 188483 802
188483 188482 822
188483 188494 802
188482 188483 822
188385 188376 809
188560 188561 1347
188561 188560 1347
190623 190626 1138
190623 190634 1025
190626 190623 1138
190634 190623 1025
188376 188385 809
188536 188537 836
188537 188536 836
188527 188528 826
188528 187628 778
188528 188527 826
187346 187270 494
187270 187346 494
188313 188312 867
135360 135363 848
135363 135360 848
135363 135362 884
135362 135363 884
135535 135536 947
135331 135537 1008
135536 135535 947
135536 135537 873
135537 135331 1008
135537 135536 873
135438 135442 827
135442 135438 827
132609 136332 1258
136332 132609 1258
136332 136335 905
136335 136332 905
136335 136337 1188
136337 136335 1188
136337 136341 1483
136341 136337 1483
22334 22335 1696
22335 22334 1696
22287 22616 750
22616 22287 750
23046 23062 473
23062 23046 473
23066 23083 708
23083 23066 708
28400 28444 475
28444 28400 475
24106 24108 1877
24108 24106 1877
163
11221
22334
11225
22335
9029
11286
11289
22455
22482
11299
11439
22495
22496
22526
22555
22576
22577
22532
22533
22513
22583
22588
22280
22287
22616
22625
22633
22660
22887
22937
22947
22966
22956
22962
22876
22931
22942
23250
22987
23049
23270
23289
11977
23310
23035
23043
23046
23062
23355
23066
23069
23071
23083
23236
23430
23435
23438
28474
28465
28471
35314
24759
7452
23481
7642
28351
28359
28356
28400
28444
28446
28448
28452
24088
24106
24108
24029
24036
24043
24032
24033
24051
24050
24053
28770
28771
23498
24276
24536
24280
24126
24595
24544
24592
24594
24598
25185
25170
25219
25230
25223
188132
188137
188144
188159
188162
188139
188223
188312
187628
187634
188494
188483
188444
188480
188482
188437
188430
188385
188545
188560
188561
190623
190634
188376
188532
188537
188527
188530
188528
187346
187270
188347
188361
188358
188313
135338
135353
135360
135363
139591
136645
136650
135315
135327
135530
135535
135326
135536
135537
135421
135422
135420
135533
135506
135518
135442
135499
135526
135592
132609
136332
136341
