40
154613 154614 1867
154614 154613 1867
153892 153860 782
154653 154639 2733
157098 157086 850
157098 157099 1531
157099 157098 1531
157086 157098 850
154639 154653 2733
157307 157308 1753
157308 157307 1753
172937 172938 782
172938 172937 782
178064 178065 764
178065 178064 764
177950 177961 504
177961 177950 504
173295 173296 1901
173296 173295 1901
160185 160252 2874
160239 160180 3095
160180 160239 3095
160252 160185 2874
160252 160250 1100
160250 160252 1100
160275 160276 871
160276 160275 871
160407 160513 905
160513 160407 905
146475 146478 880
146478 146475 880
153648 153649 1188
153649 153648 1188
179742 179741 848
179741 179742 848
179900 179899 841
179899 179900 841
153860 153892 782
154585 154588 581
154588 154585 581
162
143134
143138
143337
143342
143379
143383
143402
212606
146368
146458
146400
146475
146478
146489
146643
146659
146667
146776
146786
146797
146784
151788
146802
150181
153587
153588
172703
153625
153663
153648
162492
153649
153650
153694
152089
152087
168436
168459
177529
178853
179730
179755
179733
179828
179829
179836
179742
179741
179812
179811
179822
179806
179900
179898
179899
153875
153860
153877
154594
153883
153889
153623
153759
153738
153744
153850
154570
154572
155943
156131
156186
156195
154583
154585
154588
154590
153892
154618
154653
157099
157128
157126
157086
154639
154640
154710
154712
154744
154686
154939
157069
157191
172724
157037
157052
155948
157096
157108
157319
157308
157321
172933
172936
172951
172938
172942
177727
177725
177869
179929
178105
178079
178561
178339
178392
173331
173332
173358
173378
177734
178064
178065
177950
177945
177947
174767
177970
178048
177995
178118
177958
173334
173343
173350
173309
173295
173452
173456
173296
173421
177616
177647
160237
160177
160180
160246
160255
160275
160260
160329
160276
160324
160407
160439
160403
160451
160444
160592
160605
160619
160517
160529
