106
245560 245563 353
245563 245560 353
243849 243903 1828
243903 243849 1828
243954 261105 2594
261105 243954 2594
243881 243979 785
243979 243881 785
244136 244140 540
244140 244136 540
244124 244127 734
244127 244124 734
237282 247599 937
247599 237282 937
247733 247736 1195
247736 247733 1195
247749 247747 902
247747 247749 902
247799 247803 2028
247807 247805 1030
247805 247807 1030
247803 247799 2028
247831 247853 1263
247853 247831 1263
247809 247787 787
247787 247809 787
247861 247863 1376
247922 247919 1255
258616 258617 3016
247863 247861 1376
247863 247919 1030
247919 247863 1030
247919 247922 1255
258617 258616 3016
255475 255474 3330
255479 255477 3306
255479 255484 2689
255484 255478 1510
255484 255479 2689
255484 255485 360
255486 255485 2960
255486 256164 1272
256164 255486 1272
256164 256163 926
256186 256185 1571
256188 256187 2875
256188 256224 1354
256224 256188 1354
256224 256192 487
256197 256193 640
256197 256199 987
256199 256196 1664
256199 256197 987
256201 256196 424
255436 255437 2209
255438 255437 1689
255438 255466 1134
262216 255437 2401
255466 255438 1134
255466 255471 1288
247753 247355 1065
247753 257028 522
262327 257028 513
247355 247753 1065
247355 258676 405
258669 258676 1621
258677 258676 1144
255505 255506 402
255474 255475 3330
255477 255478 1378
255477 255479 3306
255478 255477 1378
255478 255484 1510
255485 255484 360
255485 255486 2960
256163 256164 926
256163 256185 4457
256185 256163 4457
256185 256186 1571
256187 256188 2875
256192 256193 2515
256192 256224 487
256193 256192 2515
256193 256197 640
256196 256199 1664
256196 256201 424
255437 255436 2209
255437 255438 1689
255437 262216 2401
255471 255466 1288
257028 247753 522
257028 262327 513
258676 247355 405
258676 258669 1621
258676 258677 1144
255506 255505 402
255055 255056 1925
255056 255055 1925
243525 243518 673
243518 243525 673
243542 243547 682
243620 243643 1187
243547 243542 682
243643 243620 1187
243713 243716 1113
243716 243713 1113
168
255474
255477
255478
255485
256163
256185
256187
256192
256193
256196
255437
255471
257028
258676
255506
255451
256172
256697
256688
256683
256731
254951
255032
255033
255039
254934
255193
255197
255200
255223
255221
255244
255055
255061
255056
257195
257205
257291
256996
257299
257001
257304
257305
257346
255237
258770
255251
261158
257859
257866
262856
262858
257877
262813
257887
257897
257974
257979
257989
257997
239125
239126
243648
243657
243437
243462
243458
243460
243464
243514
243452
243525
243554
243518
243542
243620
243547
243616
243643
243340
261374
243682
243685
243713
243716
243717
245315
245440
245395
245400
245530
245539
245532
245551
245560
245563
245567
247512
243849
243903
243845
243934
263940
243954
243858
243856
239134
259746
243881
243977
244136
244163
244124
244130
244127
244167
244152
244177
244181
243899
242909
242898
243889
243164
244036
244038
247528
247546
247551
247583
237282
247599
247602
247733
247736
247749
247747
247799
247805
247803
247831
247853
247804
247854
247861
248065
258616
247863
258617
258652
255479
255486
256164
256186
256188
256224
256199
256201
255436
255438
262216
255466
247753
262327
247355
258669
258677
255505
