46
156016 156125 1560
156125 156016 1560
156170 156171 1004
156171 156170 1004
156183 156181 1592
156181 156183 1592
153464 153509 688
153509 153464 688
155900 155899 167
155903 155902 630
155899 155900 167
155902 155903 630
179964 179955 1796
178429 178428 336
173251 173255 336
178428 178429 336
173255 173251 336
177565 177354 1014
177354 177350 556
177354 177565 1014
177350 177354 556
177350 177568 1565
177568 177350 1565
156508 156507 452
156508 160213 672
160213 156508 672
156507 156508 452
160227 160228 1017
160228 160227 1017
152808 153792 782
153792 152808 782
167702 167807 2194
167807 167702 2194
178642 178856 3267
178856 178642 3267
180046 180049 2700
180049 180046 2700
179952 179959 214
179959 179952 214
179955 179964 1796
152811 152814 758
152814 152811 758
153223 153238 758
153238 153223 758
153238 153244 674
153244 153238 674
162
146868
146869
146827
146832
146845
146889
146892
146918
146921
146926
150132
209842
211396
210732
210012
172262
152793
152798
152808
153792
172675
153544
153556
153603
153535
153523
153540
153548
162507
152659
168505
168507
168451
167621
167612
167702
167797
167807
178612
178642
178856
178860
178842
180046
180049
173040
179777
179867
179869
179942
179952
179959
179955
152871
152868
152872
152861
153842
152804
152811
152814
152823
153822
172254
172246
152843
153223
153249
153238
153245
153244
156107
156022
156016
156125
156170
156171
156174
156582
153332
153364
153374
153370
153403
153487
154845
153490
153491
154842
154872
154863
153408
154868
154870
155915
155923
155577
155912
156115
156113
153437
153462
153464
155937
154850
155873
155903
155902
155582
155931
179964
180021
172945
172275
172930
172537
178123
185764
178429
178521
177748
178537
173292
173079
186148
172970
178022
178162
178163
178109
178166
178145
173255
173273
173342
174775
173499
174924
173492
185503
173470
174926
174940
176683
176692
177565
177568
177584
177580
156392
177593
156396
160148
177335
160213
160204
160209
156507
156529
160259
160228
160258
