72
120795 120800 355
120800 120795 355
120907 120906 562
120907 120908 581
120908 120907 581
120910 120914 591
120914 120910 591
120906 120907 562
120906 120918 1691
120918 120906 1691
68713 68715 1019
68715 68713 1019
68729 68730 924
68730 68729 924
68730 68731 1505
68731 68730 1505
68741 68753 2015
68753 68741 2015
68753 68759 1163
68759 68753 1163
68759 68758 2661
68758 68759 2661
69156 69199 1230
69199 69156 1230
69199 69201 436
69201 69199 436
69204 69207 739
69207 69204 739
69400 69401 777
69401 69400 777
69403 76612 494
76612 69403 494
69463 69461 667
69463 69465 924
69461 69463 667
69465 69463 924
69465 69474 672
69398 69417 519
69417 69398 519
69475 69472 796
69472 69475 796
69474 69465 672
72058 72059 768
72059 72058 768
72059 72071 955
72071 72059 955
69083 69490 1310
69490 69083 1310
72368 72370 936
72370 72368 936
72374 72376 1623
72376 72374 1623
125160 125161 404
125161 125160 404
45357 45350 1010
45350 45357 1010
125585 125586 1121
125586 125585 1121
125916 125917 2790
125917 125916 2790
126303 126304 2216
126304 126303 2216
126377 126384 511
126384 126377 511
128746 128747 808
128747 128746 808
128759 128761 1210
128761 128759 1210
128804 128806 811
128806 128804 811
128813 128815 1121
128815 128813 1121
169
126431
126265
45378
45370
45374
45390
45391
125151
125141
123728
125143
125149
125199
45145
45157
125160
125161
125263
45357
45295
45304
45305
45328
45350
45351
45355
125585
125586
125916
125917
45491
45492
45532
45521
45646
45647
45657
45658
45602
126268
126294
126295
126303
126304
126390
126377
126379
126374
126384
126357
126358
126359
126349
128580
128598
128746
128747
128759
128761
128798
128804
128806
128813
128815
128826
128831
128877
128886
128891
128989
128996
128998
120590
120592
128893
120594
120656
120661
120667
120670
129058
128984
128985
129041
129223
120733
129064
120756
120760
120763
120712
120794
120800
120801
120788
120790
120810
120813
120829
68558
68562
68566
68518
68626
68633
120907
120908
120910
120915
120828
120895
120906
68713
68715
68731
68741
68753
68758
68761
69142
69153
69199
69201
69204
69207
69218
69399
69401
72632
69633
78484
69377
69478
69463
69461
69465
69398
69417
69411
69449
69472
69065
69081
69079
69470
71624
71606
71626
71631
71794
71807
71816
71971
72058
72077
72078
71829
71833
69032
69042
69049
69067
69490
72368
72325
72370
72374
72381
72386
