62
107510 107511 1004
107726 107734 713
107734 107512 3149
107734 107726 713
107512 107511 905
107512 107734 3149
107511 107510 1004
107511 107512 905
111910 111911 893
111911 111910 893
111956 111965 788
111965 111956 788
112128 112132 681
112221 112135 847
112135 112221 847
112132 112128 681
112329 112333 1225
112333 112329 1225
112333 112334 336
112334 112333 336
112432 112434 756
112412 112410 764
112412 112411 1592
112411 112412 1592
112411 112434 788
112434 112411 788
112434 112432 756
112410 112412 764
112915 112914 809
112914 112915 809
112266 112264 562
112255 112274 826
112264 112266 562
112274 112255 826
112987 112996 2179
112996 112987 2179
112998 113079 1161
113366 113369 1631
113369 113366 1631
113371 113379 354
113379 113371 354
112982 112930 2010
113079 112998 1161
113079 113080 1114
113080 113079 1114
112930 112982 2010
104649 104660 1396
104660 104649 1396
104614 104623 403
104623 104614 403
104623 104619 697
104619 104623 697
105373 105375 510
105375 105373 510
39826 39827 1894
39827 39826 1894
92894 92928 950
92928 92894 950
106704 106902 1234
106902 106704 1234
116117 116125 1014
116125 116117 1014
166
114576
114460
114484
114423
114436
114416
114426
114048
115153
115058
114834
114828
114891
116232
114885
92088
92128
115302
115312
115314
115354
115362
115406
115653
115719
115717
106899
106948
106930
106953
107350
107150
107140
107145
116304
116306
107280
109511
106864
92865
102827
103269
92884
92894
92922
92928
106704
106902
106908
106911
106755
106190
116011
116015
116088
116046
116117
116125
116127
115975
191518
191503
192851
191594
191829
192818
192825
192794
192831
193014
194066
193040
107610
107620
107632
107784
107510
107508
111012
111104
103415
111198
111158
111160
111199
111214
111910
111911
111922
111940
111949
111956
111965
112088
112093
112100
112121
112128
112298
112286
112296
112287
112221
112135
112132
112303
112328
112336
112415
112421
112430
112411
112434
112389
111784
112673
112915
112909
112914
112657
112911
112945
112265
112255
112264
112274
112267
112380
112678
112993
112996
113105
113109
113366
113369
113379
113388
113395
112982
113078
113065
113042
113036
113067
112930
113414
104649
104660
104559
104553
104561
104573
104612
104625
104617
104619
104702
104693
39840
39872
39826
39827
39919
39789
39851
39841
