60
203621 203622 683
203622 203621 683
207096 207055 278
207055 207096 278
207057 207061 539
207061 207057 539
207315 207316 549
207308 207310 478
207316 207315 549
207297 207295 624
207297 207311 751
207311 207297 751
207312 207310 1170
207310 207308 478
207310 207312 1170
207295 207297 624
196602 196600 2003
196600 196602 2003
206049 206041 2087
214368 214367 451
214367 214368 451
206041 206049 2087
206707 206714 709
206714 206707 709
206714 206715 2004
206715 206714 2004
206940 206941 932
206941 206940 932
179022 179021 1004
179021 179022 1004
179330 179319 667
179319 179330 667
163122 163180 1017
163180 163122 1017
190361 190368 663
190368 190361 663
190368 190370 831
186592 186593 735
186579 189701 711
186593 186592 735
189701 186579 711
190370 190368 831
139806 139809 620
139809 139806 620
140780 141067 2128
141701 141704 414
141704 141701 414
141067 140780 2128
189871 189826 846
189826 189871 846
196661 196664 1113
196664 196661 1113
202612 202613 755
202613 202612 755
202788 202789 1007
202789 202788 1007
204153 204148 556
204148 204153 556
204242 204699 398
204699 204242 398
171
190344
190361
190368
186592
186611
186579
186593
189701
190370
139806
140026
139809
139810
190412
190417
139923
187961
190464
190687
189688
186616
186613
141029
141035
141074
141080
141063
141076
141142
141662
141696
140780
141701
141704
141726
141067
55684
55688
55842
55704
55847
56143
56164
56169
56173
56611
56617
56601
189871
189872
189826
190261
196661
197172
196664
197209
197226
197229
197233
197247
202605
202607
202612
202613
202760
202788
202837
202789
204151
204153
204147
204148
203926
203916
203919
204155
204164
204173
204177
204242
204699
204247
204274
207065
207044
207045
202841
203621
207683
198774
207096
207098
207055
207061
207063
207315
207308
207297
207311
207312
207310
207295
207294
207107
207299
196602
196282
196491
196493
196498
196514
196516
196578
196584
196597
196600
206049
206035
206038
206041
206693
206707
206715
206788
206790
206793
206945
207013
207019
207020
209316
209363
209378
209380
178828
178831
178827
178966
178984
179006
179004
179022
179021
179293
179270
173999
180336
180694
180712
180699
180750
163151
163154
163325
163122
163180
163119
163150
163170
184603
184608
163186
184728
163157
183427
183433
184839
184805
184814
184807
184817
