74
204698 204702 789
204710 204702 517
204735 204793 726
204793 204735 726
204793 204796 1229
204796 204793 1229
204847 204855 797
204855 204847 797
204855 204856 756
204856 204855 756
144694 144695 592
144695 144694 592
144557 144558 904
144558 144557 904
144712 144717 759
144564 144713 681
144713 144564 681
144717 144712 759
145108 145110 1341
145110 145108 1341
145110 145125 1168
145125 145110 1168
145554 145599 830
145599 145554 830
145605 145619 738
145619 145605 738
145619 145620 756
145620 145619 756
145795 145797 753
145801 145791 865
145791 145801 865
145797 145795 753
151478 151479 751
151479 151478 751
151571 151568 1975
151568 151570 744
151568 151571 1975
151570 151568 744
204702 204698 789
204702 204710 517
207894 207895 1367
207895 207894 1367
208633 208685 846
208685 208633 846
54445 54514 2291
54514 54445 2291
54514 54520 2353
54557 54562 3666
54562 54557 3666
54520 54514 2353
144497 144508 2512
144508 144497 2512
144508 144545 2775
144545 144508 2775
150503 150617 1683
150499 150498 508
150498 150499 508
150617 150503 1683
150617 150622 1695
150622 150617 1695
150655 150648 1367
150648 150655 1367
140273 140365 845
140365 140273 845
142096 142105 825
142105 142096 825
142105 142103 890
142102 142103 856
142103 142102 856
142103 142105 890
142548 142549 319
142549 142548 319
144501 142551 798
142551 144501 798
169
131777
131778
131833
131834
131842
54364
54411
54416
54427
54445
54514
54368
54557
54562
54584
54593
52743
52744
53778
54520
54527
54728
54595
53864
53913
53914
53950
53772
56773
53935
55153
55154
144497
144508
144543
144684
144545
150503
150499
150498
150617
150622
150655
150648
140291
150730
150646
140272
140273
140365
140368
140433
140440
140446
142536
142546
141867
141879
141915
141937
141896
141933
141939
141954
151749
142111
142114
142132
142096
142105
142088
142102
142103
150721
142064
142065
142070
142587
142591
142615
142624
142722
142736
142740
142548
142549
144501
142551
142775
142771
142772
142777
144783
56362
56363
204526
204701
204533
204709
196123
204771
204730
204735
204796
204801
204847
204857
204855
204856
204866
144558
144712
144564
144713
145037
145041
145043
145054
145108
145110
145125
145494
145498
145529
145544
145554
145599
145602
145605
145619
145620
145795
145796
145801
145791
145792
145881
145693
145882
145797
145845
145849
145859
145873
145877
146083
146089
146100
151478
151479
149091
151804
150368
151571
146115
151570
204463
204442
207894
207895
208648
208644
213041
214820
208689
208690
208696
208685
205175
