36
223639 223575 549
223639 223603 774
223575 223639 549
223603 223639 774
223601 223616 683
223616 223601 683
224209 223012 2899
223012 224209 2899
147858 148091 1853
148091 147858 1853
198632 198635 752
198635 198632 752
171659 171666 954
171666 171659 954
95691 95690 1771
95691 101927 978
101927 95691 978
95690 95691 1771
97935 97934 1160
97934 97935 1160
99042 99045 677
99042 99047 1398
99044 99047 807
99045 99042 677
99047 99042 1398
99047 99044 807
216654 216708 260
216708 216654 260
217383 217384 1074
217384 217383 1074
215718 223711 5180
223701 223709 1190
223709 223701 1190
223711 215718 5180
219925 219930 1393
219930 219925 1393
161
216456
216463
216494
216495
216501
216679
216685
216065
215735
215736
215720
217191
217199
215759
215665
215819
215829
216654
217200
217205
217215
217221
216708
216709
216727
215466
217160
217258
217270
224291
217331
217335
217347
217323
217352
217721
217755
217759
217360
217363
217379
217383
217504
217394
217384
217430
217866
217917
217562
217564
217568
217860
217582
217577
217655
217656
217665
224204
215682
215718
223701
223709
223711
223661
216211
216209
216154
216148
216156
216100
216176
222459
216173
216180
216196
216131
216187
216192
216049
216050
217276
219925
219930
219932
219820
222477
222482
223645
223642
223637
223603
223604
223599
223601
223608
223586
223587
223747
223621
223754
147033
217677
224209
223012
147838
151682
147850
147858
148091
148097
198632
198639
198696
198689
198693
171447
171622
171698
171612
162349
159348
159530
159712
159715
159513
159525
159532
170973
171659
171666
95295
95697
95700
95703
96026
95709
95481
95680
101922
101927
95690
95769
95773
95776
95790
96447
97935
97934
98989
98990
99009
99049
100071
42251
42252
42263
99353
102970
102973
102978
99091
