64
204615 204616 756
204616 204615 756
144872 144875 715
144875 144872 715
145065 145066 538
145066 145065 538
145066 145078 896
145078 145066 896
145081 145086 851
145086 145081 851
145145 145161 1496
145161 145145 1496
145650 145665 485
145665 145650 485
145716 145718 1261
145718 145716 1261
145723 145732 792
145732 145723 792
145733 145737 957
145737 145733 957
146859 146822 2896
146822 146859 2896
151624 151623 893
151623 151624 893
211299 211270 663
211270 211299 663
215065 215070 395
215070 215065 395
152619 152617 558
152617 152619 558
152587 153531 4787
153531 152587 4787
152605 152606 818
152606 152605 818
168515 168508 610
168508 168515 610
150705 150711 1755
150711 150705 1755
150711 150723 1742
150723 150711 1742
140401 140400 860
140400 140401 860
143255 143253 240
143255 143257 1005
143257 143255 1005
143281 143406 441
143406 143281 441
143480 143493 1154
143493 143480 1154
143493 143497 749
142713 142714 1667
142714 142713 1667
143497 143493 749
142709 142695 921
142695 142709 921
142803 142684 940
142684 142803 940
141990 143189 1809
143189 141990 1809
143189 143242 2169
143242 143189 2169
143242 143248 1009
143248 143242 1009
143253 143255 240
169
54699
54142
54183
54185
54207
54200
54694
54219
50943
54712
54312
54718
52731
53901
150517
150531
150543
150545
150699
150510
150515
150705
150711
140377
140404
140421
140298
150723
151816
140471
140401
140418
140427
140400
140417
140494
140496
140513
140522
140538
141967
141980
143255
143257
143276
143281
143406
143407
143412
143416
143426
143476
143480
143481
143493
142713
142826
143490
142714
143765
143708
143696
143705
143497
151668
142709
142824
142695
142702
142810
142817
142803
142814
142857
142684
141990
143189
143242
143248
143253
142754
142762
142789
142799
144806
144813
144855
203852
204555
204575
204583
204587
204628
204615
204617
204625
204626
204630
204616
204621
204813
204818
204831
204952
204907
144875
145065
145066
145078
145081
145086
145136
145146
145142
145161
145223
145625
145627
145640
145646
145665
145716
145718
145723
145732
145733
145737
145740
145916
145925
146847
146859
146863
146933
146936
151624
214403
214955
214483
214848
215063
211231
211249
211299
211300
211270
211271
215065
215070
167558
152612
152614
152619
152602
152664
152595
152601
152587
153531
162519
152497
152520
152606
152609
168508
167255
167603
167593
167563
