54
30331 29517 1680
31735 31731 1238
32666 32664 940
32664 32666 940
30346 30399 1490
30399 30346 1490
30419 30420 1717
30420 30419 1717
29517 30331 1680
31731 31727 1398
31731 31735 1238
31727 31731 1398
31755 31756 502
31755 31757 655
31756 31755 502
31756 31757 527
31757 31755 655
31757 31756 527
32907 32974 2969
32974 32907 2969
33208 33210 1777
33210 33208 1777
33438 33439 1298
33439 33438 1298
33450 33451 2239
33451 33450 2239
33675 33680 1453
33680 33675 1453
16959 16960 847
16960 16959 847
210192 210191 846
210191 210192 846
210191 210209 1048
210209 210191 1048
210209 210212 1099
210212 210209 1099
162826 162830 630
162830 162826 630
162877 162893 848
162855 162896 752
162896 162855 752
162893 162877 848
179169 179194 202
179194 179169 202
179208 179209 1346
179209 179208 1346
115634 115636 839
115636 115634 839
193189 193191 947
193191 193189 947
190969 193228 2037
193228 190969 2037
192208 192514 1178
192514 192208 1178
166
210401
209267
209510
209519
209532
209600
209610
209622
209630
210104
210138
210134
210158
210187
210192
210191
210209
210212
162685
162819
162826
162830
162552
162875
163104
162877
162855
162895
162896
162893
205334
210485
210492
210505
179169
179194
179208
179341
179209
179128
179134
179335
179340
179311
115634
115636
115560
115891
106460
106465
106469
106285
106356
106304
106419
32367
30225
32440
114766
114764
114755
114757
114673
114724
114754
194110
193092
193083
193108
193146
193136
193155
193184
193189
193191
190971
190969
193228
193249
192182
192208
192411
192514
192166
192547
35116
35153
35144
29460
29497
30329
30331
35203
30834
30832
30852
31718
31735
31770
32666
32661
32664
30346
30399
30405
30403
30419
30420
30422
30538
29584
21417
30804
32503
30801
30813
30671
30819
29512
29514
29524
31739
31746
31753
31755
7038
31761
31782
31809
31810
31830
31837
32884
32905
32903
32907
32974
32992
33139
33003
33134
33004
33142
33144
33155
33160
33208
33210
33213
33218
33436
33438
33253
33439
16937
33664
33450
33451
34851
33643
33661
33675
33680
33668
16960
16995
