52
193677 193675 633
193744 193752 334
193752 193744 334
193756 193766 3153
35013 35014 3016
35014 35013 3016
35014 35015 2607
35015 35014 2607
30072 30073 838
30073 30072 838
31361 31350 1663
31350 31361 1663
31356 31357 994
31357 31356 994
32057 32058 2902
32058 32057 2902
34047 32100 390
32100 34047 390
32157 32116 1882
32184 32188 328
32188 32184 328
32116 32157 1882
14426 14427 592
14427 14426 592
14427 14486 372
14486 14427 372
14852 14858 1084
14858 14852 1084
15711 15719 1466
15719 15711 1466
19615 19616 671
19616 19615 671
19636 19637 2028
19637 19636 2028
19849 19861 707
19861 19849 707
206107 206108 900
206108 206107 900
206412 208841 802
208841 206412 802
201924 201929 736
201929 201924 736
202039 202038 872
202038 202039 872
201992 201995 981
201995 201992 981
209074 209064 1247
209064 209074 1247
193820 193821 1254
193821 193820 1254
193766 193756 3153
193675 193677 633
160
206059
206088
206107
206108
206309
206402
206412
208841
208844
208859
208901
208904
208998
208912
208913
208984
208994
201834
201920
201924
201929
202039
213694
213690
202035
213696
202026
202042
202046
202038
202025
201944
201992
201995
201998
194626
209072
209074
209064
209712
209714
209755
209731
202171
198933
202036
209893
201711
201722
201756
214592
201829
201773
201910
193820
193821
193383
193389
193392
190913
193790
193800
105584
193773
193776
193766
193780
192364
193536
193696
193707
193995
193675
193677
193744
193752
29696
35180
29711
35012
35015
28717
29703
35009
29719
29787
11188
29815
29816
30059
28945
34863
30129
23427
30077
30205
30219
31361
31350
31356
29924
31357
31380
34047
32138
32121
32157
32164
32184
32181
32188
32256
32259
32114
32116
32149
7409
7472
14426
14789
14809
14795
14840
14858
14884
15150
15184
15455
15458
15697
15708
19102
19125
19157
19160
19138
15569
15589
15682
225412
225414
15711
15719
16089
16078
19553
19597
19563
19583
19613
19615
19616
19617
19623
19627
19637
19849
19857
19861
19882
