46
108980 109008 847
109008 108980 847
109034 109072 681
109072 109034 681
109215 109213 475
109213 109215 475
109108 109109 1542
109109 109108 1542
36019 36012 2035
36132 36134 3489
36134 36132 3489
36346 36347 980
36012 36019 2035
36020 36025 420
36025 36020 420
36347 36346 980
35698 35693 610
35693 35698 610
37331 37348 1427
37348 37331 1427
37419 37454 713
37454 37419 713
36382 36383 2321
36383 36382 2321
36272 36277 1143
36277 36272 1143
36424 36425 1344
36425 36424 1344
37763 37762 1066
37762 37720 836
37762 37763 1066
37767 37728 1544
37720 37762 836
37728 37767 1544
170495 170534 1357
170534 170495 1357
167162 167163 436
167163 167162 436
169463 169465 874
169465 169463 874
101807 101810 233
101810 101807 233
94225 102436 714
102436 94225 714
102005 100620 6852
100620 102005 6852
162
170501
170529
168348
168360
170530
170063
170446
170538
170536
170541
170495
170488
170534
170050
170045
169530
169552
169882
169866
169469
169532
169989
169921
169977
169983
167162
167163
170091
161687
169260
169254
169463
169465
169486
169513
172809
118536
119443
95136
95029
97376
94251
94276
94281
94294
108900
108991
101807
94165
101810
94320
50059
94246
102322
94202
94225
102436
94177
101873
97417
97424
97462
97492
97613
93288
102005
102228
95565
93688
97685
100620
101769
93346
93482
94069
93673
93240
102001
98488
98491
98501
191288
194080
191364
191210
191214
191232
118614
118713
118672
118676
108969
108968
108980
109018
109072
109215
35489
109213
35491
109109
109161
110551
36086
36073
36079
36145
36132
36052
36055
36078
36186
36187
36299
36335
36346
36311
36012
36020
36022
36025
36029
110563
35698
50509
35693
35694
44618
41722
44539
44621
44625
35722
37345
37400
37323
37332
37331
37348
37376
37452
37419
37448
37454
37477
36382
36383
36223
36230
36270
36272
36277
36424
36425
36497
50398
35674
35687
37446
37489
37720
37728
