52
16762 16761 1509
9797 9848 1011
9869 9858 1868
9848 9797 1011
9858 9869 1868
11425 11429 1032
34227 12350 754
11429 11425 1032
12350 34227 754
11420 11423 354
11423 11420 354
12354 12356 764
12356 12354 764
12446 11532 2027
11532 12446 2027
11693 11705 434
11705 11693 434
11695 11696 1268
11696 11695 1268
11629 11745 1176
11745 11629 1176
11637 11639 1595
11639 11637 1595
11660 11659 336
11659 11660 336
11666 11865 924
11865 11666 924
23259 11943 1500
11943 11942 3379
11943 23259 1500
11942 11943 3379
11942 11954 452
11954 11942 452
12066 12067 336
12067 12066 336
23406 23407 1932
23407 23406 1932
12014 23422 3254
23422 12014 3254
23620 23621 1409
23621 23620 1409
14378 14377 237
14377 14378 237
7736 7735 4295
226089 226124 395
226124 226089 395
7735 7736 4295
8509 8490 804
8490 8509 804
9552 9553 502
9553 9552 502
16761 16762 1509
156
7714
7717
7736
230863
226255
226258
226307
226652
226144
226153
226089
226124
226118
233919
226107
226131
225807
226139
226427
226443
226466
226548
226551
229446
8028
7735
7737
7983
18503
8047
8048
8119
8035
8043
8014
14510
8026
8222
8242
8253
8259
34978
8361
8368
8448
8509
8522
8529
9175
9178
8460
8490
8493
9494
9529
9536
9548
9551
9552
9553
16428
16482
16498
16527
16536
16893
16900
16891
16917
16922
16914
16507
16548
16515
16540
16761
16555
16805
16827
16838
9791
9797
9869
9858
11338
11349
11350
11353
11411
11420
11423
11435
12353
12354
12356
12443
12446
11309
11477
11573
11578
11553
11526
11532
11693
34225
11695
11696
11697
11625
11629
11745
11621
11634
11637
11639
11655
11866
11871
11872
22653
11659
11666
23259
11943
11954
11963
12067
12073
11995
23406
11986
23407
12014
23408
23411
23422
23419
23421
12280
28485
28488
28490
19795
23494
23579
23620
23621
23594
24178
24221
24254
24257
24214
14376
14377
