86
208364 208283 91
208273 208272 1697
208272 208273 1697
208272 208277 791
208272 208328 1013
208274 208281 274
208281 208274 274
208283 208364 91
208328 208272 1013
208277 208272 791
208335 208336 980
208336 208335 980
210564 210574 1150
210565 210567 650
210574 210564 1150
210567 210565 650
210568 210570 679
210569 210570 1732
210570 210568 679
210570 210569 1732
178867 178752 1120
178742 178752 1321
178752 178742 1321
178752 178867 1120
178795 178873 1090
178873 178795 1090
163225 163224 906
163225 166178 1398
166349 166350 2002
166350 166349 2002
166178 163225 1398
166332 166214 842
166253 166281 758
166281 166253 758
166274 166273 842
166273 166274 842
166318 166319 1104
166319 166318 1104
166215 166214 849
166217 166232 926
166232 166217 926
166214 166215 849
166214 166332 842
163224 163225 906
196674 196678 1274
196678 196674 1274
204391 204400 884
204400 204391 884
207197 207198 709
207198 207197 709
207215 207255 640
207255 207215 640
207650 207258 834
207230 207235 1349
207231 207232 207
207232 207231 207
207245 207244 715
207244 207245 715
207253 207259 834
207259 207253 834
207258 207650 834
204001 204061 1357
204061 204001 1357
203975 203973 827
203647 203646 1113
203647 203651 1269
203646 203647 1113
203651 203647 1269
203749 203968 832
203968 203749 832
203973 203975 827
207452 207453 1122
207455 207450 432
207450 207455 432
207438 207441 1179
207441 207438 1179
207441 207443 964
207453 207452 1122
207443 207441 964
207526 207532 823
207532 207526 823
207235 207230 1349
207473 207486 901
207486 207473 901
207922 207943 869
207943 207922 869
167
56300
190540
190541
190547
196674
196678
196905
197256
204081
204284
204296
204312
204336
204378
204381
204391
204400
207197
207201
204404
207198
207209
207215
207255
207650
207230
207231
207232
207243
207245
207244
207253
207259
207257
207258
196876
196840
196886
196928
196933
145966
145970
145979
145998
142364
151318
151317
151315
151311
151325
203991
203999
204001
204061
204067
204084
204091
203975
203594
203599
203647
203603
203646
203651
203669
203747
203749
203968
203973
207452
207455
207450
207527
207528
207529
198887
207438
207441
207453
207443
207526
207532
207165
207235
207469
207473
207486
207491
207541
207915
207922
207943
207975
207977
208039
208058
208061
208364
208273
208268
208274
208281
208283
208284
208289
208277
208336
210564
210565
210574
208356
210567
210568
210570
210588
210648
210649
210676
178667
178867
178742
178752
178795
178798
178873
177554
163643
163658
166349
166348
166332
184958
185008
185052
185050
185048
185046
166243
166253
166281
166268
166288
166588
166273
166318
166299
166319
166326
166827
166215
166214
166244
166234
180770
180785
180787
180506
180533
182411
182434
182232
182233
182432
182486
168582
185813
182646
