42
32607 32613 3381
32613 32607 3381
105826 107926 1124
107926 105826 1124
107949 107948 1669
107966 107948 763
111853 111852 1848
111853 111877 847
107948 107949 1669
107948 107966 763
111877 111853 847
111852 111853 1848
33773 33776 1560
33776 33773 1560
33785 33786 3139
33786 33785 3139
33786 33806 1457
33806 33786 1457
17195 17255 1504
113213 113214 1055
17348 17255 708
17255 17195 1504
17255 17348 708
18356 18355 788
18356 18357 1085
18355 18356 788
18357 18356 1085
113309 113311 796
113311 113309 796
113290 113289 201
113289 113290 201
113214 113213 1055
103443 103444 818
103444 103443 818
103448 103449 870
103449 103448 870
114515 114520 586
114520 114515 586
115475 115476 6859
115476 115475 6859
191644 191826 1660
191826 191644 1660
166
211954
212019
212020
212014
211975
211979
211989
212021
211917
211947
178724
179045
179052
114565
114605
114703
114708
114470
114515
114517
114520
114532
114511
114514
115463
114690
115483
115465
115514
115286
115283
115475
116132
115536
115502
114962
115132
114969
115003
114995
115236
115251
115227
115476
115092
115300
115593
115591
115604
115619
115615
115637
110628
106790
106798
106833
106988
106989
107272
107395
106385
106695
106678
106688
106602
106613
106624
106641
106550
110629
106496
106504
106266
106503
106507
113885
194062
191944
193075
192020
191702
191820
191644
191826
192876
192892
192528
107336
104443
107542
104416
107590
32607
32613
32651
6621
32460
32806
32812
32817
107670
107748
32837
107797
107808
107804
107907
105826
107926
107928
107966
107821
107854
107862
107813
107860
111853
107946
111798
111822
111826
111856
111877
111888
111849
111928
111976
111985
33706
33603
33716
33773
18179
33609
33785
33786
33806
33810
33854
33857
17195
33870
33883
113196
113187
113201
33888
113321
113318
113411
113309
113464
113311
113287
113151
113289
113292
113203
113285
103436
113550
103443
103444
103497
103501
103449
