66
55035 55047 511
55047 55035 511
55109 55121 609
55109 55125 2710
55121 55109 609
55125 55109 2710
55285 55289 1614
55289 55285 1614
49242 49244 709
49370 49366 374
49366 49354 1890
49366 49370 374
49395 49398 2618
49398 49395 2618
49354 49366 1890
48981 49454 964
49454 48981 964
49244 49242 709
49667 49677 1580
49677 49667 1580
53812 53816 789
53816 53812 789
53816 53818 1055
53818 53816 1055
144389 142462 2475
144389 144390 759
142462 144389 2475
144390 144389 759
144406 144412 452
144412 144406 452
144452 144453 498
144453 144452 498
196697 196698 584
196698 196697 584
196698 196699 364
196699 196698 364
196711 196728 1672
196726 196727 144
196728 196711 1672
196727 196726 144
196766 196769 1734
196769 196766 1734
150663 150668 1118
150668 150663 1118
139874 140144 1788
140144 139874 1788
105363 104690 872
104690 105363 872
39855 39857 975
39857 39855 975
105141 105160 2360
105160 105141 2360
105109 105116 1007
105121 105124 2716
105116 105109 1007
105124 105121 2716
105424 105425 1349
105425 105424 1349
41093 41086 2429
41086 41093 2429
41211 41128 2139
41211 41206 1848
41128 41211 2139
41206 41211 1848
41191 41189 1124
41189 41191 1124
174
113101
112980
113041
113097
113160
113218
113083
112928
113520
105285
105289
104647
104658
104695
104556
104652
104631
104655
104636
105394
105363
105377
104690
39869
39866
39875
39923
39835
39847
39855
39857
105263
104886
104972
104888
104933
105138
105141
105160
105136
105217
105219
105244
105190
104983
104979
113617
105109
105121
105116
105124
105383
105423
105086
104699
105081
105424
105425
39734
39736
39917
39768
39941
39962
40020
40025
41093
41086
41098
41102
41211
41111
41128
41201
41206
41204
41223
41227
41191
41189
41355
41364
41678
55035
55072
55125
55285
55378
55289
55313
53770
55372
55375
48642
48628
48640
48647
49238
49242
49201
49210
49219
49220
49226
49230
49356
49366
49395
49400
49392
49394
49398
49151
49155
49163
49354
49157
49159
48981
49449
49453
49244
49249
49465
129924
131793
49654
54320
49632
49693
49696
53787
53810
53812
53816
142441
142462
144390
144403
144412
144452
144453
144461
144467
144593
144594
144599
144636
144638
196699
196700
196706
196711
196728
196436
196437
196766
196769
141559
141565
141564
141596
150663
150668
150674
139793
139867
139873
140155
140176
140221
140236
141549
142262
