50
123134 123137 751
123134 123139 928
123139 123134 928
123139 123140 890
123140 123139 890
125088 123145 611
123145 123146 2133
123145 125088 611
123146 123145 2133
123137 123134 751
125554 125556 1521
45137 45136 2142
45136 45137 2142
45085 45107 2407
45107 45085 2407
125556 125554 1521
126326 132573 618
132573 126326 618
125878 125880 976
125880 125878 976
128402 128403 1212
128403 128402 1212
128584 128585 796
128584 128589 1308
128587 128589 1142
128585 128584 796
128589 128584 1308
128589 128587 1142
120553 120578 1414
120553 120578 1414
120578 120553 1414
120578 120553 1414
68108 68115 818
68115 68108 818
68123 68125 818
68144 68125 277
68125 68123 818
68125 68144 277
42612 42610 3971
42610 42612 3971
43274 43282 1412
43282 43274 1412
45208 45211 1592
45211 45208 1592
45167 45170 1782
45170 45167 1782
125529 125613 697
125613 125529 697
125786 125787 985
125787 125786 985
166
97996
99046
99090
99097
99145
99151
99342
99140
102779
42396
42406
42468
42612
42610
42634
42543
42668
42638
46242
47644
50596
36722
42278
36665
42329
42551
43108
42571
42574
43140
43142
43129
43131
43161
43174
43195
43203
43273
43274
43282
43283
43286
42960
43301
43303
43312
41975
43321
43337
43329
43399
43400
43411
43386
41690
43372
43090
43360
45191
44987
45208
45211
45235
45048
45050
45238
45046
45045
45167
45058
45170
125566
125563
125596
125475
125529
124395
125626
125613
125619
125622
125786
125787
45074
125108
125113
125114
123134
123139
123140
125088
125092
123146
122414
123127
123126
123135
123137
123699
123692
123618
123116
123287
125552
125554
45137
45085
45121
45117
45107
45163
125556
125881
125813
126234
125886
125878
125755
125846
125855
125880
125745
128410
128400
128402
128403
128416
128420
128535
128545
128585
128563
128617
128629
128630
128776
128851
128856
128693
128740
121653
128727
128845
120569
120572
120573
120470
120471
120776
67691
67707
67710
68491
67714
67731
67715
67721
68477
68523
68132
68108
68131
68115
68124
68125
68288
