38
89375 89374 761
89374 89375 761
87595 87596 2039
87596 87595 2039
81145 81178 106
81178 81145 106
80725 80826 1507
80826 80725 1507
80855 80859 4327
80859 80855 4327
80822 80823 4529
80823 80822 4529
82775 82833 1069
82833 82775 1069
82852 82857 982
82922 82923 4182
82923 82922 4182
82857 82852 982
82942 82927 1268
82927 82942 1268
91748 81728 1212
82950 81728 1397
81728 82950 1397
81728 91748 1212
84703 84702 1238
84703 91774 763
91774 84703 763
84702 84703 1238
61841 61844 1751
61844 61841 1751
61974 61957 650
61957 61974 650
65965 65969 794
65969 65965 794
66002 65980 793
65980 66002 793
89327 89328 222
89328 89327 222
161
61626
61637
61841
61844
63643
62003
61993
61971
61973
61974
61961
61957
61646
61655
61657
61660
61981
61986
61664
62273
62281
62284
62017
57228
57229
57079
57226
57199
76751
57589
57785
57786
76502
57909
57519
57523
57528
57488
57514
57659
57668
57669
57621
57729
77423
57722
78032
78650
65905
65950
65987
65999
65965
65969
66037
66039
66041
65857
66010
65837
65844
58175
77402
65835
66002
65980
79267
79286
87188
87581
80443
89284
89300
87814
87826
87830
91702
89327
89328
89242
89362
89358
87854
89773
89357
89308
89426
89375
89374
89385
89411
89406
89550
87595
87601
89018
91372
89035
91738
89584
80590
80480
80537
80498
80531
80539
80605
83973
80614
81145
81178
81141
80722
80728
80725
80826
81215
80859
80761
80823
80876
82782
82792
82833
82767
82796
82835
82863
82870
81332
82877
82881
82895
82898
82938
82852
82922
82923
82857
84925
82942
82927
82929
81544
81725
81728
82977
81413
81457
91200
91209
90685
81473
81476
81553
81557
81636
84702
84706
84708
81391
