52
97312 97314 1965
97314 97312 1965
100962 100964 562
100948 100950 4094
100948 100953 2048
100964 100962 562
100989 100988 1667
99908 99912 1343
100988 100989 1667
99912 99908 1343
101172 101176 871
100051 100053 475
100053 100051 475
100053 101176 600
101176 100053 600
101176 101172 871
100950 100948 4094
100953 100948 2048
102089 102091 1239
102091 102089 1239
116432 116431 514
116431 116432 514
116485 116480 2212
116480 116485 2212
116884 116887 1485
116887 116884 1485
116900 116953 1226
116953 116900 1226
119695 119699 279
119699 119695 279
119809 119810 337
119810 119809 337
119922 119923 518
119923 119922 518
119918 119917 1357
119917 119918 1357
75209 75235 405
75235 75209 405
87220 87238 1323
87238 87220 1323
87995 87997 1320
87997 87995 1320
57997 57998 227
57998 57997 227
77237 77238 720
77238 77237 720
75513 75516 1439
75526 75527 905
75527 75526 905
75516 75513 1439
170276 170277 1669
170277 170276 1669
156
76295
76302
76576
77614
87380
87394
87411
87413
87331
87407
87273
87320
75189
75215
75209
75235
75259
75244
75272
75278
75273
87220
87233
87238
87665
87660
88030
87672
87675
88494
88506
88501
88515
88522
88010
87318
87993
87995
87997
88125
88535
88096
88830
88833
73426
73422
73424
73652
57997
57998
73283
77237
77238
73718
73721
73722
75513
75526
75527
75480
75484
75516
75523
75524
73707
73734
73849
73852
73857
73861
57904
75542
75535
76710
76718
170276
170277
170279
159852
96673
96682
96738
96764
96875
96876
96903
101816
97003
97130
97131
97242
97312
101820
96489
100958
100960
97352
100964
100975
100986
100989
100993
100988
99912
101091
102355
100752
102365
98146
100795
100950
100953
101001
101104
100648
100661
100764
102089
101849
102265
100664
100809
116400
116395
116431
116442
117778
117781
116485
116544
116480
116613
116637
116638
116672
116851
116887
116900
116953
116954
116958
119695
119689
119699
119702
119805
119810
119812
119813
119849
119922
119938
120032
119923
119918
119917
