56
14095 14096 750
14095 14135 1560
14135 14095 1560
14135 14096 1408
14096 14095 750
14096 14135 1408
14176 14177 1543
14177 14176 1543
248944 248943 386
248943 248944 386
132671 132670 336
132670 132671 336
132676 132843 3065
132843 132676 3065
134246 134247 1098
134247 134246 1098
134248 134249 1268
134249 134248 1268
134261 134330 827
134330 134261 827
134489 134488 1697
134488 134489 1697
133557 133563 847
133557 133564 847
133563 133557 847
136921 136930 1014
136928 136931 848
136930 136921 1014
133574 133600 884
136931 136928 848
133600 133574 884
133564 133557 847
133929 132615 1102
133952 133953 47
133953 133952 47
132615 132616 476
132615 133929 1102
132616 132615 476
133956 133969 244
133969 133956 244
133969 133968 1791
133968 133969 1791
133968 133974 1161
133974 133968 1161
137146 137145 1085
137145 137146 1085
9978 9980 1428
9980 9978 1428
10718 10720 4333
10720 10718 4333
13476 13125 3290
13125 13476 3290
13138 13146 2280
13140 13223 1480
13146 13138 2280
13223 13140 1480
163
9359
9361
9033
19019
9385
9393
12025
12743
9917
9928
9932
9954
35324
9955
9961
9978
9980
10009
10027
10030
10035
10706
10715
10718
8001
10720
7904
10861
7761
34956
10913
11003
10635
10651
10652
11020
11030
10965
10969
10982
10993
11102
31140
13406
11200
14239
35096
14237
13460
13462
13449
13455
13476
13485
13120
13125
13148
13138
13140
13146
13223
13536
13547
13572
13576
13551
13545
13556
13250
13254
13255
14010
14012
13873
13871
14051
14062
14108
14069
14116
14095
14132
14078
14092
14096
14101
14089
14161
14166
14176
14177
14191
14033
14212
23995
248819
248400
132624
132670
132864
132874
132816
132843
132850
132870
132883
187015
187180
187183
187187
187189
134215
134226
134240
134243
132872
132885
134246
134247
134249
134260
134330
134333
134337
134345
134391
134400
134390
134494
134492
134496
134498
134626
134630
139582
136976
136890
133557
133563
133567
136921
136925
136926
136930
133574
136931
133583
133600
133602
133564
133578
133591
133917
133929
132615
133969
133968
133974
133979
137141
137146
137145
137235
