252
1809 1810 1055
1810 1809 1055
259107 259108 3785
259110 259108 2607
259094 259118 576
262902 259598 314
259600 259599 1176
5433 5427 825
5378 54 1778
5378 5377 671
5378 5380 344
54 53 520
54 5378 1778
5290 5387 4589
5374 5379 1375
5374 5387 603
5399 5392 1499
5399 5400 2007
5400 5392 1905
5400 5399 2007
5439 5440 1700
5439 5446 452
5680 5448 1024
5438 5446 1621
5274 5273 884
5274 5275 402
5264 5265 336
5275 5274 402
5275 5377 3216
5379 5374 1375
5379 5377 1778
259561 259560 6914
259512 259517 509
259512 259518 1316
259520 259518 968
259515 259517 314
259515 259523 384
259517 259512 509
259517 259515 314
259517 259523 421
259570 259571 882
259570 259589 3215
259577 259579 2500
259589 259570 3215
259589 259582 3956
259553 259557 666
258330 259690 2282
258331 259690 2870
259701 259699 1986
259696 259697 2941
259720 259697 4286
259861 259864 2815
259865 259864 2782
259866 259864 17754
262043 261595 2376
262043 261595 2376
262935 262040 252
263064 262040 221
4492 4491 1321
4492 4932 876
4933 4932 746
4933 4932 746
4933 260318 415
260318 4932 1016
260318 4933 415
260316 260317 701
4873 4872 2028
4874 4878 835
4879 4878 1055
259998 259997 1139
259995 259994 839
259995 260000 298
260058 260064 2338
260058 260077 2467
260063 259994 2030
260063 260064 929
259994 259995 839
259994 260063 2030
259994 260089 1446
260090 260089 1699
261871 260077 509
260080 260082 541
229 33 246
248 34 1346
4432 4431 2324
4432 4437 155
4437 4432 155
4437 4888 1114
4890 4888 1092
4931 4472 272
4474 4930 94
4895 4934 1922
4935 4934 818
4944 4945 1114
4988 4984 1220
4994 4984 2879
51 4972 1100
4986 4985 1225
4987 4985 597
5030 4925 6121
260628 260639 4006
259414 260642 9366
257764 257765 4184
262956 257765 5428
257755 260624 5363
264182 260624 1704
260634 260635 1221
260636 260635 322
262960 257776 119
262960 262959 6306
262960 262959 6306
257786 257793 2396
257794 257793 982
262996 257793 2881
257774 257776 1670
239191 238954 4675
239191 239190 502
260853 260852 291
260690 260688 594
260691 260688 1030
257691 257692 357
257691 257693 975
257693 257691 975
257693 257692 682
257727 257726 2628
262370 257726 3246
257730 257731 1343
257733 257731 6481
262369 262372 2919
262374 262372 1071
4215 4275 1019
4287 4275 5318
4284 4285 1237
6401 4369 1273
259108 259107 3785
259108 259110 2607
259118 259094 576
259598 262902 314
259599 259600 1176
5427 5433 825
5427 5440 333
5380 5378 344
53 54 520
5387 5290 4589
5387 5374 603
5392 5399 1499
5392 5400 1905
5440 5427 333
5440 5439 1700
5448 5680 1024
5446 5438 1621
5446 5439 452
5273 5274 884
5265 5264 336
5377 5275 3216
5377 5378 671
5377 5379 1778
259560 259561 6914
259518 259512 1316
259518 259520 968
259523 259515 384
259523 259517 421
259571 259570 882
259579 259577 2500
259582 259589 3956
259557 259553 666
259690 258330 2282
259690 258331 2870
259699 259701 1986
259697 259696 2941
259697 259720 4286
259864 259861 2815
259864 259865 2782
259864 259866 17754
261595 262043 2376
261595 262043 2376
262040 262935 252
262040 263064 221
4491 4492 1321
4932 4492 876
4932 4933 746
4932 4933 746
4932 260318 1016
260317 260316 701
4872 4873 2028
4872 4878 808
4878 4872 808
4878 4874 835
4878 4879 1055
259997 259998 1139
259997 260000 3488
260000 259995 298
260000 259997 3488
260064 260058 2338
260064 260063 929
260089 259994 1446
260089 260090 1699
260077 260058 2467
260077 261871 509
260082 260080 541
33 229 246
34 248 1346
4431 4432 2324
4888 4437 1114
4888 4890 1092
4472 4931 272
4930 4474 94
4934 4895 1922
4934 4935 818
4945 4944 1114
4984 4988 1220
4984 4994 2879
4972 51 1100
4985 4986 1225
4985 4987 597
4925 5030 6121
260639 260628 4006
260639 260642 596
260642 259414 9366
260642 260639 596
257765 257764 4184
257765 262956 5428
260624 257755 5363
260624 264182 1704
260635 260634 1221
260635 260636 322
262959 262960 6306
262959 262960 6306
257793 257786 2396
257793 257794 982
257793 262996 2881
257776 257774 1670
257776 262960 119
239190 239191 502
239190 260852 602
260852 239190 602
260852 260853 291
260688 260690 594
260688 260691 1030
257692 257691 357
257692 257693 682
257726 257727 2628
257726 262370 3246
257731 257730 1343
257731 257733 6481
262372 262369 2919
262372 262374 1071
4275 4215 1019
4275 4287 5318
4285 4284 1237
4369 6401 1273
238954 239191 4675
165
259108
259118
259598
259599
5427
5380
53
5387
5392
5440
5448
5446
5273
5265
5377
259560
259518
259523
259571
259579
259582
259557
259690
259699
259697
259864
261595
262040
4491
4932
260317
4872
4878
259997
260000
260064
260089
260077
260082
33
34
4431
4888
4472
4930
4934
4945
4984
4972
4985
4925
260639
260642
257765
260624
260635
262959
257793
257776
239190
260852
260688
257692
257726
257731
262372
4275
4285
4369
236019
238954
4370
4381
4385
5452
5402
5476
5475
5503
5486
5505
5533
1810
2221
259294
259320
259334
259341
259329
259352
262594
259417
259251
259277
259107
259110
259094
262902
259600
5433
54
5290
5374
5400
5439
5438
5274
5264
259512
259515
259577
259589
259553
258330
258331
259701
259696
259720
259861
259865
259866
4492
4933
260318
260316
4874
259998
260058
260063
261871
260080
229
4437
4890
4474
4895
4935
4988
4994
51
5030
260628
259414
257764
257755
264182
260634
260636
262960
257786
257794
257774
239191
260853
257691
257693
257727
257730
257733
262369
262374
4215
4287
4284
6401
