60
206817 206825 608
206825 206817 608
209191 209192 996
209192 209191 996
181004 180978 1000
180978 181004 1000
181052 181051 1116
181071 181249 1421
181249 181071 1421
181249 181250 757
181250 181249 757
179468 179444 561
179468 179470 309
179470 179468 309
179470 179469 2273
179469 179470 2273
179444 179468 561
181051 181052 1116
181260 181261 1161
181261 181260 1161
184247 184246 751
184246 184247 751
184171 184173 848
184210 184173 1854
184241 184252 709
184252 184241 709
184173 184171 848
184173 184210 1854
184208 184196 928
184196 184208 928
184199 184198 752
184198 184199 752
184201 184200 1791
184200 184201 1791
184401 184402 1579
184401 184420 2282
184420 184401 2282
184420 184421 778
184402 184401 1579
184421 184420 778
183026 183016 243
183016 183026 243
189794 189795 1384
189795 189794 1384
190176 190175 772
190176 190185 689
190185 190176 689
190237 190238 376
190237 190251 973
190238 190237 376
190251 190237 973
190175 190176 772
195294 195727 944
198889 195727 876
195727 195294 944
195727 198889 876
202734 202737 285
202737 202734 285
202534 202636 2171
202636 202534 2171
173
190153
189794
189795
186256
190176
190185
190237
190238
190251
190175
195026
195086
214453
214454
195254
195114
215129
195256
195294
195285
195730
198889
195727
196016
195749
195724
195732
195754
195783
195790
195797
196012
195815
195816
196075
196080
214619
196099
196125
202709
202728
202734
202737
203149
203160
203198
203204
203218
203222
203223
203297
203373
203400
203507
203518
203519
205673
203504
202522
202528
202531
202534
202647
202648
202636
202666
202652
197050
197054
197052
197060
197163
202173
197127
202499
215012
205839
205843
205845
205836
204483
205692
205695
214380
205745
202540
214378
205882
205894
205887
206555
206568
206581
206593
206597
206649
206825
206823
206824
206838
209191
209192
209195
206886
181004
181047
181049
180996
181052
181071
181250
181263
179444
181001
180995
181256
180938
180986
181185
181190
181312
181309
181314
181261
184247
184246
184171
184210
184240
184241
184252
184214
184208
184215
184221
184199
214186
214190
214257
184201
184200
181851
184401
184420
184402
184404
184421
181863
181883
181891
181828
181865
181815
181845
181797
181841
183026
177696
183016
177709
185959
182682
182724
182735
182776
182793
182815
182762
182772
182684
182786
182787
182962
