38
213077 213082 2491
213082 213076 866
213082 213077 2491
213092 213103 1010
213076 213082 866
213103 213092 1010
213508 213520 594
213520 213508 594
170107 170108 1085
170108 170107 1085
94742 94743 1145
94743 94742 1145
95066 95067 599
95067 95066 599
95618 95625 1031
95625 95618 1031
95636 95637 1004
95637 95636 1004
95525 95554 94
95554 95525 94
101697 101688 3502
36876 36896 784
36896 36876 784
94606 94608 458
93541 93542 672
93542 93541 672
98973 98974 994
98974 98973 994
101688 101697 3502
94608 94606 458
97846 97841 562
97841 97846 562
171474 171480 675
171492 171493 309
171493 171492 309
171480 171474 675
154289 154286 2458
154286 154289 2458
155
146988
151757
151633
148038
148072
148992
205106
205123
212892
212899
212940
150262
150325
150330
150334
150341
150349
198715
198719
198599
198758
198734
198746
198750
205092
205093
205101
171250
171257
171267
171264
171474
171337
171492
171491
171493
171480
159111
159119
171471
159121
162386
154235
154289
154295
154297
154286
159125
159132
154304
159352
159360
159364
159370
159445
159581
159600
159649
159662
159701
159660
159688
159770
159941
159946
159840
158737
158753
160092
160110
213077
213057
213062
213079
213103
213441
213485
213490
213443
213477
213482
213484
213553
213558
170651
170882
170903
171261
171259
170819
170857
170880
170877
102278
95724
95593
95596
95604
95730
95726
94742
94743
95330
95334
95335
95658
95611
95616
95618
95625
95636
95429
95445
102548
95554
101697
101703
49922
41949
41950
36896
50273
50284
49906
50009
97773
97748
97753
97777
94599
93523
93525
94622
93541
93526
93542
93554
93557
93563
92427
98931
98966
98973
98974
101687
101688
98620
98623
98650
94608
97800
97832
97838
97846
97841
