72
37168 37169 1395
37169 37168 1395
37035 37027 672
37027 37035 672
36962 36985 1830
36985 36962 1830
38169 38199 558
38199 38169 558
38380 38382 1901
38382 38380 1901
38326 38327 951
38327 38326 951
38328 38335 697
38335 38328 697
38335 38337 1669
38337 38335 1669
38841 38890 939
38890 38841 939
38894 38893 1055
38893 38894 1055
38928 38931 1907
38931 38928 1907
38931 38932 403
38932 38931 403
38794 38923 3526
38949 38805 556
38923 38794 3526
38805 38949 556
38800 41523 1225
41523 38800 1225
41540 41536 1559
41536 41540 1559
47592 47594 581
47593 47579 3934
47593 47594 790
47611 47594 790
47611 47623 611
47623 47611 611
47579 47593 3934
47594 47592 581
47594 47593 790
47594 47611 790
47874 47875 1017
47875 47874 1017
47354 47353 678
47334 47335 2080
47353 47354 678
47335 47334 2080
47418 47419 775
47419 47418 775
47419 47424 1283
47424 47419 1283
47424 47425 1953
47425 47424 1953
130023 130024 1941
130024 130023 1941
130024 130036 1521
130036 130024 1521
130036 130046 562
130046 130036 562
130046 130551 610
130551 130046 610
110081 110082 750
110082 110081 750
110082 110602 1544
109749 109750 872
109749 110026 2334
110597 110032 1028
110032 110597 1028
109750 109749 872
110026 109749 2334
110602 110082 1544
155
92393
93248
191379
191377
191305
191337
191122
191309
191922
191973
191165
191175
191200
192616
192623
192658
192678
108646
109541
108830
108867
109585
108656
109583
109664
109669
108864
108898
106198
106201
110081
110082
109749
110414
110597
110032
110599
110456
109750
110026
110364
110401
110602
109986
110045
110072
110215
110234
104410
110083
110183
110612
110614
110534
110531
110617
103833
103838
110854
110876
110712
110714
110899
110891
110772
110766
110799
103878
36827
103880
103893
39035
39036
39049
36886
36890
37133
37132
37140
37035
37046
37058
38154
37011
37015
36962
38157
36982
36985
36984
38169
38172
38215
38220
38380
38382
38326
38327
38328
38335
38337
38342
38518
38521
38823
38832
38835
38841
38890
38893
38862
38928
38920
38921
38794
38923
38737
38738
38805
38786
38800
41523
41532
47522
47549
47585
47579
47613
47616
47842
47852
47874
47354
47880
47334
47353
47335
47420
47421
47418
47419
130494
130495
130501
47373
47230
130019
130023
130015
130031
130551
130556
130612
130613
130634
