48
81820 81822 1732
81820 81824 2106
81867 81859 2541
81822 81820 1732
81888 81887 430
81887 81883 672
81887 81888 430
81883 81887 672
85476 85457 476
85798 85797 256
86041 85881 2218
86043 86044 1068
82677 85797 611
85881 86041 2218
85797 82677 611
85797 85798 256
86044 86043 1068
85440 85435 793
85435 85440 793
85457 85476 476
89736 89733 937
90324 90325 502
90422 90420 254
90420 90422 254
90325 90324 502
90310 89906 2468
79541 79538 1781
79128 79127 1652
79132 84826 1239
84826 79132 1239
79127 79128 1652
79538 79541 1781
79829 79842 3129
79842 79829 3129
89733 89736 937
89906 90310 2468
81037 81039 1848
81039 81037 1848
81859 81867 2541
82891 82890 1051
82890 82891 1051
86367 86377 1559
86377 86367 1559
86448 86449 1014
86489 86428 1696
86449 86448 1014
86428 86489 1696
81824 81820 2106
154
90268
87849
89893
90308
90272
90282
90294
90300
89733
89906
90343
90329
90332
90335
90347
89886
80963
80985
81009
80513
80913
80955
80973
81037
81039
91777
81859
81899
81905
83236
83240
83253
83238
83265
83272
91324
83340
83354
91319
83224
82891
82890
82931
83465
83426
86442
86589
86670
86700
86528
86497
86503
91905
91900
86320
86323
91090
91301
86367
86377
86452
86457
86465
86478
86559
86418
86425
86448
86489
86449
86562
86428
81574
81792
81795
81763
81780
81828
81626
86674
86857
90707
80995
81824
81651
81680
81686
81820
81892
81890
81897
81904
81883
85478
85722
85598
85798
86041
86043
86070
86095
91084
82677
85874
85881
86015
83922
85399
85440
85435
85438
85428
85457
89738
89917
90529
85227
90324
89922
90340
79173
79156
79639
79634
79640
79541
79132
84826
79124
79504
79485
91189
79530
79507
79127
79511
79538
79594
79675
79631
79668
79739
79859
79881
79888
79810
79829
79842
79838
79845
79872
80009
79850
79853
