248
2551 2642 1225
2551 2644 666
2642 2551 1225
2642 2632 1119
2644 2551 666
2632 2642 1119
3242 3239 672
3263 3258 2047
3263 3262 3792
3921 3918 1014
3924 3918 762
3924 3923 1611
3923 3863 434
3923 3922 251
3923 3924 1611
3246 3258 3619
6432 3258 787
3910 3908 4874
3863 3862 2556
3863 3923 434
3936 3875 667
4022 3899 3558
4022 4024 1173
3902 3901 1530
3796 3793 6994
3796 3812 825
3812 3796 825
3812 3797 3999
4023 4019 875
4024 4019 4337
4024 4022 1173
4024 4030 1089
4030 4024 1089
4030 4029 3459
3803 3804 3064
4027 4025 1099
4028 4025 1611
4057 4031 1918
6508 4031 554
128 129 6959
130 129 5495
324 323 3995
326 323 2072
322 321 672
333 321 1659
112 114 1436
190 191 3933
190 192 2695
199 192 3006
197 194 1652
198 194 5635
173 172 1963
178 172 4282
182 181 2122
183 181 4961
4501 4502 1460
202 207 997
211 210 303
301 210 2387
412 427 2925
428 427 1829
425 471 1512
155 158 1954
159 158 1483
514 513 577
5912 5963 2571
5962 5963 1483
5983 5982 3046
121 120 1782
5904 120 6294
5904 5905 2795
5995 5988 1594
5905 5904 2795
5905 5943 1899
5948 5943 4237
5953 5954 627
5955 5954 1635
5969 5968 2480
5970 5968 1047
6000 5972 502
6001 5972 1151
5967 5973 4627
5728 6020 1332
664 663 1951
6021 663 4192
5760 6033 3946
6032 6033 1252
72 71 5162
6111 71 3712
6154 6156 2406
6157 6156 1940
6167 6166 874
6271 6170 2356
6271 6284 1592
6285 6284 1088
6294 6296 1621
6294 6297 2981
6297 6294 2981
6297 6315 3294
6313 6315 3666
6327 6328 810
6352 6351 3701
6353 6351 1761
469 470 749
2015 477 947
1999 2021 185
2022 2021 1984
2032 2025 1915
2035 2025 980
2035 2029 805
2030 2029 1827
2042 2029 1530
2044 2046 787
2343 2341 1593
2349 2047 1576
2349 2392 1676
2346 2345 597
2361 2360 1225
2397 2403 5441
2392 2349 1676
2392 2401 1592
2430 2431 452
2432 2431 1418
2450 2446 670
6370 6371 564
2563 2562 1055
2572 2564 1030
2572 2571 782
3239 3242 672
3262 3263 3792
3918 3921 1014
3918 3924 762
3922 3923 251
3258 3246 3619
3258 3263 2047
3258 6432 787
3908 3910 4874
3862 3863 2556
3875 3936 667
3899 3901 550
3899 4022 3558
3901 3899 550
3901 3902 1530
3793 3796 6994
3797 3812 3999
4019 4023 875
4019 4024 4337
4029 4030 3459
3804 3803 3064
4025 4027 1099
4025 4028 1611
4031 4057 1918
4031 6508 554
129 128 6959
129 130 5495
323 324 3995
323 326 2072
321 322 672
321 333 1659
114 112 1436
191 190 3933
192 190 2695
192 199 3006
194 197 1652
194 198 5635
172 173 1963
172 178 4282
181 182 2122
181 183 4961
4502 4501 1460
207 202 997
210 211 303
210 301 2387
427 412 2925
427 428 1829
471 425 1512
158 155 1954
158 159 1483
513 514 577
5963 5912 2571
5963 5962 1483
5982 5983 3046
5982 5988 893
120 121 1782
120 5904 6294
5988 5982 893
5988 5995 1594
5943 5905 1899
5943 5948 4237
5954 5953 627
5954 5955 1635
5968 5969 2480
5968 5970 1047
5972 6000 502
5972 6001 1151
5973 5967 4627
5973 6020 1492
6020 5728 1332
6020 5973 1492
663 664 1951
663 6021 4192
6033 5760 3946
6033 6032 1252
71 72 5162
71 6111 3712
6156 6154 2406
6156 6157 1940
6166 6167 874
6166 6170 353
6170 6166 353
6170 6271 2356
6284 6271 1592
6284 6285 1088
6296 6294 1621
6315 6297 3294
6315 6313 3666
6328 6327 810
6351 6352 3701
6351 6353 1761
470 469 749
477 2015 947
2021 1999 185
2021 2022 1984
2025 2032 1915
2025 2035 980
2029 2030 1827
2029 2035 805
2029 2042 1530
2046 2044 787
2046 2047 2941
2341 2343 1593
2047 2046 2941
2047 2349 1576
2345 2346 597
2360 2361 1225
2403 2397 5441
2403 2401 888
2401 2392 1592
2401 2403 888
2431 2430 452
2431 2432 1418
2446 2450 670
6371 6370 564
2562 2563 1055
2562 2564 754
2564 2562 754
2564 2572 1030
2571 2572 782
161
3239
3262
3918
3922
3258
3908
3862
3875
3899
3901
3793
3797
4019
4029
3804
4025
4031
129
323
321
114
191
192
194
172
181
4502
207
210
427
471
158
513
5963
5982
120
5988
5943
5954
5968
5972
5973
6020
663
6033
71
6156
6166
6170
6284
6296
6315
6328
6351
470
477
2021
2025
2029
2046
2341
2047
2345
2360
2403
2401
2431
2446
6371
2562
2564
2571
2576
2578
2579
2476
2527
2529
2532
2539
2541
2551
2642
2644
2632
2647
3033
2649
2652
3047
3066
3073
3093
3097
3131
3263
3924
3246
6432
3863
3936
4022
3902
4030
3803
4027
4057
128
130
326
333
112
190
199
197
198
173
178
182
183
4501
202
211
412
425
155
5912
5962
5983
5904
5905
5953
6001
5967
5728
6021
5760
6032
6111
6154
6157
6294
6297
6313
6327
6352
469
1999
2032
2035
2044
2349
2361
2397
2392
2430
2432
2450
6370
2563
2572
