340
2340 2337 5717
2340 2356 120
2340 2369 2126
2373 2372 49
2382 2381 610
2384 2378 867
2384 2381 3139
2384 2385 3351
2384 2386 1006
2470 2466 1447
2470 2468 889
2470 2471 1444
2477 2466 786
2477 2481 1124
2477 2482 1463
2502 2498 1004
2502 2501 1470
2502 2505 928
2502 2516 1031
2512 2511 1248
2517 2506 1194
2517 2516 2909
2517 2544 515
2521 2520 1004
2521 2544 419
2521 2546 587
2926 2924 1248
2926 2951 680
2926 2953 905
2929 2925 402
2954 2555 1099
2954 2953 2340
2954 2956 1374
2957 2956 1173
2958 2554 1931
2958 2956 333
2975 2973 1556
2975 3007 1513
2975 3035 1012
2975 3053 1445
3055 3007 687
3055 3056 782
2962 2554 1255
2962 2973 838
3054 3053 1350
3054 3057 168
3056 3053 1429
3056 3055 782
3056 3057 782
3058 3057 238
3058 3059 1451
3058 3060 333
3086 3082 1686
3086 3085 156
3086 3087 238
3228 3227 610
3228 3231 373
3205 3179 238
3205 3206 871
3205 3207 1972
3208 3179 866
3831 3828 928
3832 3828 782
3832 3852 275
3837 3829 627
3852 3832 275
3852 3833 762
3852 3853 1114
3864 3844 580
3845 3842 713
3884 3842 867
3884 3885 1014
3884 3886 1023
3888 3843 949
3888 3883 867
3888 3886 1223
3849 3847 893
3849 3850 1262
3849 3851 687
3853 3847 1276
3853 3852 1114
3853 3854 344
3853 3865 2376
3216 3217 1947
3216 3218 1741
3216 3950 348
3851 3218 687
3851 3849 687
3851 3950 1512
3891 3883 275
3891 3894 433
3777 3778 1634
3777 3790 1565
4009 4006 222
4009 4007 238
4009 4010 603
3787 3786 580
3788 3786 1219
3788 3806 2334
3788 3809 1095
3808 3784 373
3744 3743 3938
3745 3741 5523
3745 3743 278
3745 3766 3606
3756 3755 2986
3760 3755 1095
3760 3764 1686
3760 3771 275
3739 3571 1700
3739 3740 1436
3739 3741 2203
309 307 580
309 310 353
309 312 2639
320 313 344
320 316 706
320 318 2733
293 291 3653
293 294 6447
293 295 5634
293 296 2773
351 352 290
351 353 1061
354 353 3048
414 367 2369
416 367 1124
369 368 1111
370 368 3353
502 618 3015
620 618 1948
617 619 3978
632 619 1881
6011 6013 705
6014 6013 1004
6090 6044 749
6060 6061 4628
6060 6063 920
6081 6063 3172
6059 6061 1261
6069 6070 1098
6071 6070 4306
5977 6038 2115
6091 6057 1450
6030 6036 748
6119 6118 1203
6120 6118 2643
6109 6108 912
6110 6114 1165
6115 6114 1582
6115 6117 3190
6159 6117 777
6139 6138 3232
6140 6138 1991
6164 6174 2690
6177 6174 2922
6300 6302 1496
6305 6302 1421
849 851 2479
852 851 2084
489 859 1143
2332 2338 322
2356 2340 120
2369 2340 2126
2378 2384 867
2385 2384 3351
2386 2384 1006
2468 2470 889
2471 2470 1444
2481 2477 1124
2482 2477 1463
2501 2502 1470
2501 2506 980
2505 2502 928
2506 2501 980
2506 2517 1194
2544 2517 515
2544 2521 419
2546 2521 587
2546 2555 3782
2546 2951 503
2951 2546 503
2951 2926 680
2953 2926 905
2953 2954 2340
2555 2546 3782
2555 2954 1099
2554 2958 1931
2554 2962 1255
3035 2975 1012
3053 2975 1445
3053 3054 1350
3053 3056 1429
3059 3058 1451
3060 3058 333
3060 3082 1529
3082 3060 1529
3082 3086 1686
3087 3086 238
3231 3228 373
3206 3205 871
3207 3205 1972
3885 3884 1014
3886 3884 1023
3886 3888 1223
3850 3849 1262
3850 3854 889
3854 3850 889
3854 3853 344
3865 3853 2376
3217 3216 1947
3218 3216 1741
3218 3851 687
3894 3891 433
3778 3777 1634
4007 4009 238
4010 4009 603
3806 3788 2334
3809 3788 1095
3766 3745 3606
3764 3760 1686
3771 3760 275
3571 3739 1700
3740 3739 1436
307 309 580
310 309 353
313 320 344
316 320 706
291 293 3653
294 293 6447
295 293 5634
352 351 290
2337 2338 111
2337 2340 5717
2372 2373 49
2381 2382 610
2381 2384 3139
2466 2470 1447
2466 2477 786
2498 2502 1004
2511 2512 1248
2516 2502 1031
2516 2517 2909
2520 2521 1004
2520 2924 1596
2924 2520 1596
2924 2926 1248
2925 2929 402
2956 2954 1374
2956 2957 1173
2956 2958 333
3007 2975 1513
3007 3055 687
2973 2962 838
2973 2975 1556
3057 3054 168
3057 3056 782
3057 3058 238
3085 3086 156
3227 3228 610
3179 3205 238
3179 3208 866
3828 3831 928
3828 3832 782
3829 3837 627
3833 3852 762
3844 3842 902
3844 3864 580
3842 3844 902
3842 3845 713
3842 3884 867
3843 3888 949
3847 3849 893
3847 3853 1276
3950 3216 348
3950 3851 1512
3883 3888 867
3883 3891 275
3790 3777 1565
3790 4006 1253
4006 3790 1253
4006 4009 222
3786 3784 1220
3786 3787 580
3786 3788 1219
3784 3786 1220
3784 3808 373
3743 3744 3938
3743 3745 278
3755 3756 2986
3755 3760 1095
3741 3739 2203
3741 3745 5523
312 309 2639
312 318 353
318 312 353
318 320 2733
296 293 2773
353 351 1061
353 354 3048
367 414 2369
367 416 1124
368 369 1111
368 370 3353
618 502 3015
618 620 1948
619 617 3978
619 632 1881
6013 6011 705
6013 6014 1004
6044 6057 1607
6044 6090 749
6063 6060 920
6063 6081 3172
6061 6059 1261
6061 6060 4628
6070 6069 1098
6070 6071 4306
6038 5977 2115
6057 6044 1607
6057 6091 1450
6036 6030 748
6118 6119 1203
6118 6120 2643
6108 6109 912
6114 6110 1165
6114 6115 1582
6117 6115 3190
6117 6159 777
6138 6139 3232
6138 6140 1991
6174 6164 2690
6174 6177 2922
6302 6300 1496
6302 6305 1421
851 849 2479
851 852 2084
859 489 1143
2338 2332 322
2338 2337 111
121
2337
2372
2381
2466
2498
2511
2516
2520
2924
2925
2956
3007
2973
3057
3085
3227
3179
3828
3829
3833
3844
3842
3843
3847
3950
3883
3790
4006
3786
3784
3743
3755
3741
312
318
296
353
367
368
618
619
6013
6044
6063
6061
6070
6038
6057
6036
6118
6108
6114
6117
6138
6174
6302
851
859
2338
354
414
416
502
620
617
6011
6014
6060
6059
6069
5977
6030
6109
6110
6115
6159
6164
6300
6305
849
489
2332
2356
2369
2378
2385
2386
2468
2481
2482
2505
2544
2951
2555
2554
3053
3059
3060
3087
3231
3206
3207
3885
3850
3854
3217
3218
3894
4007
3809
3766
3764
3571
307
310
313
316
291
294
295
352
