60
219164 219163 479
219163 219164 479
219180 221200 879
221200 219180 879
216045 216035 1080
216035 216045 1080
220309 220306 318
220306 220309 318
218343 220284 740
220284 218343 740
219276 219286 1981
220644 219268 969
219286 219276 1981
219268 220644 969
215265 215261 882
215265 215264 601
215443 215446 1686
215446 215443 1686
215261 215260 724
215261 215265 882
215495 215498 410
215498 215495 410
219799 219809 127
219809 219799 127
215259 215260 833
215264 215265 601
215260 215259 833
215260 215261 724
223342 223346 1117
223346 223342 1117
223444 223443 788
223443 223444 788
223423 223403 2587
223403 223423 2587
215284 215283 816
215283 215284 816
223178 223180 873
223180 223178 873
150408 150409 933
150409 150408 933
121042 121053 1616
121053 121042 1616
121066 121097 1284
121097 121066 1284
69731 69729 1484
69729 69731 1484
69578 69582 1540
69582 69578 1540
70344 70351 1228
70627 70647 275
70647 70627 275
70649 70650 581
70650 70649 581
70650 70654 1004
70654 70650 1004
70351 70344 1228
70605 70617 1383
70617 70605 1383
70617 70619 885
70619 70617 885
170
128918
128929
128947
128948
129089
129099
126615
126588
126602
129193
129197
129033
129243
129289
120947
121037
121027
121038
120875
121041
121042
121053
121066
120953
121097
121519
121510
69099
69164
69180
69182
73052
70182
70206
70219
70225
73035
69736
69738
69731
69445
69664
69668
69679
69729
69570
69566
69528
69578
69535
69582
69596
69572
69586
72309
72313
72316
72045
72047
72033
72036
72043
72359
70012
70041
70344
70627
70647
70649
70650
70654
70660
70672
70680
70351
70585
70599
70605
70617
70619
70622
69275
69290
69333
69334
129312
120957
120963
219164
219180
219149
218232
219160
218188
218223
218271
215456
220833
220841
220857
216045
218265
216035
219146
216419
219121
218031
220582
220313
220315
220585
220309
224249
220306
216526
218337
218343
220268
218055
224637
224270
219276
219292
219285
219286
219321
219319
224349
219326
219243
219204
219268
215440
215978
215446
215589
215633
215772
215261
215498
215575
215576
222294
222318
222327
219834
219796
219799
219809
219815
215260
223725
223727
223440
223443
223402
215284
215291
215292
215283
223178
223180
223387
223392
223393
224461
150431
150409
150423
149387
