40
63309 63308 1011
63334 63332 1212
63308 63309 1011
63332 63334 1212
63237 63394 228
63321 63323 754
63394 63237 228
63323 63321 754
63311 63310 337
63310 63311 337
64069 64070 356
64070 64069 356
64360 64366 2772
64366 64360 2772
65100 65107 1906
65107 65100 1906
75136 58117 1746
58117 75136 1746
76142 76137 439
76143 76137 956
76137 76142 439
76137 76143 956
116939 116941 538
116941 116939 538
116941 116944 1229
116944 116941 1229
124207 124217 1147
124217 124207 1147
119964 119969 1268
119969 119964 1268
60050 60072 2781
60072 60050 2781
60368 60367 1982
60367 60368 1982
60418 60421 812
60421 60418 812
60113 60110 1780
60110 60113 1780
60273 79056 1495
79056 60273 1495
162
117626
116474
116547
116551
117074
117821
116612
116826
116827
116831
116833
116639
116642
116839
118285
124150
124156
124195
116864
116865
116880
116927
116939
116941
116944
119681
119676
117646
118210
118191
118287
118290
118293
119687
124202
124207
124217
124210
119850
119852
124392
124375
119979
119947
119962
119960
119964
119969
120017
120046
120059
120072
120086
120008
60049
60050
60044
60072
60075
60368
60367
60418
60421
60113
60152
60110
60154
60133
60145
60080
60078
60142
76533
60320
60334
76878
76876
60273
60276
60284
76471
79056
60271
76687
62890
62896
62912
60999
62701
62908
62990
62992
63309
63342
63304
63308
63332
63278
63239
63237
63238
63321
63387
63323
63311
63315
63306
63310
63261
63263
63265
64066
64069
64070
64078
63273
64133
64140
64176
64157
64325
64372
64373
64261
64366
63973
63974
63977
63980
63951
63953
64006
65085
65047
65049
65091
65100
65101
65106
65107
64353
64346
64275
64272
77267
73354
73357
73362
73367
79070
79072
74185
78614
78617
75141
75143
75109
58100
75136
58117
76168
74422
