32
64468 64465 924
64465 64468 924
63447 63448 238
63448 63436 592
63448 63447 238
63436 63448 592
75011 75044 698
75044 75011 698
75044 75048 1690
75048 75044 1690
75095 75096 789
75096 75095 789
87260 87259 437
87259 87260 437
118226 118227 1010
118227 118226 1010
118144 118148 1010
118148 118144 1010
118149 118159 1206
118159 118149 1206
124350 124351 1344
124351 124350 1344
56837 60490 744
60490 56837 744
60490 77695 631
77695 60490 631
60555 60556 796
60556 60555 796
66926 66931 675
66931 66926 675
78301 78665 272
78665 78301 272
161
121939
121918
121661
121921
121930
118269
118273
124134
124260
124261
118049
118226
118227
118064
118257
124108
124112
124113
118077
118093
118144
118148
118149
118159
118164
118152
118157
118161
118163
124275
124309
124345
124350
124335
124351
124364
124381
124516
124518
120293
120155
119999
120001
120163
124523
120067
120200
120364
60345
60346
60413
66807
66938
77763
60175
60380
60386
60389
60511
66820
77054
77055
60513
56837
60487
60490
60502
56855
77695
76036
76981
60543
60555
60556
64513
66926
66931
78166
62999
76024
77642
75658
78301
78665
62926
62928
62947
56882
63009
63026
64520
64535
64468
64465
64486
63366
63361
64593
63383
64612
63384
63385
63433
63437
63414
56867
56868
63447
64196
63290
64189
64216
64173
58139
64309
64305
64256
64311
64026
63970
64027
64291
64292
77308
77256
77257
73208
73204
73394
74031
74126
74993
74455
74452
74506
75007
75011
75053
75095
75096
75118
78207
76129
76151
76158
76174
76201
76270
87260
87259
75228
76207
76745
76675
76247
87199
87246
87940
87175
87177
87250
