70
211416 211420 885
211416 211421 1988
211000 211001 1180
211001 211000 1180
166449 166469 2335
165043 165035 562
165043 165036 1101
165038 165037 452
165261 165257 818
165257 165261 818
165311 165313 562
165317 165313 600
165313 165311 562
165313 165317 600
166469 166449 2335
172655 165065 918
165037 165036 222
165037 165038 452
165033 165032 796
165035 165043 562
165036 165037 222
165036 165043 1101
165032 165033 796
165065 172655 918
164430 164428 276
164430 164431 1718
164461 164462 1114
164462 164461 1114
164357 164388 673
164388 164357 673
164428 164430 276
164431 164430 1718
164539 164538 751
164706 164705 710
164705 164706 710
164702 164701 778
164701 164702 778
164538 164539 751
211420 211416 885
211421 211416 1988
211421 211419 1059
211467 211469 759
211469 211467 759
212108 212104 349
212201 212232 2699
212232 212201 2699
212104 212108 349
211459 211457 822
211471 211474 779
211474 211471 779
211457 211459 822
212444 212445 1200
212445 212444 1200
152042 155526 1029
155526 152042 1029
175953 175955 782
175996 175984 1558
176005 176004 777
175955 175953 782
176004 176005 777
175984 175996 1558
177022 177019 3110
177019 177022 3110
177033 177039 2791
177039 177033 2791
176088 176080 751
176080 176088 751
211352 211358 2522
211358 211352 2522
211419 211421 1059
156
173852
173858
152914
153015
175332
153030
153026
175306
152042
155514
155526
155504
175953
175996
176005
175990
176489
176468
176488
175955
176004
176002
176007
172799
152061
176466
152040
155525
155575
155608
155570
155607
155611
152067
175909
175980
175984
175834
177104
177022
177019
177018
176937
176947
176940
177032
177035
177033
177039
175852
176082
176104
176098
177175
176088
175906
176080
176945
177159
176667
176786
176789
176779
176854
176874
176884
176895
176878
173863
176646
174979
174980
175023
176663
176635
176755
210776
211352
211358
211419
211416
211000
211001
211318
211322
211343
166449
166447
166404
165038
165071
165076
167278
165261
165257
165249
165311
165323
165325
167290
166461
166465
166487
166467
166478
166469
165046
165063
165065
164473
164437
164438
164814
164432
165168
164355
164359
164380
164388
164464
161383
161387
161386
161398
161401
164699
164535
164706
164702
164564
164701
164553
164711
164719
164713
161393
164528
164549
164577
164538
211420
211421
211447
211467
211469
211456
211554
211555
212190
212197
212201
211459
211471
211457
211463
212462
