30
234964 228796 6908
228796 234964 6908
234586 234588 2134
234588 234586 2134
226569 226567 669
226567 226569 669
234436 235135 1464
235135 234436 1464
6894 7986 940
7986 6894 940
8085 8087 1526
8087 8085 1526
8113 8175 152
8175 8113 152
8175 8183 1074
8183 8175 1074
8183 8184 1040
8184 8183 1040
9076 9084 832
9084 9076 832
226008 226005 1889
226005 226008 1889
229108 229109 135
229109 229108 135
228522 228524 905
228524 228522 905
228524 228525 234
228525 228524 234
228624 228625 671
228625 228624 671
156
228814
229514
229523
229600
225328
225330
225344
225351
226020
226008
226005
226006
225355
225358
227775
228908
227818
228911
228933
234579
228974
228980
234859
229002
229038
229114
229143
229108
229109
229164
229245
229162
229170
229188
234528
234564
229128
229477
229480
229485
228517
228522
228529
228524
228535
228525
228547
228150
228151
228617
228616
228624
228628
228625
228666
228190
228684
229199
229204
229192
228774
228435
228775
228550
228552
228578
228250
228313
235433
228320
228341
228343
235432
228502
228567
228357
228373
228568
228815
228845
228771
228453
228455
228479
228789
34189
228796
226661
226666
226288
226292
226302
226303
226204
226496
234586
234588
226180
226190
226507
226481
226523
226558
226564
226569
226567
226326
229553
234358
234436
235135
229563
229568
229570
228869
228798
228852
6889
6894
7986
7987
7992
8086
8087
8101
8113
35053
8128
8184
8847
8192
8194
8167
8168
8149
8364
8406
8408
8419
8428
9076
9084
8443
9153
9216
9591
9608
16883
9615
9646
9714
9704
6884
9754
10123
9807
