26
233965 233966 762
233966 233965 762
227029 227030 445
227030 227029 445
226826 226833 4858
226833 226826 4858
226986 227002 2055
227002 226986 2055
6740 6741 4006
6741 6740 4006
199782 199784 899
199795 199781 774
199784 199782 899
199781 199795 774
199916 199915 772
199827 199833 1703
199833 199827 1703
199912 199913 897
199913 199912 897
199915 199916 772
227749 227847 1511
227847 227749 1511
227840 227843 1790
227843 227840 1790
227874 227895 1914
227895 227874 1914
155
199323
199782
199795
199784
199981
200026
199781
214350
199794
199865
199886
199904
199916
199917
199935
199950
199827
199833
199912
199913
199915
139397
139404
139396
200606
200487
200503
200544
200518
200591
225227
225077
225058
225461
225078
225193
235050
225233
225002
225101
225103
225840
235027
225910
225943
235020
231605
231607
225093
225157
225119
225171
227390
227391
227398
227705
227392
227418
227430
227410
227744
227749
227847
227861
227862
227840
227843
227801
227885
231947
227650
227653
227668
227904
227874
227895
233959
233939
233943
233966
233928
233994
234085
234088
234092
234194
234199
227034
234645
226826
234121
226850
226949
234141
234294
234522
226833
235610
227036
227050
227073
227076
227122
226986
226980
234556
227126
227130
227169
227177
227244
227248
227249
227484
227500
227617
227635
6657
6661
6663
6729
6740
6741
6792
6799
6782
6836
6813
7187
7636
7210
7614
7259
7770
7361
7815
7911
7743
7745
7841
34197
226062
225888
225892
234450
225924
234400
225751
225777
225737
225741
225690
225716
225719
225730
