42
171836 171866 767
171848 171865 767
171865 171848 767
171866 171836 767
95957 95956 1891
96096 96102 932
96102 96096 932
96105 96110 1851
96110 96105 1851
95956 95957 1891
96478 96591 3640
96413 96466 682
96466 96413 682
100108 100106 552
100106 100108 552
99555 99557 121
99557 99555 121
99180 99181 1771
96591 96478 3640
96586 96587 1114
96587 96586 1114
99181 99180 1771
102880 99275 161
99275 102880 161
41760 41759 612
41760 41761 1305
42764 42768 1666
41759 41760 612
41761 41760 1305
42768 42764 1666
73022 73021 1148
73021 73022 1148
73033 73132 603
73132 73033 603
72742 72747 1067
72747 72742 1067
217138 217144 646
217144 217138 646
217817 217815 543
217815 217817 543
216989 217076 1766
217076 216989 1766
155
72960
72962
72969
73018
73022
73021
73032
73033
73132
71105
71109
71110
71113
71186
67364
67546
67544
67511
67518
67523
71345
71348
71759
71356
71518
70991
70995
71031
71035
71019
71018
71058
71060
71273
71293
71303
71318
77001
67491
67555
67554
72742
74325
74304
74324
74095
74237
74260
74375
74381
74382
74389
72745
72747
72763
72768
72793
72942
222572
216874
216914
217117
217118
216927
217138
217144
217817
217971
217815
216989
217088
217076
217077
217090
217146
217069
171098
171805
171801
171845
171854
171836
171848
171865
171051
171055
171087
95954
95957
96096
96102
96105
96110
96257
95977
96008
96261
96480
96478
102520
96401
96405
96413
96466
96470
100167
101950
100133
94584
94586
100242
100330
100357
99526
99527
99535
99521
101948
100106
99510
99557
96591
96586
96587
96599
99302
99329
99481
96625
96631
99208
99223
99212
99213
99482
99494
99533
41742
41716
41714
42744
41768
42764
41736
41710
41759
100495
100500
103052
103053
123959
123944
123973
41821
41822
