74
149110 149117 1382
149117 149101 1155
149117 149110 1382
149133 149137 438
149137 149133 438
149137 149138 2606
149138 149137 2606
149138 149148 2006
149148 149138 2006
149429 149431 2574
149431 149429 2574
149431 149442 549
149487 149483 905
149483 149487 905
149590 149588 884
149588 149585 1016
149588 149590 884
149442 149431 549
149448 149533 809
149533 149448 809
149585 149588 1016
148811 148807 834
148817 149658 387
149656 149658 507
149658 148817 387
149658 149656 507
148807 148811 834
151063 151062 782
151062 151063 782
151256 151264 264
151264 151256 264
143147 147410 974
147410 143147 974
147603 147605 2268
147605 147603 2268
147635 147704 2407
147704 147635 2407
148254 148255 905
148235 148236 771
148255 148254 905
148236 148235 771
148313 148318 887
148318 148313 887
149100 149101 1588
149052 149057 812
149057 149052 812
149101 149100 1588
149101 149117 1155
149998 149999 1068
149999 149998 1068
149999 150003 1827
150003 149999 1827
150059 150028 852
150028 150059 852
148843 148845 497
148845 148843 497
149815 149812 238
149812 149815 238
70254 70255 284
70255 70254 284
218972 218103 1878
215926 218102 659
218102 215926 659
218102 218100 440
218103 218972 1878
218100 218102 440
218600 218602 1184
218602 218600 1184
222771 222774 590
222774 222771 590
222869 222871 1660
222871 222869 1660
222890 222894 595
222894 222890 595
177
121468
121453
121432
121433
121614
70254
70255
121459
121448
121460
121586
129832
129834
129888
129915
129921
130428
218011
218968
218972
215926
218102
218089
218103
218095
218100
218397
218961
218990
218367
218547
218554
218656
218658
223174
218366
218430
218499
218433
218587
218600
218525
218633
218602
224431
218551
218561
217045
217843
222718
222771
222970
222735
222738
222759
222774
222775
222780
222809
218529
222859
222819
222815
222795
222869
222871
222870
222890
222894
222927
222887
222907
222910
223010
223028
148951
150981
150986
151023
151646
149117
149133
149138
149148
149429
149428
149644
149645
149472
149474
149485
149487
149483
149590
149588
146955
149447
149448
149533
149585
148809
148811
148817
149656
149648
148815
146346
146347
151062
151070
151078
151158
151248
151256
151264
151285
151289
142978
143149
139790
143147
147573
147424
147577
147603
147605
147632
147635
147704
148209
148220
148254
148235
148255
148236
148291
148298
148304
148312
148318
148441
149046
149100
149052
149057
149061
149113
212682
146589
149983
149987
149998
149999
150003
150059
150025
150028
148843
148845
148849
148851
149700
149704
149818
149816
149742
149749
149751
149815
149812
149730
150304
150311
150313
198851
205031
198909
