92
255477 255478 1378
255478 255477 1378
256163 256185 4457
256185 256163 4457
256192 256193 2515
256193 256192 2515
256196 256198 1129
256198 256196 1129
256697 256698 1178
256698 256697 1178
256731 256729 452
255024 255026 2911
255026 255024 2911
255250 255251 1036
255055 255056 1925
255056 255055 1925
256729 256731 452
257191 257193 275
257193 257191 275
255251 255250 1036
243525 243518 673
243518 243525 673
243541 243542 735
243542 243541 735
243542 243547 682
243620 243643 1187
243636 243616 1219
243547 243542 682
243616 243636 1219
243643 243620 1187
243713 243716 1113
243716 243713 1113
245319 245320 982
245510 245315 1439
245510 245320 385
245510 245440 1299
245446 245444 756
245446 245469 796
245469 245446 796
245469 245468 1228
245315 245392 1448
245315 245510 1439
245391 245392 620
245391 245401 461
245440 245439 1966
245440 245510 1299
245395 245399 535
245400 245399 1095
245401 245391 461
245401 245399 440
245530 245531 3162
245539 245531 751
245320 245319 982
245320 245510 385
245444 245446 756
245468 245469 1228
245392 245315 1448
245392 245391 620
245439 245440 1966
245399 245395 535
245399 245400 1095
245399 245401 440
245531 245530 3162
245531 245533 2160
245531 245539 751
245533 245531 2160
243877 243879 203
243861 243862 2696
243862 243861 2696
243879 243877 203
244413 244414 248
244414 244413 248
244126 244144 784
244144 244126 784
244144 244151 1116
244151 244144 1116
244185 244186 507
244186 244185 507
247308 239365 630
239365 247308 630
247524 247529 1980
247529 247524 1980
247595 247601 550
247601 247595 550
247732 247735 1149
247735 247732 1149
247743 247744 867
247744 247743 867
247815 247847 1258
247847 247815 1258
247806 247842 1030
247842 247806 1030
163
245320
245444
245468
245392
245439
245399
245531
245533
245558
245564
247505
243877
243848
243904
243930
263929
243860
243861
243862
239131
243956
243879
243976
244413
244414
244137
261549
244126
244144
244168
244151
244157
244185
244186
243917
242911
243908
242910
264300
244034
244037
247308
239365
247516
247515
247524
247529
247582
237281
247595
247601
247732
247735
247743
247744
247808
247811
247815
247847
247806
247842
247848
247859
264121
258507
247862
247918
258629
258631
258650
239367
255474
255477
255478
255485
256163
256185
256187
256192
256193
256196
255437
255471
257028
258676
255506
255451
256172
256697
256688
256683
256731
254951
255032
255033
255039
254934
255193
255197
255200
255223
255221
255244
255055
255061
255056
257195
257205
257291
256996
257299
257001
257304
257305
257346
255237
258770
255251
261158
257859
257866
262856
262858
257877
262813
257887
257897
257974
257979
257989
257997
239125
239126
243648
243657
243437
243462
243458
243460
243464
243514
243452
243525
243554
243518
243542
243620
243547
243616
243643
243340
261374
243682
243685
243713
243716
243717
245315
245440
245395
245400
245530
245539
