44
81711 81707 790
81711 81713 405
81713 81711 405
86179 86180 1397
86180 86179 1397
81062 85681 956
85681 81062 956
90049 90474 1225
90457 90483 712
90474 90049 1225
90483 90457 712
85507 85506 3239
85506 85507 3239
86175 90586 821
90586 86175 821
66696 66714 1443
66714 66696 1443
79233 79262 1418
79559 79342 1745
79342 79559 1745
79262 79233 1418
79292 79293 337
79293 79292 337
170138 170139 796
170139 170138 796
78714 78717 1591
78717 78714 1591
65891 65906 506
65906 65891 506
88046 89804 592
89804 88046 592
80494 80566 2715
80566 80494 2715
81707 81711 790
82960 82959 782
82959 82960 782
83069 83099 4446
83099 83069 4446
86274 90961 1408
90961 86274 1408
86278 86346 1413
86346 86278 1413
81519 81520 1586
81520 81519 1586
163
57858
57987
78309
57989
78847
67916
67919
78714
78717
78715
76694
65891
65906
57292
77992
57308
57311
66065
78012
91354
91358
79437
79371
79381
79388
80451
91614
88046
89779
89804
89807
89792
89438
80494
80534
80566
80625
80616
91618
81072
91469
81076
81157
81181
81108
81221
81197
81273
81280
81291
82801
82807
82983
82987
83002
83073
82997
81707
81719
81724
82960
82959
83016
83036
83069
83114
83094
83096
83099
83078
83082
81482
81485
86274
90961
86153
86247
85982
86278
86346
86269
81519
81520
91208
81638
81514
81643
81645
90698
81713
86179
86180
90607
91227
89692
85515
85627
85949
86182
85632
85617
85620
85636
90040
90474
90868
90483
85507
85524
85506
90599
90602
86172
90010
91585
91592
80149
89907
89987
90013
80145
89941
90455
90026
89676
89649
66714
66719
66720
58125
58127
56931
56932
57410
57434
79224
79226
79543
79342
79584
79262
79295
79588
79323
79293
91342
91254
90526
90887
91266
91273
79395
79399
83967
170138
170139
162284
170140
171777
58258
58289
58184
58264
