58
208692 205175 1089
208746 208745 237
208745 208746 237
211176 211331 1477
211331 211176 1477
180461 180459 1254
180459 180461 1254
166582 166581 2118
166581 166582 2118
167109 167214 789
167214 167109 789
166765 166785 1179
166785 166765 1179
166785 166786 933
166786 166785 933
166786 167010 1095
166794 167010 689
167010 166786 1095
167010 166794 689
167030 167021 556
167021 167030 556
180128 180380 1378
180380 180128 1378
180377 180376 827
180376 180377 827
179674 179673 2578
179677 179679 2967
179673 179674 2578
179679 179677 2967
182111 182104 445
182095 182104 445
182104 182095 445
182104 182111 445
204847 204855 797
204855 204847 797
204855 204856 756
204856 204855 756
144564 144713 681
144713 144564 681
145108 145110 1341
145110 145108 1341
145110 145125 1168
145125 145110 1168
145554 145599 830
145599 145554 830
145605 145619 738
145619 145605 738
145619 145620 756
145620 145619 756
145795 145797 753
145801 145791 865
145791 145801 865
145797 145795 753
151478 151479 751
151479 151478 751
207894 207895 1367
207895 207894 1367
205175 208692 1089
163
142772
142777
144783
56362
56363
204526
204701
204533
204709
196123
204771
204730
204735
204796
204801
204847
204857
204855
204856
204866
144558
144712
144564
144713
145037
145041
145043
145054
145108
145110
145125
145494
145498
145529
145544
145554
145599
145602
145605
145619
145620
145795
145796
145801
145791
145792
145881
145693
145882
145797
145845
145849
145859
145873
145877
146083
146089
146100
151478
151479
149091
151804
150368
151571
146115
151570
204463
204442
207894
207895
208648
208644
213041
214820
208689
208690
208696
208685
205175
205283
208678
208691
208677
208712
208720
208734
208735
208739
211114
211116
208746
208745
211166
211176
211331
211338
185565
180417
180430
180459
180450
166539
166561
166582
166584
166586
166565
167548
167347
167348
166743
166745
162530
167238
152547
162534
167109
167110
167124
167219
167241
167214
166767
166780
166789
166741
166785
166786
167010
167026
167030
167021
167022
167051
167063
167094
152418
152434
162535
152415
152426
180128
180377
180376
180361
180373
179674
179677
179673
179679
180164
180167
182322
173561
182331
182338
182074
182113
182095
182096
182097
182104
182182
