40
190942 192676 274
192676 190942 274
109313 109282 333
108649 108648 1000
109305 109304 1000
108648 108649 1000
109558 109580 1253
109580 109558 1253
109304 109305 1000
110030 110029 1207
110029 110030 1207
110205 110213 2334
110213 110205 2334
110778 110779 750
110778 110781 2507
110784 110781 806
110623 110737 750
110737 110623 750
110737 110740 750
110741 110740 983
110779 110778 750
110781 110778 2507
110781 110784 806
110740 110737 750
110740 110741 983
112842 112843 1000
112843 112842 1000
112843 112844 905
112844 112843 905
103935 103931 1120
103876 103890 1481
103931 103935 1120
103890 103876 1481
118983 118984 1192
118984 118983 1192
93836 93844 1431
93844 93836 1431
108574 108573 336
108573 108574 336
109282 109313 333
155
119166
119170
119205
119339
119202
118908
118983
118984
118973
118988
118994
118997
94834
102079
94357
94665
92375
92384
92369
92362
94641
102707
92276
93804
93836
93844
93857
93865
94092
94110
94132
94121
94105
94123
94155
105910
105912
105902
108105
108112
108019
108301
113760
108071
108454
106119
108560
108559
108574
108573
108586
108590
108577
109282
109286
109294
109297
108639
108652
93584
93736
102290
93809
93810
93723
93731
93815
93822
93803
92624
92684
92395
92643
93245
93246
191172
191313
194282
191991
191499
194085
191308
191977
191908
194076
191174
191332
191181
191184
191199
191196
191062
192610
192642
192645
194260
190942
192676
109313
109305
108648
108662
109558
109576
109581
109352
108849
108866
106196
106203
109755
110037
109747
110029
110402
110049
110016
110018
110120
110213
113829
110791
110807
110839
110784
110038
110040
110623
110627
110737
110755
110763
103847
116321
103835
112865
112842
103836
103849
103899
103918
103921
112844
110853
110894
110902
110771
110798
110806
103875
103876
103882
103930
103890
103887
