30
201050 201055 867
201054 201055 1346
201055 201050 867
201055 201054 1346
201152 201122 1037
201122 201152 1037
201168 201176 594
201176 201168 594
201176 201177 238
201177 201176 238
201179 201182 860
201182 201179 860
201422 214987 334
214987 201422 334
24013 27272 1151
27272 24013 1151
30040 30041 3032
30041 30040 3032
28997 28994 878
28994 28997 878
188915 188917 809
188917 188915 809
200170 200173 2086
200173 200170 2086
200346 200345 1226
199508 199507 1405
199507 199508 1405
200345 200346 1226
200299 200301 838
200301 200299 838
163
28972
32001
28997
28992
28994
24480
24482
24489
24494
23484
24500
24738
24743
188669
188681
188690
188728
188729
188748
188911
188915
188917
188960
188963
188945
188971
188962
187554
187566
187408
187321
187348
187497
187510
187349
197532
197535
197771
197564
197290
197309
197320
197628
197632
197649
197654
197786
197776
197781
197789
197802
199546
199442
200126
200127
200139
200170
200338
200337
200335
200329
200183
200173
200346
215107
199508
199540
214864
199507
200318
200710
200321
200713
200721
200345
200299
200300
200301
200730
200860
200735
200809
200859
200863
200874
200878
201053
201094
201099
201152
201122
201155
201168
201173
201360
201365
201367
201394
201384
201397
201182
201389
209449
201386
201411
201538
201554
201561
201558
201610
201626
201618
193451
193463
193471
224973
224978
224980
233761
233727
233747
233711
235560
233717
235147
233698
233695
233798
233799
233668
233670
233782
233741
233783
234482
233672
29670
29674
29903
29958
29455
29998
29999
24013
25057
24010
16982
31998
22740
31999
17177
33327
30028
30033
30041
30046
30056
22914
33402
18812
31990
17353
20166
