68
156007 156008 697
156124 156087 751
156087 156124 751
156088 156089 404
156089 156088 404
155838 155839 1206
155838 155839 1206
155905 155906 2562
155905 155908 279
153227 153303 1014
153303 153227 1014
153330 153331 796
153331 153330 796
153354 153352 610
153352 153354 610
155860 155859 890
155859 155860 890
155839 155838 1206
155839 155838 1206
155906 155905 2562
173010 173087 1111
173085 173084 354
173127 173084 1022
173127 173128 782
173128 173127 782
173128 173140 1114
173140 173128 1114
173140 173193 1142
173185 173193 840
173087 173010 1111
173084 173085 354
173084 173127 1022
173193 173140 1142
173193 173185 840
178188 178186 1014
178186 178188 1014
174876 174875 1592
174875 174876 1592
177332 177331 818
176608 176609 1022
176609 176608 1022
176576 176607 672
156377 156378 759
156378 156377 759
176607 176576 672
177306 177305 984
177331 177332 818
177305 177306 984
156516 156534 2548
156534 156516 2548
153528 153529 5092
153529 153528 5092
180059 180061 2909
180061 180059 2909
179977 179990 1085
179990 179977 1085
152830 152829 924
152849 152788 850
152776 152777 818
152788 152849 850
152829 152830 924
152749 152750 796
152764 152765 1188
152765 152764 1188
152777 152776 818
152750 152749 796
155908 155905 279
156008 156007 697
161
146943
214405
214890
197030
208638
209634
167411
167578
152646
152661
152585
152677
152799
153528
153529
152071
168517
152620
152622
152623
152645
162513
167256
167596
167604
167601
167645
167633
167651
167655
167804
168442
177690
177689
178628
178636
178654
179593
180059
180061
180130
179889
179880
179860
179947
179975
179977
179990
180002
152630
152830
152849
152776
152788
152829
152749
152833
152832
152634
152764
152765
152761
152777
152750
152846
153215
153181
153230
153228
153241
155908
156008
156096
156007
156014
156009
156029
156124
156087
156163
156089
156177
155905
153303
153313
153331
153344
153352
153384
153428
153438
155847
154003
155851
155853
153499
153503
153511
155860
155874
155864
155882
155859
155887
180018
172980
180028
180029
180032
172993
173024
173085
173185
178539
177756
178205
178207
178210
178201
173234
173243
173249
173059
173005
173066
172974
178057
178074
178188
178174
178190
178186
173259
174839
174754
174880
174834
174874
174876
174869
173462
173463
174935
176591
177332
176593
177564
176603
176599
176608
176582
176609
156377
156378
176607
177331
177305
156510
156516
156534
156532
