76
187056 187407 2106
187407 187056 2106
190722 189255 712
190722 189259 1706
189268 190774 782
190774 189268 782
189259 190722 1706
135561 135560 848
135560 135561 848
135553 135500 537
135542 135545 747
135500 135553 537
135554 135584 907
135545 135542 747
135555 135584 2273
135555 135586 1103
135583 135584 1426
135584 135554 907
135584 135555 2273
135584 135583 1426
135586 135555 1103
135586 135587 751
135587 135586 751
135607 135605 1031
135605 135607 1031
135606 135603 924
135603 135606 924
135603 135610 1612
135610 135603 1612
136692 136693 1079
136693 136692 1079
199313 199314 1757
199311 199457 1743
199314 199313 1757
199457 199311 1743
199798 200045 774
199868 199867 772
200033 200030 755
200045 199798 774
200029 199992 747
200030 200033 755
199989 199992 1116
199992 199989 1116
199992 200029 747
199867 199868 772
200493 200489 898
199933 199954 607
199954 199933 607
199954 199960 1874
200466 200467 522
200467 200466 522
200489 200493 898
139520 139521 256
139521 139520 256
199960 199954 1874
200539 200540 683
200539 200549 1120
200549 200539 1120
200540 200539 683
23007 23020 1179
23020 23007 1179
23207 23202 847
23202 23207 847
28373 28381 952
28381 28373 952
28807 28806 2727
24084 24103 1946
28806 28807 2727
24103 24084 1946
28758 28756 2203
28756 28758 2203
24605 24604 847
24604 24605 847
24604 24622 713
24622 24604 713
189255 190722 712
164
23079
23007
23010
23020
23026
23214
23027
23224
23230
23242
23486
16727
28341
23207
23201
23202
23231
28346
28373
28381
28378
28393
28293
28390
27642
28406
28410
34312
28805
28768
28846
28807
28842
24084
28806
24103
24270
28751
28758
28756
34316
28767
24513
24274
24503
24115
24265
24127
23508
24534
24555
24599
24605
24604
24622
24623
25180
25202
25198
25204
188568
188572
189010
188168
188169
188228
188571
188225
189199
189201
189213
189255
188548
188567
188581
188431
188449
188487
188422
186830
188512
190528
188510
189086
189091
189094
190633
188492
190635
188549
188599
187056
189268
190725
135358
135564
135561
135335
135542
135554
135545
135587
135597
135600
135607
135605
135603
135610
136693
136671
135620
135579
199281
199289
199283
199286
199308
199311
199457
199462
199463
199798
199868
200033
200045
200029
199985
199989
199867
214620
199870
199888
199938
199922
199923
200482
200483
200493
199933
199954
199958
199828
200461
200462
200467
200471
139520
139521
139523
198707
200479
200486
199960
199970
200506
200539
200549
200536
200522
200554
200555
200627
214396
200599
