32
226977 234724 2295
227471 227469 2604
6653 6651 1029
6651 6653 1029
6803 6778 1839
6778 6803 1839
7749 7748 1756
7748 7749 1756
225906 225922 1787
225922 225906 1787
225721 225723 1191
225723 225721 1191
225631 225655 1267
225655 225631 1267
7842 7845 2518
7845 7842 2518
8709 8727 966
8727 8709 966
16346 16347 1478
16347 16346 1478
225147 225156 2626
225156 225147 2626
227408 227427 3182
227427 227408 3182
234190 234201 837
234201 234190 837
234214 234220 2271
232913 234273 322
234273 232913 322
234724 226977 2295
234220 234214 2271
227469 227471 2604
160
200619
200615
200616
225065
225074
235080
225443
225465
225466
225196
235052
226873
226898
226902
225006
225107
226906
225842
225931
234999
225109
225147
225156
227303
227368
227378
227393
227355
227408
227427
235268
235425
226815
227539
227545
227832
227800
227852
227871
227839
227836
225961
227614
227660
227669
227588
227855
227661
233992
233997
233984
233941
233963
233899
233930
233912
233980
234001
234082
234094
234165
234190
234201
234214
226828
234125
234780
234139
234142
232913
234273
226835
226943
234724
234220
227059
227060
227070
226984
227469
234553
235167
226977
227105
227178
227471
227459
227499
227511
227513
227612
227624
6658
6669
6651
227274
6728
6734
6736
6743
6803
6778
34340
6837
7611
6811
7184
7186
7217
7208
7212
7255
7356
7769
7778
7359
7774
7775
7809
7814
7913
7760
7837
225864
225890
225906
225920
225594
225683
225688
225721
225723
226379
226382
226400
225615
225622
225642
225623
225626
225655
226407
7842
7845
7885
7890
7897
8297
8335
8708
8654
8655
8727
8741
15873
16346
16347
16351
16374
16632
