72
33781 33782 2955
33782 33781 2955
33782 33802 1663
33802 33782 1663
113299 113300 782
113314 113323 3802
113300 113299 782
113323 113314 3802
103611 103609 675
103609 103611 675
113280 113281 354
113281 113280 354
103440 113551 1007
113551 103440 1007
103713 103712 995
103712 103713 995
105352 105411 1305
103717 105351 748
105351 103717 748
105411 105352 1305
105411 105412 506
105412 105408 344
105412 105411 506
103729 103730 537
103730 103729 537
105408 105412 344
103583 103652 763
103652 103583 763
103660 103655 1379
103643 103642 504
103642 103643 504
103655 103660 1379
39903 39904 1293
40112 40111 1322
40112 40113 905
40113 40112 905
40113 40123 833
50440 40123 2759
39904 39903 1293
40111 40112 1322
40123 40113 833
40123 50440 2759
103762 103763 613
105474 105476 881
103763 103762 613
103669 103679 782
103679 103669 782
103681 103686 601
103686 103681 601
105476 105474 881
40133 40030 1188
40152 40030 1026
40030 40133 1188
40030 40152 1026
41279 41290 354
41290 41279 354
41293 41295 1027
41295 41293 1027
106625 106646 2347
106646 106625 2347
191679 191828 2625
191828 191679 2625
104412 104414 516
104414 104412 516
107809 107810 1340
107810 107809 1340
107857 107832 1671
107832 107857 1671
111801 111802 1013
111802 111801 1013
111992 111999 788
111999 111992 788
168
107410
106366
106369
106645
106680
106692
106693
106625
106646
106652
106676
106637
106519
106258
106260
106269
106227
106245
193070
191809
192022
191679
194211
191692
191709
192062
191828
192859
193031
104412
107575
107577
107492
107494
104414
107630
107591
113643
32645
107499
107558
7582
107661
107747
107740
32830
32836
107800
107809
107810
107816
105819
107764
107820
107823
107844
107857
107832
107864
111869
107933
111796
111801
111802
111828
111810
111863
113675
111870
111896
111978
111987
111992
111983
112002
111999
33607
33774
33782
33802
33889
113188
113176
113192
113127
113129
113155
113299
113302
113314
113300
113323
113325
113481
113483
103611
103623
103628
103607
113281
113282
109253
113206
113275
113529
113536
113524
113527
113537
113551
105324
103712
105326
105352
105351
105328
105348
105411
103729
103730
105408
103469
103572
103580
103583
103652
103660
103643
103642
103655
39903
40085
40084
40098
50440
39904
40125
40104
40111
40103
105152
105156
105239
105169
105198
103691
105469
105474
105479
103669
103680
103679
103681
103758
103686
103757
40004
40010
40030
40035
40160
40169
40172
41275
41279
41290
41293
41295
