42
20845 25689 1445
25689 20845 1445
25764 25763 649
25764 25771 836
25771 25764 836
25763 25764 649
25712 25714 610
25714 25712 610
25627 25646 697
25680 25781 475
25781 25680 475
25646 25627 697
25678 27493 950
27493 25678 950
27493 27497 1139
27497 27493 1139
27685 27687 168
27717 27702 575
27702 27717 575
27682 27680 3438
27680 27682 3438
27687 27685 168
27039 27567 1248
27567 27039 1248
50757 50763 827
50937 50939 476
50939 50937 476
50968 50970 939
50970 50968 939
50763 50757 827
50763 50764 552
50764 50763 552
31695 31917 1769
31917 31695 1769
32344 14392 1483
14392 32344 1483
14405 14446 825
14446 14405 825
14637 14640 1221
14640 14637 1221
15219 15221 1876
15221 15219 1876
167
31394
31234
31237
31231
31400
31410
31440
31445
31476
31607
31613
31692
31687
32239
31682
31686
31695
31917
31919
32284
32292
32300
32320
32337
32344
32345
14392
33263
33264
33311
33314
33322
14404
33320
14405
14446
14447
14452
14464
14578
14583
14607
14637
14638
14640
14650
14989
14999
15005
15008
15049
15076
15077
15087
15095
15219
15221
15244
15246
15247
15261
15271
15275
15550
35072
19056
19080
19089
17669
17692
17713
18035
18121
19270
19323
19331
19313
19325
20334
19340
20365
20391
20397
20481
20502
20498
20524
20677
20819
20833
20837
7753
20845
25689
25764
25771
25772
25763
25795
25761
25762
25707
25712
25699
25627
25675
25680
25781
25800
25646
25672
25654
27493
27497
8702
27503
27486
27491
20778
27598
27604
27685
27717
27702
27708
27648
27871
27895
20508
27673
27680
27700
27674
27687
28083
27039
27037
27245
27273
27428
50692
50696
50669
50755
50838
50851
50865
51193
50855
50884
50885
50900
50914
50923
50939
50968
50952
50997
50970
51005
51015
50764
50773
51686
51718
51738
51149
