32
29888 29889 1469
29889 29888 1469
30004 30019 213
34088 17192 214
34703 35187 728
17192 34088 214
30019 30004 213
35187 34703 728
6924 6925 1045
6925 6924 1045
7094 7095 152
7074 7075 834
7095 7094 152
7075 7074 834
7075 7076 862
7076 7075 862
197780 197783 1420
197783 197780 1420
199600 199612 1947
199612 199600 1947
199438 199437 876
199437 199438 876
200729 200731 771
200731 200729 771
200359 200361 846
200361 200359 846
201097 201102 865
201102 201097 865
201452 201456 810
201456 201452 810
233803 233804 278
233804 233803 278
167
197832
197562
197584
197319
197307
197322
197631
197652
197651
197780
197783
197792
197811
197796
197800
197804
197822
197825
197826
199543
199547
199597
199600
199612
200129
200133
200143
200175
200177
200342
200344
200364
200185
200815
199438
199439
199535
199538
199431
199437
200304
200320
200715
200411
200729
200793
200731
200359
200305
200361
200804
200808
200902
201077
201082
201093
201097
201102
201160
201157
201161
201399
201370
201419
201452
201455
201164
201181
208802
201393
208811
201404
201456
201417
201557
201577
201603
201609
201799
201620
193458
193473
193428
224972
233756
233721
233742
233743
233706
233703
235148
234291
233696
233694
233803
233804
233807
233665
233667
233671
233736
233738
193784
29582
29665
29673
29676
29885
29888
29889
29905
29946
29960
29962
29995
29450
30009
30014
27765
28696
18153
31229
32003
30019
30045
30025
34679
22913
35187
34428
32026
6909
32076
6925
6900
6918
6958
6968
7008
7048
7067
7062
7063
7094
7095
7075
7076
7456
7490
7513
7516
7551
7577
7583
14890
14895
9380
14954
9569
14959
14964
15295
15302
15446
15324
15462
15303
