40
65301 65300 419
65687 65690 2977
65300 65234 3418
65300 65301 419
65293 65294 1558
65294 65293 1558
65462 65463 1954
66134 66132 512
66134 66135 1347
66135 66134 1347
65463 65462 1954
66130 66132 984
66132 66130 984
66132 66134 512
87432 87450 741
78226 78241 992
78241 78226 992
76387 76388 712
76388 76387 712
87450 87432 741
87450 87447 950
87447 87450 950
88206 88207 2374
88207 88206 2374
60887 61087 3207
61087 60887 3207
63677 63678 1056
63678 63677 1056
63690 63692 713
63692 63690 713
64940 64945 698
64945 64940 698
64962 64958 838
64958 64962 838
63865 62218 1287
62218 63865 1287
63611 63617 752
63617 63611 752
65234 65300 3418
65690 65687 2977
151
76929
76907
76928
60951
60956
60963
60872
60890
60943
61035
60907
60887
61087
61124
61127
76943
62726
76560
62832
62839
62819
62823
63677
63678
63705
63713
63690
63692
63700
63606
63759
66077
66081
66089
66093
58131
64930
64940
64945
64959
64962
64958
63865
63869
63875
63880
62215
62218
62198
62467
62500
62502
63663
63611
63636
63617
63619
63633
63827
63829
61476
62367
62368
62420
62423
62435
62469
62472
62314
62380
76769
65234
62308
78883
57042
57073
57118
78070
57022
57031
56997
57010
78451
65872
65876
78538
60972
77006
65690
65698
68546
78839
78208
65687
65296
65609
65228
65448
65462
65465
65607
65631
65475
65630
66135
66144
66146
66220
65463
65471
65571
66088
66130
87432
69320
69322
69300
69554
87204
78226
78241
87764
88670
88695
86295
88698
76387
76388
76404
87447
87448
87459
87460
87470
88203
88214
88207
88779
89189
87762
88688
88704
90845
84231
84233
88820
84187
88281
88284
88417
88430
