68
219134 219133 811
219134 219135 1444
219134 219153 1991
219153 219134 1991
219133 219134 811
219135 219134 1444
218049 218056 530
218050 218052 1089
218052 218050 1089
218043 218042 1427
218042 218043 1427
218056 218049 530
219231 219273 1610
219273 219231 1610
222040 222039 202
222039 222038 755
222039 222040 202
222092 221874 868
215209 215208 207
215208 215209 207
215249 215263 2011
215263 215249 2011
215358 215378 733
215378 215358 733
215977 215973 465
224159 215420 1007
215420 215421 517
215420 224159 1007
215421 215420 517
215423 215426 878
215426 215423 878
215426 215429 1307
215429 215411 748
215429 215426 1307
215411 215429 748
215973 215977 465
222277 222278 2949
222278 222277 2949
215228 215234 3324
215234 215228 3324
222038 222039 755
221874 222092 868
215204 215242 717
215242 215204 717
223433 223432 570
223432 223433 570
121044 121061 2687
121061 121044 2687
69748 69747 2111
69747 69748 2111
69608 69609 419
69609 69608 419
69592 69612 1213
69612 69592 1213
70330 70331 355
70331 70330 355
70359 70366 1103
70366 70359 1103
70527 70520 711
70530 70668 811
70668 70530 811
70519 70520 1010
70520 70519 1010
70520 70527 711
129458 129456 355
129456 129458 355
120961 120978 1277
120978 120961 1277
164
121044
121061
121091
121104
120995
120996
120936
120965
120985
120975
120999
121110
121108
121531
121523
121543
121526
69100
69102
69186
77097
69236
73041
73047
70179
70186
70209
70145
70155
69093
69748
69753
69757
69747
69682
69683
69686
69739
69769
69600
69608
69604
69609
69614
69592
72335
69612
72311
72310
72345
72511
72497
72105
72512
72519
70020
70330
70331
70340
70359
70366
70426
70527
70530
70560
70668
70646
70673
70432
70434
70437
70448
70453
70504
70519
70520
69323
69328
69291
129283
129291
129306
129458
129459
129456
129556
129558
120961
120973
120978
219153
219139
219140
219154
219159
224627
219135
224573
224577
218211
218252
218258
218255
218273
218049
218050
218052
220282
224247
218043
218042
218163
218029
218045
219231
219256
219260
219273
222092
215208
215219
215969
215970
215249
215263
215278
215358
215375
215378
215975
224159
215420
215421
215428
215426
215411
215412
224148
215277
215299
215400
215407
215973
222283
222273
222277
222313
222325
222278
219831
215660
219793
215234
221874
215204
215242
215243
223290
223295
223315
223433
223432
223429
223279
