80
141377 141376 493
141376 141377 493
141415 141411 906
141411 141415 906
142159 142152 833
142198 142193 946
142198 142197 2074
142193 142198 946
141656 141681 221
141681 141656 221
141769 142164 831
141773 141770 536
142164 141769 831
142164 142165 758
141770 141773 536
142165 142164 758
142152 142159 833
56030 56032 933
56032 56030 933
56049 56056 1436
56056 56049 1436
56210 56214 337
56214 56210 337
56248 56250 111
56250 56248 111
189918 189943 188
189943 189918 188
196681 196682 1546
196682 196681 1546
197218 197260 691
197260 197218 691
204075 204077 469
204077 204072 1028
204077 204075 469
204283 204287 707
204287 204283 707
204306 204315 277
204315 204306 277
204371 204373 709
204373 204371 709
207183 207191 785
207191 207183 785
207207 207208 784
207218 207223 410
195601 195600 430
195600 195601 430
207223 207218 410
207208 207207 784
204052 204053 606
204053 204052 606
204072 204077 1028
203895 203902 142
203902 203895 142
203662 203671 747
203671 203662 747
203881 203882 792
203882 203881 792
144367 144353 869
144253 144254 184
144254 144253 184
144353 144367 869
196350 196339 1945
196339 196350 1945
196384 196376 772
196376 196370 902
196376 196384 772
196370 196376 902
140127 141458 678
141458 140127 678
139824 140033 223
140033 139824 223
139994 139997 929
139997 139994 929
139997 140015 1586
140015 139997 1586
190046 190083 669
190083 190046 669
190083 190079 655
190079 190083 655
142197 142198 2074
176
49544
49477
49568
49572
49787
49789
53712
53693
53764
53765
53752
54766
54776
54782
144223
144239
144244
144316
144417
144317
144366
144367
144253
144254
144251
144363
144353
144327
144328
144331
195551
195553
195570
195569
196333
196350
196352
196339
196385
196384
196376
196370
141417
189913
140063
140085
140094
140127
141457
141458
189915
190015
190021
190026
190029
190032
139824
139826
140033
139820
139953
139994
139997
140015
140097
140102
140099
140103
190046
190083
190079
190087
190097
190111
190446
190467
190473
189989
189998
189996
190562
190536
190475
142195
142197
142213
142338
142343
142355
141379
141376
141415
141411
142159
142162
142198
141652
151939
141681
151677
141769
141773
142164
141770
141771
141694
142151
142165
55950
56021
56020
56032
56049
56056
56157
56190
56206
56210
56214
56240
56244
56250
56255
54486
189918
189943
196681
196682
197260
197263
204075
204077
204287
204290
204315
204318
204363
204367
204371
204376
204396
204373
207177
207183
207191
207207
207140
207142
207217
207218
195600
207221
207223
207195
207208
196914
214464
196932
145974
145975
146007
204052
204049
204056
204072
203902
203901
204044
203644
203658
203662
203671
203882
203883
203887
207426
