60
159331 159338 1990
159338 159331 1990
159628 159691 631
159691 159628 631
213022 213005 850
213005 213022 850
170931 170932 928
170932 170931 928
170932 171432 851
171432 170932 851
97871 97896 697
101897 101896 311
97896 97871 697
95409 95407 403
95404 95406 737
95404 95412 697
95406 95404 737
95407 95409 403
95412 95404 697
97961 97972 677
97941 97928 556
97928 97941 556
98700 98702 1098
98805 98806 764
98806 98805 764
98702 98700 1098
97880 97883 889
97883 97880 889
101896 101897 311
98078 98084 562
97972 97961 677
98084 98078 562
219874 219870 801
219883 219886 863
219886 219883 863
219870 219869 615
219870 219874 801
219869 219870 615
215523 215524 726
215524 215523 726
223734 223735 678
223735 223734 678
223498 223497 716
223497 223498 716
147105 147123 1070
147123 147105 1070
147309 151850 872
151850 147309 872
148117 148118 1987
148118 148117 1987
212996 212985 2440
212985 212996 2440
171593 171594 601
171580 171594 759
171594 171580 759
171594 171593 601
159284 159286 893
159286 159284 893
159314 159317 445
159317 159314 445
164
219637
219645
224126
219874
219883
219885
219886
219870
219869
222352
215523
215488
215524
215513
215517
223734
223735
223530
223522
223526
223520
223498
223516
223493
223497
215504
223378
223379
223484
223485
223480
151837
149847
149848
147099
147105
147123
147124
147114
147195
151988
151990
147005
147011
147023
147086
150447
150442
151971
151996
147309
151850
147995
148117
148118
212925
212977
212996
212985
212981
194980
198636
198612
198593
171431
171593
171580
171594
162352
162354
162359
159279
159291
159284
159289
162363
159286
159182
159168
159229
159314
159317
159321
159325
159331
159338
159464
159473
159484
159628
159691
213384
213031
212999
213022
213005
213025
213009
213012
170955
171379
170931
170932
171432
170883
170949
170887
170854
171023
170950
97869
97951
97966
101899
95250
103102
103243
95409
95440
95406
95403
95452
95454
95799
97941
97927
97928
41945
98761
98786
98881
98870
98841
93364
93368
100129
100170
98678
98700
98805
93358
98806
98717
98791
98702
98731
97880
97883
98373
98376
97976
98010
97969
98063
98069
98084
98094
98097
98098
98352
98362
98666
98383
98397
