46
255551 255554 2355
255551 255554 2355
255554 255551 2355
255554 255551 2355
254913 263088 6038
254907 254922 6730
263088 254913 6038
254922 254907 6730
254922 254926 495
254926 254922 495
256968 256972 847
256972 256968 847
243284 243440 520
243440 243284 520
243440 243439 444
243439 243440 444
243479 243495 838
243495 243479 838
243495 243496 728
243496 243495 728
243500 243502 639
243502 243500 639
243721 261405 250
261405 243721 250
245294 245340 685
245340 245294 685
245349 245345 1070
245382 245384 724
245384 245382 724
245404 245414 192
245414 245404 192
245414 245415 856
245415 245414 856
245415 245417 541
245345 245349 1070
245417 245415 541
245710 245749 786
245749 245710 786
243249 243246 2718
243246 243249 2718
243107 261992 1635
261992 243107 1635
247652 247658 867
247658 247652 867
256228 256425 2100
256425 256228 2100
153
245686
245572
245708
245710
245749
245752
245764
245766
245777
245790
247506
245785
243847
243838
243837
242901
263943
263934
243822
243251
244068
243249
243246
243258
244079
243630
242887
243107
242903
261992
264297
261543
244055
247536
247543
247557
247564
247631
247652
247658
247659
247679
247683
247816
247821
247840
248028
248034
248082
248350
248355
248365
258623
255379
255383
258644
256228
256417
256425
256420
256413
256454
255400
255412
255403
255404
255424
255431
263600
263596
261802
258665
255498
255501
255528
255542
255546
255552
256768
256780
256803
256912
256926
256932
256792
256611
256736
254949
254985
254981
254920
254910
254913
254907
263088
254926
254931
255046
255048
257294
256972
256983
256950
257002
257013
264188
238924
264062
262854
243828
262824
257946
257948
239106
243613
243615
243472
243418
243279
243284
243440
243297
243304
243479
243495
243290
243294
237257
243328
243496
243500
243502
243374
243408
243415
261223
243721
261405
243733
243751
245294
245340
245342
245348
245349
245356
245382
245384
245404
245415
245345
245412
245419
