46
98883 98914 354
98868 98867 1481
98867 98868 1481
93362 93365 2358
93365 93362 2358
98914 98883 354
98687 98680 2689
98794 98807 756
98812 98807 708
98807 98794 756
98807 98812 708
98095 98099 782
98099 98095 782
98382 98403 1304
98403 98382 1304
98680 92851 1111
98680 98687 2689
92851 98680 1111
43496 43492 336
43492 43496 336
43525 43628 3659
42359 42360 806
42360 42359 806
42360 42367 737
42367 42360 737
42447 42446 975
42446 42447 975
42446 42448 2044
42448 42446 2044
43628 43525 3659
43651 43645 1426
43645 43651 1426
43656 43658 1062
43543 43587 2787
43658 43656 1062
43587 43543 2787
43580 43556 1120
43556 43580 1120
43564 43566 1254
43566 43564 1254
148115 148113 1807
148113 148115 1807
159251 159263 1114
159263 159251 1114
97929 97930 2556
97930 97929 2556
161
151972
151911
151997
147308
147993
147996
148115
148113
213002
212980
212991
198592
198628
171438
171595
171581
171598
171501
152163
162360
152160
159282
159290
159292
159251
159263
162364
159183
159228
159233
159316
159243
159330
159337
159336
159465
159471
159485
214674
213011
170956
171038
171397
170930
170933
171433
171436
170957
171027
171024
102551
97952
98059
102453
95249
94756
94752
95455
95453
95459
95460
95794
95800
94624
97929
97930
98753
98754
98782
98762
98868
98871
98865
93362
93369
100172
98687
98794
98812
98807
98793
98730
97877
98374
95808
98427
97964
98008
98079
98062
98085
98095
98099
98101
98103
98104
98367
98368
98363
98382
98403
98408
98415
92851
98682
98686
43496
43492
43494
43506
43527
43525
42340
42343
42360
42367
42371
41964
42447
42448
43651
43645
42644
43795
40605
43803
43832
42677
42559
42560
42564
42657
42663
42676
43230
43236
43243
42209
42235
43258
43417
43434
43421
43455
45218
45260
45267
45301
45461
43656
43543
43649
43658
43587
43559
43561
43556
43532
42508
43573
43604
