32
78714 78717 1591
78717 78714 1591
78715 78719 386
78719 78715 386
65891 65906 506
65906 65891 506
79381 91268 894
91268 79381 894
88046 89804 592
89804 88046 592
80494 80566 2715
80566 80494 2715
82960 82959 782
82959 82960 782
83069 83099 4446
83099 83069 4446
86274 90961 1408
90961 86274 1408
86278 86346 1413
86346 86278 1413
81519 81520 1586
81520 81519 1586
58265 58266 935
58266 58265 935
117181 117183 949
117183 117181 949
61432 61439 838
61439 61432 838
60658 61367 1347
61367 60658 1347
61367 61371 1563
61371 61367 1563
158
79291
91347
91253
90525
91260
91265
91484
79398
79406
79389
170144
162285
170414
58290
58183
58265
58269
58266
58254
58244
58247
58257
117175
117181
117183
117199
117228
117237
117254
61554
117552
61561
117571
117550
61595
117569
61539
61548
61414
61494
61505
61507
61931
61432
61439
61450
61949
61456
61460
61469
60658
61367
58147
61374
61371
57261
77455
57279
58017
58020
58014
58052
76804
76426
76428
57915
57578
57744
57763
57806
57809
57815
57784
57848
57858
57987
78309
57989
78847
67916
67919
78714
78717
78715
76694
65891
65906
57292
77992
57308
57311
66065
78012
91354
91358
79437
79371
79381
79388
80451
91614
88046
89779
89804
89807
89792
89438
80494
80534
80566
80625
80616
91618
81072
91469
81076
81157
81181
81108
81221
81197
81273
81280
81291
82801
82807
82983
82987
83002
83073
82997
81707
81719
81724
82960
82959
83016
83036
83069
83114
83094
83096
83099
83078
83082
81482
81485
86274
90961
86153
86247
85982
86278
86346
86269
81519
81520
91208
