44
95152 95156 511
95156 95152 511
95129 95128 1085
102438 102440 697
102440 102438 697
94264 94265 708
108932 108933 2127
108933 108932 2127
50094 50095 344
50017 50070 1142
50070 50017 1142
94265 94264 708
97413 97416 3038
97416 97413 3038
97567 97591 382
97591 97567 382
97577 97607 1208
97607 97577 1208
98134 98160 750
98160 98134 750
118504 118609 774
118609 118504 774
118624 118630 1445
118630 118624 1445
118630 118631 4168
118631 118630 4168
50095 50094 344
160067 160068 2334
160068 160067 2334
213159 213157 1129
213157 213159 1129
213270 213266 1214
213266 213270 1214
169625 169624 1920
169624 169625 1920
169667 169673 2756
170598 170600 1459
170600 170598 1459
170562 170563 1323
170563 170562 1323
169673 169667 2756
169681 169680 1576
169680 169681 1576
95128 95129 1085
159
159735
159749
159808
157776
159977
157984
158711
158019
158021
158005
157788
157998
178483
178480
178490
178441
178459
158702
158708
158726
158757
158760
158793
158980
158984
158998
159027
159056
160067
159093
160068
159105
161096
172095
161290
161281
213159
213181
213157
213270
213279
213266
213287
213292
213203
162020
213337
213286
213333
162022
159962
161984
159960
169645
169625
169624
169619
169667
170525
170520
170073
170473
170595
170598
170632
170600
170560
170562
170563
170568
169689
169673
169678
169681
169542
169680
95120
95142
94903
94950
95213
95216
95020
95025
95128
95156
95157
95129
95131
94908
103152
94921
94243
94240
94267
94264
94269
94289
94302
108932
94316
49985
50017
50070
50231
94212
97413
102043
102784
97468
97567
97569
97592
97588
97577
97607
97578
98134
97641
98162
98160
97642
98253
98209
102284
102014
102016
102236
94631
102286
93450
93464
93511
93481
94960
98554
98135
98270
98299
98266
98312
98316
97625
191461
191218
191369
118504
119480
191099
191103
191466
191462
118624
118631
118634
108952
108945
50095
50082
