86
194560 194554 2009
194560 194561 803
194617 194618 709
194618 194617 709
194618 194722 808
194722 194618 808
194722 194724 180
194724 194722 180
194724 194733 686
194732 194733 638
194733 194724 686
194733 194732 638
194748 194755 1465
194755 194748 1465
186303 186305 835
186303 186312 1128
52306 52309 927
52309 52306 927
51856 52103 581
52103 51856 581
52126 52187 1354
52187 52126 1354
52187 52189 836
52189 52187 836
52200 52710 318
52355 52354 697
52354 52355 697
52339 52276 373
52343 52344 630
52344 52337 697
52344 52343 630
52337 52344 697
52276 52339 373
52276 52342 1022
52342 52276 1022
52418 52473 878
52473 52418 878
52442 52448 1248
52448 52442 1248
186203 186205 722
186305 186303 835
186205 186203 722
189744 190121 2800
190121 189744 2800
190121 190123 786
190120 189761 805
190123 190121 786
189761 190120 805
198076 198077 774
198211 198213 864
198213 198211 864
198077 198076 774
198077 198078 1903
198220 198070 556
198070 198220 556
198078 198077 1903
198195 198200 867
198200 198195 867
199016 199015 846
199013 199015 864
202059 202065 2229
202065 202059 2229
202077 202103 254
202103 202077 254
199015 199013 864
199015 199016 846
28047 28049 889
28049 28047 889
28081 28094 1446
28094 28081 1446
50856 50859 3709
50859 50856 3709
50953 50957 344
50957 50953 344
52710 52200 318
52036 52037 927
52678 52693 1008
52693 52678 1008
52037 52036 927
186312 186303 1128
194554 194557 803
194554 194560 2009
194561 194560 803
190731 190736 791
190736 190731 791
194557 194554 803
171
27832
27834
34578
27884
28047
28049
20674
20862
28111
28053
28081
28094
27753
27755
28115
27725
27740
27745
28145
50698
51182
51187
50856
51175
56622
51130
50859
50714
50953
50957
50981
50985
50752
50780
50784
50746
51146
51254
51862
51888
51920
51985
51990
51992
52016
52018
52033
52636
52710
52036
52675
52678
52693
52699
52037
186349
186312
186326
186360
194554
194561
194576
194516
194649
194660
194648
186383
186963
187040
190697
187047
187049
190517
190731
190736
190739
194557
194560
194574
194594
194617
194618
194722
194724
194732
194748
52306
52309
52320
52322
52325
51857
51856
52107
52108
52123
52126
52189
52200
52338
52355
52354
52336
52339
52343
52276
52281
52409
52415
52416
52418
52442
52481
52505
52448
52506
186202
186205
189744
190120
189761
197983
214424
194924
194936
194949
198486
198502
198503
198495
198498
198499
198127
198125
198130
198211
198213
198216
198077
198220
198078
214290
198242
214293
198143
198145
198155
198530
198195
198194
198174
198197
198175
198200
199016
199013
199019
202060
202059
202065
202077
202103
202105
199015
202113
202116
202247
202252
202255
202285
202286
