36
183575 183279 1267
183279 183575 1267
183080 183078 682
183078 183080 682
184138 184134 165
184134 184138 165
209620 209618 833
209431 209432 1953
209432 209431 1953
209618 209620 833
161306 161315 2739
161306 161315 2739
161315 161306 2739
161315 161306 2739
179197 179195 1421
179195 179197 1421
179359 179367 1456
179367 179359 1456
179427 179426 1178
179426 179425 1016
179426 179427 1178
179425 179426 1016
184268 184272 610
184272 184268 610
184344 184343 752
184343 184344 752
184229 184228 766
181887 181888 796
184228 184229 766
181888 181887 796
182766 185727 993
185727 182766 993
182983 182986 1435
182986 182983 1435
183210 183266 1560
183266 183210 1560
169
181197
181253
181517
181519
181521
181585
185842
184283
184417
184433
184303
184282
184220
184276
184268
184270
184264
184272
184203
184223
184145
184322
184325
184333
184337
184344
184319
184343
184419
184424
184482
184430
184229
181887
181899
181896
183091
183097
183136
184228
184500
181812
181880
181888
185609
176656
180254
184609
181876
183063
183073
185660
185664
185193
185505
181589
185593
185961
182663
182676
181717
182716
182730
182737
182740
182901
182766
182768
185727
182805
182782
182910
182984
182983
182986
183529
183544
183588
183623
183587
183616
183722
183724
183559
183741
183210
183266
183575
183276
183619
185864
183187
183232
183249
183253
183261
183070
183078
214199
214202
214201
184124
214196
184129
184128
184134
210324
210326
210389
210392
209223
202137
209416
209423
209431
209432
209446
209487
209596
209618
210116
210128
210196
210380
162642
162806
162562
162804
162810
162813
161315
179157
179215
179197
179195
179359
179367
179421
179363
179419
179427
179425
115629
115920
115921
106101
106446
106439
106277
106279
106774
106308
106364
106361
106429
32364
106075
106092
106080
106084
116214
114679
114785
114784
191718
191796
192140
193170
193105
