70
204092 204094 278
204094 204092 278
203604 203614 220
203614 203604 220
203970 203971 797
203971 203970 797
203977 203993 817
207457 207454 1072
207457 207456 980
207456 207457 980
207530 207543 602
207543 207530 602
198888 207446 14
207445 207460 1023
207446 198888 14
207460 207445 1023
207460 207459 1123
207454 207457 1072
207459 207460 1123
207236 207234 1313
207236 207468 622
207468 207236 622
207487 207488 883
207488 207487 883
207955 207944 1513
207944 207955 1513
208046 208056 695
208056 208046 695
208343 208344 1812
210580 210575 1218
210566 210572 730
210575 210580 1218
208344 208343 1812
210572 210566 730
210572 210586 730
210586 210572 730
210586 210587 757
210587 210586 757
178868 178754 1395
178754 178868 1395
185054 185053 1181
185058 185053 924
185049 185051 373
185053 185054 1181
185053 185058 924
185051 185049 373
166282 166587 849
166587 166282 849
142352 142351 2461
142351 142352 2461
141820 141790 1643
141790 141820 1643
56258 56254 706
56254 56258 706
196673 196675 1735
196675 196673 1735
204335 204342 881
204337 204342 679
204342 204335 881
204342 204337 679
207202 207203 670
207203 207202 670
207234 207236 1313
207263 207260 684
207260 207263 684
207264 207265 888
207265 207264 888
203993 203977 817
204000 204060 778
204060 204000 778
173
142352
142351
141507
151867
151902
149273
149783
151869
141525
151829
142249
141820
141834
141672
141678
141787
141790
142180
142258
55942
55975
55977
56077
56088
56191
56196
56222
56258
56254
56284
56294
190542
190548
196672
196673
196675
196904
196907
204082
204291
204298
204335
204337
204342
204379
204390
204402
207202
207203
207213
197331
207651
207654
207234
207238
207233
207246
207263
207260
207264
207265
207266
207664
196875
196889
196839
196927
145437
145967
145973
145997
142363
151349
151356
151351
151316
151322
151323
151320
151327
151332
151326
203993
204000
204060
204057
204063
204086
204089
204092
204096
203591
203595
203649
203604
203650
203655
203725
203742
203750
203970
203971
207457
207951
207456
207542
207543
198888
207445
207460
207454
207459
207534
207533
207468
207472
207487
207488
207494
207582
207916
207955
207976
207974
207981
208045
208046
208056
208362
208267
208275
208285
208367
198881
208383
198883
208330
210580
210566
210575
208344
208357
210572
210586
210587
210647
210653
210679
178668
178803
178868
178741
178754
178796
178737
177536
177555
180309
163644
163672
163659
166334
166336
166331
184959
185058
185053
185055
185051
166248
166282
166587
166284
