46
225266 225340 3202
225340 225266 3202
226031 226030 1549
226031 234314 3833
227769 227770 451
227770 227769 451
227797 227794 983
227794 227797 983
226030 226031 1549
234314 226031 3833
229422 229423 1590
229423 229422 1590
227945 227947 1686
227999 228007 1686
227947 227945 1686
228007 227999 1686
228141 227989 418
228141 228014 596
227989 228141 418
228014 228141 596
228184 228191 762
228191 228184 762
228393 228392 2425
228306 228319 335
228319 228306 335
228355 228359 5
228355 228360 1795
228360 228355 1795
228388 228581 2965
228392 228393 2425
228359 228355 5
228581 228388 2965
6874 6875 736
6875 6874 736
136417 136416 1556
136416 136417 1556
136503 136505 765
136505 136503 765
137855 137856 2307
137856 137855 2307
137871 137879 2468
137879 137871 2468
139313 139338 252
139338 139313 252
229467 229473 1343
229473 229467 1343
155
136417
136416
136423
136427
136454
136463
136464
136508
136469
136468
136514
136503
136505
136828
136827
139560
137800
137797
137798
137827
137809
137844
137731
137814
137818
137855
137856
137871
137879
137952
137956
137958
137911
138503
137968
137977
139672
138597
138599
138609
139295
139299
139144
139146
139138
139158
139162
139172
199663
199679
214972
199631
199634
199642
139207
139226
139227
139304
139313
139338
134817
139345
139350
139360
139288
139507
139480
139481
229510
229467
229473
225321
234255
225285
225266
225340
225956
225958
229821
234257
226231
226237
226026
225313
235206
227781
227770
227790
227794
225293
227820
226030
234314
234863
228993
229418
229419
229088
229129
229126
229098
229099
228100
228105
228107
228121
229432
229507
227940
227941
227943
227945
228482
228484
227998
228007
228005
227989
228154
228014
228015
228184
228183
228169
228393
228433
228447
228503
228514
227009
228212
228221
226247
228293
228308
228306
228319
228269
228278
228360
228388
228392
228385
228581
228432
228439
228468
228470
6874
6879
6875
7726
226334
230866
226305
