58
40864 40645 2368
40874 40880 640
40880 40874 640
40892 40895 2559
40895 40892 2559
40642 40645 2071
40645 40642 2071
40645 40864 2368
40985 40981 933
40981 40985 933
40984 41662 1344
41662 40984 1344
48659 48664 1027
48664 48659 1027
48664 48681 1303
48681 48664 1303
48788 48789 738
48789 48788 738
49125 49129 789
49068 49069 558
49081 49126 1830
49126 49081 1830
49126 49129 238
49129 49125 789
49129 49126 238
49069 49068 558
48966 48967 1228
48967 48966 1228
49101 49102 818
49102 49101 818
49111 49110 713
49110 49111 713
129928 131885 1484
131885 129928 1484
113350 113351 1955
113351 113350 1955
104327 113377 2065
113377 104327 2065
113011 113010 1466
113010 113011 1466
104611 104610 1593
104517 104567 435
104567 104517 435
104434 104435 418
104435 104434 418
39608 39609 927
39609 39608 927
39805 39605 884
39605 39805 884
104610 104611 1593
104459 105046 1615
105046 104459 1615
39656 39662 697
39662 39656 697
41008 41020 2381
41020 41008 2381
41054 41136 673
41136 41054 673
168
113347
113350
105720
113351
113364
104327
113377
113407
113011
113013
113010
113055
113843
103320
112767
112776
112810
103311
103315
104522
104330
104611
104524
104519
104517
104567
104434
113911
104428
104435
39797
39800
39810
39608
39610
39609
39624
39626
39805
39605
39780
104760
104755
104801
104822
104824
104940
104948
105054
105049
105031
105058
104610
104459
105021
105046
105017
39578
39614
39649
39618
39620
39656
39662
39648
39679
39455
39689
39686
39696
39737
39750
40507
40511
41008
40524
41020
41029
41054
41136
41138
41143
41144
40565
40581
40637
40864
40866
40875
40880
40895
40897
41346
41351
40969
40975
40638
40985
40989
40981
40984
41661
41665
55131
55213
55218
55401
55395
55397
55435
55438
55449
48397
41657
48422
48430
48659
48664
48681
48415
48691
48744
48755
48758
48753
48762
48769
48788
48789
48791
48815
49088
48926
48923
49057
49068
49077
49069
48925
48966
48967
49110
49020
49022
49023
49192
49182
49607
49614
49615
49618
48333
131404
131411
131408
131664
131670
131823
131893
132524
49702
50489
129928
131885
131895
131883
54340
54334
