60
136573 136571 789
136343 136341 1031
136338 136340 924
136340 135636 1719
136340 136338 924
135636 136340 1719
135364 136659 2908
136659 135364 2908
136707 136717 962
136717 136707 962
135626 135624 1220
135627 135635 1140
135624 135626 1220
135635 135627 1140
136411 136414 870
136414 136411 870
136414 136571 848
136571 136414 848
136571 136573 789
199318 199321 769
199321 199318 769
199899 199911 883
199832 199908 774
199908 199832 774
199911 199899 883
225235 225234 1185
225234 225235 1185
24051 24050 1166
24050 24051 1166
23498 24276 1818
24276 23498 1818
24592 24594 2183
24594 24592 2183
188312 188313 867
187628 188528 778
188494 188483 802
188483 188482 822
188483 188494 802
188482 188483 822
188385 188376 809
188560 188561 1347
188561 188560 1347
190623 190634 1025
190634 190623 1025
188376 188385 809
188527 188528 826
188528 187628 778
188528 188527 826
187346 187270 494
187270 187346 494
188313 188312 867
135360 135363 848
135363 135360 848
135535 135536 947
135536 135535 947
135536 135537 873
135537 135536 873
132609 136332 1258
136332 132609 1258
136341 136343 1031
169
24051
24050
24053
28770
28771
23498
24276
24536
24280
24126
24595
24544
24592
24594
24598
25185
25170
25219
25230
25223
188132
188137
188144
188159
188162
188139
188223
188312
187628
187634
188494
188483
188444
188480
188482
188437
188430
188385
188545
188560
188561
190623
190634
188376
188532
188537
188527
188530
188528
187346
187270
188347
188361
188358
188313
135338
135353
135360
135363
139591
136645
136650
135315
135327
135530
135535
135326
135536
135537
135421
135422
135420
135533
135506
135518
135442
135499
135526
135592
132609
136332
136341
136619
136583
136343
136338
136340
135636
135634
136656
136659
136697
136699
136708
136687
136691
136713
136665
136666
136717
135626
135624
136695
135635
136866
199294
199298
199321
199326
199775
199776
199779
214347
199780
199793
199864
199881
199885
199898
199899
199905
199927
199947
199829
199832
199908
199911
199914
139401
139398
139395
200578
200587
200502
200545
200559
200590
225232
225235
225076
225455
225460
225071
225081
225198
225200
225213
225214
234777
225073
225003
225099
235028
235031
235327
225912
225944
235021
235003
225977
225092
225158
225166
234917
227397
227701
227697
227416
227429
