54
254274 254270 604
254274 254596 418
254596 254274 418
254596 254591 1480
254596 254609 1141
254609 254596 1141
254270 254274 604
254591 254596 1480
255975 255978 611
255978 255975 611
237313 237312 691
237312 237313 691
237797 237801 564
237801 237797 564
238613 238614 2690
238614 238613 2690
237782 237780 954
237780 237782 954
237860 237861 1303
237861 237860 1303
239790 239791 2071
239791 239790 2071
239852 239854 434
239854 239852 434
239963 239965 948
239965 239963 948
240039 240042 344
240042 240039 344
245920 245913 1338
245920 245928 799
245913 245920 1338
245928 245920 799
246020 246032 2170
246032 246020 2170
246256 246266 847
246266 246256 847
246412 246439 1927
246418 246457 746
246424 246425 2822
246425 246424 2822
246457 246418 746
246897 246900 903
246439 246412 1927
246833 246839 672
246839 246833 672
246900 246897 903
246913 246914 763
246914 246913 763
246926 246946 610
246946 246926 610
254174 254173 4558
254195 254193 1234
254173 254174 4558
254193 254195 1234
156
242413
245920
242206
242209
241403
242224
242196
245913
245928
245978
245988
246020
246032
246033
246218
246239
246240
246230
246255
246256
246266
246406
246412
246418
246424
246425
246457
242275
246337
246380
246846
246850
246862
246897
246898
246438
246439
246470
246833
246839
246900
246913
246914
246926
246949
246946
246955
252523
252519
252647
246942
246965
252480
252515
236482
253927
253948
253961
253963
263371
254090
254106
254108
254164
254213
254218
254174
254195
254173
254197
254193
254765
256015
255814
256046
254596
254609
254205
254514
254359
254270
254529
254591
255812
255817
255975
255973
255978
255981
255971
237911
237906
237964
237968
237291
236712
237302
237285
237313
237312
261972
237318
237342
263152
263168
237631
237668
237797
263112
237463
237637
237850
237851
238558
238613
238622
261381
239418
239316
239474
239477
239420
237739
237782
237788
239485
237770
237773
237769
237815
237819
237864
237861
239616
239388
239413
239398
239401
239701
239707
239774
239782
239787
239790
239791
239849
239829
239832
239854
239889
239902
239904
239911
239963
239965
240042
