52
119323 119177 869
119177 119323 869
119204 119203 1269
119204 119338 2573
119338 119204 2573
119340 119203 2363
119203 119204 1269
119203 119340 2363
118976 118975 924
118975 118976 924
118987 118993 2927
118993 118987 2927
118993 118991 905
118991 118993 905
94358 94663 1253
94663 94358 1253
93851 93846 1511
93846 93851 1511
93856 93858 2358
93858 93856 2358
94130 94131 403
94131 94130 403
108311 108312 420
108312 108311 420
108455 113758 2341
113758 108455 2341
108694 108696 3057
108696 108694 3057
109284 109285 1180
109285 109284 1180
109292 109293 1336
109293 109292 1336
108651 109302 1062
109302 108651 1062
93813 93811 1007
93813 93814 1124
93811 93813 1007
93814 93813 1124
160716 160717 1813
160717 160716 1813
167935 167905 683
167905 167935 683
161580 161594 795
161594 161580 795
161421 164621 2111
164621 161421 2111
169305 169311 1308
165745 165744 927
165744 165745 927
169402 169399 675
169399 169402 675
169311 169305 1308
152
157438
156806
156750
157433
158136
158169
158323
158367
158368
160826
158355
158468
160712
160713
160687
160731
160716
160717
160719
177407
177654
177519
185926
177619
177409
177629
165785
167725
167746
167728
167820
167829
168213
167706
168192
167935
167940
167950
167962
167878
167905
167857
167861
167842
165724
161538
161580
161594
161421
164621
164623
164641
164690
164693
161529
169058
164873
169296
164892
169305
164618
164674
164678
161415
164613
165720
165793
165825
165832
165709
165759
165764
165741
165745
165744
165756
169696
169378
169402
169399
169311
169370
169374
118851
119054
119043
118953
119048
119075
119052
119464
119165
119171
119177
118907
118909
118972
118877
118975
94832
94836
102074
94354
94663
94667
94673
92383
92617
92364
94485
94647
102708
93835
93851
93858
93868
94102
94107
94113
94130
94106
94156
94158
105913
108106
108021
108300
108312
108072
108078
108453
113758
108694
108697
108596
108585
108578
108640
109284
109285
109298
108654
109299
93580
93585
93735
93811
93721
93722
93732
93814
93824
