70
179009 179025 1357
179025 179009 1357
179276 179269 2044
179269 179276 2044
163326 163120 953
163121 163120 2452
163121 163181 2716
163181 163121 2716
163120 163121 2452
163120 163326 953
184606 184607 202
184607 184606 202
184813 184812 600
184813 184815 828
184813 184854 2543
184812 184813 600
184816 184815 747
184815 184813 828
184815 184816 747
184771 184770 435
184921 184920 1064
184854 184813 2543
184887 184890 752
184889 184890 610
184890 184887 752
184890 184889 610
184827 184934 985
184920 184921 1064
184934 184827 985
184741 184743 738
184758 184760 709
184760 184758 709
184743 184741 738
184770 184771 435
183409 183429 1344
183438 183429 435
183429 183409 1344
183429 183438 435
182586 182588 562
182588 182586 562
182591 182592 1652
182592 182591 1652
183663 183503 4176
183658 185237 2272
185237 183658 2272
183503 183663 4176
174134 174135 1467
174135 174134 1467
202618 202762 755
202762 202618 755
202785 202786 1010
202786 202785 1010
204154 204157 796
204158 204182 731
204182 204158 731
203917 203920 1956
203920 203917 1956
204157 204154 796
206050 206042 1936
198917 206039 363
206039 198917 363
206039 206042 969
206042 206039 969
206042 206050 1936
207014 207015 1016
207015 207014 1016
207021 207031 893
207031 207021 893
209392 209381 382
209381 209392 382
163
196663
197212
197245
202593
202608
202618
202761
202762
202767
202785
202786
204154
204158
203925
204149
204182
203914
203917
203920
204157
204172
204179
204226
204244
204232
204273
207066
207067
203652
203574
203536
203472
203642
207095
207109
207111
207056
207064
206036
207317
207298
207314
203960
207301
196283
196492
196286
196495
196506
196518
196523
196586
196595
196598
206050
198917
206037
206039
206042
206695
206709
206711
206724
206791
206775
206943
206946
207011
207014
207015
207021
207031
209317
209361
209364
209389
209392
209381
178833
178841
178962
178976
178982
179005
178986
179025
179026
179280
179276
173430
180327
180348
180711
180700
163152
172652
163326
163121
163181
163120
163149
163192
163197
184606
184732
163166
163176
183428
183434
183432
184841
184838
184812
184771
184784
184921
184854
184887
184836
184825
184827
184920
184741
184758
184760
184738
184743
184764
184770
183401
183438
180729
180817
180826
182019
185806
182509
182894
182586
182588
182591
182592
182613
182650
183658
173981
173992
174002
174003
174005
182568
184032
174134
172913
172910
184045
174131
184105
174135
173989
173936
174328
174341
