48
74816 74818 611
74818 74816 611
74818 74819 558
74819 74818 558
74819 74822 337
74822 74819 337
74074 74078 586
74078 74074 586
74078 74077 238
74077 74078 238
74514 74512 950
74450 74702 411
74702 74450 411
74529 74530 554
74512 74514 950
74530 74529 554
74674 74673 507
74673 74674 507
171754 171814 2197
171814 171754 2197
96298 96301 1859
96301 96298 1859
100381 100380 1946
100380 100381 1946
102304 100407 190
100407 102304 190
99325 99323 1029
99321 99323 951
99323 99321 951
99323 99325 1029
97091 97093 1209
97093 97091 1209
124721 124709 419
124709 124721 419
60577 60596 2692
60596 60577 2692
67318 67332 768
67332 67318 768
70735 70737 685
70737 70735 685
64572 64768 2061
64768 64572 2061
64750 64758 1612
64758 64750 1612
64758 64763 1064
64763 64758 1064
63509 64812 818
64812 63509 818
158
124470
124472
124478
124483
124490
124606
124610
124721
120228
120238
124762
124709
124712
120291
76476
77019
67165
66847
66848
66838
66837
67022
60577
60596
60581
60589
60590
66870
66902
66907
77712
70866
70913
70883
70886
70888
67318
67332
67336
67376
70862
70870
70874
70735
70762
70737
76632
64467
64554
64564
70079
64572
64768
64779
70805
64776
64780
64659
64725
64794
77080
64750
64758
64763
64704
64710
63509
64237
64812
64163
64832
70849
70850
74348
74407
74837
74891
74899
74900
74897
74809
74816
74818
74819
74822
74806
74351
74074
74070
74150
74159
74248
74507
74514
74440
74447
74450
74437
74418
74702
74944
74949
74958
74959
74512
74521
74543
57779
75093
75131
75132
75024
77300
77316
74716
74757
74603
74661
74672
74673
170995
171000
171015
171743
171755
171754
171814
171823
171875
171885
171906
171908
170986
95859
96194
96283
96298
96815
97036
100114
100120
100127
100285
95867
99797
99803
99808
100380
100407
102473
99325
97041
99598
97083
97091
97093
99582
99581
