70
55656 55643 789
55643 55656 789
189810 189811 1213
189810 189816 771
189811 189810 1213
186276 186275 705
189816 189810 771
189816 190209 1099
190209 189816 1099
195390 195393 509
195390 196137 1351
195391 196137 304
195393 195390 509
196137 195390 1351
196137 195391 304
196142 196143 876
196143 196142 876
195866 195867 748
195867 195866 748
195868 196026 774
196026 195868 774
202811 202817 2065
202817 202811 2065
203234 203249 1995
203249 203234 1995
203253 203290 2213
203290 203253 2213
203476 203475 867
203549 203548 12
203475 203476 867
203548 203549 12
205720 205726 342
205726 205720 342
195959 205786 808
205786 195959 808
197167 197148 845
197167 197169 650
197169 197167 650
202548 202552 843
202552 202548 843
196548 196549 781
196549 196548 781
196564 196570 1577
196570 196564 1577
197148 197167 845
205979 205992 1481
205992 205979 1481
206011 206659 1418
206659 206011 1418
205935 205770 129
205770 205935 129
141271 141259 1851
141259 141271 1851
140882 140883 1220
140883 140882 1220
186275 186276 705
186534 186543 820
186543 186534 820
186543 186545 784
186200 186660 735
186660 186200 735
186545 186543 784
186710 186714 278
186714 186710 278
186734 186777 780
186777 186734 780
186791 186782 1053
186863 186860 809
186782 186791 1053
186860 186863 809
170
27374
53344
56755
29422
29415
53241
53181
53187
53363
53367
53389
54955
54975
54980
55559
55583
55635
55637
53662
53668
53705
53736
141201
141203
141185
141188
141233
141223
141252
195381
214440
214441
195367
195363
195364
195362
141271
141259
141277
141282
144185
144188
140873
140881
140882
140883
140904
140953
140956
140969
140974
141193
141195
186275
186291
186301
186534
186543
186200
186660
186545
186554
186679
186684
186700
186710
186714
186726
186734
186777
186791
186901
186863
186876
186782
186784
186860
186884
140642
140646
140700
140704
140707
140753
140580
140639
140666
140667
140673
140675
140731
55643
55668
55820
55876
55904
189810
189811
186276
189721
190249
189816
190224
190209
190215
195396
195391
196137
196138
196143
196164
195866
195859
195871
195856
195873
196215
196216
195867
196026
196031
196058
202577
202800
202803
202811
202813
202817
203234
203249
203290
203307
203478
203480
203529
203544
203324
203326
203329
205717
205726
195959
205786
214874
197169
202548
202552
196046
196065
196047
196469
214365
215121
215124
196536
196549
196564
196570
197109
197148
205979
205992
206006
206012
206659
205770
205944
205793
205936
206637
