70
204425 204468 727
204468 204425 727
208514 208515 788
208098 208105 778
208086 208088 963
208105 208098 778
208088 208086 963
207814 207813 1566
207813 207814 1566
207818 207836 773
207832 207831 1009
207832 207859 773
207859 207832 773
208515 208514 788
207836 207818 773
207836 207831 774
207831 207832 1009
207831 207836 774
208143 208146 775
208146 208143 775
208182 208186 363
208186 208182 363
208457 208462 1583
208462 208457 1583
208477 208479 1306
208479 208477 1306
210698 210721 278
210721 210698 278
185196 185197 238
185197 185196 238
166610 166611 2111
166610 166633 758
166611 166610 2111
166614 166613 1539
166613 166614 1539
166633 166610 758
166992 166993 848
166993 166992 848
180593 180789 407
180756 180755 344
180755 180756 344
180789 180593 407
180561 180559 1124
180559 180561 1124
142270 142269 811
142269 142270 811
142014 142023 2075
142023 142014 2075
142271 142275 916
142275 142271 916
142275 142274 909
142274 142275 909
207762 207764 796
207764 207762 796
196761 196755 930
196755 196761 930
145420 145422 622
145422 145420 622
145833 146010 780
146010 145833 780
146040 146042 810
151444 151506 962
151506 151444 962
146042 146040 810
151401 151397 756
151397 151401 756
204502 204650 2128
204650 204502 2128
203711 203714 792
203714 203711 792
163
142480
142511
142270
142269
141610
141619
141643
141631
141632
141638
141650
142014
142023
142032
142038
142046
142271
142275
142274
55966
56118
56114
204684
204770
207763
207762
207764
207769
207702
207729
196799
196791
145296
196761
196755
196812
145342
145350
145351
145567
145381
145376
145379
145389
145391
145420
145422
145442
145451
145456
145830
145833
146010
146013
146022
146037
146040
151442
151447
151448
151444
151459
151396
151506
146042
151387
151400
151401
151397
203705
204043
204476
204502
204650
204655
203717
203711
203714
203764
203790
203774
203803
204018
204021
204037
204425
204468
208506
208514
208098
208099
208103
208508
208510
208518
208086
208090
208105
207809
207814
207813
207818
207832
207859
208515
207836
207831
208093
208143
208146
208186
208400
208402
208455
208457
208462
208464
208436
208483
210708
210718
210721
210733
185315
178808
180619
180279
180297
180608
180606
180637
180655
166862
166878
166873
166895
185197
185202
166412
166515
166532
166627
166637
166613
166633
166992
166995
166993
166987
166658
166869
166918
167138
180581
180566
180652
180520
180524
180559
180584
179685
180474
180495
