86
254986 255054 4328
255050 255051 2014
255224 255225 2120
255225 255224 2120
255054 254986 4328
255051 255050 2014
256995 256997 238
256997 256995 238
256997 256998 876
256998 256997 876
262801 262800 655
262800 262801 655
243646 243640 778
243647 243640 1282
243515 243516 845
243451 243453 776
243517 243516 705
243453 243451 776
243516 243515 845
243516 243517 705
243543 243548 729
243621 243617 1223
243640 243646 778
243640 243647 1282
243548 243543 729
243617 243621 1223
243718 243719 1024
243719 243718 1024
245529 245532 702
245536 245551 2889
245536 245746 2255
245561 245551 516
245561 245560 597
245561 245562 713
245746 245536 2255
245746 245551 2189
245562 245560 847
245562 245561 713
245758 245563 1188
245758 245567 1961
245761 245567 847
247510 247511 847
247510 247512 893
247511 247510 847
247511 247512 434
247513 247512 245
245532 245529 702
245551 245536 2889
245551 245561 516
245551 245746 2189
245560 245561 597
245560 245562 847
245560 245563 353
245563 245560 353
245563 245758 1188
245567 245758 1961
245567 245761 847
247512 247510 893
247512 247511 434
247512 247513 245
243849 243903 1828
243903 243849 1828
244124 244127 734
244127 244124 734
237282 247599 937
247599 237282 937
247733 247736 1195
247736 247733 1195
247749 247747 902
247747 247749 902
247799 247803 2028
247803 247799 2028
247831 247853 1263
247853 247831 1263
247861 247863 1376
258616 258617 3016
247863 247861 1376
258617 258616 3016
255486 256164 1272
256164 255486 1272
256188 256224 1354
256224 256188 1354
255438 255466 1134
255466 255438 1134
247753 247355 1065
247355 247753 1065
167
245532
245551
245560
245563
245567
247512
243849
243903
243845
243934
263940
243954
243858
243856
239134
259746
243881
243977
244136
244163
244124
244130
244127
244167
244152
244177
244181
243899
242909
242898
243889
243164
244036
244038
247528
247546
247551
247583
237282
247599
247602
247733
247736
247749
247747
247799
247805
247803
247831
247853
247804
247854
247861
248065
258616
247863
258617
258652
255479
255486
256164
256186
256188
256224
256199
256201
255436
255438
262216
255466
247753
262327
247355
258669
258677
255505
255536
256699
256684
261182
256732
254950
263346
255028
254986
255050
254933
255183
255192
255201
255354
255227
255242
255054
255051
255072
256746
257204
256990
256995
256997
256991
256998
257302
257312
257343
257347
255235
255248
258689
255252
261159
257858
257860
257857
257864
262831
262805
262085
257954
257978
262081
239122
243646
243666
243435
243430
243448
243456
243459
243466
243510
243515
243450
243451
243517
243336
243516
243535
243640
243548
243549
243617
243680
254896
243683
243684
243701
243704
243718
243719
243720
243738
245311
245396
245397
245393
245520
245529
245536
245746
245562
245758
245761
247510
247511
247513
