38
225167 225161 971
225161 225167 971
234474 227421 1697
227421 234474 1697
227422 227425 2104
227425 227422 2104
227742 227747 2125
227747 227742 2125
227662 227666 1758
227666 227662 1758
234134 234135 3194
234135 234134 3194
227146 227148 2590
227148 227146 2590
227014 227013 2021
227013 227014 2021
227013 227487 2021
227487 227013 2021
135340 135348 788
135348 135340 788
135350 135352 905
135352 135350 905
135319 135318 818
135318 135319 818
135318 135321 796
135321 135318 796
135409 135416 1654
135416 135409 1654
135485 135494 1180
135494 135485 1180
136408 136410 435
136410 136408 435
136859 136862 997
136862 136859 997
199851 199893 1026
199895 199893 1010
199893 199851 1026
199893 199895 1010
169
188311
188322
135288
135336
135340
135348
135350
135352
136637
136640
136643
136647
135310
135217
135319
135306
135318
135321
135219
135215
135409
135416
135512
135515
135485
135494
135521
135524
135525
136251
136255
136262
136348
136350
136610
136611
136614
136574
136576
136578
136585
136352
136355
136362
136359
136662
136658
136676
136682
136685
136688
136668
136700
136704
136720
135640
135641
135643
136408
136410
136412
136630
136634
136859
136862
136863
199299
199346
199347
194730
199768
199974
199773
199790
199791
199862
199851
199895
199856
199901
199924
199925
199824
199831
199893
199894
139382
139391
139393
194826
195963
200589
139482
139501
225238
225459
225082
234262
225211
225217
225231
234773
225083
225100
225113
225822
235241
235247
225916
225946
235005
235008
235015
225169
225161
225183
225180
227702
234474
227421
234323
227739
227742
227747
228033
227891
227867
227654
227662
235233
227919
227955
227878
227898
227970
233955
234090
234167
234191
226822
226842
234154
234149
226856
234560
235228
235602
235603
227041
227045
227064
226957
226988
234649
227000
227006
226975
227146
227153
227156
227236
227238
227014
235155
228242
227264
227013
227485
227487
