54
253558 253560 713
253558 253561 931
253561 253558 931
253561 253562 1031
253562 134144 698
253562 253560 1025
253562 253561 1031
253711 253713 2585
253720 253723 551
253723 253720 551
253560 253558 713
253560 253562 1025
134144 253562 698
253713 253711 2585
236766 236761 3589
236761 236766 3589
236856 236860 1528
236860 236856 1528
236889 236891 918
236891 236889 918
233200 233203 610
233203 233200 610
233213 233285 2113
233285 233213 2113
232073 232075 1576
232075 232073 1576
248569 248571 1610
248571 248569 1610
248571 248609 1061
248609 248571 1061
248613 248625 2182
248678 248680 707
248680 248678 707
248688 248690 950
248690 248688 950
248690 248750 950
248750 248690 950
248625 248613 2182
248641 248648 2928
248648 248641 2928
250090 250144 847
250144 250090 847
250801 250822 1114
250822 250801 1114
250999 251001 750
251001 250999 750
251163 251169 504
251169 251163 504
251173 251197 1675
251197 251173 1675
251201 251209 2407
251209 251201 2407
251209 251213 2665
251213 251209 2665
157
248533
248535
248562
248569
248571
248609
248613
248638
248595
248678
248680
248685
248688
248690
248750
248756
249435
248625
248641
248648
249449
249442
249468
249776
249778
249806
249857
249864
248388
139539
139537
251233
251234
133258
251242
251250
251253
250796
250792
250143
250150
250086
250090
250144
250164
250827
250801
250822
250823
250861
250862
250854
250999
251081
250773
253278
253311
253324
253327
253397
262204
264266
251001
251105
251107
251163
251169
251173
251197
251201
251209
251213
251349
253253
253258
253274
253416
253445
253448
253438
253450
253526
253527
253529
253533
134174
134179
253723
134132
134129
134138
253560
255027
236322
236323
236384
263532
261559
263545
263531
236042
236305
236306
263825
263573
236284
236290
263515
263517
263835
263837
236766
236768
236761
236848
236854
236856
262055
262059
262868
262051
236859
236889
262172
236891
236894
234394
231985
232000
232002
231964
231969
234935
231997
232007
233087
233123
233130
233132
233201
233203
233213
235304
231837
232059
232073
232075
232085
232088
232640
232641
232706
232721
232735
233516
233525
233545
