46
96624 96601 612
41725 41724 1338
41721 41724 3934
41724 41721 3934
41724 41725 1338
123958 123945 808
123945 123958 808
122734 122729 2923
122734 122736 2216
122770 123265 710
122771 122766 1447
123265 122770 710
122728 122729 677
122729 122728 677
122729 122734 2923
122736 122734 2216
122703 122768 2382
122766 122771 1447
122768 122703 2382
122150 122156 1979
122156 122150 1979
122316 122314 928
122314 122315 1831
122314 122316 928
122315 122314 1831
122428 122430 1437
122430 122428 1437
123162 123165 2170
123165 123162 2170
123202 123211 2279
123211 123202 2279
74306 74308 676
74308 74306 676
72797 72798 337
72798 72797 337
217093 217096 815
217096 217093 815
217096 217115 729
217115 217096 729
217080 217079 1794
217079 217080 1794
96585 96572 975
96572 96585 975
96601 96624 612
99296 99297 3511
99297 99296 3511
161
74327
74328
74306
74308
74093
63853
74252
74369
74373
74376
74385
74387
74648
74651
72769
72777
72790
72850
72791
72797
72798
216910
217093
217096
217115
217119
217141
217080
217079
217084
217091
171088
171099
171117
171668
171855
171837
171052
171061
95948
96094
96101
96109
96146
96157
96259
95945
95975
96045
96262
96483
102518
102639
96508
96469
100166
94583
100235
100243
100270
100293
100358
99497
99491
100109
100455
99506
99556
96564
96594
96567
96585
96572
96590
96601
99296
99297
99327
99511
99479
96626
99210
99211
99222
99218
99226
99214
99499
41725
41721
41705
41707
41738
41749
100491
100498
100479
101617
103068
103054
103055
123974
41820
122614
122770
123265
123268
123274
123230
122632
122639
122646
122641
122712
122715
122676
122683
122674
122684
122686
122699
122703
123474
123507
132462
123869
117968
117978
117705
117835
122150
122196
122495
121670
122097
122558
122081
122296
122299
120479
122305
122476
122482
122316
122315
122378
122382
122433
122428
122423
122425
122430
122426
122671
123158
123154
123162
123220
123165
123202
117992
