52
202958 202957 698
202960 202961 706
202961 202960 706
202957 202958 698
202895 202905 285
202905 202893 776
202905 202895 285
202453 202449 809
202449 202453 809
202481 202482 422
202482 202481 422
202482 202483 679
202483 202482 679
202925 202927 833
202893 202905 776
202927 202925 833
205474 205355 1085
205474 205476 606
205355 205474 1085
205476 205474 606
205476 205482 803
205482 205476 803
198941 198944 2366
198965 198944 1917
198944 198941 2366
198944 198965 1917
198375 198377 1009
198377 198375 1009
206486 206496 1159
206496 206486 1159
208922 208926 1493
208923 208926 474
208926 208922 1493
208926 208923 474
208944 208953 2470
208953 208944 2470
181356 181355 1124
181355 181356 1124
52332 52303 788
52303 52332 788
52282 52414 747
52414 52282 747
186201 186204 753
186204 186201 753
198196 198202 797
198202 198196 797
199011 199012 766
202054 202063 238
202063 202054 238
202104 202106 579
202106 202104 579
199012 199011 766
169
51849
51851
51855
52099
52102
52091
52122
52185
52188
52195
52712
52335
52332
52303
52329
52277
52331
52270
52280
52282
52387
52407
52410
52414
52413
52420
52441
52447
52480
52461
52449
52509
186201
186204
186218
189743
189760
190124
136738
214425
194921
194922
194931
194934
194939
194952
194950
198487
198504
198508
198512
198511
198126
198212
198214
198229
198230
198224
214295
198243
198244
198144
198147
198157
198524
198529
198196
198176
198201
198245
198202
199007
199011
199010
202057
202058
202054
202063
202090
202104
202106
199012
202112
202096
202118
202248
202249
202253
202283
202289
202290
202334
202350
202354
202276
199568
203086
202958
202960
202961
202966
202999
203009
203011
202944
202957
202895
202453
202471
202473
214311
202449
202911
202483
202902
202900
202893
203081
203093
203094
205308
205313
205335
205342
205478
205550
205490
205513
205512
198941
198965
198944
198299
198363
198375
198377
205535
205537
205542
201190
214735
200630
206197
214594
206219
206486
206427
206439
206451
206234
206489
208922
208931
208941
209102
209107
208953
209101
209105
209129
213787
179560
179561
181343
181356
181355
181357
181351
181353
