44
237159 237170 1033
237170 237159 1033
232053 233158 333
232053 233171 3446
233158 232053 333
233171 232053 3446
233346 233347 1219
233347 233346 1219
233352 233351 515
233351 233352 515
233372 233371 1556
233371 233372 1556
240819 240827 49
240827 240819 49
241599 241757 763
241757 241599 763
240404 240405 2540
240405 240404 2540
240430 241825 4722
241825 240430 4722
249313 249314 610
249313 249352 672
249352 249313 672
249314 249313 610
252349 252156 848
252156 252349 848
252378 252417 788
252033 252032 672
252032 252033 672
252417 252378 788
252417 252418 598
252418 252417 598
252418 252420 826
252420 252418 826
252420 252428 708
252428 252420 708
252870 252859 1031
252859 252870 1031
254867 254873 580
254873 254867 580
254878 254880 983
254880 254878 983
236461 236463 1429
236463 236461 1429
159
251935
251996
251997
252021
252349
252351
252156
252182
252380
252386
252377
252378
251972
251978
252024
252028
252036
252033
252032
252077
252130
252088
252138
252142
252152
252371
252417
252418
252863
252420
252428
252430
262276
252924
252872
252870
252859
252919
252970
253590
253603
253608
253611
253645
263393
253665
253786
253790
253833
254867
254874
253839
253856
253864
254873
254878
254862
254880
254887
236337
236371
236445
244916
245211
244853
236331
244951
245148
236461
236463
236971
236934
236904
237006
237075
237062
237072
237157
237163
262049
237159
237414
237421
237426
237167
233152
232053
233170
233177
234509
233171
233337
233346
233423
233347
233475
233477
233470
233486
233351
233358
233268
233319
240655
261856
240670
240815
262258
242653
240743
240755
240762
240767
241521
240728
240702
240724
240818
261857
240819
240827
241509
241516
241528
241541
240329
240347
240360
240367
240372
240381
240328
240343
241503
240342
241757
240394
240404
240405
240430
263899
241825
241859
241868
241900
249301
249313
249352
249316
249389
249391
261588
241922
242051
242052
241918
249412
249417
249419
