46
115993 115982 838
109785 109784 1489
109784 109785 1489
110950 110952 1027
110989 110952 1584
110952 110950 1027
110952 110989 1584
111340 111462 1139
111462 111340 1139
103338 103340 927
111472 111471 279
103340 103338 927
111471 111472 279
111545 111230 1694
111230 111231 420
111230 111545 1694
111231 111230 420
111581 111574 1014
111574 111581 1014
111598 111599 778
111599 111598 778
111724 111725 778
111725 111724 778
111730 111731 778
111731 111730 778
111753 111741 756
111457 112577 688
112577 111457 688
111741 111753 756
119417 119420 1558
119420 119417 1558
115397 115399 418
115399 115397 418
115711 115710 1013
115710 115711 1013
106735 106734 782
107441 107442 6091
107441 107484 1699
107484 107441 1699
107442 107441 6091
107321 107505 1334
107505 107321 1334
106726 106723 1845
106723 106726 1845
106734 106735 782
115982 115993 838
172
161406
212513
212515
212233
212240
212248
212249
212441
114663
114385
114304
114306
114583
114572
114038
114040
119118
119119
119411
119417
119420
119406
114850
114916
114904
114929
92001
102181
102183
92133
92215
92216
92213
115397
115404
115399
115332
115416
115418
115711
115710
115675
115680
115689
115733
115735
115732
115440
115738
105809
115799
106735
107024
107054
107055
107132
106959
107052
107116
107390
107168
107229
107441
107484
107442
107525
107321
107505
113864
107333
107533
109501
92826
103138
92966
102818
92830
92869
92870
92945
92949
106726
106723
106756
106741
106734
115777
115969
115780
115982
115993
116033
92724
92725
115851
191502
191508
191790
190882
191715
191735
192764
192765
191060
191482
191783
191839
191876
191773
191957
192777
192727
192815
192816
114403
193961
109459
109785
109786
113808
109798
109871
107765
110950
110989
110969
111090
111099
111322
111320
111340
103338
103340
111463
103358
111471
111237
111238
111235
111534
111541
111581
105276
111585
111595
111574
111598
112067
111599
111593
111693
111725
111731
112146
112148
112162
111753
111754
111670
111671
111457
111673
112577
112587
111701
112605
111770
112169
112164
112608
112698
112699
