50
224498 218177 749
224498 224500 840
218177 224498 749
219345 219330 828
219330 219345 828
219340 219362 784
217987 217986 372
217987 219661 789
217986 217987 372
219661 217987 789
219361 219362 416
219362 219340 784
219362 219361 416
219168 219169 2864
219169 219168 2864
219211 221175 310
221175 219211 310
219295 219296 745
219296 219295 745
215629 215630 436
215621 215625 1473
215625 215621 1473
215625 215626 796
215626 215625 796
215800 224164 1191
224164 215800 1191
215630 215629 436
222360 222367 1211
222367 222360 1211
219866 219865 815
219865 219866 815
215484 215485 768
223470 223468 405
223468 223470 405
215485 215484 768
70569 70576 667
70576 70569 667
69639 69648 2322
69648 69639 2322
69513 69514 747
69514 69513 747
72353 72354 1203
72354 72353 1203
224320 220848 611
220848 224320 611
220324 219078 2565
224500 224498 840
219078 220324 2565
220348 223933 1271
223933 220348 1271
161
70569
70576
70579
70583
69427
69662
69639
69659
69648
78769
69421
69438
69542
69550
69552
69509
69513
69497
69514
69521
69501
71633
71819
71855
71856
72121
72122
71843
72021
69036
69086
71852
72327
72352
72437
72353
72354
72365
72533
70032
70043
70613
70630
70637
70677
70590
70592
70609
69268
69263
66312
69630
219194
219187
220782
220797
219608
220628
220791
218035
224320
218230
224319
220838
220848
224318
220844
220851
220860
221131
219131
219132
221134
218169
220308
220324
220573
220321
224556
215993
224500
219078
224009
224820
220326
220348
223933
220350
224251
218147
220275
220270
220226
220229
215268
219353
220399
218177
216422
220592
224557
219284
219311
219340
219341
219343
219667
219661
219362
219360
219216
219211
219221
221175
221178
219222
219294
219295
216398
224175
216379
216390
216381
215451
215461
215606
215640
215652
215608
215621
215881
215776
215777
215800
215893
215630
215511
222364
222414
222415
222360
222367
222368
216088
222425
222342
219647
219841
219872
219848
219861
219866
219865
223449
215477
215484
223469
223470
223463
223468
223420
