44
118620 118699 1292
118699 118620 1292
118699 118700 2033
118700 118699 2033
108943 108941 238
108941 108943 238
108970 108975 2352
108975 108970 2352
50205 50207 836
50207 50205 836
50213 50214 806
50214 50213 806
109112 109147 562
109147 109112 562
36047 36009 3288
36069 36068 2527
36068 36069 2527
36009 36047 3288
44188 50513 299
50513 44188 299
35757 35765 1931
35765 35757 1931
35758 35771 3188
35771 35758 3188
37405 37404 452
37404 37405 452
35672 35665 84
35665 35672 84
35626 35630 168
35630 35626 168
35631 36218 983
36218 35631 983
95083 95090 1025
95090 95083 1025
93630 94259 508
94259 93630 508
94284 94285 750
94285 94284 750
97596 97598 929
97598 97596 929
97606 97610 950
97610 97606 950
93484 94078 556
94078 93484 556
166
169523
169522
118542
118545
118653
95122
95149
95150
95026
95083
95090
95092
95126
94916
102048
97397
94254
102439
102445
93630
94259
94284
94285
94291
94298
108904
108956
94318
50063
50067
50072
94249
94228
94204
94209
97399
97402
97410
97414
97473
97477
97469
97498
97548
97595
97596
97599
97604
97598
97606
97610
97619
97611
97640
102232
102240
95718
102224
100625
100632
93469
93451
93476
102025
93483
93484
94075
94078
94079
98548
101999
98265
98310
98485
98486
191333
194413
191467
191126
191216
191281
118492
191371
191283
118611
118678
118620
118700
118702
108910
50097
108941
108917
50222
108988
108970
108975
50213
50214
50217
109112
109180
109148
109040
109170
109143
109147
36047
35568
36142
36143
35552
35565
36056
36062
36067
36174
36173
36256
36259
36264
36340
36341
36009
50199
35509
50209
36018
44174
46434
35689
44158
44162
44188
50513
35696
44179
44576
44579
41727
50544
44594
50533
50536
35715
35728
35767
35743
35758
35771
37401
37411
37434
35672
36229
35665
35626
35634
35630
35639
36218
36268
36276
35653
35664
35667
