62
9864 9861 2152
9861 9864 2152
11398 11408 983
11408 11398 983
12364 12367 344
12367 12364 344
12462 12449 930
12452 12454 764
12449 12462 930
12454 12452 764
12454 12456 755
12456 12454 755
11730 11731 672
11733 11731 672
11704 11741 2224
11731 11730 672
11731 11733 672
11741 11704 2224
11741 11742 893
11743 11742 889
11743 11757 764
11742 11741 893
11742 11743 889
11757 11743 764
11674 11676 782
11676 11674 782
11676 22662 1483
22662 11676 1483
23297 23295 924
23295 23297 924
11934 11949 445
11949 11934 445
12085 12089 696
12089 12085 696
12176 12179 848
12179 12176 848
12022 12026 1257
12026 12022 1257
23588 23600 1341
23600 23588 1341
23604 23611 238
23605 23689 872
23687 23689 754
23689 23605 872
23689 23687 754
23598 23629 238
23629 23598 238
23611 23604 238
8092 8091 2515
7975 7978 528
7978 7975 528
8091 8092 2515
8141 8122 655
8122 8141 655
8074 8062 1018
8062 8074 1018
8078 8077 1920
8077 8078 1920
8254 8255 959
8255 8254 959
8519 9167 704
9167 8519 704
163
226331
226158
226128
226149
226194
233900
235243
226179
226429
226434
226450
226454
226471
226473
226474
226557
229441
229548
229551
229464
229469
7995
8092
7975
7978
8091
8031
8051
8099
8160
8141
8122
8070
8074
8062
8078
8077
8254
8255
8257
8360
8436
8465
8468
8463
8516
8519
9167
8455
8483
8485
9517
9523
9525
9576
9571
16461
16463
16492
16518
16474
16472
16533
16890
9648
9652
16750
16559
16547
16908
16912
16749
16754
16510
16819
16835
9722
9772
9850
9852
9864
9861
9878
9881
11378
11380
11386
11396
11398
11408
11427
12327
12323
12330
12335
34228
11437
12369
12408
12451
11479
11710
11486
11501
11542
11714
11558
12449
11718
11717
11730
11704
11723
11741
11743
11750
11742
11643
11649
11862
11677
11682
11674
23295
11934
11949
12033
11951
12035
12057
12036
12062
9829
12085
12089
12176
12179
34361
34587
12175
34362
12001
12009
12161
12010
34365
12021
12022
12207
12026
23521
23529
23532
23600
23687
23598
23619
23638
23606
23611
23641
24223
24228
