44
220768 220755 1960
220111 220106 539
220111 220112 1070
220106 220111 539
220112 220111 1070
220112 220126 2238
220126 220112 2238
220464 220508 950
220464 224699 983
220508 220464 950
224699 220464 983
221705 221708 790
221708 221705 790
221644 221636 802
219913 219921 1039
219921 219913 1039
221636 221644 802
221639 221638 844
221638 221639 844
221368 224351 612
224351 221368 612
216677 216675 1803
216684 224189 1783
216675 216677 1803
224189 216684 1783
216079 216072 801
216072 216079 801
72903 72909 830
72909 72903 830
71413 71411 672
71411 71413 672
71921 71923 1698
71923 71921 1698
72164 72172 1524
68946 68935 1578
68954 68997 908
68935 68946 1578
68997 68954 908
72172 72164 1524
72410 72422 679
72422 72410 679
72473 72475 754
72475 72473 754
220755 220768 1960
166
68903
68907
72619
72896
72903
72891
72909
73085
71372
71389
71413
71440
71445
71476
71411
71661
71665
71668
71494
71599
71787
71590
71586
71591
76872
68403
68874
68880
68418
71542
71574
71718
71724
71747
71873
71878
71882
71961
71977
72060
71921
71923
71980
71981
72085
72191
72204
72206
72225
72164
72148
68942
68946
68954
68935
68938
69010
69009
68997
72172
72402
72409
72410
72422
72426
72428
72468
72473
72475
72490
72491
72699
72556
72575
72582
224804
224805
220750
220754
220755
221016
218420
221006
220916
220928
224864
220768
224287
220766
220927
220469
220471
221029
221048
220556
221005
220069
220084
220099
220113
220115
220116
220106
220112
220423
220482
224698
220508
220511
224543
221677
221708
221620
221663
221644
221650
221706
219913
219921
219942
219944
219943
219785
219791
221373
221636
221646
221642
221424
221428
221452
221457
221639
221638
221651
220960
220962
220966
221259
224583
221298
221272
221244
221245
221243
221362
221363
224351
216662
216669
216642
216668
216677
216582
216594
216595
216789
216799
216691
216704
224189
216703
216706
216073
216070
216072
