86
142520 144393 2407
142270 142269 811
142269 142270 811
141626 141580 400
141626 141585 759
142014 142023 2075
142023 142014 2075
142271 142275 916
142275 142271 916
142275 142274 909
142274 142275 909
207762 207764 796
207764 207762 796
207703 207690 756
207690 207703 756
196800 196791 342
196791 196800 342
196761 196755 930
196755 196761 930
145342 145343 895
145343 145342 895
145343 145345 558
145345 145343 558
145351 145562 220
145562 145351 220
145562 145567 237
145567 145562 237
151637 145378 442
145378 151637 442
145420 145422 622
145422 145420 622
145468 145829 485
145829 145468 485
145829 145830 2229
145830 145829 2229
145833 146010 780
146010 145833 780
146040 146042 810
151422 146079 809
151443 151444 844
151444 151443 844
151444 151506 962
151506 151444 962
146079 151422 809
146042 146040 810
151387 203706 1595
203706 151387 1595
203706 203705 523
151401 151397 756
151397 151401 756
203705 203706 523
204472 204476 691
204476 204472 691
204502 204650 2128
204650 204502 2128
204655 204676 1179
204676 204655 1179
203717 203762 261
203762 203717 261
203711 203714 792
203714 203711 792
203765 203769 821
203764 203769 817
203769 203764 817
203769 203765 821
203773 203790 1906
203790 203773 1906
49095 49092 747
49092 49095 747
49096 49099 650
49099 49096 650
49617 49619 1193
49619 49617 1193
144393 142520 2407
144393 144408 2470
144408 144393 2470
144408 144455 2083
144455 144408 2083
144458 144463 943
144463 144458 943
196719 196734 559
196734 196719 559
196768 196782 1839
196782 196768 1839
141585 141626 759
141580 141626 400
170
49213
49214
49322
49346
49326
49387
49339
49095
49092
49096
49132
49099
49149
49107
49120
49176
49188
49459
49463
49617
49619
131413
131801
131808
120646
49629
49644
131796
131878
54327
54406
54483
54390
54489
49641
53790
53791
53821
53823
53825
53836
53839
53841
53843
55076
55057
144393
144408
144455
144458
144463
144472
144606
144612
144615
144640
144644
196716
196719
196734
196730
196732
196616
196614
196781
196768
196782
141585
141606
141580
150669
139878
139879
150676
150601
150671
151724
139880
140157
140162
140198
140242
140243
140262
141573
142278
142311
142309
142475
142482
142480
142511
142270
142269
141610
141619
141643
141631
141632
141638
141650
142014
142023
142032
142038
142046
142271
142275
142274
55966
56118
56114
204684
204770
207763
207762
207764
207769
207702
207729
196799
196791
145296
196761
196755
196812
145342
145350
145351
145567
145381
145376
145379
145389
145391
145420
145422
145442
145451
145456
145830
145833
146010
146013
146022
146037
146040
151442
151447
151448
151444
151459
151396
151506
146042
151387
151400
151401
151397
203705
204043
204476
204502
204650
204655
203717
203711
203714
203764
203790
