48
61935 61945 581
61945 61935 581
61650 61651 476
61651 61612 891
61651 61650 476
61612 61651 891
61653 61965 1286
61982 61980 592
61982 61983 2002
57793 57797 972
57797 57793 972
57525 57524 485
57524 57525 485
58005 78308 1018
58006 77427 473
77427 58006 473
78308 58005 1018
66040 66056 4783
66040 78025 415
78025 66040 415
66045 66046 939
66046 66045 939
66058 66057 1012
66056 66040 4783
66057 66058 1012
65859 66644 1168
66644 65859 1168
83472 83473 676
83473 83472 676
91247 91262 1215
91262 91247 1215
170129 170153 1545
170153 170129 1545
58885 58887 672
58887 58885 672
117211 117220 698
117220 117211 698
61159 61161 942
61161 61159 942
61176 61178 2643
61178 61176 2643
61710 61706 752
61549 61556 261
61556 61549 261
61706 61710 752
61983 61982 2002
61965 61653 1286
61980 61982 592
154
79241
79254
79253
79264
80426
79298
79300
83972
83970
90528
91247
91262
79319
57284
57313
57364
57479
170129
170153
170372
58303
58311
78536
58036
58309
76890
58888
58885
58894
58925
58930
58943
59350
59353
58187
77530
58281
58282
58276
58321
58626
58435
58439
58887
117207
117211
117220
117242
117245
61108
61159
61161
61174
61176
61178
61761
61779
61769
61710
61783
61549
61575
61556
61558
61570
61568
61574
61546
61691
61708
61706
61634
61633
63646
62011
61983
61966
61965
61980
61935
61945
61944
61960
61958
61650
61644
61612
61653
61645
61378
57247
57232
57234
77966
57737
57739
57584
57749
57793
57797
57841
57985
57508
57524
76492
57535
57509
57515
57545
57547
58005
58006
78308
78960
76802
78035
73094
78653
65899
65981
65992
66001
65971
65973
65975
66042
78025
66045
66046
66053
66056
66057
66007
65839
66644
90885
79285
79445
87558
80442
80445
87842
87846
87817
83472
87792
83473
89716
87850
89720
89722
89775
89418
89442
