50
45976 45978 789
45978 45976 789
126196 126197 1576
126197 126196 1576
126197 126202 1902
126202 126197 1902
45736 45737 948
45737 45736 948
125318 125336 418
125336 125318 418
125340 125341 2006
125341 125340 2006
125388 125396 738
125385 125422 1080
125394 125395 673
125394 125422 2181
125395 125394 673
125422 125385 1080
125422 125394 2181
125396 125388 738
126009 120190 238
126009 120222 1913
125952 125998 751
120190 126009 238
120222 125998 994
120222 126009 1913
125998 120222 994
125998 125952 751
45699 45701 1704
45701 45699 1704
45703 45987 511
45987 45703 511
126556 126606 1445
126606 126556 1445
126606 126616 953
128904 128911 791
128911 128904 791
128914 128915 1950
128915 128914 1950
126616 126606 953
129192 129196 688
129196 129192 688
121051 121052 1616
121052 121051 1616
98040 98056 1111
98056 98040 1111
41993 41994 806
41994 41993 806
44384 44387 984
44387 44384 984
151
97724
97809
97834
97820
98045
98047
98040
98056
98112
98341
97678
97722
98323
98597
98607
191077
191373
41993
41994
41999
49895
49896
49899
42022
42034
42052
42054
42087
42092
42094
42097
42109
43671
43697
43966
43980
35774
44058
44059
43915
43889
43916
43828
43831
43906
43850
43857
44194
44226
44208
44236
44240
44391
44373
44375
44384
44387
43719
43747
44011
43712
43721
43768
43771
43898
43902
44759
44522
45605
45631
44754
45906
45909
45976
125958
125960
126080
126083
126113
126121
126125
126183
126197
126484
126489
45736
45738
45741
45737
45432
45433
125194
125229
125234
125273
125276
35705
125312
125318
125328
125336
125337
125341
125380
125995
125997
120190
45557
45558
45678
45697
45699
45987
126464
126471
126478
126548
126541
126556
126604
126557
126559
126428
126564
128900
128904
128911
128915
128927
128930
128949
129075
128955
128964
129088
123785
129030
126607
129189
129031
129240
129242
120946
121034
121036
121028
121026
120872
120878
121051
121052
