58
121234 121237 419
121237 121234 419
121154 121162 1503
121162 121154 1503
121162 121164 84
121164 121162 84
121167 121174 678
121174 121167 678
121174 121170 276
121554 121555 1202
121555 121554 1202
70085 70091 851
70091 70085 851
70058 70067 844
70070 70067 1445
70070 70071 591
70076 70071 1334
70288 70297 848
70297 70288 848
70307 70308 611
70308 70307 611
70541 70538 829
70540 70485 1473
70488 70485 818
70485 70488 818
70485 70540 1473
70538 70541 829
70533 70535 684
70535 70533 684
69315 69308 2079
69308 69315 2079
70067 70058 844
70067 70070 1445
70071 70070 591
70071 70076 1334
129442 129430 751
129445 129444 698
129444 129445 698
129472 129474 994
129474 129472 994
121170 121174 276
44831 44861 1275
44861 44831 1275
45858 45866 436
45866 45858 436
126653 126659 1080
126659 126653 1080
126757 126755 2042
126755 126757 2042
46074 50575 310
50575 46074 310
46105 46325 4658
46325 46105 4658
127564 127565 1248
127561 127571 313
127565 127564 1248
127571 127561 313
129430 129442 751
165
44818
44831
44814
44812
41375
44861
44852
44792
45943
45964
46090
46283
46294
46298
46311
46317
46318
46319
46352
126156
126155
127393
45856
45858
45866
45867
126663
126666
126653
126659
125400
45819
126757
126755
45820
45826
126691
126695
126690
126727
126726
126733
126741
127003
127010
45839
46117
46116
46024
46056
46058
46070
46074
46129
46068
50575
46105
46325
127431
127420
127422
127459
127439
127564
127477
127528
127561
127565
127571
127594
127469
127557
129082
129086
129132
129135
129145
129171
129182
129184
129266
129177
129268
129271
129416
129378
129428
129430
121228
121230
121220
121239
121246
121277
121154
121162
121167
121270
121553
121554
69242
69246
121569
70166
70099
70189
70085
70091
70112
70113
70122
70160
69096
69810
70049
69782
69800
69802
69826
69900
70297
70306
70307
70308
70318
70319
70541
70544
70550
70411
70416
70440
70467
70472
70473
70488
76616
69839
121403
77469
121407
121421
69315
77476
69308
71864
70054
129435
129444
129441
129472
129474
129475
129465
129485
121140
121170
216116
218205
218206
218208
218214
218203
219570
224091
