106
52907 50653 1111
50653 52907 1111
189773 189775 1331
189775 189773 1331
186259 186389 1860
194679 194680 1114
194679 194998 4020
194998 194679 4020
194680 194679 1114
194863 194889 615
194889 194863 615
194889 194904 367
194890 194676 2025
194676 194890 2025
195059 195050 1449
195061 195051 794
195235 195152 839
195050 195051 960
195050 195059 1449
195051 195050 960
195051 195061 794
195152 195235 839
195249 195251 283
195251 195249 283
195276 195615 796
195615 195276 796
198572 195934 2356
198572 198573 773
195932 195933 2241
195932 195934 756
195931 195933 864
195920 195924 863
195683 195690 796
195683 195695 756
195747 195750 796
195669 195784 1283
195784 195669 1283
195750 195747 796
195695 195683 756
195690 195683 796
195690 195702 557
195702 195690 557
195708 195909 774
195912 195909 722
195924 195920 863
195909 195708 774
195909 195912 722
195962 195945 594
195982 195985 691
195933 195931 864
195933 195932 2241
195934 195932 756
195934 198572 2356
195945 195962 594
198573 198572 773
198352 198353 773
198353 198352 773
195985 195982 691
196997 196999 955
196999 196997 955
197004 197009 759
197009 197004 759
203193 203196 1099
203196 203193 1099
203196 203195 1296
203195 203196 1296
203375 203376 671
203376 203375 671
203376 203392 410
203379 203394 750
203392 203376 410
203394 203379 750
203421 203490 814
203490 203421 814
27790 27791 2079
27791 27650 648
27791 27790 2079
27650 27791 648
27019 27020 2142
27020 27019 2142
27229 27230 765
27230 27229 765
51369 51402 1958
51215 52784 751
52784 51215 751
51402 51369 1958
51397 51450 848
51378 51389 905
51389 51378 905
51450 51397 848
194834 194904 1513
194904 194834 1513
194904 194889 367
140546 140554 1381
140554 140546 1381
140554 140795 2866
140795 140554 2866
186389 186259 1860
186434 186433 916
186433 186434 916
186439 186454 652
186454 186439 652
186457 186520 2400
186520 186457 2400
187095 187097 2270
187097 187095 2270
152
26867
27445
27006
27618
27790
27791
27650
35452
27019
27017
27020
27117
27128
27229
27230
27239
27261
27269
27215
27420
50810
50683
51223
51369
51215
51216
51230
51221
51196
52775
52784
50830
50658
50897
50903
50905
51402
51403
51396
51397
51378
51389
51393
51450
194834
194900
194904
140546
140554
140795
140825
140803
186389
186399
186434
186433
186439
186454
186457
186520
186528
186750
187095
187097
187100
187119
187155
190744
51329
51383
51443
51452
51456
51477
51491
51517
51520
51528
52855
52862
52863
52877
55748
56473
56476
56478
56490
56498
56497
56501
56518
52907
189758
189773
189790
189775
186238
186243
189755
194998
194680
194890
195060
195062
195069
195152
195249
195248
195276
195615
195277
195278
195931
195921
195920
195683
195631
195633
195747
195669
195784
195750
195702
195708
195913
195923
195909
195962
195975
195933
195985
196088
196987
196993
196997
196999
197009
203142
203193
203211
203213
203212
203157
203364
203375
203379
203394
203420
203490
203514
202638
202691
