82
243857 239133 1027
243857 243855 255
243855 243857 255
239133 243857 1027
244131 244129 1633
244123 244141 779
244129 244131 1633
244141 244123 779
247603 247600 825
247600 247603 825
247600 247607 603
247607 247600 603
247607 247608 788
247608 247607 788
247746 247748 818
247752 247751 902
247751 247748 949
247751 247752 902
247798 247802 1935
247802 247798 1935
247748 247746 818
247748 247751 949
247748 247794 787
247794 247748 787
248346 248341 839
248341 248346 839
255537 255536 2166
256204 256216 1719
256216 256204 1719
256216 256217 1666
256217 256216 1666
255470 255468 60
255468 255470 60
255539 255536 1416
256700 256699 2209
256701 256699 556
256728 256699 1651
256728 256732 2049
256728 256733 1860
256685 256684 1139
256799 261182 1216
256733 256728 1860
256733 256732 667
256734 256732 598
254954 254950 1102
254977 254950 6500
254957 263346 814
263347 263346 1090
255536 255537 2166
255536 255539 1416
256699 256700 2209
256699 256701 556
256699 256728 1651
256684 256685 1139
261182 256799 1216
256732 256728 2049
256732 256733 667
256732 256734 598
254950 254954 1102
254950 254977 6500
263346 254957 814
263346 263347 1090
254986 255054 4328
255050 255051 2014
255054 254986 4328
255051 255050 2014
256995 256997 238
256997 256995 238
256997 256998 876
256998 256997 876
243646 243640 778
243515 243516 845
243517 243516 705
243516 243515 845
243516 243517 705
243640 243646 778
243718 243719 1024
243719 243718 1024
245536 245746 2255
245746 245536 2255
247510 247511 847
247511 247510 847
167
255536
256699
256684
261182
256732
254950
263346
255028
254986
255050
254933
255183
255192
255201
255354
255227
255242
255054
255051
255072
256746
257204
256990
256995
256997
256991
256998
257302
257312
257343
257347
255235
255248
258689
255252
261159
257858
257860
257857
257864
262831
262805
262085
257954
257978
262081
239122
243646
243666
243435
243430
243448
243456
243459
243466
243510
243515
243450
243451
243517
243336
243516
243535
243640
243548
243549
243617
243680
254896
243683
243684
243701
243704
243718
243719
243720
243738
245311
245396
245397
245393
245520
245529
245536
245746
245562
245758
245761
247510
247511
247513
243843
243842
243900
243936
263930
243854
243855
239133
244131
244161
244117
244123
244120
244129
244141
243629
244165
244148
244179
243896
243898
242893
242899
261524
243890
243159
243171
244039
244047
247549
247552
247561
247585
247597
247603
247608
247739
247752
247796
247798
247795
247802
247829
247832
248338
248066
248346
258618
258620
258667
258672
255537
256202
256204
256217
256225
256411
256200
255420
255453
255470
259165
247356
258657
258674
255504
255539
256700
256701
256685
256799
256733
254954
254977
254957
263347
