56
188177 188179 875
187617 187618 2033
187618 187617 2033
188381 188368 801
188391 188394 686
188368 188367 778
188368 188381 801
188367 188368 778
188394 188391 686
188370 188524 900
188524 188370 900
135254 135286 1631
135286 135254 1631
135286 135287 537
135287 135286 537
135216 135317 788
135317 135216 788
135218 135213 1768
135213 135218 1768
135414 135430 1534
135430 135414 1534
135435 135483 789
135483 135435 789
136312 136315 1362
136312 136370 612
136315 136312 1362
136370 136312 612
136597 136603 870
136603 136597 870
136603 136620 2126
136354 136356 1085
136356 136354 1085
136363 136365 873
136365 136363 873
136663 136677 551
136677 136663 551
135644 136360 2429
136360 135644 2429
136407 136570 677
136570 136407 677
136620 136603 2126
136620 136624 1161
136624 136620 1161
199330 199331 1393
199331 199330 1393
23302 23308 2083
23308 23302 2083
23391 23440 826
23440 23391 826
23440 23442 708
23442 23440 708
24242 24247 354
24247 24242 354
24365 24367 676
24367 24365 676
188179 188177 875
171
22602
22603
22635
22640
22656
22946
22950
23038
23265
23282
23302
11965
23308
23324
23317
23313
23322
23327
23359
23377
23360
23369
23374
23391
23440
23442
23448
23454
23469
23470
12284
7469
7483
7476
28456
28367
28369
28481
24163
24172
24239
24242
24208
24247
14387
23504
23546
24039
24134
24137
24064
24069
24071
24075
24076
24288
24295
24300
24545
24365
24379
24380
24367
24589
24548
24615
24973
24987
24994
25040
25216
11707
25221
24078
188156
188179
188207
188177
188124
188127
188151
188131
188153
188166
187617
187622
187633
187618
188381
188368
188367
188443
188394
188414
188402
188413
188418
188403
188406
187287
187288
188524
190145
186838
188219
188340
188309
188321
135250
135254
135287
135289
135347
135351
135275
135278
135298
135345
135346
135307
135216
135305
135317
135320
135218
135213
135412
135414
135430
135493
135510
135483
135492
135516
135522
136247
136253
136256
132633
136351
136370
136597
136607
136609
136555
136577
136581
136613
136357
136354
136356
136363
136663
136677
136681
136684
136703
136706
136721
135642
135644
136397
136399
136624
136625
138689
199328
199331
199352
214765
194731
