76
166452 166493 758
166493 166452 758
167222 167197 630
167265 167266 672
167196 167197 2088
167266 167265 672
167197 167196 2088
167197 167222 630
167175 167169 650
167169 167170 474
167169 167175 650
167170 167169 474
167088 167089 1980
166750 166759 766
166759 166750 766
166759 166763 1017
166763 166759 1017
167013 167011 1429
167033 167061 933
167061 167033 933
167089 167088 1980
167011 167013 1429
180126 180381 536
180381 180126 536
180381 180382 889
180382 180381 889
180382 180391 737
180391 180382 737
180397 179703 789
179703 180397 789
169973 170751 682
170751 169973 682
182315 182356 1180
182312 182224 983
182224 182312 983
182212 182213 2174
182213 182212 2174
182215 182314 1556
182314 182215 1556
182337 182355 1062
182356 182315 1180
182356 182355 581
182355 182337 1062
182355 182356 581
152349 152348 351
152348 152349 351
152348 152944 775
152944 152348 775
152319 152333 1766
152333 152319 1766
144730 144722 774
144722 144730 774
145518 145521 801
145521 145518 801
145596 145597 744
145597 145596 744
145597 145609 757
145609 145597 757
145772 145767 747
145762 145757 823
145757 145762 823
145767 145772 747
145852 145861 729
145861 145852 729
146056 146071 809
146071 146056 809
151491 151492 977
151492 151491 977
148163 149314 2038
149314 148163 2038
208613 208614 756
208613 208615 1007
208614 208613 756
208615 208613 1007
208629 208666 884
208666 208629 884
161
145309
144724
144756
144771
144772
145315
144730
144762
144770
144722
145098
145102
145114
145116
145499
145516
145518
145521
145592
145596
145597
145609
145772
145761
145762
145757
145780
145781
145611
145622
145767
145777
145820
145850
145852
145861
145867
145876
146052
146056
146071
146102
151475
151491
151492
151553
151731
151565
148163
151583
151558
203814
149314
151497
203824
204453
204518
208613
208598
208614
208617
208606
207866
194685
208634
208623
208620
208615
207791
207798
207884
207849
207850
208609
208629
208665
208666
208659
208662
208657
208672
208710
208709
208724
208731
211107
214549
211172
180260
180262
180250
180269
180466
185574
180414
166398
166452
166493
166503
166547
166545
166578
166730
172661
166704
167201
167207
167202
167196
167197
167175
167167
167213
167088
166717
166750
166759
166760
167033
167061
167096
172176
167089
152420
152424
162545
152403
180498
180126
180382
180391
180397
179703
180175
180189
177718
180186
169973
170751
182312
179713
181915
182117
182124
182147
182190
182213
182215
152317
152349
152350
152942
152312
152940
152944
152319
152333
152340
152343
152325
152409
