52
107656 107673 2702
107688 107686 1188
107647 107660 2881
107660 107647 2881
107660 107673 876
107673 107656 2702
107673 107660 876
107687 107686 1188
107686 107687 1188
107686 107688 1188
111117 111115 3310
111115 111117 3310
111941 111944 788
111944 111941 788
111944 111948 681
111948 111944 681
112123 112127 788
112022 112023 252
112023 112022 252
112281 112136 756
112136 112281 756
112127 112123 788
112339 112341 1248
112341 112339 1248
112446 112442 354
112444 112443 756
112437 112441 1919
112441 112437 1919
112443 112442 1344
112443 112444 756
112442 112443 1344
112442 112446 354
112680 112925 869
112925 112680 869
112383 112382 847
112382 112269 951
112382 112383 847
112269 112382 951
212135 212136 758
212136 212135 758
207786 212332 1044
212332 207786 1044
114596 114595 503
114595 114596 503
115120 115308 893
115308 115120 893
115412 115363 949
115363 115412 949
92920 92931 515
92931 92920 515
106907 106897 1207
106897 106907 1207
162
198918
211823
212132
212135
212136
212140
212146
212159
212336
212164
212163
207786
212331
212332
212380
178711
114618
115391
114633
114672
114596
114595
114670
114444
114448
114458
114421
114449
114052
115165
115156
115163
114826
114893
114946
114906
114877
114883
115039
115044
92078
92100
115120
115305
115308
115320
115412
115363
115655
115705
106815
106949
107020
107148
107160
107005
107303
106893
92867
92920
101763
92931
102847
92947
106890
106701
106907
106897
106189
105753
106233
105762
116022
116044
116115
116123
105738
113880
105746
192029
191885
191726
191576
191571
192070
192823
192829
192837
192797
192844
193017
193020
193021
193970
107618
109835
109847
107635
109823
107719
107733
107728
107721
107688
107647
107687
107697
107787
111015
111117
111157
111115
111919
111938
111941
111944
111948
111966
112091
112095
112099
112123
112018
112023
112026
112282
112281
112136
112127
112301
112332
112339
112341
112417
112446
112447
112437
112441
112391
112675
112693
112902
112680
112925
112947
112948
112386
112384
112269
112676
112964
112984
113001
113002
113159
113111
113252
113367
113265
113266
113393
113432
