382
628 629 3802
628 678 2778
628 680 1897
644 639 1584
644 680 3700
684 647 2513
684 680 1492
543 544 1256
543 545 3808
543 547 1940
562 545 2038
562 563 2875
562 566 1219
546 533 3291
546 548 3959
546 549 251
566 562 1219
566 567 1919
566 568 373
569 567 2207
569 568 1539
569 575 1065
552 542 476
552 555 557
552 556 696
556 552 696
556 555 1004
556 557 737
6096 6094 596
6096 6179 2859
6178 6131 5114
6178 6179 1336
6178 6183 3170
6184 6183 3353
6184 6187 705
6196 6194 3002
6196 6199 1345
6196 6202 1606
6200 6199 4446
9 8 1673
9 1196 1068
9 6443 1804
10 8 1400
604 603 2642
604 606 1999
604 608 1906
605 603 875
605 607 1400
605 1196 2867
6211 3378 6292
6211 6210 1358
6211 6338 1358
3374 3375 2771
3374 3380 2170
3374 6346 3877
3400 3380 5126
3404 3403 1419
3405 3403 1052
3405 3406 1441
3405 3407 2501
3410 3395 2781
6450 3412 3365
3397 3389 1324
3560 3456 8071
6446 3457 2117
916 910 948
916 915 2340
916 968 9913
976 880 2755
976 968 924
976 988 893
1012 1011 2118
1012 1013 1023
1011 988 4325
1011 1012 2118
1011 1014 1445
1011 1015 948
1027 1014 1345
1027 1015 1611
2940 2932 1381
2940 2935 1124
2940 2941 1897
2937 2938 1952
2937 2941 1276
2937 2982 1627
2937 2983 1031
2986 2982 2340
2986 2987 1796
2986 2988 1734
2994 2988 1530
2994 2993 1786
2994 2996 550
2997 2988 749
2997 2996 835
2997 2998 1374
3140 2998 2081
3140 3141 333
3140 3144 1222
3143 3141 1804
3143 3148 746
3143 3149 867
6368 3142 489
6368 3152 228
3147 3145 1124
3147 3150 562
3147 3151 928
3151 3147 928
3151 3154 2428
3151 3180 433
3182 3180 1300
3182 3183 787
3182 3184 4337
3182 3185 1222
3185 3182 1222
3185 3186 333
3185 3189 1124
3190 3189 1206
3190 3192 1359
3686 3685 875
3686 3689 2432
3822 3192 1673
3822 3685 1161
3822 3823 3418
3712 3701 950
3712 3713 1336
3712 3722 3521
3706 3702 2509
3706 3707 679
3706 3711 201
3638 3637 1965
3638 3640 902
3638 3702 746
3705 3702 706
3705 3704 402
3705 3707 2202
3639 3637 1006
3639 3640 2304
3639 3641 749
3639 3644 550
3423 3422 4445
3423 3424 712
3558 3553 1344
3564 3554 1225
3564 6418 1376
3565 3554 2480
3565 3575 1177
3618 3619 2039
3618 3621 1591
3618 3622 782
363 348 473
363 361 556
363 364 373
653 364 2097
661 372 1712
661 372 1712
661 660 3147
6423 660 3013
817 818 603
817 819 2682
817 819 2682
831 830 3653
831 836 1881
831 839 1694
835 830 1312
642 641 581
642 643 1454
642 648 3392
670 669 1113
843 836 1031
843 842 1457
843 844 2264
844 837 2557
844 842 3194
844 843 2264
844 907 1261
906 837 1005
909 907 2016
909 912 1803
915 912 1729
915 916 2340
6377 690 689
629 515 1565
629 628 3802
629 677 845
678 535 2621
678 628 2778
678 679 2177
639 644 1584
647 648 1004
647 684 2513
544 543 1256
547 543 1940
563 562 2875
533 546 3291
548 535 473
548 546 3959
568 566 373
568 569 1539
575 569 1065
542 552 476
557 556 737
6094 6096 596
6131 6178 5114
6183 6178 3170
6183 6184 3353
6194 6196 3002
6202 6196 1606
1196 9 1068
1196 605 2867
6443 9 1804
606 604 1999
606 607 3310
608 604 1906
607 605 1400
607 606 3310
607 6210 1138
6210 607 1138
6210 6211 1358
6338 3375 1606
6338 6211 1358
3375 3374 2771
3375 6338 1606
6346 3374 3877
3406 3405 1441
3407 3405 2501
910 916 948
880 976 2755
988 976 893
988 1011 4325
1014 1011 1445
1014 1027 1345
2932 2940 1381
2941 2937 1276
2941 2940 1897
2983 2937 1031
2987 2986 1796
2988 2986 1734
2988 2994 1530
2988 2997 749
2998 2997 1374
2998 3140 2081
3144 3140 1222
3148 3143 746
3149 3143 867
3149 3152 1483
3149 3154 503
3152 3149 1483
3152 6368 228
3150 3147 562
3154 3149 503
3154 3151 2428
3183 3182 787
3183 3186 782
3184 3182 4337
3186 3183 782
3186 3185 333
3192 3190 1359
3192 3822 1673
3689 3686 2432
3823 3822 3418
3713 3712 1336
3722 3712 3521
3707 3705 2202
3707 3706 679
3640 3638 902
3640 3639 2304
3704 3705 402
3641 3639 749
3641 3644 333
3644 3639 550
3644 3641 333
3424 3423 712
6418 3564 1376
3575 3565 1177
3619 3618 2039
3622 3618 782
348 361 402
348 363 473
361 348 402
361 363 556
818 817 603
839 831 1694
641 642 581
648 642 3392
648 647 1004
842 843 1457
842 844 3194
907 844 1261
907 909 2016
515 629 1565
677 629 845
535 548 473
535 678 2621
679 678 2177
680 628 1897
680 644 3700
680 684 1492
545 543 3808
545 562 2038
549 546 251
567 566 1919
567 569 2207
555 552 557
555 556 1004
6179 6096 2859
6179 6178 1336
6187 6184 705
6199 6196 1345
6199 6200 4446
8 9 1673
8 10 1400
603 604 2642
603 605 875
3378 6211 6292
3380 3374 2170
3380 3400 5126
3403 3404 1419
3403 3405 1052
3395 3410 2781
3412 6450 3365
3389 3397 1324
3456 3457 1063
3456 3560 8071
3457 3456 1063
3457 6446 2117
968 916 9913
968 976 924
1013 1012 1023
1013 1015 1454
1015 1011 948
1015 1013 1454
1015 1027 1611
2935 2940 1124
2938 2937 1952
2982 2937 1627
2982 2986 2340
2993 2994 1786
2996 2994 550
2996 2997 835
3141 3140 333
3141 3143 1804
3142 6368 489
3145 3147 1124
3180 3151 433
3180 3182 1300
3189 3185 1124
3189 3190 1206
3685 3686 875
3685 3822 1161
3701 3712 950
3711 3706 201
3702 3638 746
3702 3705 706
3702 3706 2509
3637 3638 1965
3637 3639 1006
3422 3423 4445
3553 3558 1344
3554 3564 1225
3554 3565 2480
3621 3618 1591
364 363 373
364 653 2097
372 661 1712
372 661 1712
660 661 3147
660 6423 3013
819 817 2682
819 817 2682
830 831 3653
830 835 1312
643 642 1454
643 669 2285
669 643 2285
669 670 1113
836 831 1881
836 843 1031
837 844 2557
837 906 1005
912 909 1803
912 915 1729
690 6377 689
105
680
545
549
567
555
6179
6187
6199
8
603
3378
3380
3403
3395
3412
3389
3456
3457
968
1013
1015
2935
2938
2982
2993
2996
3141
3142
3145
3180
3189
3685
3701
3711
3702
3637
3422
3553
3554
3621
364
372
660
819
830
643
669
836
837
912
690
639
647
563
533
548
568
542
557
6094
6131
6183
6194
1196
606
608
3375
6346
3407
910
880
988
1014
2932
2941
2983
2987
2988
2998
3144
3149
3183
3184
3186
3689
3823
3713
3722
3707
3640
3704
3641
3644
3575
3622
348
361
839
641
648
842
907
515
535
679
