44
117282 117280 2454
117280 117282 2454
117327 117329 611
117118 117111 1313
117329 117327 611
61261 61266 685
61261 61266 685
61266 61261 685
61266 61261 685
78599 78598 2332
78598 78599 2332
78113 78109 1078
78109 78113 1078
78934 78935 341
78935 78934 341
76788 76789 303
76789 76788 303
57336 57337 961
57338 66734 2348
57337 57336 961
86621 89864 1359
89864 86621 1359
89864 89868 752
89868 89864 752
89727 89858 1641
89858 89727 1641
81100 81120 1727
81120 81100 1727
81120 81121 3557
81121 81120 3557
80903 80904 2764
80904 80903 2764
66734 57338 2348
66755 57360 2112
79106 79107 9111
79147 79898 1241
79898 79147 1241
79107 79106 9111
57320 57382 1405
57382 57320 1405
57360 66755 2112
79996 79995 2131
79995 79996 2131
117111 117118 1313
153
89752
89931
89934
83962
90433
90441
90442
90402
90404
90437
89664
89661
66734
66750
66755
66756
66758
66764
77980
84895
91538
79106
79147
79898
84866
79793
84868
84871
79107
57320
57325
57382
57388
77412
57359
57360
57372
57353
57363
57349
57374
56896
56900
56981
79491
79480
79607
79775
79783
79358
79762
90916
79786
79977
79983
80102
87520
80134
79996
79997
79995
80040
80116
80066
80118
80069
80091
80163
80188
162319
162333
162270
117111
117120
117109
117088
117097
117094
117282
117038
117280
117327
117299
117302
117062
117117
117329
117403
61273
61261
117448
117443
61253
61255
76549
61342
61357
61347
61291
61297
61296
61323
61327
78514
78063
78510
58044
76444
78599
78598
76432
58073
57939
57926
78103
78109
78335
78934
78935
57974
57984
76788
78021
78465
78689
57338
77999
79457
79447
83898
87875
89813
89842
89727
89858
89866
89862
89869
89872
81100
80957
81118
80324
80355
80906
80948
80945
81025
81031
81121
81237
80903
81297
