56
13379 13380 836
13360 13356 1028
13356 13360 1028
13057 13058 1375
13058 13057 1375
13200 13825 2138
13825 13200 2138
13727 13729 604
13729 13727 604
13729 13731 536
13731 13729 536
13811 13804 2091
13804 13811 2091
23816 23824 1092
23963 23960 737
23825 23824 1501
23824 23816 1092
23824 23825 1501
23960 23963 737
14245 14246 591
14246 14245 591
187199 187243 830
187243 187199 830
187243 189477 1309
189477 187243 1309
189576 189580 384
189580 189576 384
189580 189584 1828
189584 189580 1828
189492 189558 1217
189558 189492 1217
134849 134687 2508
134687 134849 2508
134902 134898 789
134898 134902 789
132844 132845 599
132845 132844 599
132845 135679 1559
135679 132845 1559
134971 135660 418
135660 134971 418
231235 230906 563
230906 231235 563
8970 8968 1280
8968 8970 1280
9011 9224 1172
9224 9011 1172
8778 9227 1253
9227 8778 1253
9466 9687 821
9687 9466 821
10330 10327 1431
10327 10328 944
10327 10330 1431
10328 10327 944
13380 13379 836
167
231238
231227
231235
231229
230906
226729
226746
226744
226758
230327
230265
232145
232136
232142
232153
232158
232186
34762
232180
230332
230341
230633
8925
34759
8936
8940
8970
8968
8981
8989
8991
8993
9011
9224
8778
9227
9230
9255
34803
9258
9278
9331
9335
9337
9448
9466
9687
9690
10074
9695
10105
10231
10271
10277
10279
10323
10330
10327
10328
10221
10414
10594
34799
10602
10607
10659
10601
10615
10695
10943
10949
10963
10944
13302
13306
13324
12788
13336
13357
13349
13380
13389
13379
12792
12807
12810
12813
12814
13356
13050
13057
13076
13092
13166
13067
12791
13183
13190
13819
13699
13727
13792
13788
34376
13811
13813
13804
13962
23814
23816
23963
23825
23824
23818
23938
23913
23920
23924
23929
23930
23960
14319
25069
25144
187204
23906
23953
14245
14246
187196
187199
187243
189477
189483
189576
189580
189584
189492
189515
189544
189547
189516
187904
189566
189557
189533
134667
134846
134669
134671
134849
134687
134871
134902
134925
134874
134897
135661
132845
135679
134966
134971
135659
134951
135745
135752
135736
