76
104868 104891 333
104891 104868 333
104961 105057 1146
105057 104961 1146
105066 105067 1345
105067 105066 1345
104677 104676 805
104676 104677 805
105077 105093 1001
105093 105077 1001
39658 39660 1777
39660 39658 1777
39663 39715 511
39715 39663 511
39669 39671 1132
39671 39669 1132
39687 39692 827
39692 39687 827
39743 39741 1458
39741 39743 1458
39953 39951 272
39951 39953 272
39951 39954 551
39954 39951 551
50263 41013 742
41013 50263 742
41015 41018 2453
41060 41062 333
41062 41060 333
41018 41015 2453
41148 41151 344
41151 41148 344
40870 40869 2189
40648 40869 1619
40869 40648 1619
40869 40870 2189
41671 41669 1010
41669 41671 1010
48598 48597 1248
55112 55128 139
55128 55112 139
55292 55295 1035
55295 55292 1035
55388 55389 1890
55389 55388 1890
55403 55404 952
55404 55403 952
55404 55409 873
55409 55404 873
55453 55454 418
55454 55453 418
48593 48596 475
48593 48612 373
48596 48593 475
48597 48598 1248
48610 48629 828
48629 48610 828
48629 48680 1535
48680 48629 1535
48612 48593 373
112311 112326 2028
112326 112311 2028
112642 112638 66
112638 112642 66
112244 112245 336
112245 112244 336
113362 113375 1983
113375 113362 1983
113375 113382 2011
113382 113375 2011
113020 113021 924
113025 112933 1877
113021 113020 924
112933 113025 1877
104531 104535 336
104535 104531 336
173
112224
112311
112326
112366
111791
111792
112582
112650
112652
112173
112177
112897
112240
112200
112198
112199
112642
112660
112691
112638
112243
112252
112260
112244
112251
112245
112375
112365
112364
112687
112939
112942
112961
112968
113058
113345
113353
113358
113362
113375
113382
113389
113398
113020
113025
113021
113023
113016
103307
113045
113074
113060
103317
112809
113048
103309
112933
104531
104535
104544
113409
113410
104521
104642
104639
104545
104547
104549
104540
104515
104577
104596
104621
104572
104580
104568
39808
39815
39613
39633
39821
39784
39788
39796
104745
104764
104803
104868
104891
104965
104963
104967
104961
105057
105061
105051
105066
105096
105065
104663
104677
104676
104457
105072
105073
105093
39581
39652
39658
39711
39663
39673
39715
39629
39669
39676
39671
39687
39692
39743
39759
39741
39954
41002
41003
41015
41018
41010
41030
41033
41041
41043
41052
41148
41160
40628
41159
41161
41168
40870
40878
41334
40901
40971
41344
41352
41370
41372
40643
40869
41671
40994
41669
48598
55128
55130
55292
55295
55388
55389
55404
55409
55432
55453
55454
48593
48596
48608
48610
48629
48680
48599
48612
