42
124188 124179 789
124183 124179 976
124179 124183 976
124179 124188 789
116921 116931 928
116931 116921 928
116932 116933 874
116933 116932 874
118241 118243 202
118126 118129 837
118129 118126 837
118203 118204 1010
118204 118203 1010
118243 118241 202
124327 124328 1414
124328 124327 1414
124380 124521 874
124380 124521 874
124383 124520 1023
124520 124383 1023
124521 124380 874
124521 124380 874
60412 66801 1350
66801 60412 1350
60168 60376 954
60376 60168 954
60335 77704 824
77704 60335 824
60546 60545 319
60546 76982 3828
76982 60546 3828
60545 60546 319
62920 62923 1584
62923 62920 1584
100061 100535 3604
100535 100061 3604
101158 101157 1484
101157 101158 1484
117577 117546 657
117546 117577 657
117907 117908 2046
117908 117907 2046
156
99884
99892
99896
100021
100061
100538
101214
100535
100024
100041
100042
101205
101228
101232
101199
101218
101235
101035
101020
101025
100856
100890
101141
101144
101140
101158
101157
101052
101162
101236
101258
101267
101270
96395
100874
100846
100834
121707
117729
117752
117755
116410
116967
116376
117612
117615
116371
117577
117589
117197
117546
117717
117746
117736
117740
117805
117826
117830
117837
117882
118323
117905
117907
117908
117920
121690
121694
121928
121683
132453
118266
124135
124139
124253
124266
118071
118224
118228
118324
118252
124122
124124
124188
124181
124183
124179
118079
118235
116862
116870
116872
116931
116932
116933
118241
118126
118129
118180
118198
118196
118203
118204
118207
118218
118243
118246
124276
124327
124328
124333
124336
124339
124361
124369
119993
119990
119976
120170
120082
120063
60350
60340
60412
66808
66811
66816
60162
60168
60376
60378
60475
60375
60359
78805
77057
60516
60497
60335
60488
60322
60494
77704
76034
76857
60545
60560
60279
77612
78468
78491
77725
60300
62920
62923
62929
62934
