60
134221 134223 1139
134223 134221 1139
134258 134931 827
134931 134258 827
134507 134504 889
134504 134507 889
134591 136027 605
136027 134591 605
136029 136030 827
136030 136029 827
133918 133914 818
133598 133605 796
136946 136943 893
136937 136943 446
136954 136953 840
136954 136964 756
136964 136954 756
136955 136944 556
136955 136953 848
136953 136954 840
136953 136955 848
136943 136937 446
136943 136946 893
136944 136955 556
133605 133598 796
133914 133918 818
133932 133928 676
133928 133932 676
133949 133951 403
133951 133949 403
133951 133960 373
133960 133951 373
137132 137134 1000
137134 137132 1000
137224 137225 1111
137225 137224 1111
137158 137159 840
137159 137158 840
137595 137593 866
137593 137595 866
10306 10346 2180
10346 10306 2180
10682 10933 3641
10933 10682 3641
13115 13100 2476
13115 13118 1679
13118 13115 1679
13478 13479 1072
13479 13478 1072
13102 13100 884
13091 13111 893
13111 13091 893
13100 13102 884
13100 13115 2476
13136 13203 1025
13203 13136 1025
13841 13843 1955
13843 13841 1955
23937 23931 3621
23931 23937 3621
177
9919
9948
9964
9968
9971
9997
9996
7352
10005
8869
10290
10302
10306
10307
10346
10293
10291
10360
10808
10900
10633
10896
10644
10674
10677
10936
10682
10933
10996
13312
13315
13321
13420
35098
14224
14229
13423
13442
13439
13373
13396
13453
13452
13446
13115
13118
13478
13479
13102
13110
13091
13111
13100
13096
13136
13203
13221
13228
13580
13214
13244
13541
13239
13243
13847
13856
13232
13858
13859
13865
13833
13841
13843
13889
13901
13909
14057
14075
14073
14083
14084
13988
14170
14180
23937
23838
23931
23996
14350
24024
23967
23985
132852
132853
189478
189561
189570
190481
134838
134221
134223
134927
134928
134861
134918
134931
134351
134352
135654
135651
135653
134405
134407
134406
134412
134507
134503
134585
134591
136027
136029
136030
136035
137417
137422
136981
136983
136987
136896
136900
133918
133595
133919
133598
136940
136946
136954
136963
136964
136953
136943
133605
136968
137089
133942
133914
133949
133960
133959
137140
137117
137122
137124
137134
137224
137033
137067
137071
137077
137020
137021
137520
137538
137540
137585
137078
137158
137171
137200
137159
137591
137624
137627
138008
138005
138006
138012
