64
208942 208945 2239
209103 209461 278
208945 208942 2239
209104 209106 2477
209106 209104 2477
209461 209103 278
181336 181334 3132
181336 181342 1022
181342 181336 1022
181342 181345 2611
181345 181334 1111
181345 181342 2611
181334 181336 3132
181334 181345 1111
179546 179545 1178
179545 179546 1178
181780 181768 1424
181768 181762 610
181768 181780 1424
181762 181768 610
201897 201896 989
201883 179488 1008
201896 201897 989
209921 209926 2315
209816 209819 1899
209819 209816 1899
209926 209921 2315
213938 213940 461
213917 213921 434
213921 213917 434
213940 213938 461
213898 213899 784
213899 213898 784
201850 201851 539
201851 201850 539
201851 201854 815
201854 201851 815
179488 201883 1008
105617 105933 2973
105933 105617 2973
202250 202251 1188
202251 202250 1188
202352 202356 867
202356 202352 867
202950 202951 860
202951 202950 860
202942 202943 591
202943 202942 591
202891 202892 523
202474 202476 700
202476 202474 700
202890 202892 707
202892 202890 707
202892 202891 523
203097 205296 1027
205296 203097 1027
198938 198939 2383
198964 198939 2022
198939 198938 2383
198939 198964 2022
198364 198369 756
198369 198364 756
206203 206226 2965
206226 206203 2965
169
202093
196973
202097
202119
202250
202251
202287
202291
202292
202335
202352
202356
202277
199564
203087
202948
202950
202951
202962
202995
203000
203012
202942
202943
202891
202429
202452
202470
202474
214308
214312
202427
202451
202476
202890
202896
202892
203102
203103
203095
203096
203097
205296
205312
205336
205337
205353
205477
205480
205491
205516
205514
198938
198964
198971
198939
198258
198361
198364
198369
198401
198404
205519
205536
205548
205549
201191
206201
206203
206210
206199
206422
206428
206446
206452
206226
206501
206510
208939
209108
208945
209104
209106
209109
209138
209148
179564
179574
179562
181334
179546
179545
181095
181424
181419
181395
181462
181432
181780
181768
181762
179572
201900
213803
213779
213747
201883
179533
179538
201896
209762
209772
209775
209811
209827
209921
209816
209817
209926
209941
209953
209952
213938
213916
213917
213921
213940
213906
213898
213900
213826
213899
213819
213822
201520
201665
201673
201740
201850
201854
179488
194519
192316
192321
193375
193418
193421
193436
193577
193565
193325
193332
190920
190928
105840
105896
105937
115935
115932
115948
103420
114802
105615
105617
105662
105933
105633
105646
105654
