38
244746 244749 511
246602 246693 536
246693 246602 536
242943 242942 1217
242942 242943 1217
242959 242950 211
256394 256397 716
256397 256394 716
256526 256531 860
256531 256526 860
256531 256532 685
256532 256531 685
248023 248195 975
248195 248023 975
248195 248288 580
248232 248233 445
248233 248232 445
248269 248271 2468
248271 248269 2468
248288 248195 580
255649 255652 1344
255652 255649 1344
257071 257073 750
257073 257071 750
238421 238427 3145
238427 238421 3145
238363 238458 1095
238458 238363 1095
238987 239007 2306
239007 238987 2306
242950 242959 211
242716 242718 1876
242718 242716 1876
239697 240110 375
240110 239697 375
244741 244714 926
244714 244741 926
244749 244746 511
162
238191
238195
238172
238180
238202
238265
238295
256915
257071
257072
257073
257093
257150
257096
238400
238421
238427
238433
238363
238458
238483
238486
263657
263218
263219
238468
238490
238476
238665
238655
238659
238988
263102
238987
238684
238699
238968
239007
239012
239066
239072
239075
238801
239084
239086
239102
238734
238769
238773
238797
238746
261486
242800
242801
242832
242700
242762
242773
242939
243038
243069
243066
242950
242716
242718
242724
239597
242648
242660
239687
239696
239697
240110
240124
240130
240267
240282
261398
261400
261309
261326
261313
261315
244699
244707
244741
244745
244714
244749
244744
244751
244760
244961
244968
244981
244965
244997
244874
244969
245107
261250
245014
245171
245165
245261
245265
245268
245274
245648
245670
245663
246582
246566
246591
246596
246696
246701
246602
242935
242943
242984
245651
245656
246707
246714
246751
246769
247959
247963
247065
237880
247981
248149
242169
248003
248016
256383
256394
256397
256531
256532
248023
248232
248233
248269
248184
248288
248189
248199
248326
248335
248389
248382
264012
255816
255618
255830
255647
255649
255652
255856
255911
