46
94695 94694 534
94694 94695 534
50052 50056 1073
50056 50052 1073
50117 50119 3266
50119 50117 3266
109039 109092 1385
109092 109039 1385
42125 42129 2385
42129 42125 2385
42129 42188 4358
42188 42129 4358
42188 42193 1349
42193 42188 1349
35527 35532 2148
35532 35527 2148
44101 44083 818
44083 44101 818
44183 44092 475
44293 44296 2420
44296 44293 2420
44296 44298 848
44298 44296 848
44311 44313 2126
44313 44311 2126
44461 44466 238
44466 44461 238
44049 44036 1951
44034 44036 2432
44036 44034 2432
44036 44049 1951
44092 44183 475
44704 44705 672
44705 44704 672
44706 44708 4722
44708 44706 4722
170787 170789 688
170790 170789 452
170789 170787 688
170789 170790 452
95037 95035 697
95057 95060 604
95035 95037 697
95060 95057 604
97744 97742 373
97742 97744 373
154
213673
213637
213671
169657
170787
170626
170646
170583
170593
170611
170717
170790
170789
170822
170726
170801
170662
94877
94882
94889
102892
95551
95557
95581
94711
94721
95038
95037
95057
95035
95060
95064
95099
95115
95104
95206
95226
95222
101751
95532
95517
95515
94927
41929
49809
49813
49814
50021
50002
50044
102739
102741
97744
97770
97742
97783
93382
102674
102911
93395
93406
98802
102691
93426
93429
93430
93501
101669
101670
94694
98647
93352
98150
98237
98238
98241
98246
98126
98142
98195
98201
98206
98208
98223
98224
98286
98290
98568
98583
191107
191115
191081
191228
49976
50049
50117
50119
50124
50128
50108
50134
50171
109039
42125
50243
35503
42193
42154
42150
42153
42180
35527
35532
43939
43943
43954
41414
44101
44083
44108
44278
44284
44293
44297
44311
44313
44334
44556
44363
44355
42032
44416
44425
44446
44454
44451
44461
44466
44661
44663
44660
44681
44030
44034
44036
44084
44090
44100
44092
44097
44704
44701
44706
44708
