80
188646 188645 762
188648 188651 817
188651 188648 817
188645 188646 762
187443 187442 809
187442 187443 809
199185 199121 292
199163 199164 843
199121 199185 292
199164 199163 843
199176 199178 1127
199178 199176 1127
199234 199363 1666
199363 199234 1666
199367 199374 219
199374 199367 219
200005 200004 1338
200005 200007 1007
200004 200005 1338
200004 200006 1699
200007 200005 1007
199583 200104 774
199558 199560 363
199560 199558 363
200104 199583 774
199422 199421 2560
199404 199405 853
199405 199404 853
199421 199422 2560
200668 200670 556
200670 200668 556
200670 200683 2374
200006 200004 1699
200012 200016 838
200016 200012 838
200955 200969 1579
200969 200955 1579
201007 201029 406
200997 201022 1005
201021 201022 538
201215 201214 797
201029 201007 406
201027 201020 901
201027 201026 578
201026 201027 578
201020 201027 901
201022 200997 1005
201022 201021 538
200683 200670 2374
200740 200748 1277
200748 200740 1277
215165 215176 778
215176 215165 778
215176 215173 261
215160 215161 848
215161 215160 848
215173 215176 261
201214 201215 797
28883 28891 1543
28891 28883 1543
28821 28823 1475
28823 28821 1475
24419 24418 884
24418 24419 884
24655 24670 806
24670 24655 806
189066 189068 801
188597 188596 777
189068 189066 801
188596 188597 777
188596 189063 772
189063 188596 772
189114 189116 794
189116 189114 794
189335 189337 848
189342 189337 715
189337 189335 848
189337 189342 715
188781 188783 737
188783 188781 737
163
28679
28872
28883
28891
28937
24424
28697
28821
28823
28834
28861
24419
24432
24418
24437
24445
24446
24582
24703
24644
24646
24723
10824
24653
24655
24670
24763
24767
189066
189228
189245
189277
189285
188597
189068
188596
189063
189065
189149
189160
189297
189300
189114
189125
189133
189185
190747
189116
189123
189138
189333
189335
188842
188848
189329
189342
189337
188776
188778
188834
188846
188851
188849
189327
186872
186875
188781
188783
190651
188784
188807
188808
188796
188794
187470
188651
190655
187475
187393
187402
187403
187398
189754
187445
187448
187442
189309
199184
199163
199164
199168
199178
199217
199240
199215
199228
199363
199374
214559
200005
200007
199583
199560
199580
195013
200104
199422
199519
199524
199522
199404
199399
199405
199421
200285
200670
200065
200206
200212
200220
200078
200070
200006
200012
200016
200928
200926
200930
200955
200969
200972
201012
201017
201007
201129
201021
201219
201213
201025
201029
201027
201020
201022
200920
200683
200748
215165
194831
215160
215161
215172
201287
201305
214896
212659
194751
201206
201208
201214
225025
225046
225050
225062
