48
137239 137241 1556
137241 137239 1556
137245 137247 818
137247 137245 818
137262 137263 756
138019 138020 202
138020 138019 202
137263 137262 756
138064 138066 1935
138066 138064 1935
138066 138069 877
138069 138066 877
230484 230181 445
230181 230484 445
229951 229950 672
229951 229952 2335
229952 229951 2335
231075 231070 1882
231070 231075 1882
231072 231058 251
231058 231072 251
229950 229951 672
230431 230447 928
230447 230431 928
231292 231282 1124
231282 231292 1124
14095 14096 750
14096 14095 750
14176 14177 1543
14177 14176 1543
134246 134247 1098
134247 134246 1098
133557 133563 847
133557 133564 847
133563 133557 847
136921 136930 1014
136930 136921 1014
133574 133600 884
133600 133574 884
133564 133557 847
133929 132615 1102
132615 133929 1102
133969 133968 1791
133968 133969 1791
133968 133974 1161
133974 133968 1161
137146 137145 1085
137145 137146 1085
166
13254
13255
14010
14012
13873
13871
14051
14062
14108
14069
14116
14095
14132
14078
14092
14096
14101
14089
14161
14166
14176
14177
14191
14033
14212
23995
248819
248400
132624
132670
132864
132874
132816
132843
132850
132870
132883
187015
187180
187183
187187
187189
134215
134226
134240
134243
132872
132885
134246
134247
134249
134260
134330
134333
134337
134345
134391
134400
134390
134494
134492
134496
134498
134626
134630
139582
136976
136890
133557
133563
133567
136921
136925
136926
136930
133574
136931
133583
133600
133602
133564
133578
133591
133917
133929
132615
133969
133968
133974
133979
137141
137146
137145
137235
137243
137252
137085
137625
137083
137189
137197
137620
137626
137996
137206
137207
137255
137210
138013
138019
138020
137264
138066
138069
138094
138271
138282
138284
138287
138288
138818
138819
138762
235643
231395
230484
230487
230181
230511
230527
229952
229964
231072
231058
231083
231133
234971
231152
231174
229944
229950
230435
230443
229371
229373
229742
229818
230465
234583
230131
230431
230447
230449
230139
230020
231424
231292
231282
231345
231343
231352
231328
235259
231320
231322
232942
