64
8020 8018 830
8018 8020 830
8010 8025 2201
8025 8010 2201
8225 8230 913
8230 8225 913
8261 8264 1623
8264 8261 1623
8515 8501 852
8531 9174 775
9174 8531 775
8501 8500 694
8501 8515 852
8500 8501 694
9531 9535 1333
9534 9535 1737
9537 9535 844
9535 9531 1333
9535 9534 1737
9535 9537 844
9543 9549 297
9549 9543 297
16495 16496 436
16496 16495 436
16551 16552 880
16552 16551 880
16552 16553 1293
16553 16552 1293
16902 16915 2148
16915 16902 2148
16508 16741 403
16741 16508 403
16832 16833 522
16833 16832 522
9790 9796 510
9796 9790 510
9799 11318 707
11318 9799 707
11345 11344 930
11344 11345 930
11365 11410 1007
11366 11419 336
11410 11365 1007
11419 11366 336
12440 12357 923
12357 12440 923
12357 12442 2237
12442 12357 2237
11529 11533 544
11552 11527 782
11552 11554 946
11554 11552 946
11527 11552 782
11533 11529 544
228092 228089 353
228089 228092 353
227693 228326 2940
225706 227496 7388
227496 225706 7388
228326 227693 2940
228428 228265 1424
228265 228428 1424
226428 226440 803
226440 226428 803
162
235580
228953
228949
228095
228092
228089
228038
228097
228045
228052
227901
234489
227914
227921
227922
227690
227693
227966
227981
228123
228128
228405
226848
226858
226862
226967
227134
225706
227196
227210
228227
227217
228236
227496
228285
228288
228297
228304
228326
228428
228265
228274
228280
228400
228412
6854
6862
6867
7649
7655
7659
7712
7715
7719
7731
230861
226650
226084
226152
226088
226120
233922
235528
226116
225838
228148
225803
226403
226137
226143
226428
226440
226463
226552
8029
8033
7734
7758
8041
8049
8116
8034
8040
8013
8010
8025
8221
8225
8230
8244
8249
8261
8264
8363
8446
8515
8528
8531
9174
9171
8453
8462
8501
8492
8500
9478
9495
9521
9531
9534
9535
9544
16345
9543
16421
16481
16496
16517
16522
16528
16551
16915
16508
16741
16511
16516
16743
16800
16803
16824
16829
16832
9796
9799
11335
11320
11345
11348
11344
11346
11365
11366
11410
11419
11433
11417
11436
12440
11529
11310
11311
11572
11575
11687
11552
11554
11513
11525
11527
11720
11600
11620
