72
47788 48441 537
48441 47788 537
50451 48502 455
48502 48486 924
48502 50451 455
48486 48487 1381
48486 48502 924
47687 47686 1967
47686 47687 1967
48497 48490 871
47823 48490 751
48490 47823 751
48490 48497 871
48487 48486 1381
48122 48114 3484
48114 48122 3484
48166 48025 985
48025 48166 985
50223 48207 252
48207 50223 252
48296 48297 927
48297 48296 927
48297 48298 1867
48298 48297 1867
131327 131329 2451
131334 131329 871
131329 131327 2451
131329 131334 871
131336 130913 1810
130913 131336 1810
131342 131347 2792
131347 131342 2792
131437 131445 906
131445 131437 906
131445 131444 1458
131444 131445 1458
131444 131446 818
131446 131444 818
131699 131727 418
131727 131699 418
131758 131735 469
131767 131787 830
131787 131767 830
132286 132287 2650
131735 131758 469
132287 132286 2650
132287 132290 1346
132290 132287 1346
54461 54465 2423
54615 54614 837
54615 54616 1395
54614 54615 837
54614 54628 2588
54616 54615 1395
54628 54614 2588
54465 54461 2423
112530 112749 2078
112749 112530 2078
104215 104197 3535
104486 104488 806
104195 104196 737
104196 104195 737
104197 104215 3535
104488 104486 806
40252 40257 276
40257 40252 276
40323 40324 1281
40324 40323 1281
40399 40402 873
40402 40399 873
39023 39030 2649
39030 39023 2649
172
112554
112569
112571
112761
112500
112474
112506
112511
112530
112749
104276
104242
104274
104215
104221
104486
104195
104196
104029
104031
103998
104008
104197
39151
39130
39136
104488
39293
39298
37242
37243
37227
37229
37232
38357
37228
38362
38428
40233
40252
40257
40240
38562
40244
40315
40319
40323
40324
40346
40357
40364
40399
40397
40401
40402
40409
40408
40424
40425
36825
40725
40731
40736
40751
40753
40762
40789
40791
56310
56319
56320
39023
39028
40768
40771
39030
41582
41586
41588
41591
47673
47677
47788
48441
48450
48451
48449
48471
50451
48502
48486
47669
47685
47686
47696
47714
48497
47823
47824
47821
48490
48487
48102
48114
48118
48132
48137
48141
48029
48160
48025
48047
48119
48177
48207
48209
48219
48285
48242
48243
48248
131308
48296
48298
131325
48260
48263
50523
48300
131327
131329
131332
131336
130913
131342
131347
131425
131429
131437
131446
131449
129942
131462
131465
131532
131578
131585
131595
131602
131689
131727
131725
131758
131763
131787
132286
131735
132287
132290
132303
54461
50818
53980
53977
50820
50933
54598
54628
56313
56315
54465
54691
