40
31993 31988 419
34265 25817 534
25817 34265 534
30035 30036 1909
30036 30035 1909
31988 31993 419
17327 17328 597
17328 17327 597
6569 6571 196
6571 6569 196
6602 6605 3911
6605 6602 3911
7091 7103 751
7103 7091 751
7313 7314 743
7314 7313 743
7328 7332 803
7332 7328 803
7549 7565 1105
7565 7549 1105
15364 15367 1330
15367 15364 1330
15396 15399 2412
225366 225364 807
225364 225366 807
226357 226358 1893
226358 226357 1893
15399 15396 2412
200142 200172 2165
200330 200328 477
200328 200330 477
200172 200142 2165
200704 200705 526
200705 200704 526
200266 200297 839
200297 200266 839
201388 201391 601
201391 201388 601
201613 201614 876
201614 201613 876
164
214979
199592
199441
200124
200142
200330
200333
200334
200328
200168
200172
200327
215113
214779
199539
214785
198948
199512
200313
200704
200319
200705
200709
200720
200261
200258
200262
200266
200297
200298
200726
200768
200733
200763
200858
200861
200870
200873
201045
201048
201057
201052
201098
201100
201126
201165
201170
201178
201357
201364
201353
198899
201383
201381
201388
201391
201359
201415
201435
201498
201537
201540
201552
201506
201553
201613
201614
201617
193452
193462
193467
224977
233758
233762
233730
233729
233716
233718
235154
233689
233692
233690
233797
233684
233787
233786
233790
233679
29663
29892
29904
29456
29997
23344
23346
6551
30134
18139
22721
17164
34265
30030
30035
30036
30043
30055
27242
27627
31989
31988
17327
17328
6569
6575
34423
6605
6608
6612
34791
6923
6948
6920
6966
6970
6975
6980
34083
7010
7020
7021
7086
7087
7103
7314
7332
7511
7543
7549
7565
7594
14897
14956
15292
15308
15310
15353
15354
15364
15367
15396
15473
15479
15611
15605
225366
225528
225364
225545
225548
226357
226358
15399
15400
15756
