48
78670 77408 526
65810 65813 1903
65813 65810 1903
65829 65802 562
65802 65829 562
66327 66336 532
66336 66327 532
66353 66325 479
66325 66353 479
91379 91380 810
91380 91379 810
89290 89292 778
89292 89290 778
89292 89291 1526
89291 89292 1526
89294 89295 782
89295 89294 782
89342 89344 791
89344 89342 791
89348 89349 957
89349 89348 957
89349 89352 554
89352 89349 554
89248 89372 1274
89372 89248 1274
89398 89415 2972
89391 89396 3529
89396 89391 3529
89415 89398 2972
63523 63539 463
63539 63523 463
62181 62184 1393
62184 62181 1393
61819 61792 956
61797 61743 838
61792 61819 956
61741 61743 789
61743 61741 789
61743 61797 838
62071 62069 1765
62069 62071 1765
62093 62099 507
62099 62093 507
57194 57192 1954
57192 57194 1954
57560 57562 443
57562 57560 443
77408 78670 526
157
60734
60737
60742
60766
60767
59041
58905
60786
117260
117264
61072
61076
61092
61099
61149
61151
61168
61204
63532
63523
63526
63536
63539
73487
73480
73484
62108
62029
62032
62038
62059
62181
62179
62184
61819
63518
61797
61806
61792
61719
61720
61741
61743
61725
61832
61835
61843
61864
61900
61908
61889
63648
62103
62071
62063
62001
62069
62093
62099
61671
62285
62289
62294
62043
62447
62046
62054
78194
78628
78898
67462
57217
57085
57087
57175
57194
57195
57192
57560
57562
57576
57577
57567
57496
57493
77405
77408
78669
78670
57458
57645
57650
57666
57678
57684
57681
57700
56844
57081
57093
57244
57719
57721
57692
76425
65946
65958
65961
65977
65810
65813
66468
65816
65802
58163
58169
65803
65672
66336
66338
66292
66353
66325
73470
87183
87556
91379
91380
91564
87510
87512
89856
89290
87805
87776
87784
87796
87804
89291
89294
89311
89318
89295
89314
87583
89236
89341
89348
89304
89352
89223
89248
89372
89376
89398
89399
89618
