42
58481 58482 2689
58482 58481 2689
58405 58409 475
58409 58405 475
58590 58591 848
58591 58590 848
61150 61152 1750
61152 61150 1750
62037 62019 613
62062 62056 2024
61767 61774 1287
61799 61776 902
61776 61774 419
61776 61799 902
61774 61767 1287
61774 61776 419
61714 61715 792
61715 61714 792
61840 61845 1816
61855 61845 929
61845 61840 1816
61845 61855 929
61996 61994 676
61994 61996 676
61656 61668 950
61669 61670 1012
61668 61656 950
61670 61669 1012
62019 62037 613
62056 62062 2024
57487 57486 1599
57486 57487 1599
90495 90557 2615
90557 90495 2615
89684 90021 426
90021 89684 426
58784 58777 1114
58777 58784 1114
58871 58880 811
58880 58871 811
59355 59356 905
59356 59355 905
152
86046
90495
90557
90502
90503
86127
89684
90021
91146
89636
73471
73506
66351
73474
65819
66507
66491
58193
66013
66028
66029
66624
66655
66678
56918
69146
76875
79237
79302
56980
56969
79314
77359
77369
170137
170172
170248
159910
159918
159917
159920
58367
58314
58380
58316
58422
58425
58729
58730
58710
58740
58769
58784
58777
58779
58871
58880
58918
58919
58933
59281
59341
59347
59355
59301
59376
59356
58205
58456
58323
58620
58630
58405
58409
58414
58427
58590
58443
58446
58445
58772
58591
58788
58903
117209
117241
61093
61101
61150
61152
61167
61193
61206
62710
63511
63520
63522
63530
62195
61767
61774
61790
61714
61716
61715
61693
61695
61733
61624
61623
61834
61840
61845
63644
63650
62002
61996
61975
61994
61998
61999
61648
61656
61669
61658
61668
61677
61670
61860
62275
62278
62290
62019
62034
62056
57225
57078
76514
57202
57201
57223
57708
57588
57593
76493
57601
57518
57522
57531
57486
57492
57662
