56
192979 192993 3703
192993 192977 1220
192993 192979 3703
192977 192993 1220
109866 109868 1763
109868 109866 1763
111169 111165 373
111165 111002 222
111165 111169 373
111094 111093 713
111093 111094 713
111002 111165 222
112037 112038 737
112038 112037 737
112038 112042 809
112042 112038 809
112077 112111 778
112111 112077 778
112114 112119 796
112119 112114 796
112207 112209 434
112209 112207 434
112211 112212 672
112212 112211 672
112234 112230 764
112230 112234 764
112230 112235 1565
112231 112235 847
111781 111788 840
111782 111751 672
111788 111781 840
111751 111782 672
112180 112181 354
112181 112180 354
112203 112205 905
112195 112205 809
112235 112230 1565
112235 112231 847
112205 112195 809
112205 112203 905
112731 112732 836
112732 112731 836
112732 112733 418
112733 112732 418
113329 113330 344
113330 113329 344
115691 115724 2623
115724 115691 2623
106954 106955 1139
106955 106954 1139
107367 107366 782
107366 107367 782
106915 106914 1686
106914 106915 1686
116031 116080 336
116080 116031 336
155
114586
116188
114044
114412
119347
115062
119416
119426
114846
91976
114922
114932
114926
115022
92096
92136
92199
115337
115329
115432
115423
115435
115346
115744
115757
115415
115691
115724
115727
105811
115709
106854
106976
106954
107041
107181
106955
107044
107368
107367
107358
107366
107130
107382
107286
107323
107324
107527
109504
92810
92877
102823
102829
92837
92901
92905
106710
106915
106914
106921
106186
115988
116005
116034
116031
116080
115997
191516
191911
191529
191020
191509
191737
192759
191935
191939
191587
191775
191872
191873
192791
192788
192979
192980
192977
192983
193133
192990
109456
109831
109851
109860
109866
109868
109885
107771
110946
109840
111169
111172
111094
111093
111167
111187
110964
111193
111196
103344
103346
111217
111209
111898
112032
112037
112038
112042
112031
111547
111590
112064
112077
112111
112114
112119
112152
112207
112209
112212
112226
112350
112231
111781
111788
111746
112584
112647
111743
112612
112171
112180
112181
112191
112195
112193
112640
112689
112727
112703
112237
103371
112733
113008
113330
113348
113846
