68
128160 128195 1248
128160 128196 934
128201 128200 1546
128195 128160 1248
128195 128205 1344
128196 128160 934
128205 128195 1344
128205 128206 1399
128206 128205 1399
130351 130341 1977
130385 130380 837
131942 131944 1010
130380 130385 837
131944 131942 1010
128270 128271 1399
128271 128270 1399
128288 128289 730
128301 128302 355
128302 128291 684
128302 128301 355
128289 128288 730
128258 128259 1447
128291 128302 684
128259 128258 1447
130302 130318 751
130318 130302 751
130341 130351 1977
130433 130429 477
121458 121447 674
121580 132103 811
121447 121458 674
132103 121580 811
130427 130429 880
130429 130427 880
130429 130433 477
218363 218360 885
218360 218358 1439
218360 218363 885
218358 218360 1439
218383 218488 1406
218509 218507 190
218507 218509 190
218657 220554 1181
220554 218657 1181
218488 218383 1406
218556 218558 764
218558 218556 764
218344 218346 1145
218346 218344 1145
218346 222733 734
222714 222713 695
222733 218346 734
222713 222714 695
37897 37901 1258
37901 37897 1258
46816 46875 709
46875 46816 709
47105 47125 474
47125 47105 474
127252 127264 610
127264 127252 610
127898 127860 818
127860 127898 818
46448 46504 202
46504 46448 202
128186 128200 1534
128200 128186 1534
128200 128201 1546
146
37819
37807
37882
37890
37970
37972
37897
37901
37900
37925
37927
37930
37931
38053
41462
50350
46651
36956
46816
46875
46877
46883
46889
46931
46933
46926
47064
47105
47125
47109
47119
127936
128013
127869
127854
127879
127874
127878
127252
127264
126915
126926
127408
126929
126923
126948
126951
126982
127898
127860
127866
46442
46448
46501
46504
46507
47066
46533
46265
46539
128042
128048
128123
127680
127998
128144
128149
128150
128186
128200
128158
128029
128195
128205
128206
130382
131942
130380
130394
131944
128270
128272
128271
128254
128261
128297
128258
128259
129637
129654
129659
129843
129853
129861
130290
130318
130340
130341
121476
121477
121474
121584
121463
121431
121613
70246
121458
121445
121447
132103
132104
129833
129897
129898
130427
218012
219627
218087
218090
215927
218088
218097
218305
218380
218509
218510
218520
218632
220554
218488
218384
218585
218586
218592
218523
224432
218545
221813
216229
222714
222777
222736
222767
224502
222746
222769
