62
129615 129597 843
129671 129668 1229
129671 129675 1268
129675 129671 1268
129675 129679 751
129679 129675 751
129870 129869 1395
129869 129870 1395
129869 130310 279
130310 129869 279
121329 121399 1248
121399 121329 1248
70279 70283 1396
70283 70279 1396
69938 69939 952
69939 69938 952
69966 69968 591
69968 69966 591
69863 69897 3620
69897 69863 3620
129734 129780 1356
129780 129734 1356
129786 129787 606
129787 129786 606
129801 129804 713
129804 129801 713
129879 129880 1142
129880 129879 1142
129880 129889 1364
129889 129880 1364
129905 129904 675
129904 129905 675
218469 218998 1123
218998 218469 1123
224487 224484 849
224484 224487 849
218705 218709 1217
218709 218705 1217
218843 218847 678
218845 218848 1448
218846 218848 886
218846 218849 842
218847 218843 678
218848 218845 1448
218848 218846 886
218849 218846 842
218875 218878 1936
218879 218878 815
218896 218898 887
218898 218896 887
218913 218914 784
218878 218875 1936
218878 218879 815
218914 218913 784
46611 46612 589
46612 46611 589
127762 127764 688
127764 127762 688
129597 129615 843
129597 129667 850
129667 129597 850
129668 129671 1229
165
46582
46611
46612
46621
46682
46678
46671
46689
46721
46723
46719
47037
46468
46469
127167
127169
127174
127040
127066
127106
127061
127072
127104
127114
127109
127181
127284
127275
127314
127320
46201
126810
126822
126867
126855
126830
126839
127161
46180
46190
46179
46244
46417
46413
46414
46249
46450
127293
127297
127629
127347
127345
132402
127655
127640
127697
127799
127322
130329
130330
127743
127750
127747
127759
127762
127763
127764
132408
127771
127789
127792
129335
129344
129345
129576
129597
129667
129668
129606
129615
129675
129679
129688
129703
129707
129870
129869
130310
121296
121301
121372
121380
121390
121329
121399
70080
70269
70273
70279
70282
70283
69969
69972
69938
69939
69932
69952
69966
69953
69937
76622
69858
69861
69897
129713
129722
129729
129730
129734
129780
129786
129787
129799
129803
129801
129804
129879
129889
129540
129754
129757
121334
129904
121338
121352
121295
218145
218469
219015
219020
224096
219398
218476
219042
219046
219403
219397
218542
224484
218705
218701
218584
218709
218533
218678
218846
218849
218875
218896
218898
218938
218911
218914
224405
218464
