46
137150 137147 1161
137242 137244 1139
137244 137242 1139
137248 137250 781
137250 137248 781
137084 137621 610
137621 137084 610
230485 230486 1667
230486 230485 1667
231126 231127 2439
231127 231126 2439
231356 231346 705
231346 231356 705
232941 232940 1343
232940 232941 1343
230398 230393 813
230393 230398 813
230359 230360 1412
230360 230359 1412
232202 232204 838
232204 232202 838
9018 9020 1852
9020 9018 1852
14036 14038 983
14038 14036 983
24008 23994 809
23994 24008 809
132865 132863 1592
132863 132865 1592
134250 134251 1266
134251 134250 1266
134474 134485 1762
134485 134474 1762
133555 133432 847
133555 133556 818
133556 133555 818
136917 136920 1225
136920 136917 1225
133432 133555 847
133767 133930 884
133930 133767 884
133972 133971 1387
133971 133972 1387
133971 133978 1457
133978 133971 1457
137147 137150 1161
172
14036
14038
14211
24008
23994
248823
248825
248837
248828
132617
132732
132736
132672
132675
132753
132865
132873
132815
132846
132862
132863
132819
187016
187186
134214
134225
134239
132886
134250
134251
134253
134255
134259
134327
134342
134385
134383
134389
134490
134470
134472
134474
134485
134627
134631
139580
136886
136889
133555
133556
133565
133568
136917
136919
136920
136923
133573
133587
133432
133433
133579
133592
133916
133767
133930
133955
133972
133971
133978
137147
137150
137237
137244
137249
137330
137270
137354
137358
137084
137086
137621
137208
137211
137261
138018
138022
137267
137265
138062
138067
138264
138269
138273
138281
138286
138816
138817
138761
235641
235740
261448
231396
230485
230203
230486
230521
230525
229955
229961
231065
231069
231084
231126
231158
231153
231155
229949
230442
230445
229743
229819
229937
230133
230141
230140
230094
231427
231293
231356
231346
232816
231355
231334
231321
226802
232941
232940
231329
234622
232971
234236
234336
230726
230752
230698
230385
230712
230394
230383
230373
230378
230359
230370
230287
232192
232203
230360
230595
230601
230779
230694
230685
230783
230797
8840
232189
232202
232204
232216
9018
9020
34763
