50
117500 117273 1701
117500 117502 650
61530 61583 1728
117452 117467 752
117467 117452 752
117502 117500 650
61583 61530 1728
61278 61275 748
117273 117500 1701
61397 78932 883
61275 61278 748
78932 61397 883
58049 58050 1311
58050 58049 1311
58091 58093 2147
67972 61112 723
67972 67971 3366
58067 58069 850
58069 58067 850
57839 57888 683
57888 57839 683
76824 76826 1099
78345 78344 634
78344 78345 634
76671 79010 783
79010 76671 783
76826 76824 1099
76828 68852 62
68852 76828 62
78374 78375 653
78375 78374 653
61112 67972 723
67971 67972 3366
68242 68245 1803
68245 68242 1803
79433 79434 1247
66728 66730 556
66730 66728 556
58093 58091 2147
70175 78472 2635
78472 70175 2635
79563 79565 378
79565 79563 378
79572 79576 2164
79576 79572 2164
79434 79433 1247
117123 117124 3722
117124 117123 3722
117421 117425 679
117425 117421 679
149
90425
90031
89669
89656
66728
66730
66736
66745
77973
58093
80430
80433
79098
91536
91541
79142
79144
84841
56928
70175
78472
57391
78981
57407
57368
57408
57426
57433
79229
79499
79475
79335
79765
79688
79563
79565
79572
79576
79332
79769
79309
84714
79412
79434
79779
79414
80075
80097
80080
91498
79955
79963
79971
80038
162315
162340
162279
117123
117124
117128
117131
117129
117285
117288
117359
117367
117297
117363
117119
117379
117381
117421
117425
117177
117433
61530
117452
117467
117437
117456
117502
61583
61263
61397
76552
61499
61275
61404
61351
61337
58160
61387
78062
78313
58049
58032
58039
57273
57278
76462
76463
58108
76747
58050
58091
76813
68254
58067
58069
78794
57919
57921
76801
57947
57894
57888
57889
57879
78992
78333
78833
76671
78945
79010
57907
57903
78367
76826
76828
68852
78997
78375
57776
61112
67971
68242
68245
77993
78015
78678
78683
78001
79433
87526
91499
79461
79361
79468
80473
