62
151686 149240 817
143878 143882 778
151122 151116 377
151116 150966 2557
151116 151122 377
150966 151116 2557
143882 143878 778
143882 151121 337
151121 143882 337
147300 147335 2337
147335 147300 2337
147335 147334 838
147334 147335 838
147500 147501 720
147501 147500 720
147501 147544 907
147544 147501 907
147510 147555 770
147555 147510 770
147555 147567 854
147567 147555 854
147795 147791 278
147790 147791 881
147791 147790 881
147791 147795 278
151631 147921 152
147992 148010 901
147921 151631 152
151630 148010 878
148010 147992 901
148010 151630 878
148014 148021 1584
148021 148014 1584
148017 148019 671
148019 148017 671
205119 205124 2071
205124 205119 2071
198598 198601 110
198601 198598 110
171265 171263 673
171263 171265 673
171475 171476 667
171483 171481 778
171481 171483 778
171476 171475 667
171268 171269 751
171269 171268 751
159118 159122 1004
159122 159118 1004
154291 154287 1010
154287 154291 1010
219514 219563 1770
219563 219514 1770
219623 219625 1371
219625 219623 1371
222090 215203 701
215203 222090 701
223293 223313 2368
223313 223293 2368
150932 150889 1648
150889 150932 1648
149240 151686 817
158
215218
222230
222256
222258
215251
215252
215273
215385
215220
215353
215354
215373
215377
215364
215366
215419
215396
215409
215413
215383
215406
222306
222290
222285
222289
224640
222310
219514
219563
219623
219625
219801
215195
222030
222031
222075
222090
215203
215200
222083
223293
223313
223426
223281
223332
223171
215856
223257
223271
150932
150951
151616
150862
150866
150886
150889
148996
149032
149187
149234
149240
149226
149225
149249
151686
149399
149636
149638
149637
143878
151122
150966
150969
150973
151121
151200
140327
140375
147230
147241
147229
147282
147290
147300
147334
147458
147474
147483
147501
147544
147505
147510
147555
147567
147786
147790
147808
147799
147897
147821
147921
151632
151630
148014
148021
148019
148044
148990
205107
205124
212871
212874
212894
195978
212907
150259
150261
150294
150327
150332
150348
150351
198720
198598
198601
198752
198744
198751
205089
205091
205099
205090
171246
171251
171253
171256
171263
171323
171475
171342
171483
171490
171481
154204
159110
171470
159122
162387
154242
154283
154294
154291
154298
154287
154215
154226
154238
154506
