44
15454 15204 1022
15204 15454 1022
19098 19103 2963
19103 19098 2963
19120 19550 1282
19550 19120 1282
19582 19578 2677
19584 19586 1575
19578 19582 2677
19586 19584 1575
19912 20119 2110
20168 20125 1002
20119 19912 2110
20119 20125 1303
20125 20119 1303
20125 20168 1002
19374 19386 3136
19386 19374 3136
19991 19993 1351
19993 19991 1351
19993 20025 818
20025 19993 818
20611 20602 1395
20602 20611 1395
20999 20997 556
20997 20999 556
21020 21025 1085
21027 21025 2985
21027 21028 1022
21028 21027 1022
21028 21030 1797
21025 21020 1085
21025 21027 2985
21030 21028 1797
209722 209727 901
209727 209722 901
193759 193762 315
193762 193759 315
31347 31353 1833
31353 31347 1833
32123 32112 523
32163 32169 2450
32169 32163 2450
32112 32123 523
160
209068
209081
209083
209088
208925
209722
209727
209730
209948
198934
209898
201710
201720
201764
201774
201912
193823
193729
193381
193406
193391
190914
193340
190925
193563
191043
193789
105585
193688
193759
193762
192377
193532
193534
193692
193710
193732
193673
193676
193743
193754
29698
29689
29791
29776
28954
29786
11158
29808
23300
29810
29806
29934
34867
30130
30076
22195
30212
31348
31347
31353
31378
31379
32098
34737
32122
32123
32154
32163
32169
32179
32191
32186
32258
32112
34728
7397
7408
7474
14424
14524
14815
14800
14794
14796
14838
14855
14883
14941
15138
15174
15187
15190
15454
15204
15254
19098
19115
19158
19159
19161
19186
19135
19139
15570
15588
19120
19550
19555
19560
19582
19584
19578
19586
19619
19628
19753
19631
19635
19706
19859
19862
19906
19910
20168
20119
19988
20008
19374
19376
19432
19437
19443
19386
19503
19496
19991
19530
19534
19544
20055
20606
20054
20066
20062
20073
20085
20611
20602
20629
20608
20897
20902
20924
20635
20645
20627
21006
20997
21070
