48
220323 220319 2582
218180 218174 1443
218180 218181 333
218174 218180 1443
218181 218180 333
219271 219270 1841
219290 219323 768
219323 219290 768
219665 219664 775
219664 219665 775
219270 219271 1841
216382 215598 776
215598 216382 776
215581 215508 630
215508 215581 630
215510 215509 3639
215609 215612 614
215612 215609 614
215612 215615 785
215631 215632 2582
215632 215631 2582
215632 215647 950
215647 215632 950
215615 215612 785
215635 215636 1326
215636 215635 1326
215509 215510 3639
222347 222340 1667
222340 222347 1667
219646 224129 1164
224129 219646 1164
219860 219847 870
219847 219860 870
223413 223412 1589
223371 223374 816
223411 223412 258
223472 223415 787
223374 223371 816
223415 223472 787
223412 223411 258
223412 223413 1589
149840 149836 324
149836 149840 324
220777 220781 1998
220781 220777 1998
218228 218227 1753
218227 218228 1753
220319 220323 2582
166
69561
69431
69660
69647
69681
69439
69553
69558
69510
69503
69518
69524
69522
69500
71796
71845
71846
72123
72022
69035
69091
71853
72329
72348
72434
72358
72362
72526
70017
70033
70044
70030
70567
70611
70628
70636
70653
70589
70591
70603
69255
69279
69699
69288
69651
219182
219213
219188
219176
220777
220781
220778
220787
224321
218228
218227
218246
220900
218261
218263
221127
219122
221133
218167
220307
220319
220589
224555
220323
224442
224758
217719
220340
224253
220741
220250
220272
220227
215269
220292
218027
220027
218065
218172
218174
216423
224775
219271
219289
219290
219323
219338
219666
219664
221766
219339
219331
219170
219206
219210
221174
221206
219212
219293
219208
219291
224354
215986
215985
216382
216389
215459
215598
215460
215508
215510
215609
215631
215647
215618
215635
215636
215775
215890
215638
215509
219854
222347
222362
222411
222366
222409
222332
222335
222340
219646
224129
219818
219857
219860
219847
215472
223455
215478
223461
223467
223465
215483
223418
223419
215468
215476
215494
223349
223353
223360
223362
223356
223371
223411
223374
223415
149774
149840
149836
149837
