34
96865 96866 612
96866 96865 612
97282 97294 373
97294 97282 373
99657 99658 1074
99658 99657 1074
99777 99902 940
99902 99777 940
101430 101431 1816
101431 101430 1816
101198 101204 751
101204 101198 751
100877 100878 889
100878 100877 889
101005 101010 2283
101010 101005 2283
101114 101113 1780
101113 101114 1780
100870 100879 672
100879 100870 672
100823 100818 1488
116750 116993 862
116364 116370 491
116370 116364 491
100818 100823 1488
116993 116750 862
74188 74192 1088
77290 77291 998
77291 77290 998
75133 75135 179
75135 75133 179
74192 74188 1088
170272 170348 1667
170348 170272 1667
150
77322
77271
77266
73358
73360
73374
73377
73380
74188
77290
77291
75127
75108
75133
75137
75135
76140
76141
76138
76154
76172
73626
78218
76037
76176
77607
87373
87276
87284
87294
87298
87390
87289
75225
75172
77949
80421
87968
87963
87980
88091
87307
88121
88130
74192
61082
73430
73446
73444
73398
73407
73412
73414
73286
73843
75463
75494
73851
75487
75488
170295
170359
170272
170348
170350
170358
170365
171978
172048
172046
95880
95883
95885
96672
96690
96680
96721
96734
96749
96754
96868
96866
96867
96871
96901
102155
97135
97263
97267
97282
97294
102612
99650
99666
99673
99680
99681
100932
100933
99742
99768
99727
99733
99728
99750
99907
99923
99945
100049
101102
101180
101184
101198
101202
100775
100877
100878
100883
100902
101005
101010
101122
101132
101087
101113
101190
100770
100778
100791
100785
100879
102259
100821
100823
100831
116663
116750
117591
116483
117618
116364
116361
117581
100818
116993
117032
117148
116397
117720
116470
