72
11836 11837 889
11837 11836 889
11859 11907 1432
11859 11910 580
11906 11907 354
11907 11859 1432
11907 11906 354
11910 11859 580
11923 12958 1893
12958 11923 1893
12964 12965 889
12965 12964 889
12124 12125 3536
12125 12124 3536
13653 13654 1066
13654 13653 1066
12260 12259 733
12259 12260 733
12259 12261 1532
13919 13923 604
13923 13919 604
12261 12259 1532
23664 23665 1612
23665 23664 1612
23677 23678 737
23678 23677 737
23746 23740 1848
23745 23740 7036
23740 23745 7036
23740 23746 1848
24853 24852 747
24852 24853 747
24914 24922 3420
24922 24914 3420
190850 190851 157
190851 190850 157
187735 187734 599
187706 187736 1382
187734 187735 599
187734 187747 2590
187736 187706 1382
187738 187747 778
187747 187734 2590
187747 187738 778
187908 187916 815
187916 187908 815
187933 187934 1472
187934 187933 1472
187802 187810 987
187822 187824 692
187822 187826 1369
187826 187822 1369
187824 187822 692
187852 187853 925
187853 187852 925
187810 187802 987
187761 187991 822
187991 187761 822
9146 9147 1259
9147 9146 1259
10151 10153 846
10153 10151 846
10564 10565 1998
10565 10564 1998
12557 12554 301
12554 12557 301
12708 12710 2113
12710 12708 2113
12498 12534 1944
12534 12498 1944
12730 12733 1097
12733 12730 1097
158
9064
9065
9090
9087
9131
9134
9146
9147
9186
9192
9202
9564
9584
9701
9703
10098
10113
10151
10155
10161
10363
10141
10143
10182
10187
10142
10153
10168
9825
9827
10368
9811
10454
9872
10386
9877
10464
10483
10512
10550
10554
10564
10565
10573
10578
12378
12379
10583
12557
12554
12560
12575
12585
12595
12645
12618
12630
12619
12708
12702
12703
12710
12735
12491
12498
12828
12831
12833
12534
12547
12730
12733
11847
12869
11855
11836
11837
11859
12958
12964
11930
11932
12116
13620
12124
12125
13643
13646
13653
13654
12257
12260
12299
12306
12261
12266
13946
23669
23677
34382
23724
23740
24813
24827
24809
23730
24829
24853
24852
24857
24922
25118
25124
25107
25119
187685
188002
188004
188013
188009
190590
190850
190851
187682
187701
187698
187706
187736
187738
187756
187747
187696
187708
187919
187798
187908
187916
187918
187934
187210
187723
187799
187816
187209
187822
187810
187866
187869
187878
188236
187998
188000
187748
187758
187955
187991
188232
187989
