74
140734 140739 1393
140739 140734 1393
55857 55902 1352
55902 55857 1352
189817 189818 1063
189817 189822 701
189818 189817 1063
189718 186293 739
189718 189719 765
189719 189718 765
190235 190218 1073
190235 190245 629
190245 190235 629
189822 189817 701
189822 189862 1230
189862 189822 1230
190218 190235 1073
196172 196173 547
196173 196172 547
195516 195879 774
195516 196221 774
195879 195516 774
195883 195877 238
195877 195883 238
195877 196038 1628
196221 195516 774
196038 195877 1628
196036 196055 1695
196055 196036 1695
202823 202821 1685
202821 202823 1685
203237 203243 1928
203243 203237 1928
203286 203321 1059
203321 203286 1059
205733 205735 3261
205735 205733 3261
196446 196451 896
196451 196446 896
196538 196561 1120
196561 196538 1120
196561 196563 787
196563 196561 787
196594 197136 839
197136 196594 839
205986 205948 955
205994 206014 969
206014 205994 969
205948 205986 955
202444 205947 993
205951 205794 733
205794 205951 733
205954 205947 2682
205947 202444 993
205947 205954 2682
29402 29423 952
29423 29402 952
54981 54983 1354
54983 54981 1354
141235 141262 1569
195416 195415 787
195415 195416 787
141262 141235 1569
140978 140984 1243
140984 140978 1243
186293 189718 739
186540 186538 861
186538 186540 861
186715 186719 221
186719 186715 221
186848 186844 810
186844 186848 810
140728 140757 754
140757 140728 754
172
26516
27369
27370
27367
29402
29420
53360
29423
53174
53239
53244
53176
53180
53177
53355
53392
54956
54981
54983
55564
55585
55586
55645
53659
53670
53738
53739
53742
141235
141227
141229
141206
195384
195328
195373
195372
195416
195415
195387
141262
141267
141278
140876
140613
140615
140906
140911
140923
140958
140978
140984
140986
186293
189716
186537
186540
186538
186198
186565
186587
186556
186687
186698
186703
186715
186719
186731
186738
186882
186848
186865
186787
186844
186855
186869
140581
140689
140695
140706
140721
140728
140755
140757
140754
140573
140578
140548
140680
140734
140739
140740
55653
55822
55823
55857
55902
56607
189817
189818
189718
189719
190245
190264
189822
189862
190218
195402
196144
214882
196165
196173
196167
195516
195879
195883
196038
196028
196036
196057
202558
202572
202576
202753
202755
202804
202823
202830
202821
203237
203243
203255
203483
203485
203532
203533
203552
203547
203321
203320
203277
205733
205735
205796
205788
205797
205802
197157
196044
196060
196446
196452
196450
196451
196481
215132
196483
196476
196487
196563
196592
197149
205986
205994
206014
206019
206663
214743
205948
202444
205951
205794
206728
