60
189238 189230 2329
188595 188594 772
189075 189076 777
188594 188595 772
188594 189062 834
189062 188594 834
189124 189126 761
189179 189184 1697
189184 189179 1697
189194 189195 288
189195 189194 288
189126 189124 761
189372 189373 744
189373 189372 744
188779 188608 721
188782 188788 794
188608 188779 721
188788 188782 794
187464 187472 917
187469 187471 850
187473 187472 1503
187473 188641 819
187471 187458 278
187471 187469 850
188655 190654 2091
190654 188655 2091
188641 187473 819
187458 187471 278
187472 187464 917
187472 187473 1503
199169 199171 1230
199171 199169 1230
199231 199360 1665
199360 199231 1665
199550 199551 915
199585 195014 924
195014 199585 924
199551 199550 915
200671 200682 846
200682 200671 846
200213 200222 602
200222 200213 602
22069 22070 1891
22070 22069 1891
22764 22757 1004
22757 22764 1004
28306 28317 1142
28317 28306 1142
28317 28332 1385
28332 28317 1385
28332 28337 1458
28337 28332 1458
28338 28421 1496
28421 28338 1496
28685 28683 747
28683 28685 747
24438 24440 738
24440 24438 738
189076 189075 777
189230 189238 2329
165
22097
22069
22136
22131
22070
22030
22185
22183
21995
22031
22022
22715
22681
22679
22764
22757
22769
22830
22833
22836
22851
23121
23146
23175
28169
23183
28213
28245
28246
28168
28301
28303
28306
28317
28332
28337
28338
28421
28605
28606
28550
28551
28579
28596
28649
28650
28685
28870
28880
28882
28896
28943
28681
28683
28698
28822
28831
28729
28862
28863
24408
24438
24440
24458
24466
24678
24651
24704
24650
24715
24722
11027
24654
24720
189076
189230
189238
189284
188595
189075
188594
189062
189161
189295
189315
189124
189135
189184
189194
189126
189137
189332
189336
189377
188847
189328
189341
189372
188806
188812
188855
188868
188874
189325
189343
186874
188711
188717
188659
188779
188608
188714
190652
188798
188810
188809
188854
188793
187471
188654
188655
187397
187405
187401
187400
190577
187280
187447
187456
197504
199161
199183
199129
199166
199171
199213
199214
199226
199360
199366
199375
200019
200008
200102
199561
199569
199585
195014
200107
199469
214573
199520
199551
214342
199372
199397
199408
200286
200682
200081
200213
200214
200222
200223
200079
