74
130703 130707 807
130707 130703 807
130539 130547 4214
130547 130539 4214
130753 130757 1154
130757 130753 1154
130856 130755 1958
130819 130825 337
130825 130819 337
130755 130856 1958
130803 130809 1055
130809 130803 1055
130836 130850 436
130850 130836 436
130852 131124 789
130852 131152 1182
131152 130852 1182
131124 130852 789
131135 131143 1395
131143 131135 1395
131143 131147 1632
131147 131143 1632
131147 131148 1055
131281 131291 791
131291 131281 791
131148 131147 1055
131151 131150 1201
131150 131151 1201
131611 131613 848
131613 131611 848
132153 132154 610
132154 132153 610
132214 132216 837
132216 132214 837
132216 132217 789
132217 132216 789
132245 132243 2419
132243 132245 2419
53996 54072 927
54021 54019 1855
54090 56414 1855
50641 50660 337
50660 50641 337
54019 54021 1855
56414 54090 1855
56435 56447 253
56447 56435 253
56447 56449 1096
56449 56447 1096
56449 56453 843
56453 50689 934
56453 56449 843
54034 54031 928
54031 54034 928
50689 56453 934
54278 50824 264
50824 54278 264
54072 53996 927
54243 54244 808
54244 54243 808
140336 140347 1844
140347 140336 1844
143558 143549 1429
143549 143558 1429
36996 37001 2286
37001 36996 2286
38906 38907 709
38907 38906 709
38943 38940 3255
38940 38943 3255
47587 47597 766
47597 47587 766
47446 47442 1641
47442 47446 1641
165
38152
38177
37022
37028
37033
37023
38185
36990
36996
37001
37149
36995
37144
37146
38202
38368
38384
38403
38481
38502
38495
38340
38522
38513
38526
38821
38826
38876
38906
38907
36004
38982
38986
38993
38938
38913
38943
38940
38958
38802
41534
41542
41545
47583
47587
47597
47600
47605
47631
47627
47619
47640
47902
47906
47899
47853
47860
47882
47900
47870
47446
47357
47352
47442
47451
47453
47433
130511
47395
47390
47426
130505
130602
130703
130707
130037
130536
130539
130547
130586
130587
130546
130606
130732
130753
130758
130816
130819
130803
130807
130809
130832
132377
130850
131112
131121
131130
131133
131135
131143
131147
131261
131263
131265
131269
131291
131295
131141
131151
131150
131305
131557
121340
131611
131613
132121
132147
132118
132154
132175
132241
132243
132280
53994
54021
54090
50641
50660
54019
56414
56422
56447
54040
54093
54034
54084
54101
54256
54265
54031
50689
54278
50824
54072
54066
54070
54076
54243
54244
54275
150811
140336
150761
150764
151980
150772
150790
150807
150809
140347
140350
143558
143549
143568
143574
