48
155854 155856 1010
155856 155854 1010
155897 155889 747
155889 155897 747
180026 180022 778
180030 180001 1031
180022 180026 778
178208 178209 1161
178209 178208 1161
178182 178181 1115
178181 178182 1115
178191 178194 481
178194 178191 481
174855 174873 836
174878 174877 435
174873 174855 836
174877 174878 435
174871 174872 1179
174872 174871 1179
177334 177333 952
177333 177334 952
177351 176604 1268
176604 177351 1268
156383 156384 1969
177347 177304 1531
177304 177347 1531
156384 156383 1969
156875 156885 1747
156885 156875 1747
156885 156886 1067
156886 156885 1067
168506 168501 985
168501 168506 985
167597 167605 848
167605 167597 848
178606 178653 6921
178653 178606 6921
180056 180058 2920
180058 180056 2920
180001 180030 1031
153213 153214 790
153214 153213 790
156097 156015 789
156015 156097 789
156159 156176 778
156176 156159 778
153351 153353 828
153353 153351 828
168
152624
152626
152649
162512
168506
167257
168501
167597
167605
167642
167647
167654
167656
167805
167766
168440
177691
178606
178629
178632
178637
178653
180056
180058
180132
179890
179881
179757
179946
179968
179974
179998
180001
152629
152836
152850
152857
152785
152790
152787
152820
152748
152745
152636
152769
152766
152770
152845
153213
153214
153217
153232
153237
153242
156097
156098
156015
156024
156123
156120
156159
156176
153312
153315
153339
153351
153353
153385
153429
153434
153368
153481
154681
155846
155918
155850
155881
153504
153505
153510
155893
155867
155871
155865
155897
155889
180019
180020
172978
172981
172989
180025
180030
180022
172985
173047
173023
178541
177755
178197
178208
178209
185517
173241
173250
173067
173070
172973
173125
178061
178073
178182
178181
178172
178175
178191
173258
174838
174855
174755
174878
174835
185508
173464
174872
174946
176592
177334
177343
177560
177351
176604
177571
186085
177574
176575
176612
176613
156383
156381
156382
176617
177304
156511
160191
156514
156531
160210
156535
156401
156464
156466
156559
156561
156495
156844
156858
156850
156598
156666
156701
156657
156866
156875
156853
156886
156865
156675
