52
41828 41831 238
41831 41828 238
41831 41832 3779
122625 122619 747
122619 122625 747
122864 122871 2283
122871 122864 2283
122900 122902 2171
122900 122902 2171
122901 122886 600
122901 122902 1284
122902 122900 2171
122902 122900 2171
122902 122901 1284
41832 41831 3779
122884 122887 1866
122887 122884 1866
122886 122901 600
122788 122789 818
122789 122788 818
122794 122804 1011
122804 122794 1011
123837 123838 1344
123838 123837 1344
123758 123762 552
123762 123758 552
122329 121675 1657
121675 122329 1657
117979 117981 985
117981 117979 985
123348 123349 951
123349 123348 951
124031 124027 1801
123925 123927 1308
123932 124771 1075
124771 123932 1075
124835 124836 674
124836 124835 674
123927 123925 1308
123919 123918 1726
123918 123919 1726
124027 124031 1801
96087 96089 951
96089 96087 951
96123 96122 556
96140 96155 2583
96122 96123 556
96155 96140 2583
96074 96072 2103
96072 96074 2103
42987 42983 2365
42983 42987 2365
158
171118
171126
171159
95960
96087
96089
96128
96123
96140
95998
96122
96048
96155
96074
96072
96465
96388
96398
96399
100198
100205
100207
100155
100147
100150
100154
100248
101938
100324
100347
100350
100345
99401
99530
99445
99543
101841
99554
99078
99185
99187
99188
102876
99292
99470
99468
41734
42693
42708
42714
42733
42741
42776
42758
42760
42785
42786
42802
42792
42987
42979
42983
41745
41771
41748
41782
41799
41774
41817
41835
41853
41896
41899
123771
123987
123961
123963
123996
124006
124014
124017
41828
41831
122606
122609
122625
122619
122830
122864
122871
41832
41865
41889
122972
122819
123290
123292
123293
122884
122723
122753
122725
122748
122788
122773
122794
122812
122816
123824
123820
123444
123838
123839
123843
123847
123677
123852
123762
123772
117976
118307
122218
122329
121675
122333
122313
122325
122448
122377
122385
122435
123168
123224
117981
123332
123348
123337
123338
123349
124000
124016
124031
124026
123925
123910
123932
124771
124794
124834
123889
123913
123919
123918
124793
124796
124843
124851
124858
