58
34352 32644 2893
34352 32644 2893
33065 33080 1314
33080 33065 1314
107958 107936 1374
107936 107958 1374
108027 108024 763
108027 108028 782
108024 108027 763
108028 108027 782
33504 33505 905
33504 33505 905
111840 111839 2171
111839 111840 2171
33505 33504 905
33505 33504 905
33569 33568 847
33568 33569 847
33689 33701 2480
33701 33689 2480
33701 33729 2110
33729 33701 2110
33737 33741 354
33741 33737 354
33834 33835 1085
33835 33834 1085
17274 17326 708
17326 17274 708
17326 17393 818
17393 17326 818
33902 33909 3427
33909 33902 3427
17370 17371 713
17371 17370 713
17371 17401 2044
17401 17371 2044
18431 18440 818
18440 18431 818
18440 18442 688
18471 18470 818
18471 18477 826
18470 18471 818
18477 18471 826
18442 18440 688
103620 103625 697
103625 103620 697
26130 26132 2369
26132 26130 2369
106248 106249 5588
106249 106248 5588
192168 192167 848
192167 192168 848
32718 32719 2039
32719 32718 2039
32644 34352 2893
32644 34352 2893
6615 6616 1370
6616 6615 1370
155
115086
115099
115173
115580
115584
115606
106333
106378
113577
106402
106484
106482
113719
105209
106802
32413
32430
106580
106607
106618
106635
106538
106572
106591
106248
106249
113886
193003
193006
114740
190980
193010
192054
194393
191882
192874
192884
193841
194089
192918
192920
192953
192911
193064
192458
193917
192261
192537
192247
192168
192544
192167
192217
192147
32718
32719
32644
107344
32631
32648
32794
34048
32479
32729
28501
6615
6616
33061
32436
29575
29579
32484
34534
32496
32541
34352
35027
107914
107957
103511
107958
107936
107865
107917
107972
107989
107993
108005
108024
105904
105905
107978
108025
33504
33505
33569
33510
33513
33575
33576
33578
33689
33701
33729
33735
33792
33834
33824
33835
33855
33847
17245
17259
17269
17393
17408
33874
33902
113450
17374
33909
17205
17370
17401
17406
17430
34000
103632
113134
113467
18361
18391
33976
18423
18431
18440
18456
18426
18442
103505
103528
103530
103597
103538
103539
103596
103625
103627
25272
25267
26130
26132
26147
26154
19336
