48
252583 252561 2661
252614 252619 1161
252619 252614 1161
252619 252620 445
252620 252619 445
252620 252814 1504
253003 253004 840
252814 252620 1504
253004 253003 840
253987 253980 1008
253992 253994 2086
253980 253987 1008
253994 253992 2086
254638 254642 1362
254642 254638 1362
254642 254643 562
254643 254642 562
253094 253095 418
253095 253094 418
254318 254319 373
254319 254318 373
254319 254323 452
254323 254319 452
254415 254467 1493
254467 254415 1493
253223 253228 924
253228 253223 924
253246 254437 1270
254437 253246 1270
254556 254557 475
254557 254556 475
254557 254559 1336
254559 254557 1336
236698 236688 1339
236688 236698 1339
236617 236618 1588
236618 236617 1588
237364 237368 1504
237368 237364 1504
239352 239341 1114
239353 239356 2075
239341 239352 1114
239356 239353 2075
246513 246515 2126
246515 246513 2126
252561 252583 2661
251721 251722 893
251722 251721 893
167
239241
239208
261093
239333
239352
239353
239299
237612
237617
237603
237614
239341
239345
239356
233429
241060
261866
240514
240518
240563
240554
240569
240570
241174
250982
264111
240961
241189
240925
240952
240954
241678
241675
241640
241668
241711
241717
241725
241731
241732
241935
241936
242135
241742
239630
263481
242318
249567
250221
250246
250205
242353
242372
242375
249572
250204
242473
242475
242512
242518
242535
242550
242551
251440
250481
250482
250446
242558
250438
250485
246513
246515
246520
252560
252561
251810
251811
251815
251826
251896
251777
251721
251722
251735
246522
251724
252237
252327
252335
252762
252583
252594
252614
252653
253003
252814
253000
253004
253007
253041
253058
253992
254000
253980
244582
254001
254638
254643
254799
256029
256040
256064
256051
256124
253056
253094
253063
253095
253099
254295
254323
254342
261297
254415
254467
254472
254465
254374
254377
253169
253221
253223
253228
254395
253246
254432
254437
254380
254552
254557
254559
254583
254588
254636
236698
236688
236696
236617
236618
236647
236588
236624
236627
236634
262926
245820
245884
262803
237204
237229
262157
237398
237357
237364
237446
237402
237453
