78
37073 37070 1111
37097 37099 344
38176 38190 939
38190 38176 939
37151 37160 1742
37160 37151 1742
38212 38367 1116
38367 38212 1116
38441 38445 1124
38445 38441 1124
38492 38493 747
38500 38501 810
38493 38492 747
38501 38500 810
38866 38868 1412
38868 38866 1412
40656 40652 1009
40652 40656 1009
40661 40662 155
40662 40661 155
40686 40687 1768
40687 40686 1768
40692 39000 2452
39000 40692 2452
38961 38962 2322
38962 38961 2322
41553 41555 2510
38970 38974 630
38974 38970 630
41555 41553 2510
41568 47647 2481
47650 47647 2377
47747 47746 211
47747 47753 524
47758 47748 953
47748 47753 435
47748 47758 953
47647 41568 2481
47647 47650 2377
47746 47747 211
47753 47747 524
47753 47748 435
48061 48069 2216
48069 48061 2216
48069 48068 790
48069 48071 2322
48075 48071 911
48068 48069 790
48071 48069 2322
48071 48075 911
47868 47873 904
47873 47868 904
47939 47863 853
47944 47949 1255
47863 47939 853
47949 47944 1255
47952 47954 789
47954 47952 789
47982 47980 882
48146 48147 1047
48147 48146 1047
47476 47980 2362
47980 47476 2362
47980 47982 882
130718 130719 948
130719 130718 948
109740 109741 1223
109741 109740 1223
110244 111367 747
111367 110244 747
104711 104722 1797
104722 104711 1797
39098 39094 2561
39094 39098 2561
39251 39266 1337
39266 39251 1337
37099 37097 344
37070 37073 1111
147
109337
109356
109359
109351
109595
109629
109739
109726
109740
109759
109741
110075
110097
110138
110014
110113
110172
110225
110240
110161
110186
110244
110824
110822
110864
110829
110862
110224
110732
110746
110750
110780
110272
110277
111367
110237
110256
103861
103855
103859
112857
112801
112804
112815
103906
103991
103992
103894
112495
110850
110860
104021
103932
103939
104706
104711
104722
39058
39098
39090
39094
39233
39246
39251
39266
37181
37204
37099
37100
37107
37114
37070
37073
37081
37063
37205
38183
37151
37157
37160
38208
38367
38370
38371
38394
38392
38404
38445
38543
38549
38492
38500
38493
38501
38535
38578
38866
38882
38883
38868
40655
40652
40654
40662
40687
38987
38989
38997
38961
38948
38962
38972
38971
38974
41555
47533
47602
47607
47724
47728
47746
47751
48049
48054
47922
47927
47926
47868
47914
47873
47939
47946
47863
47949
47954
47958
47979
130523
130526
47402
47407
47459
47461
130718
130706
130720
130764
