38
170256 170264 1667
170264 170256 1667
96906 96907 1103
96907 96906 1103
97120 97122 441
97122 97120 441
101066 101070 790
101063 101072 2362
101072 101063 2362
101070 101066 790
116658 116654 837
116654 116658 837
116892 116893 1183
116893 116892 1183
119665 119664 1075
119664 119665 1075
119664 119666 1277
119666 119664 1277
119723 119724 1277
119724 119723 1277
119910 119909 949
119909 119910 949
59976 59978 1161
59978 59976 1161
59978 59979 688
59979 59978 688
75202 77623 798
77623 75202 798
87216 87213 2694
87213 87216 2694
88303 88302 383
88302 88303 383
73181 73182 1021
73182 73181 1021
73182 73272 1541
73272 73182 1541
73858 73867 1456
73867 73858 1456
157
87385
87399
75202
75197
77623
75205
75248
75256
75261
75280
87216
76623
87213
87654
87715
87729
87731
88061
87679
88071
88012
88489
88485
88543
88114
88528
88006
88085
87424
88001
88303
88289
88302
88290
88144
88146
88567
88307
88328
88837
88597
73436
73265
73324
73341
73352
73349
73327
73338
73187
73449
73181
73182
73272
73305
73311
73680
73693
73697
75530
75533
75968
75985
75992
73690
73709
73778
73795
75306
75307
73906
73800
73858
73867
73876
75546
75628
78389
75634
170256
170235
170264
159856
95892
96740
102320
102352
96759
96986
102491
96958
96998
97001
97114
97120
97018
97021
97309
100939
100941
100942
97345
100710
102359
103002
100999
101066
101058
100697
100741
100980
101962
101075
101081
100767
116405
116435
116357
116340
116345
116350
116352
116506
116522
116621
116659
116661
116658
116654
116673
116888
116892
116893
116906
119658
119665
119666
119707
119706
119820
119822
119724
119832
119910
119927
120142
120147
119839
119825
119881
119909
59976
77559
59978
59979
59986
60015
