62
149438 151640 654
149495 149498 329
149498 149495 329
149491 149603 705
149603 149491 705
149592 149547 966
149527 149520 255
151640 149438 654
149520 149527 255
149547 149592 966
141796 141797 1086
141797 141796 1086
151255 150404 512
150404 151255 512
142981 143151 321
143151 142981 321
147408 147421 468
147421 147408 468
147596 147609 2247
147609 147596 2247
147706 147708 456
147708 147706 456
148261 148262 849
148259 148294 771
148262 148261 849
148294 148259 771
148294 148295 2591
148295 148294 2591
148918 148919 1907
148919 148918 1907
148921 148925 867
148925 148921 867
149074 149075 876
149075 149074 876
150087 150094 842
150094 150087 842
150094 150093 548
150093 150094 548
149695 149698 822
149698 149695 822
149705 149706 1098
149706 149705 1098
149706 150183 896
150183 149706 896
149801 143932 351
143932 149801 351
149685 149676 759
149676 149685 759
218398 218399 1024
218399 218398 1024
224058 218606 804
218606 224058 804
216252 217882 1753
217882 216252 1753
219191 222818 735
222818 219191 735
222937 222934 891
222934 222937 891
222913 222930 744
222930 222913 744
223032 223027 1737
223027 223032 1737
181
129816
129820
129831
129825
129828
129885
130402
121341
121442
129912
130460
218967
218977
218988
218974
218121
218048
218080
218106
218108
218110
218111
218112
218101
218093
218398
218399
218297
218995
219029
220285
224935
218564
218659
218362
218389
218429
218438
218636
218619
224058
218606
224486
224050
216252
217985
217882
222747
222748
224004
222754
222766
222779
222789
222791
222786
219191
224749
222797
222806
222808
224002
222820
222864
222818
222761
222880
222937
218687
222932
222934
222913
222930
222949
222916
222917
223032
223027
223014
223019
150835
151001
151017
151648
149119
149141
149147
149151
149434
149438
149495
149498
149652
149651
149664
149490
149603
149602
149593
149592
149527
149520
149535
149547
148816
148819
149660
149655
141796
146520
151027
151066
151155
151159
151253
151255
150404
150405
151296
143151
143146
151297
147408
147421
147426
147593
147594
147596
147609
147611
147696
147712
147715
148237
148240
148261
148259
148262
148295
148919
148921
148930
148925
148936
148935
149048
149053
149074
149075
149079
149115
212685
149981
149984
149990
150019
150074
150087
150052
150057
150062
150093
148844
149695
149698
149705
149706
150183
150185
140078
149798
149801
143932
149209
149734
149740
149685
149687
149691
149676
149788
