66
53451 53457 238
53457 53451 238
53468 53472 1660
53472 53468 1660
53472 53496 1698
53541 53542 238
53542 53541 238
53547 53550 1768
53550 53547 1768
53496 53472 1698
53518 53525 1199
53525 53518 1199
49437 49524 738
49524 49437 738
49524 49527 2018
49527 49524 2018
49281 49280 1561
49281 49296 879
49299 49296 2644
49299 49311 1104
49311 49299 1104
49311 49301 344
49551 49556 558
49556 49551 558
49288 49289 709
49273 49280 879
49280 49273 879
49280 49281 1561
49296 49281 879
49296 49299 2644
49301 49311 344
49289 49288 709
141420 144222 960
144222 141420 960
144347 144346 299
144346 144347 299
144247 144249 493
144249 144247 493
195571 195579 791
195579 195571 791
196338 196340 278
196353 196340 1979
196340 196338 278
196340 196353 1979
141464 141465 551
141465 141464 551
105418 103727 1436
103727 105418 1436
103567 103569 664
103569 103567 664
103591 103650 1370
103650 103591 1370
40087 40097 1293
40100 40117 1033
40117 40100 1033
40097 40087 1293
41280 41292 1104
41292 41280 1104
29258 29259 475
29259 29258 475
29256 29085 713
29085 29256 713
53296 53302 333
53302 53296 333
53519 53521 517
53521 53519 517
157
105418
103715
105416
105400
105402
103714
103727
103467
103725
103567
103569
103589
103591
103638
103650
40087
40100
40117
40097
40128
40115
105267
105154
105251
105560
105236
105167
103760
105507
105481
105482
105510
103674
103677
105490
105492
40134
40136
40155
40033
40161
41276
41280
41292
41310
41302
29227
29020
29023
29280
29258
29259
29260
29087
29082
29256
29085
29060
29065
29080
52961
52967
52964
52978
53279
53296
53302
53305
53428
53435
56685
53511
53519
53521
29048
53583
53588
54806
54808
55098
55101
55255
55266
55316
55320
55327
55348
55921
53451
53457
53422
53449
53468
53542
53547
53550
53558
53516
53593
49518
49437
49524
49527
49536
49516
49559
49281
49270
49529
49565
49784
53766
53761
53759
53757
54764
144222
144225
144245
144418
144434
144368
144347
144346
144247
144249
144248
144344
144345
144357
144437
144570
144332
144333
195552
195556
195571
196337
196338
196353
196403
196329
196387
151607
140066
140088
140093
140096
141464
141459
141460
141465
141466
190012
190016
190022
189978
