42
73350 73345 1114
73345 73350 1114
73282 73304 1505
73304 73282 1505
73682 73694 1505
73694 73682 1505
73694 73687 478
75972 75970 778
75972 75974 2276
75970 75972 778
75974 75972 2276
73687 73694 478
73779 73780 1702
73780 73779 1702
75308 75309 2064
75309 75308 2064
74804 76041 3259
170255 170230 1558
170230 170255 1558
97009 97011 5196
97011 97009 5196
102118 101959 825
101959 102118 825
101074 101964 1592
101964 101074 1592
116342 116347 246
116342 116348 740
116343 116344 262
116343 116347 96
116347 116342 246
116347 116343 96
116348 116342 740
116344 116343 262
116623 116630 613
116630 116623 613
116660 116662 1212
116662 116660 1212
65356 65355 831
65355 65356 831
76041 74804 3259
88296 88297 159
88297 88296 159
158
62525
62529
62530
65059
65139
65142
59702
59409
59628
60507
65334
65339
65356
65343
65355
65368
65485
65481
65492
65532
57981
57990
73217
73220
73229
73239
75152
75996
76041
76044
76073
76276
76277
87376
56993
87386
87414
75201
75196
75185
75258
75263
76361
76415
87653
87714
87728
87733
87680
88020
88023
88484
88529
88542
88560
88004
87418
88174
88296
88304
88297
88300
88143
88167
88147
88526
88568
88308
88315
88329
88848
88596
73259
73264
73260
73339
73340
73345
73322
73334
73277
73438
73179
73267
73269
73282
73304
73679
73683
75970
75971
75974
75988
75991
73687
73704
73712
73780
75308
75309
75319
75320
73883
73907
73810
73866
73868
73878
75540
75596
75629
74804
78391
75641
170255
170227
170230
159858
95894
95898
102350
96987
101966
102489
96945
96993
96959
97002
97113
97118
97115
97006
97009
97011
97256
97310
101959
97339
100707
102173
100729
103003
101074
101071
100696
100742
116409
116449
116348
116344
116509
116519
116520
116620
116622
116630
116660
116662
