38
151099 151102 2468
149339 149352 661
149352 149339 661
149355 149356 315
149356 149355 315
149549 149552 2431
149552 149549 2431
151102 151099 2468
147383 147393 2316
147393 147383 2316
147940 147941 771
147941 147940 771
147942 147943 858
147943 147942 858
212718 205970 730
205970 212718 730
205970 212728 378
212728 205970 378
212844 196334 1353
196334 212844 1353
150133 150134 2718
150137 150134 2381
150134 150133 2718
150134 150137 2381
150220 150233 1372
150233 150220 1372
170734 170772 1821
170772 170734 1821
129524 129532 674
129532 129524 674
219477 219521 720
219521 219477 720
219462 219461 298
219461 219462 298
218830 218916 737
218916 218830 737
218763 218769 705
218769 218763 705
170
69926
69827
77475
69857
69870
69873
69889
69891
70047
129414
129611
129500
129494
129497
129527
129524
129532
129537
129565
121200
121203
218193
219390
219391
219061
219062
219067
219073
224100
219428
219429
219435
219476
219477
219521
219462
219461
219464
218781
218799
218957
218958
218954
218830
218916
218925
218931
222010
222100
222107
222116
222130
222167
222200
217992
222146
222147
219989
222171
222165
219583
219584
219573
218777
218787
218760
218763
218769
218770
221976
221978
223320
223080
223097
223098
223147
223141
223198
223201
223203
223144
223152
223158
223193
223195
150841
151089
151090
150940
149177
149179
149257
149259
149271
149339
149355
149356
149341
149360
149364
149549
149552
149567
149568
151102
140304
150930
151127
147272
147279
151176
151143
151174
147369
147383
147393
147398
147433
147515
147519
147538
147541
147670
147673
147691
147881
147940
147941
147942
147943
147956
147974
148889
148891
149004
149019
151790
205147
212696
212698
212718
205970
212736
212844
212846
196334
212777
212783
150137
150147
150149
150219
150233
150279
150287
150291
150302
198724
198773
205057
205066
205068
205058
154043
170685
170737
170734
170756
170761
171230
