44
100615 100616 336
100616 100615 336
58658 58667 1285
58658 58679 2358
58667 58658 1285
58679 58658 2358
116606 116607 1023
116606 116700 2759
116700 116606 2759
116607 116606 1023
116609 119511 3484
119511 116609 3484
119558 119563 1578
119563 119558 1578
119577 119578 893
119578 119577 893
119600 119608 1951
119608 119600 1951
119608 119640 1148
119640 119608 1148
119640 119642 941
119642 119640 941
119642 119644 1414
120128 59472 1161
59472 120128 1161
119644 119642 1414
120118 120119 667
120119 120118 667
59870 59911 796
59911 59870 796
59679 59614 1285
59614 59679 1285
58526 56850 674
56850 58526 674
66255 66260 2188
66260 66255 2188
66402 66424 2963
66424 66402 2963
73844 73846 213
73846 73844 213
76057 76059 754
76059 76057 754
170192 170203 1556
170203 170192 1556
167
88427
88389
85209
91603
89503
89570
89484
89505
91231
88759
88972
88918
91608
88952
88960
88962
89072
89093
89061
91754
80693
89528
89530
89594
89976
89996
58157
73539
73552
73644
73548
66387
66255
66261
66266
66260
66271
66401
66402
68783
66424
66559
66433
66457
66602
66601
66616
73611
73830
73769
75741
75742
75394
75747
75769
75746
75438
75439
75578
75608
77350
73958
74000
73844
73846
74023
75713
64137
75733
75778
77329
75837
75852
75912
76057
76061
63769
76349
76355
75673
69641
75920
76697
76700
76058
76059
170192
170200
170203
159893
172844
100615
100616
100670
100685
100746
116735
116427
116739
116724
58333
58340
58357
116810
58358
58660
58658
58666
58679
116807
119511
119520
119558
119568
119578
119579
119580
120092
120093
119591
119608
119640
119642
120128
59472
59461
59486
59487
59484
59794
119644
59306
120118
59417
59422
59492
59504
59507
59824
59836
59911
59562
59580
59585
59719
59733
59821
59374
59591
77572
77578
59679
59612
59614
59690
58231
58235
58233
58526
58534
58221
76680
56850
58528
58643
58992
59006
