56
155226 155227 631
155227 155226 631
155417 155415 333
155415 155417 333
157663 157686 558
157904 157902 893
157902 157904 893
157686 157663 558
178303 178304 747
178304 178303 747
158207 158238 667
158238 158207 667
158251 158253 2203
158298 158296 337
158296 158298 337
158253 158251 2203
159061 159059 600
159061 159062 600
159062 159061 600
159059 159061 600
158625 158641 808
158641 158625 808
158645 158655 2401
158655 158645 2401
161126 161158 766
161158 161126 766
161212 161211 672
161211 161212 672
161211 161227 3189
161227 161211 3189
198848 214446 1799
214446 198848 1799
204995 204996 1666
204996 204995 1666
168654 168653 474
168653 168654 474
168696 168697 885
168697 168696 885
168728 168738 1018
168738 168728 1018
168731 168792 683
168792 168731 683
168640 168668 752
168690 168833 630
168833 168571 1065
168833 168690 630
168571 168833 1065
168668 168640 752
154080 154087 2534
154087 154080 2534
154333 154377 767
154377 154333 767
154377 154381 790
154381 154377 790
157558 157559 767
157559 157558 767
172
148852
150182
149819
149834
149745
151847
149814
149733
150307
150309
198848
205030
198910
215056
214446
198843
198844
215045
204995
204996
152110
152113
162466
168654
168653
168683
168613
168695
168696
168697
168279
168371
168373
168728
168735
168738
168731
168792
168754
168758
168789
168719
168795
168640
168642
168690
168833
168571
168668
153998
154014
154052
154080
154087
154309
154333
154377
154379
154381
154386
157477
152010
157558
157559
157506
157498
157508
157519
157491
157587
157591
154411
154398
154400
154422
154972
154969
154977
155015
155061
155058
155065
155213
157821
157826
155306
155171
155226
155227
155321
155328
155341
155342
155351
157642
157658
157726
157904
157810
157833
157842
157902
155380
155399
155400
155450
155436
155453
155455
155458
157702
157686
157745
157732
177893
177944
178260
177918
177932
178232
178213
178303
178304
178514
178508
178373
178431
178437
178368
178369
177771
157563
158207
158238
158251
158298
158304
158296
172341
158200
158219
158223
158253
157935
158680
158698
158799
158838
158857
158869
158910
159062
158886
159036
159040
159059
159068
158954
158506
158507
158611
158641
158660
158645
161086
161126
161121
161269
161212
161232
161227
168328
