38
133236 133231 1724
251306 251307 551
133671 133670 373
133620 133625 2364
133625 133620 2364
133670 133671 373
251307 251306 551
133803 133804 238
133803 133805 1504
133804 133803 238
133805 133803 1504
133809 133811 1220
133809 133811 1220
133811 133809 1220
133811 133809 1220
251388 251389 750
251389 251388 750
133909 133912 847
133912 133909 847
236108 236110 1080
236110 236108 1080
236115 236113 982
236113 236115 982
236141 236140 1512
236140 236141 1512
236195 236196 481
236196 236195 481
236191 236200 560
236200 236191 560
235896 235894 441
235894 235896 441
231526 231528 2044
231528 231526 2044
232766 232782 1177
232782 232766 1177
248707 248709 904
248709 248707 904
133231 133236 1724
166
231792
231823
232374
232365
232366
232368
232388
232403
232404
232442
232444
232481
232488
232518
232520
232550
232557
232553
232751
232766
232782
232804
232895
232898
232917
10849
10832
10843
11130
11198
11211
14274
14279
248429
248512
261272
248531
248888
248890
248504
248701
248707
248709
248729
249046
249052
249063
249070
249099
249100
249129
249136
249140
249143
249151
249230
132961
133004
133005
249201
249205
249195
249210
249227
249232
249233
133121
133127
133204
133210
133216
133220
133228
133231
133483
133484
133495
133393
133359
133367
133368
133611
133614
133617
133620
133625
133629
133633
251310
133683
251307
133874
133803
133805
133811
251334
251339
251366
251388
251389
133870
134104
133888
134065
134044
134045
139547
134151
134152
134155
134158
138695
138694
133907
133909
133912
134041
132600
236108
236115
235957
235952
235951
236106
235963
235981
236112
236113
236141
236140
236145
236148
236195
236196
236204
235690
236160
236187
236191
236200
235686
235841
235861
235891
235877
235902
235934
236794
231730
231691
231703
231707
231736
231671
235553
230579
231772
231522
231558
233008
231509
231508
231526
231528
231561
234945
