66
113350 113351 1955
113351 113350 1955
104327 113377 2065
113377 104327 2065
113400 113403 1592
113402 113403 951
113011 113010 1466
113010 113011 1466
113054 113053 756
113054 113055 452
113055 113054 452
113053 113054 756
113403 113400 1592
113403 113402 951
104611 104608 438
104611 104610 1593
104608 104611 438
104526 104519 1901
104519 104526 1901
104517 104567 435
104567 104517 435
104434 104435 418
104428 104570 738
104570 104428 738
104435 104434 418
39810 39809 511
39608 39609 927
39609 39608 927
39805 39605 884
39809 39810 511
39605 39805 884
104824 104971 336
104971 104824 336
104610 104611 1593
104459 105046 1615
105046 104459 1615
39656 39662 697
39662 39656 697
39648 39665 1085
39665 39648 1085
41005 41007 551
41007 41005 551
41007 41008 1387
41008 41007 1387
41008 41020 2381
41020 41008 2381
41054 41136 673
41136 41054 673
109866 109868 1763
109868 109866 1763
111094 111093 713
111093 111094 713
112037 112038 737
112038 112037 737
112038 112042 809
112042 112038 809
112077 112111 778
112111 112077 778
112114 112119 796
112119 112114 796
112207 112209 434
112209 112207 434
111781 111788 840
111788 111781 840
112180 112181 354
112181 112180 354
161
191872
191873
192791
192788
192979
192980
192977
192983
193133
192990
109456
109831
109851
109860
109866
109868
109885
107771
110946
109840
111169
111172
111094
111093
111167
111187
110964
111193
111196
103344
103346
111217
111209
111898
112032
112037
112038
112042
112031
111547
111590
112064
112077
112111
112114
112119
112152
112207
112209
112212
112226
112350
112231
111781
111788
111746
112584
112647
111743
112612
112171
112180
112181
112191
112195
112193
112640
112689
112727
112703
112237
103371
112733
113008
113330
113348
113846
113347
113350
105720
113351
113364
104327
113377
113407
113011
113013
113010
113055
113843
103320
112767
112776
112810
103311
103315
104522
104330
104611
104524
104519
104517
104567
104434
113911
104428
104435
39797
39800
39810
39608
39610
39609
39624
39626
39805
39605
39780
104760
104755
104801
104822
104824
104940
104948
105054
105049
105031
105058
104610
104459
105021
105046
105017
39578
39614
39649
39618
39620
39656
39662
39648
39679
39455
39689
39686
39696
39737
39750
40507
40511
41008
40524
41020
41029
41054
41136
41138
41143
41144
40565
