48
147035 147034 802
147035 147036 812
147036 147035 812
147061 147063 720
147070 147067 703
147063 147061 720
147067 147070 703
151683 147860 4323
147860 151683 4323
198625 198630 761
198630 198625 761
171607 171633 2180
171633 171607 2180
159298 159299 698
159299 159298 698
159341 159346 2456
159347 159346 333
159346 159341 2456
159346 159347 333
170960 170926 3207
170926 170960 3207
94748 94747 1409
94747 94748 1409
101928 95692 1453
95692 101928 1453
95756 95757 904
95757 95756 904
97950 97993 2004
97993 97950 2004
98739 98740 1553
98740 98739 1553
215698 215700 914
215700 215698 914
215864 215866 1203
215866 215864 1203
217400 217401 2176
217401 217400 2176
223654 223657 621
216138 216040 605
222448 222440 1106
222448 222441 1009
222440 222448 1106
222441 222448 1009
216040 216138 605
223657 223654 621
223556 223567 1345
223567 223556 1345
147034 147035 802
157
221355
221229
221230
221354
216433
216468
224831
216454
216466
216486
216451
216483
224173
216435
224169
216505
216508
215698
215728
215700
215706
215743
215791
215794
215765
215823
215853
215858
215864
217195
217220
215866
224166
215949
217150
217327
217313
217314
217406
217366
217371
217388
217390
217407
217413
217400
217585
217573
217401
215676
223715
223654
223659
216138
216140
216151
216145
222448
222451
216165
216167
216168
222440
222441
216034
216040
216041
219901
219906
219924
224765
224789
219822
219814
222400
222401
223546
223655
223634
223657
223625
223556
223567
223572
223590
223564
223597
223576
223582
147028
147034
147041
147036
147110
147063
139852
147065
217679
147194
151683
147860
147866
148103
148099
198606
198608
198625
198630
198657
198658
171443
171601
171607
171571
171508
171631
171636
171639
159247
159345
159504
159527
159522
170960
170926
170968
101900
94759
94748
95236
95493
95693
101928
95484
95674
95756
95784
95755
101743
95771
95786
97950
97949
98770
98760
100074
98822
98823
98851
98860
98825
42213
98737
98740
98750
98765
98767
