66
144505 144494 2428
144505 144509 2476
144509 144505 2476
144509 144553 2922
144553 144509 2922
144553 144554 829
150504 150502 804
150504 150505 1706
150494 150492 628
150502 150504 804
150492 150494 628
150505 150504 1706
150641 150643 370
150643 150641 370
150694 150706 1345
150645 150706 982
150706 150645 982
150706 150694 1345
140275 140280 705
140280 140275 705
140281 140366 828
140366 140281 828
140366 140367 1772
140367 140366 1772
140448 141872 2521
144494 144505 2428
141872 140448 2521
141911 141912 810
141912 141911 810
141938 141936 894
141936 141938 894
142641 142636 866
142636 142635 885
142636 142641 866
142069 142066 2503
142635 142636 885
142066 142069 2503
142079 142589 2083
142589 142079 2083
144782 144789 657
142773 142778 1084
142778 142773 1084
144789 144782 657
204732 204779 834
204779 204732 834
204779 204791 1019
204791 204779 1019
204860 204861 802
204861 204860 802
204861 204870 765
204870 204861 765
144554 144553 829
144563 144562 278
144562 144563 278
41622 41624 476
41624 41622 476
48555 48557 684
48557 48555 684
131493 131496 747
131497 131496 747
131496 131493 747
131496 131497 747
131831 131832 429
131832 131831 429
54517 54519 2353
54519 54517 2353
167
56340
55423
41618
41622
41624
40815
48379
48456
48465
48532
49624
48546
48555
48355
48363
48374
41632
48557
48579
48701
48707
48718
48830
48570
48572
48583
48833
48838
48854
48856
48857
48874
48841
48230
48990
48991
49010
49013
48282
131364
131365
49590
48389
131368
131384
131473
131493
131497
131496
131510
131516
131747
131773
131831
131832
131840
131852
54366
54413
54403
54452
54457
54469
54472
54517
54550
54556
54570
54586
52950
56338
56339
54686
54519
54522
54526
54722
54729
54640
53893
56639
53941
53949
53963
52853
55180
144505
144509
150494
150502
150492
150505
150643
150694
150645
150706
140290
150734
140274
146928
140280
140367
140382
140434
140435
140447
142547
141872
141881
141912
141928
141887
141895
141897
141901
141951
141953
151750
142086
142112
142116
142126
142106
142641
142636
142082
142104
142635
143267
142066
142067
142075
142589
142592
142616
142623
142737
142738
142742
142743
144499
144503
142773
142778
142779
144789
144793
56354
204522
204544
196122
204772
204732
204791
204798
204808
204860
204859
204861
204868
204870
144554
144559
144563
144715
144562
144567
