44
127513 127512 1268
126617 126618 893
126618 126617 893
127570 127512 953
127512 127513 1268
127512 127570 953
129166 129252 650
129252 129166 650
129277 129278 1919
129278 129277 1919
129418 129419 1813
129419 129418 1813
121225 121226 111
121226 121225 111
121011 121145 698
121145 121011 698
121133 121158 518
121158 121133 518
69240 69241 63
69241 69240 63
121572 69846 2581
70168 70164 396
70164 70168 396
70120 70116 905
70116 70120 905
70001 70009 2920
70009 70001 2920
70493 70498 698
70510 70511 796
70498 70493 698
70511 70510 796
69846 121572 2581
44079 44091 951
44091 44079 951
46087 46088 337
46088 46087 337
126642 126648 1477
126668 126669 2388
126669 126668 2388
126648 126642 1477
126707 126705 848
126705 126707 848
46019 46038 2334
46038 46019 2334
160
44087
44079
44091
44698
44671
44707
44844
44822
44824
45933
44780
45941
44788
45935
45965
46084
46087
46088
46284
46297
46301
46347
126153
126144
126146
127131
127381
127391
45821
45829
126642
126660
45785
126668
126669
126671
126648
126649
45442
125403
125399
125405
45816
45811
45823
126687
126682
126681
126716
126718
126720
126707
126705
126730
126050
126991
126992
126067
126996
132362
127001
45836
45837
45846
45843
45728
46125
46013
46019
46038
46057
46072
46065
46100
46101
126382
127417
127414
127400
127404
127411
126617
126618
127546
127553
127525
127512
127524
129085
129061
129170
129161
129165
129252
129254
129260
129261
129264
129277
129278
129418
129424
121225
121226
121088
121081
121221
121236
121263
121011
121155
121145
121158
121267
121269
121120
121547
121551
69108
69239
69240
69241
69249
69876
70169
70191
70127
70120
70118
69722
69723
69762
69809
69719
62898
69772
69773
69785
72495
72498
69830
70001
70009
70352
70325
70322
70324
78780
70548
70394
70424
70443
70493
70510
70498
70511
69310
69314
69339
69304
