66
198075 198067 747
198210 198068 1098
198067 198075 747
198068 198210 1098
198183 198184 846
198184 198183 846
199021 199020 846
199054 199053 2120
199058 199053 846
199018 199020 759
202061 202066 680
202066 202061 680
202109 202111 679
202111 202109 679
199020 199018 759
199020 199021 846
202993 202994 945
203002 202984 698
202994 202993 945
202984 203002 698
202920 202922 1143
202922 202920 1143
202933 202913 964
202913 202933 964
214477 202955 843
202955 214477 843
205340 205349 1177
205349 205340 1177
205466 205473 276
205473 205466 276
198952 198954 2257
198975 198954 683
198975 198977 1465
198977 198975 1465
198977 198989 219
198954 198952 2257
198954 198975 683
198989 198977 219
198994 198995 1408
198367 198371 816
198371 198367 816
198995 198994 1408
199053 199054 2120
199053 199058 846
206115 206116 1278
206116 206115 1278
51921 51922 1079
51922 51921 1079
52023 52034 1879
52034 52023 1879
52034 52637 1702
52637 52034 1702
52670 52640 884
52640 52670 884
186310 186304 799
186304 186310 799
52313 52312 984
52312 52313 984
51860 52105 788
52105 51860 788
52364 52349 373
52340 52341 418
52349 52364 373
52341 52340 418
52450 52451 283
52451 52450 283
177
51063
50738
50954
50962
50964
50753
50790
50785
50750
51138
51879
51890
51921
51922
51988
51993
52017
52023
52034
52637
52709
52670
52692
52700
52703
52640
186350
186310
186328
186361
186369
194529
194562
194577
194582
194645
214428
194647
194655
186967
186964
186985
187058
190693
190741
194556
194559
194573
194613
194616
194721
194746
194747
194756
194758
186304
52313
52312
52522
52524
51860
52104
52105
52124
52125
52128
52190
52191
52199
52364
52356
52357
52359
52340
52349
52341
52346
52467
52411
52470
52474
52445
52450
52451
52503
186192
186206
189745
190119
189750
189769
197982
194787
214451
214452
198485
198491
198496
197981
198124
195333
198073
198210
198215
198067
198068
198239
214291
214292
198137
198149
198190
198183
198188
198171
198173
198184
199021
199056
199018
202069
202066
202076
202078
199020
202110
202114
202246
202254
202284
202267
202333
202348
202876
202124
202551
202993
202994
203006
202979
202920
202922
202455
202913
202917
214477
202955
202899
202907
202928
203083
214951
203090
205294
205299
205309
205310
205470
205349
205350
205473
205472
205485
205486
198952
198977
198954
198989
198994
198367
198371
215112
198935
198995
206074
206115
206116
