54
245521 245524 1324
245521 245528 1222
245528 245521 1222
245524 245521 1324
245709 245711 680
245711 245709 680
245755 245756 838
245756 245755 838
240290 243250 334
243248 243245 2832
243250 240290 334
243245 243248 2832
247532 247534 1392
247534 247532 1392
247660 247661 1234
247661 247660 1234
247838 247841 3223
247841 247838 3223
258626 258624 763
258624 258626 763
255387 258643 1978
258643 255387 1978
256253 256426 1960
256427 256419 2062
256426 256253 1960
256419 256427 2062
255402 255401 763
255390 255391 3532
255391 255390 3532
255401 255402 763
255425 255433 1278
255433 255425 1278
263599 263601 852
263599 263601 852
263601 263599 852
263601 263599 852
254913 263088 6038
263088 254913 6038
243284 243440 520
243440 243284 520
243479 243495 838
243495 243479 838
243495 243496 728
243496 243495 728
243500 243502 639
243502 243500 639
243721 261405 250
261405 243721 250
245294 245340 685
245340 245294 685
245349 245345 1070
245382 245384 724
245384 245382 724
245345 245349 1070
165
255528
255542
255546
255552
256768
256780
256803
256912
256926
256932
256792
256611
256736
254949
254985
254981
254920
254910
254913
254907
263088
254926
254931
255046
255048
257294
256972
256983
256950
257002
257013
264188
238924
264062
262854
243828
262824
257946
257948
239106
243613
243615
243472
243418
243279
243284
243440
243297
243304
243479
243495
243290
243294
237257
243328
243496
243500
243502
243374
243408
243415
261223
243721
261405
243733
243751
245294
245340
245342
245348
245349
245356
245382
245384
245404
245415
245345
245412
245419
245528
245524
245525
245593
245573
245704
245709
245711
245755
245756
245769
245776
245789
245775
245784
261988
243834
261987
243820
243821
243248
243244
243245
243262
243626
242888
242889
243106
264269
243105
243167
244062
261144
244050
247532
247534
247544
247556
247612
247621
247632
247660
247661
247669
247678
247682
247698
247819
247838
247841
248035
247828
248033
239363
248031
248072
248351
257342
248367
258626
258624
258625
255378
258637
255384
255387
258647
256253
256427
256426
256419
256421
256455
256462
256463
255396
255405
255411
255419
255390
255391
255401
255423
255433
263597
258663
