40
93530 93531 1098
93531 93530 1098
92432 92433 1081
92727 98927 462
98927 92727 462
92433 92432 1081
101689 101709 7501
97824 97828 1025
97828 97824 1025
97828 97847 713
97847 97828 713
97796 97797 1375
97797 97796 1375
42107 42161 3804
42113 42161 3613
42161 42107 3804
42161 42113 3613
43679 43680 2205
43680 43679 2205
43986 43994 726
48100 48101 2088
48101 48100 2088
43994 43986 726
44256 44392 4144
44392 44256 4144
44470 44478 724
44478 44470 724
159144 159143 954
159143 159144 954
159143 162383 710
162383 159143 710
159200 159202 1147
159202 159200 1147
160101 160103 404
160103 160101 404
213437 198604 756
198604 213437 756
95651 95650 708
95650 95651 708
101709 101689 7501
171
162375
171556
159113
159144
159143
162383
162379
154228
159173
159126
159200
159139
159202
159211
159217
159355
159366
159387
159403
159418
159431
159438
159583
159592
159585
159595
159605
159654
159664
159723
159772
172647
158739
158748
160101
160103
161103
213054
213052
213059
213410
213412
213429
213437
198604
213488
170905
170909
171346
171333
171353
170843
170845
170859
170913
95736
95566
95594
97679
95607
97856
94739
95188
95255
95342
95340
95670
95651
95655
102545
95650
101709
101710
101707
49826
49930
41932
41953
49823
49831
49891
49902
49905
50011
97758
97763
97658
93530
94612
94615
93531
93537
93548
98904
98940
98943
98944
102703
92432
92727
92709
98896
98898
98950
92433
98971
101683
98625
98626
97803
97824
97825
97847
97840
102121
98051
98057
92169
97767
97797
98327
98328
98594
191084
191088
191468
41967
41971
41973
42008
42024
49909
42039
42029
42045
42048
46238
48173
42093
42107
42145
42148
42113
42116
43675
43679
43680
43958
43962
43964
48100
48101
43994
43996
43997
50567
43920
43900
44195
44233
44263
44260
44247
44181
44256
44378
44392
44383
44470
44478
44480
