54
122061 122010 238
122255 122233 1145
122537 122535 2477
123554 123561 752
122535 122537 2477
122570 122571 1010
122583 122571 2511
122571 122570 1010
122571 122583 2511
123561 123554 752
123566 123595 558
123595 123566 558
123595 123569 874
123569 123595 874
124612 124607 2552
124607 124612 2552
124731 124724 2831
124724 124731 2831
124742 124740 613
120261 120263 2490
124716 124717 1121
124740 124742 613
124717 124716 1121
120263 120261 2490
67051 67050 1317
67098 67099 333
67100 67099 893
67120 77025 768
67099 67098 333
67099 67100 893
67050 67051 1317
67081 67076 399
67076 67081 399
77026 67743 2062
67743 77025 870
67743 77026 2062
77025 67120 768
77025 67743 870
66857 66841 972
66841 66857 972
99234 99236 2419
99236 99234 2419
99610 99611 1000
99611 99610 1000
99586 99591 3000
99591 99586 3000
99836 100415 2110
100415 99836 2110
101662 101664 673
101664 101662 673
121765 121763 436
121763 121765 436
122233 122255 1145
122010 122061 238
145
96534
96541
96579
99234
99236
99311
99337
97168
99606
99610
99271
97077
97171
94635
99589
99609
99611
99614
99586
99591
99623
99644
102800
100601
100604
50589
99836
100420
100427
100454
100460
100415
100467
100465
102309
101471
101583
101592
101618
102478
101603
101604
101627
101556
92299
101378
100160
101662
92053
91997
92847
101562
101664
121821
118097
117846
117850
117855
122115
122124
121760
121765
121763
121776
122165
122117
122177
122004
122024
122025
122022
122233
122248
122010
122011
122071
122072
122053
122339
122344
132335
122354
122270
122395
121876
121875
121895
121907
121911
122537
122527
122530
118018
118023
118027
118051
118054
118055
123516
122535
122570
122576
122595
123401
123540
123568
123521
123530
124586
124584
124590
124486
124591
124493
124612
124607
124615
124621
124731
124724
120261
124716
124740
124717
120263
120272
123555
66770
67098
67100
67116
67050
67102
67070
66994
67076
67087
67088
77020
77026
66856
66857
67009
66841
67016
