44
192949 193182 562
192931 192917 432
192937 192951 673
192951 192937 673
192917 192931 432
193182 192949 562
193062 193283 610
193283 193062 610
192257 192250 839
192250 192257 839
32752 32757 1160
32786 32787 833
32787 32786 833
29661 29660 624
33062 33063 761
32783 29660 446
29537 29540 4013
29540 29537 4013
29589 29590 7617
29590 29589 7617
32757 32752 1160
29660 29661 624
29660 32783 446
33063 33062 761
108015 107994 373
108015 108029 667
108029 108015 667
107994 108015 373
107994 108018 763
108018 107994 763
108018 108017 846
108017 108018 846
111832 111972 763
111972 111832 763
211924 211927 750
211927 211924 750
179050 179101 738
179101 179050 738
179073 179074 939
179073 179075 1224
179074 179073 939
179075 179073 1224
179235 179237 1034
179237 179235 1034
164
163320
163322
163335
163243
163271
163352
163360
163380
163005
163294
161338
162733
162732
211845
211885
211895
211900
163926
163959
198809
212004
214258
211908
211906
211924
211927
179050
179101
179135
179123
179067
179068
179078
179149
179073
179074
179140
179075
179138
179235
179241
179222
179225
179237
114537
114539
114696
114698
115275
115277
115241
115497
114816
115170
115289
115074
115076
115290
115293
115564
115570
115572
115577
106326
106330
106374
106480
105206
32360
32407
32410
106583
106599
106554
113721
106544
106516
193000
193001
191859
191804
191811
192878
192880
192903
192935
192931
192951
192917
192929
193182
193062
193283
193284
193285
193053
192454
192576
192281
192264
192288
192293
192535
191494
192303
192250
192197
192488
192490
32699
32705
32706
32642
32629
32632
32691
32724
32752
32767
32786
32787
33062
32783
29537
32418
32444
29540
29571
29576
32453
29589
29590
32463
32486
32545
32638
32596
32834
33063
33070
107883
107902
107878
103509
105672
107912
108015
108029
103384
107991
107999
108017
111836
107980
111832
108038
108044
33500
33507
33516
33514
33573
33588
33592
