58
206120 206123 839
206123 206120 839
206395 206399 1199
206399 206395 1199
208848 208855 427
208855 208848 427
209030 209033 2106
209032 209033 825
209010 209009 1406
209009 209010 1406
213726 214796 704
202005 202008 674
202008 202004 970
202008 202005 674
202008 202009 2387
194828 202016 1342
202009 202008 2387
202009 202016 597
209879 209880 406
209880 209879 406
214796 213726 704
201934 201933 442
201937 201936 919
201905 202004 1719
201936 201937 919
202004 201905 1719
202004 202008 970
202016 194828 1342
202016 202009 597
209033 209030 2106
209033 209032 825
209917 209918 2084
209918 209917 2084
201695 201701 838
201701 201695 838
201933 201934 442
113932 105597 1177
114812 114811 1574
114811 114812 1574
105597 113932 1177
192135 192338 66
192338 192135 66
193526 193506 679
193506 193526 679
198154 198185 654
198185 198154 654
202080 202210 779
202210 202080 779
202241 202244 761
202244 202241 761
202343 202344 1160
202344 202343 1160
202981 202974 1358
202974 202981 1358
214877 215071 704
215071 214877 704
198958 198957 896
198957 198958 896
161
189639
189669
189681
189682
198040
194779
194774
194914
214300
198480
197967
197968
197969
197973
197974
198059
198045
198062
198161
198057
198168
198106
198151
198154
198185
198164
199068
202205
199067
202220
202223
202080
202083
202210
202237
202241
199096
202244
202263
202278
202326
202343
202344
214302
214329
202981
202970
202974
214877
215071
215086
214953
203077
205237
214516
205244
205276
205281
205291
205434
198958
198981
199024
199027
199026
198378
198950
198957
199036
199060
199070
206065
206076
206077
206070
206109
206120
206123
206131
206313
206320
206335
206336
206334
206395
206399
208848
208855
208856
208959
209015
209026
209032
209017
209092
209010
209009
213709
213726
181371
181348
181375
181382
181406
201909
202005
213710
213714
213712
213739
213794
213737
209879
209880
214796
201937
201899
201905
201936
209075
209090
209091
209795
209799
209871
209917
209918
209951
205557
209886
209887
209902
201708
201691
201695
201701
201706
214504
201762
201767
201866
201869
193366
193393
193411
193414
190922
192098
192100
193874
193877
113932
114812
105602
192135
192338
193498
193506
193523
193535
193713
