154
258500 258511 1195
258511 258500 1195
254990 254993 5644
254993 254990 5644
257216 257220 1846
257237 257236 847
257238 257236 903
257255 257258 5662
261178 257286 418
258697 258698 537
258845 258698 1332
258846 258698 846
258777 258778 655
258784 258778 2224
255338 255337 1117
258804 255337 3660
263427 258794 488
258799 258798 1174
258800 258798 825
258796 258809 2539
258685 258684 1978
262022 258684 6307
262680 262679 1425
263810 262681 1777
262693 262694 175
264198 262694 676
252851 257896 4124
262686 257896 1754
257969 258015 343
257966 257970 1287
257966 257973 751
257971 257970 2429
257973 257966 751
257973 257972 1271
257977 257972 1623
257977 258002 2282
258000 258004 377
258002 257977 2282
258002 258004 893
258007 258004 975
258012 258008 638
258050 258037 820
258050 262056 1756
258033 258014 2232
258033 258037 428
258037 258033 428
258037 258038 1364
258037 258050 820
239194 239153 1413
239194 239195 333
239194 239198 1328
262774 239198 278
258131 258132 797
258131 258132 797
262784 239193 5166
262785 239193 1182
262781 239195 1241
239163 239157 402
243989 239171 2170
243996 239171 1298
243997 239171 747
239149 239160 1120
239151 239153 1085
261925 243677 364
244336 244338 1228
244336 244339 3643
244338 244336 1228
244338 244339 3693
244354 244362 771
244361 244362 793
244372 244362 771
243572 243581 1385
243573 243581 368
243573 243585 739
243582 243581 455
243576 243585 301
243589 243585 348
243670 243669 919
243565 243571 2409
243687 243693 71
243735 243736 587
257220 257216 1846
257236 257237 847
257236 257238 903
257258 257255 5662
257286 261178 418
258698 258697 537
258698 258845 1332
258698 258846 846
258778 258777 655
258778 258784 2224
255337 255338 1117
255337 258804 3660
258794 263427 488
258798 258799 1174
258798 258800 825
258809 258796 2539
258684 258685 1978
258684 262022 6307
258684 262679 4444
262679 258684 4444
262679 262680 1425
262681 263810 1777
262694 262693 175
262694 264198 676
257896 252851 4124
257896 262686 1754
258015 257969 343
257970 257966 1287
257970 257971 2429
257972 257973 1271
257972 257977 1623
258004 258000 377
258004 258002 893
258004 258007 975
258008 258012 638
262056 258050 1756
258014 258033 2232
258038 258037 1364
239198 239194 1328
239198 262774 278
258132 258131 797
258132 258131 797
239193 262784 5166
239193 262785 1182
239195 239194 333
239195 262781 1241
239157 239163 402
239171 243989 2170
239171 243996 1298
239171 243997 747
239160 239149 1120
239153 239151 1085
239153 239194 1413
243677 261925 364
244339 244336 3643
244339 244338 3693
244362 244354 771
244362 244361 793
244362 244372 771
243581 243572 1385
243581 243573 368
243581 243582 455
243585 243573 739
243585 243576 301
243585 243589 348
243669 243670 919
243571 243565 2409
243693 243687 71
243736 243735 587
247432 247433 688
247433 247432 688
247708 247709 2003
247709 247708 2003
154
257220
257236
257258
257286
258698
258778
255337
258794
258798
258809
258684
262679
262681
262694
257896
258015
257970
257972
258004
258008
262056
258014
258038
239198
258132
239193
239195
239157
239171
239160
239153
243677
244339
244362
243581
243585
243669
243571
243693
243736
245433
245454
245465
247187
236484
245497
245543
247215
247280
247282
247286
243928
243963
243980
244387
244390
244400
244189
244190
263748
243916
244041
247291
247314
247315
247354
247357
247432
247433
247708
247709
247719
247757
258461
247852
258500
258511
258578
263588
256144
256154
256156
260199
256135
259238
256609
256616
256623
256638
256664
256706
257157
257159
254905
256709
256657
255082
254966
254990
255215
255256
255293
255296
255092
255101
255104
255110
262354
255127
262334
255132
255138
256714
257185
256720
257217
257237
257238
257255
258777
258784
255338
263427
258796
258685
262022
262693
264198
252851
257969
257966
257977
258000
258002
258033
262774
239163
243989
243996
239149
239151
244336
244338
244354
244361
243572
243573
243582
243576
243589
243670
243565
243687
243735
