46
89889 90280 445
90280 89889 445
89730 89938 1762
89938 89730 1762
80979 81021 4734
80358 80357 1595
80357 80358 1595
80361 80363 1963
80363 80361 1963
80907 80932 3262
80932 80907 3262
80951 80953 1399
80953 80942 1107
80953 80951 1399
80942 80953 1107
81021 80979 4734
81314 81311 1906
81314 81330 1685
81330 81314 1685
81311 81314 1906
83194 83193 1791
83193 83188 952
83193 83194 1791
83188 83193 952
83150 83149 1971
83149 83150 1971
83149 83203 3761
83203 83149 3761
82866 82867 1315
82867 82866 1315
81586 81584 614
81584 81585 2480
81584 81586 614
81585 81584 2480
81352 81353 1703
81353 81352 1703
80043 80045 499
80045 80043 499
80123 80121 951
80121 80123 951
80193 80192 1122
80192 80193 1122
117335 117385 1835
117385 117335 1835
57940 57942 1288
57942 57940 1288
162
79819
80084
80158
80160
80517
80136
80000
80003
90905
80015
80027
80043
80045
80049
80064
80123
80121
80410
80167
80089
80173
80178
80185
80193
80192
80311
162321
162331
117081
117026
117084
117089
117037
117028
117330
117335
117034
117048
117324
117052
117061
117059
117383
117385
61258
117411
117392
61251
117492
61236
76548
61354
61340
61210
61281
61282
61293
61312
61222
61321
78517
78524
76445
78797
78602
78606
76440
76431
57940
57943
57942
78106
78115
57977
57976
76798
78296
79455
79449
79451
83896
87883
87878
89889
90275
90278
89730
89938
89883
89879
89881
89874
89877
80960
80979
84820
80320
80321
80358
80357
80363
80910
80949
80932
80951
80942
81021
81034
81306
81321
81323
81330
81311
81313
81851
81853
81922
83183
83194
83171
83150
83250
91329
83230
83203
91314
91839
82866
82867
83445
83431
83441
86414
81353
86538
86082
86113
86104
85894
86370
86392
86389
86398
86460
86387
86395
86474
81593
81616
81765
81767
81762
81748
87153
86536
86863
82036
87149
91397
81805
81808
81813
