34
253706 253709 2138
253719 253724 536
253709 253706 2138
253724 253719 536
263569 263572 314
263572 263569 314
231984 231986 1889
231986 231984 1889
232012 232013 556
233184 233125 475
234118 232013 662
232013 232012 556
232013 232014 275
232013 234118 662
233125 233184 475
232014 232013 275
232063 232064 3334
232064 232063 3334
233298 233301 1029
233301 233298 1029
249812 249809 1223
249809 249812 1223
249858 249862 1114
249862 249858 1114
250084 250799 1808
250118 250117 747
250117 250118 747
250799 250084 1808
250799 250816 1101
250816 250799 1101
251208 251210 573
251210 251208 573
253564 253563 1161
253563 253564 1161
158
248627
249451
249440
249471
249777
249781
249798
249818
249812
249773
249809
249858
249862
249865
249214
251230
249878
251231
251232
249883
249926
251241
251249
250084
250791
250118
250120
250140
250088
250142
250117
250159
250079
250799
250816
251017
250859
250860
250972
250973
250776
250997
252127
253315
253310
253318
253326
253337
253393
253396
251006
251103
251158
251160
251171
251174
251199
251208
251223
251210
251225
251351
253257
253260
253441
253412
253446
253447
253452
253454
253458
253531
253547
253536
253564
253563
253702
253705
253712
253718
253719
134133
134135
134141
134142
253709
253724
254875
236321
236385
236391
261565
263524
236308
236316
236307
263823
263569
263572
236409
236415
264321
261451
263516
263535
236983
236767
236775
236763
236850
236864
236861
262054
262869
262050
264037
263369
263488
236890
236893
231988
231984
231986
231999
231967
234934
232004
232012
233086
233125
233129
233188
233199
233207
233214
232006
232062
232063
232069
232074
232093
232087
232645
232646
232723
232726
233517
233526
233552
233557
233568
233572
233610
233286
233295
233301
248406
240410
