82
52786 52787 1080
51400 51399 2530
51404 51417 610
51417 51404 610
51417 51418 1027
51418 51417 1027
51384 51386 1503
51386 51384 1503
51386 51385 1120
51386 51442 1227
51392 51442 747
51392 51449 1429
51451 51449 747
51451 51454 1027
51455 51454 688
194906 194898 1420
194906 194905 843
194905 194906 843
140549 140555 1341
140555 140549 1341
140555 140799 2886
140799 140555 2886
186265 186251 1877
186414 186413 861
186413 186414 861
186440 186455 585
186455 186440 585
186456 186517 2343
186517 186456 2343
186760 186759 777
186760 187099 2278
187099 186760 2278
186759 186760 777
187157 187158 112
187158 187157 112
51385 51386 1120
51442 51386 1227
51442 51392 747
51449 51392 1429
51449 51451 747
51454 51451 1027
51454 51455 688
51516 51515 581
51515 51516 581
55750 55782 790
55782 55750 790
189757 189756 775
189757 190156 1405
190156 189757 1405
190156 190157 291
189772 189774 1349
189788 190157 421
190157 189788 421
190157 190156 291
189774 189772 1349
186251 186265 1877
189731 190171 1983
189756 189757 775
190171 189731 1983
194897 194898 1982
194898 194897 1982
194898 194906 1420
17551 17589 764
17589 17551 764
25616 25603 1066
25569 25570 338
25570 25569 338
25518 25519 737
25519 25518 737
25603 25616 1066
27449 27450 2883
26857 26852 836
26852 26857 836
26892 26894 809
26894 26892 809
27005 26995 1762
26995 27005 1762
27450 27449 2883
27015 26979 2876
26979 27015 2876
51399 51400 2530
52787 52786 1080
162
17683
15281
17657
17550
17554
17551
17589
17593
17622
17612
19234
18020
18023
18054
18060
18111
18142
18145
19294
34585
20356
20427
20511
20452
20448
20451
20438
20441
20534
20769
25542
25548
25540
25616
20789
20791
20802
25569
25570
25450
25493
25505
25499
25508
25502
25518
25519
25545
25603
25521
26846
27449
26857
26852
26892
26894
26897
26899
26906
27005
26995
26851
26853
27450
27797
27670
27015
27016
26979
27115
27118
27228
26978
27135
27262
27267
27206
27214
27219
27432
50811
50812
50684
56666
51224
51399
52787
52788
52796
51232
51238
51228
51240
52783
52786
50655
50657
52777
50904
56658
51400
51404
51418
51423
51485
51384
194833
194902
140549
140555
140799
140826
140804
186265
186400
186414
186413
186416
186440
186456
186517
186744
187096
186759
187101
187120
187157
187158
51493
51516
51526
51509
51510
52854
52865
55747
55750
55782
56474
56475
56483
56484
56491
56493
56502
56503
56521
56532
189757
190156
189772
189774
186242
189731
189756
190171
195071
194898
195063
195064
195074
214814
