70
168480 168472 906
153903 153902 475
153902 153903 475
154373 154375 1773
154375 154373 1773
153992 154404 518
157449 157158 334
157469 152017 680
157466 157452 1773
157467 157451 934
152017 157469 680
152019 152020 843
152020 152019 843
157158 157449 334
157451 157452 893
157451 157467 934
157452 157451 893
157452 157466 1773
157274 157273 1201
154404 153992 518
153980 154762 1234
154754 154752 436
154754 154753 1096
154753 154420 1592
154753 154754 1096
153978 154765 1344
154420 154753 1592
154752 154754 436
154964 155021 1002
154765 153978 1344
154762 153980 1234
155021 154964 1002
155179 155181 1124
155181 155179 1124
155188 155186 934
155186 155188 934
155201 155203 511
155203 155201 511
157273 157274 1201
155312 155311 1269
155311 155312 1269
155411 155420 1918
155420 155411 1918
146284 146285 769
146285 146284 769
146285 146323 547
146323 146285 547
147589 147627 2294
147627 147589 2294
148214 148225 2458
148286 148287 830
148225 148214 2458
148275 148277 864
148277 148275 864
148287 148286 830
146561 146563 998
146563 146561 998
149863 149860 949
146580 146582 751
149860 149858 777
149860 149863 949
146582 146580 751
146582 146583 785
146583 146582 785
149858 149860 777
198863 198861 272
198861 198863 272
168305 168626 558
168626 168305 558
168472 168480 906
163
148705
148820
146280
146284
146283
146285
146306
146323
146318
146308
151058
151075
151226
151238
151240
151261
142958
142972
142970
142984
143088
143090
139769
147582
147589
147627
147630
148151
148155
148214
148286
148225
148275
148277
148288
148287
148451
148423
148435
148448
148453
212667
212679
146494
146509
146514
146536
146561
146563
149863
146580
149860
146582
146583
149890
149896
149916
150004
150008
148746
148726
149853
149859
148829
149858
148833
149935
149951
150318
151814
198827
198852
198863
198861
153700
153728
152107
162470
168610
168594
168601
168604
168288
168308
168606
168620
168305
168626
168629
168486
168472
168831
168661
168677
168657
168660
168480
153720
154004
153916
153903
153902
154082
172774
154324
154373
153955
154375
157469
157466
157467
152020
157551
157267
157261
157274
157486
154404
153980
154753
154420
154947
154964
154765
155025
155027
155181
155188
155191
155186
155203
155258
155240
155263
155287
155271
157481
157628
157273
157646
172723
155311
155245
155292
155285
155284
155411
155420
155355
157648
157666
157720
157652
155309
157671
157677
157673
177900
177928
177912
178325
178324
178329
