44
90479 90544 1190
66755 57360 2112
79106 79107 9111
79147 79898 1241
79898 79147 1241
84866 84867 2524
84868 84867 1398
84867 84866 2524
84867 84868 1398
79107 79106 9111
57320 57382 1405
57382 57320 1405
57385 57387 359
57387 57385 359
57360 66755 2112
57373 57374 512
57374 57373 512
79358 79356 1466
79762 79360 2090
79356 79358 1466
79360 79762 2090
79983 79982 1869
79982 79983 1869
79996 79995 2131
79995 79996 2131
117120 117110 558
117110 117120 558
89726 89857 1542
89857 89726 1542
89857 89861 875
89861 89857 875
86224 86226 2147
86226 86224 2147
91568 91569 792
91569 91568 792
81619 81617 1511
86032 86109 697
86109 86032 697
81617 81619 1511
85935 85674 1265
85674 85935 1265
90544 90479 1190
85533 85534 754
85534 85533 754
163
89850
89726
89857
89867
89859
89861
89870
81101
86224
86226
80958
80359
80931
80946
81027
81030
81123
81227
81300
80902
81281
81298
81318
84285
86795
82967
83154
83175
83176
83179
83195
83166
83213
83205
83210
91830
83109
83398
91568
91569
91574
90662
91571
81619
81673
86830
86847
86845
81358
86506
86508
86515
86031
91064
86032
86109
86120
86333
86373
81617
90959
86839
91412
81503
81648
81701
81850
90797
85556
85548
85909
85948
90795
85935
85963
86037
85973
85673
90649
85674
90453
90544
85533
85534
85472
85530
89752
89931
89934
83962
90433
90441
90442
90402
90404
90437
89664
89661
66734
66750
66755
66756
66758
66764
77980
84895
91538
79106
79147
79898
84866
79793
84868
84871
79107
57320
57325
57382
57388
77412
57359
57360
57372
57353
57363
57349
57374
56896
56900
56981
79491
79480
79607
79775
79783
79358
79762
90916
79786
79977
79983
80102
87520
80134
79996
79997
79995
80040
80116
80066
80118
80069
80091
80163
80188
162319
162333
162270
117111
117120
117109
117088
117097
