38
65768 65770 770
65770 65768 770
75811 75815 741
75815 75811 741
56909 56912 562
56912 56909 562
56963 75903 8701
75903 56963 8701
75890 75892 1626
75892 75890 1626
58743 58746 1271
58753 58748 1983
58746 58743 1271
58748 58753 1983
58799 58801 1727
58801 58799 1727
58847 58858 1727
58858 58847 1727
59269 59271 674
59271 59269 674
59285 59287 888
59285 59290 994
59290 59285 994
59277 59293 672
59287 59285 888
59293 59277 672
88804 88805 1145
88805 88804 1145
88226 89004 978
89004 88226 978
89047 89055 890
89055 89047 890
91312 91310 204
91310 91312 204
90852 90851 1505
90851 90852 1505
81539 81528 1225
81528 81539 1225
144
89340
89215
89251
89259
89384
89454
88804
88805
89260
89221
87624
87586
88226
88232
89004
83949
87619
89056
89047
91382
89055
91312
91306
91310
90852
89119
90848
90851
89562
80571
89067
90148
80569
80592
89094
80638
80673
80733
90104
90111
80811
80764
90117
80753
80782
80810
80789
80805
80830
80833
81368
81370
81466
81535
81538
81527
81539
81541
81528
81431
81433
81452
90666
80870
80883
87164
90134
90596
90058
89511
89603
89545
90119
86053
91517
89961
89680
89630
89609
73501
73502
73619
73520
73516
66218
66349
66373
77211
65766
77201
66474
66476
66539
66635
66637
66643
66669
73943
75800
75811
76755
56909
56912
56951
56952
56974
56963
56964
78095
77356
75856
75861
75876
75890
170154
170179
170163
170152
159877
159898
159903
159901
58379
58415
58416
116754
58713
58719
58743
58753
58746
58748
58810
58813
58816
58846
58847
58858
59271
59277
59287
59293
59320
59331
