48
156427 156418 1336
156041 156038 476
156038 156041 476
156082 156543 1234
156543 156082 1234
156609 156620 1140
156620 156609 1140
177429 177430 842
177429 177442 926
177442 177429 926
177450 177431 630
177431 177450 630
177430 177429 842
177464 177463 905
177463 177464 905
177481 177483 562
177483 177481 562
176806 176739 983
176739 176806 983
176823 176822 1120
176823 176827 2616
176827 176823 2616
176822 176823 1120
167421 167418 1685
167418 167419 893
167418 167421 1685
165387 165388 1825
167398 167397 1023
167397 167398 1023
165606 165611 790
165601 165603 1344
165603 165599 818
165603 165601 1344
165599 165603 818
165611 165606 790
165611 165612 421
165388 165387 1825
167419 167418 893
167528 167507 344
167507 167528 344
165511 167440 782
167440 165511 782
165612 165611 421
173075 173073 2652
173073 173075 2652
155707 155719 581
155719 155707 581
156418 156427 1336
163
153189
153171
153329
153324
153389
153411
153435
172071
155822
155824
155835
153476
153500
153516
155828
155844
172268
155772
155819
172995
173017
173028
173094
173101
173044
173090
173002
173077
173046
172997
172999
173111
173145
173109
173143
173177
173180
173220
177759
177761
173224
173230
173055
173064
173075
173073
173089
172977
177747
173227
173268
174759
174845
174885
174888
174866
174857
174916
174917
156280
176254
176263
176553
176589
176557
176561
176574
156367
176572
176155
176252
155665
155707
156051
155719
156343
156486
156452
156488
156455
156442
156456
156436
156226
156374
156388
156413
156347
156448
156418
156427
156082
156543
156081
156090
156565
156827
156825
156617
156828
156590
156609
156620
156613
156629
172800
177429
177452
177460
177437
177447
177464
177277
177463
177478
177481
177483
177515
177294
177299
176249
176838
176804
176806
176739
176769
176827
176822
165424
167421
165387
167402
167397
167408
165592
165610
165603
165548
165551
165600
165599
165562
165388
165493
167426
167423
167476
165491
167527
167528
167485
167497
167668
165453
165510
165511
167440
167464
167514
167516
165612
165200
165393
