56
156112 156020 751
155581 155580 1284
155929 155928 672
155928 155929 672
179972 179973 1750
179972 185283 1055
179973 179972 1750
185283 179972 1055
177594 177592 924
156393 156397 672
177592 177594 924
156397 156393 672
160149 160147 1263
160147 160149 1263
160203 160202 2105
160202 160203 2105
156483 156479 849
156479 156483 849
156575 156704 1774
156575 156715 928
156705 156704 751
156839 156840 683
156840 156839 683
156704 156575 1774
156704 156705 751
156715 156575 928
153596 153602 1856
153602 153596 1856
167806 167808 2318
167808 167806 2318
178621 178846 3911
178846 178621 3911
179857 179893 153
179945 179944 291
179893 179857 153
179944 179945 291
153824 153826 476
153826 153824 476
153262 153272 766
153272 153262 766
153272 153277 766
153277 153272 766
156114 156020 1683
156020 156112 751
156020 156114 1683
156164 156716 2132
156716 156164 2132
153356 153362 590
153362 153356 590
153497 153496 924
153496 153497 924
155933 155934 697
155580 155578 837
155580 155581 1284
155578 155580 837
155934 155933 697
167
152806
153809
172673
153537
153596
153599
153602
172672
153539
153547
162506
162504
168524
162498
168452
167750
167806
167798
167808
178613
178621
178846
178644
178861
178843
180040
180050
177669
179775
179857
179945
179893
179944
179934
179956
152873
152878
152876
153823
153824
153826
153843
153811
153820
172242
152870
153262
153251
153272
153278
153277
156105
156114
156020
156017
156164
156180
156581
156716
153334
153350
153356
153362
153376
153447
153371
154832
154836
153402
153497
154847
153496
153493
154843
157020
154837
154867
154871
154869
155933
155580
155578
155585
155934
156134
156112
153460
153470
153465
155936
157013
154853
155880
157004
156999
155581
155929
155928
179973
172946
172276
172927
172931
172509
185283
178122
178522
178534
177699
173293
178579
173080
172969
178020
178023
178164
178165
178085
178029
178146
173289
173264
173337
174774
173498
173500
174923
174927
185502
173472
174925
174942
176684
176693
177576
177575
177583
177578
156393
160157
156397
160149
160147
177336
160205
156523
156528
160278
160223
160266
160189
156483
156479
156575
156839
160367
160351
160384
160338
160373
156840
156895
156883
156649
156711
156713
156790
