56
11441 11440 252
11304 11293 1336
11293 11304 1336
11293 22461 756
22461 11293 756
22483 22542 1222
22542 22483 1222
22550 11582 782
11582 11584 1004
11582 22550 782
11440 11441 252
11584 11582 1004
22561 11605 672
11605 11607 1124
11605 22561 672
11607 11605 1124
22562 22564 562
22564 22560 805
22564 22562 562
22600 11979 672
22600 22586 452
11980 11979 938
11980 11979 938
11980 22606 713
22560 22564 805
22586 22600 452
11979 11980 938
11979 11980 938
11979 22600 672
22606 11980 713
22933 22930 747
22930 22933 747
23053 23054 1454
23286 23276 1234
23286 23320 877
23276 23286 1234
23054 23053 1454
23320 23286 877
23363 23373 788
23373 23363 788
225759 225760 2224
225760 225759 2224
225661 225666 1460
225666 225661 1460
226060 226057 1337
226057 226060 1337
8272 8304 746
8304 8272 746
16647 16651 492
16651 16647 492
16686 16687 525
16686 16690 467
16687 16686 525
16690 16686 467
16771 16774 744
16774 16771 744
154
227534
227636
227641
227628
227266
6719
6721
6723
6797
6835
7620
7625
7662
7683
9684
7784
7852
7835
34719
7676
7682
226068
226077
225900
226050
234757
225932
225757
225759
225760
225763
225786
225788
225778
225784
225731
225661
225666
225665
226060
226057
226415
15910
14976
7866
8229
8266
8283
8287
8272
8304
8332
8700
8353
8760
8728
8765
8766
8783
8799
8801
9483
9504
16360
16371
16372
16416
16437
16446
16447
16435
16642
16647
16651
16664
16680
16686
16687
16690
16693
16771
16772
16783
16774
9779
9784
11226
9030
11288
11302
11304
22459
22461
22483
11301
11440
11455
11584
22561
22497
22553
22567
22578
22580
22534
22539
22560
22515
22586
22613
22612
22623
22627
14323
22658
22933
22944
22949
22964
22930
22932
22943
23033
23039
23040
23053
23055
23271
23303
23315
23312
23276
23054
23044
23047
23077
23070
23084
23086
23363
23373
23433
23436
23477
12281
23479
28473
35312
24758
7440
7637
23519
28463
28360
