70
188593 188590 220
188593 190530 1459
188590 188593 220
188577 188576 794
188447 188472 2711
189097 189096 1546
189096 189097 1546
188619 188624 933
188623 188624 735
188624 188619 933
188624 188623 735
188768 190640 3183
190640 188768 3183
188472 188447 2711
190530 188593 1459
189304 189606 416
189606 189304 416
189606 189609 205
189609 189606 205
135574 135572 747
135574 135578 951
135572 135574 747
135578 135574 951
199273 199282 879
199246 199250 1392
199282 199273 879
199250 199246 1392
199250 199300 604
199300 199250 604
199307 199452 1665
199452 199307 1665
199891 200201 772
199890 199889 683
200201 199891 772
199990 199998 518
199998 199990 518
199889 199890 683
200532 200547 889
200942 200978 340
200943 200978 370
200978 200942 340
200978 200943 370
200547 200532 889
22268 22264 2243
22264 22268 2243
22694 22692 826
22909 22911 924
22911 22909 924
22692 22694 826
22992 23002 1066
23002 22992 1066
23015 23018 1120
23018 23015 1120
23203 23179 475
23215 23218 2044
23179 23203 475
23218 23215 2044
28394 28395 1364
28395 28394 1364
24554 24560 605
24560 24554 605
25187 25188 836
25188 25187 836
188575 188576 867
189016 189017 869
189017 189016 869
188576 188575 867
188576 188577 794
189265 189261 622
189261 189265 622
163
22248
22268
22264
22212
22694
22861
22868
22872
22896
22899
22909
22911
22692
22042
22043
22749
22818
22972
22975
22979
22992
23002
23004
23015
23018
23197
23233
23180
23219
28340
23203
23166
23168
23210
23215
23177
23179
23218
28282
28343
28285
28287
28377
28270
28289
28291
28296
28394
28395
28404
28429
28440
28804
28841
28809
28792
28749
24129
24394
24396
24505
24114
24118
28820
24532
24554
24560
24561
24608
24657
25187
25188
11178
25200
24772
25196
188575
189012
189016
189017
189026
189050
188576
189196
189202
189215
189265
189261
190829
188590
188577
188587
188435
188434
186832
188514
188508
189084
189078
189079
189089
189096
189102
189107
188618
188619
188623
188628
188624
188768
190640
188472
188518
188473
190639
186920
187285
190606
190828
189304
135572
135613
189612
199276
199279
199273
199287
199208
199250
199300
199304
199452
199474
199471
199891
199890
200047
200051
200201
200036
200037
199990
199998
199889
199946
199969
200529
199929
199961
200470
200942
200943
200978
200495
200509
200547
200498
200513
200571
200561
200562
195068
200620
