34
169069 169070 475
169070 169069 475
169097 169075 796
169235 169324 2005
169075 169097 796
169092 169101 759
169101 169092 759
169426 169359 1300
169359 169426 1300
169322 169324 1802
169324 169235 2005
169324 169322 1802
118547 118548 967
118547 118922 636
118548 118547 967
118922 118547 636
93680 93682 1096
93682 93680 1096
94063 94168 403
94168 94063 403
191350 191349 288
191349 191350 288
161068 161067 710
161067 161068 710
161067 161075 710
161075 161067 710
167980 167979 778
167979 167980 778
161931 161927 245
161927 161931 245
168064 168035 1268
168035 168064 1268
168056 168057 948
168057 168056 948
150
161120
161154
161049
161132
161068
161067
160944
160960
160970
160116
160129
161075
160665
161194
161191
161217
161210
160755
160924
160945
167980
168091
168111
167979
168026
168126
168124
168311
161554
161562
161450
161832
161865
161922
161931
162081
162090
162067
161927
161959
161971
162065
162145
162143
169154
169162
161747
161753
169156
161609
161625
161632
161636
161606
168064
168035
172512
168032
168092
168076
168085
168082
168056
170426
168057
170026
170029
170418
169925
170007
170004
169753
169770
169826
169847
169853
169421
169423
169498
169070
169304
169072
169111
169112
169210
169235
169075
169092
169341
169426
169359
169344
118550
118548
118922
118791
94774
94777
94797
94804
94807
102085
97504
97515
94579
108245
108248
108320
108385
108781
108342
108784
94160
94028
94023
93680
93682
102390
102396
93981
94049
101876
94063
94168
94169
97386
97389
97527
102109
102101
102747
98462
98473
93326
93332
93319
93619
93636
93628
98540
98478
191092
191121
191295
191334
194244
191151
191256
118723
118818
