58
35497 35496 2919
35496 35497 2919
46874 46876 752
46876 46873 1577
46876 46874 752
46873 46876 1577
47233 47232 558
47107 47108 2283
47108 47107 2283
47114 47232 1225
47232 47114 1225
47232 47233 558
127855 127853 650
127853 127855 650
127873 127852 1979
127852 127873 1979
46438 46447 558
46447 46438 558
46505 46532 725
46532 46505 725
128152 128153 279
128153 128152 279
128161 128162 1357
128162 128161 1357
128162 128165 1248
128165 128162 1248
128165 128167 1467
128167 128165 1467
130381 130376 1067
131943 130395 928
130376 130381 1067
130395 131943 928
128247 128248 1686
128248 128247 1686
128253 129573 1467
129573 128253 1467
129587 129638 1450
129638 129587 1450
129850 129855 1055
129850 129856 829
129854 129856 374
129855 129850 1055
129856 129850 829
129856 129854 374
37370 37399 2530
37399 37370 2530
36436 36432 1353
36432 36436 1353
37754 37757 1074
37757 37754 1074
37892 37894 873
37969 37971 1555
37971 37969 1555
37894 37892 873
37902 37898 560
37898 37902 560
37919 37920 1055
37920 37919 1055
162
110500
109174
109156
109193
109194
110351
110555
109085
36094
36153
36159
36178
36179
36183
36296
36321
36327
36089
36034
105832
110483
105795
106339
106343
110485
36361
36363
35709
35720
37296
37334
37372
37370
37399
37460
37465
37469
37475
37500
36394
36410
46269
36436
36451
36398
36404
36432
37503
37506
37776
37617
37782
37783
37814
37958
46654
46807
46804
37753
37754
37757
37802
37759
37812
37808
37881
37892
37969
37964
37971
37894
37902
37898
37924
37926
37919
37920
37933
41458
41463
41464
35497
35496
46652
36961
46874
38804
46884
46887
46900
46930
46928
46922
47059
47060
47068
47108
47114
127855
127853
127856
127873
127876
127852
127251
127309
127325
126914
126947
126910
129568
126922
126924
126950
126953
129937
127857
127859
127867
46438
46439
46493
46447
46512
46532
46527
46263
128001
128114
124458
127679
127999
127710
128153
127977
128006
128165
128167
130376
130387
130395
128247
128248
128249
128255
128260
128253
129573
129587
129638
129649
129658
129656
129660
129854
129855
129867
130312
130314
130319
130353
121475
