50
126307 126293 1010
126293 126307 1010
126346 126345 1206
126345 126346 1206
128762 128765 940
128765 128762 940
120596 120598 1434
120598 120596 1434
120673 120674 475
120674 120673 475
120678 120720 2372
120714 120720 1664
120720 120678 2372
120720 120714 1664
120799 120787 954
120784 120785 675
120784 120787 760
120785 120784 675
120787 120784 760
120787 120799 954
120806 120805 1701
120805 120806 1701
68515 68516 1861
68516 68515 1861
120898 120897 698
120897 120898 698
120909 120911 1452
120911 120909 1452
120888 120889 753
120889 120888 753
68664 68712 2285
68712 68664 2285
68743 68694 848
68694 68743 848
69162 69163 1262
69163 69162 1262
69163 69202 984
69202 69163 984
69359 69385 739
69385 69359 739
69455 69454 698
69454 69455 698
69393 69396 2458
69396 69393 2458
43540 43541 2555
43541 43540 2555
125987 125990 2237
125990 125987 2237
125257 125265 4244
125265 125257 4244
156
43416
43423
43394
43453
43393
45217
45219
45257
45262
45325
45300
43540
43646
43541
43554
43531
42506
43571
43574
43789
43781
43783
44485
44489
45450
45561
45444
45464
45477
45584
125595
125628
125636
125650
125651
126222
126227
126278
125987
125990
126264
126261
45367
45335
45341
45358
125126
125137
123723
123726
123682
125205
125216
125207
45180
45177
125257
45309
45334
125265
125581
125601
45483
45515
45520
45529
45644
126254
126282
126289
126302
126305
126307
126336
126346
125902
125905
126341
126344
125897
128538
128575
128577
128594
128601
128751
128765
128787
128820
128822
128834
128880
128872
128892
129005
120581
120563
128871
128873
120596
120598
120662
120677
120678
120714
120736
120747
120751
120752
120687
120713
120791
120806
120811
68598
120802
68532
68549
68555
68568
68512
68613
68515
68516
68621
68625
68607
68608
120892
68664
68712
68716
68743
68694
68695
68749
68970
69141
69144
69162
69202
69385
72636
69365
69379
69459
69455
69454
69464
69393
69406
69396
69468
69061
69077
71638
