68
233549 233545 1292
233294 233297 948
233297 233294 948
248608 248610 982
248610 248608 982
248679 248682 1292
248679 248684 707
248684 248679 707
248682 248679 1292
248759 248760 903
248760 248759 903
249444 249445 348
249444 249448 403
248617 248649 1344
248649 248617 1344
249448 249444 403
249445 249444 348
251235 133259 1357
133259 251235 1357
251252 251256 782
251256 251252 782
250824 250825 1730
250824 250826 806
250825 250824 1730
250147 250146 1031
250149 250162 788
250162 250149 788
250089 251267 681
251267 250089 681
251267 251268 708
251268 251267 708
250146 250147 1031
250834 250836 4727
250826 250824 806
250836 250834 4727
250863 250853 2225
251082 251084 511
250853 250863 2225
251084 251082 511
253325 253343 1558
253343 253325 1558
253398 253399 321
253399 253398 321
251204 251205 2772
251205 251204 2772
251205 251212 2665
251212 251205 2665
253254 253259 1466
253259 253254 1466
253259 253261 1000
253261 253259 1000
253442 261285 751
253434 253433 1248
253439 253456 1906
253433 253434 1248
261285 253442 751
253456 253439 1906
253528 253529 1493
253524 253529 1755
253529 253524 1755
253529 253528 1493
236766 236761 3589
236761 236766 3589
236889 236891 918
236891 236889 918
232073 232075 1576
232075 232073 1576
233545 233549 1292
164
253529
253533
134174
134179
253723
134132
134129
134138
253560
255027
236322
236323
236384
263532
261559
263545
263531
236042
236305
236306
263825
263573
236284
236290
263515
263517
263835
263837
236766
236768
236761
236848
236854
236856
262055
262059
262868
262051
236859
236889
262172
236891
236894
234394
231985
232000
232002
231964
231969
234935
231997
232007
233087
233123
233130
233132
233201
233203
233213
235304
231837
232059
232073
232075
232085
232088
232640
232641
232706
232721
232735
233516
233525
233545
233549
233570
233573
233623
233287
233294
244928
248419
248534
248543
248536
248540
248565
248608
248610
248615
248598
248585
248677
248682
236377
248676
248759
248760
248765
248786
248636
249448
249443
249467
249469
249470
249495
249768
249149
248984
249276
139538
139536
251235
133259
133260
251245
251251
250081
251256
250797
250824
250147
250160
250089
251267
251268
250146
250834
250826
250829
250821
250838
250852
250863
251082
250853
250855
251002
251084
253276
253281
253322
253343
253398
251113
251161
251168
251145
251204
251205
251212
251348
251350
253254
253261
253275
253415
253434
253433
261285
253456
253528
253524
