304
4857 40 1129
4868 4871 788
4868 4871 788
4926 4871 373
4926 4871 373
36 35 363
4889 4915 1454
4901 4915 7334
5156 5154 2686
262569 260653 4627
262537 260658 715
260693 260694 4377
260701 260694 3959
260700 260718 813
262561 260718 489
235937 260651 322
262535 262534 629
260826 260827 8863
260826 260829 682
260829 260826 682
260829 260830 7710
260861 260862 2014
260861 260876 1269
260676 260675 4090
260695 260675 4340
260697 260696 1194
260698 260696 1429
257814 257813 246
257814 257815 2353
257815 257814 2353
257815 257816 822
260862 260861 2014
260862 263443 2479
263445 263443 790
257821 257820 5253
257825 257820 6783
257825 257826 1307
257822 257823 1388
257824 257823 1702
257828 257826 3258
260866 260867 2112
260992 260867 1331
261010 261009 1284
261014 261009 3933
1760 1774 4553
1772 1774 474
1775 1774 787
1859 1860 2765
1859 1863 1621
1864 1860 3140
1856 1862 503
1856 1863 475
1863 1856 475
1863 1859 1621
1863 1862 557
2213 2216 846
2217 2216 3030
2315 2312 1127
2316 2312 1248
2826 2827 763
2829 2827 2153
2829 2834 515
2836 2834 1207
259307 259306 2769
259381 259306 2384
259383 259306 2103
259298 259384 5472
259298 263011 1949
259385 259384 1974
263738 261646 1551
259402 259403 3723
259360 259361 1136
259370 262018 2491
262604 262018 2106
263011 259298 1949
263011 259309 579
264225 259309 2080
259242 259281 166
259284 259283 2742
259285 259283 807
259123 259749 5060
259750 259749 2010
263015 259752 948
242745 259757 905
259758 259757 1431
259770 259760 2145
259775 259760 1499
259784 259768 1194
259785 259768 4237
259630 259629 3392
259632 259629 1519
259771 259772 3350
263696 259618 1102
259613 259615 1454
259616 259615 3877
262894 259619 2988
5419 104 2130
5420 104 402
1680 1682 1540
1680 5679 1305
5417 5416 3150
5417 5679 888
5242 5244 1234
5411 5408 475
5411 5412 353
5412 5408 373
5412 5411 353
5416 5408 2576
5416 5417 3150
1683 1682 333
1683 1689 1509
1689 1683 1509
1689 1692 716
1691 1693 1346
1700 1693 2825
1713 1710 139
1749 1710 763
5168 5161 2317
5210 5209 2746
5211 5209 1611
5213 5212 473
5213 5214 452
5214 5212 434
5214 5213 452
259576 4416 1081
259693 4416 2401
259660 259669 1251
259634 259636 3800
259530 259638 2272
259530 259639 4180
259638 259530 2272
259638 259639 3555
259644 259645 2367
259642 259662 1127
259656 259662 2212
262891 259649 64
262891 259649 64
259650 259651 87
259650 259651 87
262890 259679 118
262890 259679 118
4423 4422 5712
4424 4422 4759
4424 4436 10521
4433 4430 3252
4434 4430 4233
4434 4436 6442
4436 4424 10521
4436 4434 6442
4436 4439 639
4436 4439 639
4444 4443 475
4444 4445 503
4445 4443 557
4445 4444 503
15 4150 882
15 4150 882
263699 4150 1061
4828 4827 7428
4829 4827 1866
4856 39 2843
40 39 392
40 4857 1129
4871 4868 788
4871 4868 788
4871 4926 373
4871 4926 373
35 36 363
4915 4889 1454
4915 4901 7334
5154 5156 2686
260653 262569 4627
260658 262534 335
260658 262537 715
260694 260693 4377
260694 260701 3959
260718 260700 813
260718 262561 489
260651 235937 322
262534 260658 335
262534 262535 629
260827 260826 8863
260830 260829 7710
260876 260861 1269
260675 260676 4090
260675 260695 4340
260696 260697 1194
260696 260698 1429
257813 257814 246
257816 257815 822
263443 260862 2479
263443 263445 790
257820 257821 5253
257820 257825 6783
257823 257822 1388
257823 257824 1702
257826 257825 1307
257826 257828 3258
260867 260866 2112
260867 260992 1331
261009 261010 1284
261009 261014 3933
1774 1760 4553
1774 1772 474
1774 1775 787
1860 1859 2765
1860 1864 3140
1862 1856 503
1862 1863 557
2216 2213 846
2216 2217 3030
2312 2315 1127
2312 2316 1248
2827 2826 763
2827 2829 2153
2834 2829 515
2834 2836 1207
259306 259307 2769
259306 259381 2384
259306 259383 2103
259384 259298 5472
259384 259385 1974
261646 263738 1551
259403 259402 3723
259361 259360 1136
262018 259370 2491
262018 262604 2106
259309 263011 579
259309 264225 2080
259281 259242 166
259283 259284 2742
259283 259285 807
259749 259123 5060
259749 259750 2010
259752 263015 948
259757 242745 905
259757 259758 1431
259760 259770 2145
259760 259775 1499
259768 259784 1194
259768 259785 4237
259629 259630 3392
259629 259632 1519
259772 259771 3350
259618 259619 1983
259618 263696 1102
259615 259613 1454
259615 259616 3877
259619 259618 1983
259619 262894 2988
104 5419 2130
104 5420 402
5679 1680 1305
5679 5417 888
5244 5242 1234
5408 5411 475
5408 5412 373
5408 5416 2576
1682 1680 1540
1682 1683 333
1692 1689 716
1692 1693 1225
1693 1691 1346
1693 1692 1225
1693 1700 2825
1710 1713 139
1710 1749 763
5161 5168 2317
5209 5210 2746
5209 5211 1611
5212 5213 473
5212 5214 434
4416 259576 1081
4416 259693 2401
259669 259660 1251
259636 259634 3800
259636 259645 2070
259639 259530 4180
259639 259638 3555
259645 259636 2070
259645 259644 2367
259662 259642 1127
259662 259656 2212
259649 262891 64
259649 262891 64
259651 259650 87
259651 259650 87
259679 262890 118
259679 262890 118
4422 4423 5712
4422 4424 4759
4430 4433 3252
4430 4434 4233
4439 4436 639
4439 4436 639
4443 4444 475
4443 4445 557
4150 15 882
4150 15 882
4150 263699 1061
4827 4828 7428
4827 4829 1866
39 40 392
39 4856 2843
157
40
4871
35
4915
5154
260653
260658
260694
260718
260651
262534
260827
260830
260876
260675
260696
257813
257816
263443
257820
257823
257826
260867
261009
1774
1860
1862
2216
2312
2827
2834
259306
259384
261646
259403
259361
262018
259309
259281
259283
259749
259752
259757
259760
259768
259629
259772
259618
259615
259619
104
5679
5244
5408
1682
1692
1693
1710
5161
5209
5212
4416
259669
259636
259639
259645
259662
259649
259651
259679
4422
4430
4439
4443
4150
4827
39
4857
4868
4926
4889
4901
262569
262537
260700
235937
262535
260826
260829
260861
260676
260695
260698
257814
257815
260862
263445
257821
257828
1760
1772
1775
1859
1864
1856
2213
2316
2826
2829
2836
259307
259298
259385
263738
259360
259370
259242
259123
259750
242745
259770
259775
259784
259785
259630
259771
259613
5419
1680
5417
5242
5411
5412
1683
1691
1700
1713
5168
5211
5214
259576
259693
259660
259634
259530
259638
259644
259642
259656
262891
4424
4434
4444
4445
263699
4829
4856
