80
198501 198497 309
196015 196011 1529
196015 196068 846
196068 196015 846
195746 214873 680
214873 195746 680
212662 215137 130
215137 212662 130
195810 195812 866
196011 196015 1529
195812 195810 866
195812 195814 774
195814 195812 774
196079 196081 2250
196081 196079 2250
197001 197034 328
197034 197001 328
197034 197035 571
196129 197038 750
197035 197034 571
197038 196129 750
203140 203144 1918
203144 203140 1918
203489 203503 608
203409 203503 197
203503 203409 197
203503 203489 608
202495 202497 749
202497 202495 749
205668 205672 1339
205830 205829 706
205672 205668 1339
205833 205835 1028
205835 205833 1028
205816 205829 860
205829 205816 860
205829 205824 2003
205829 205830 706
205824 205829 2003
205867 205872 1713
205872 205867 1713
206552 206554 553
206554 206552 553
206566 206567 758
206567 206566 758
206567 206571 1576
206571 206567 1576
52813 52814 788
52814 52813 788
51412 51431 747
51431 51412 747
51421 51425 713
51425 51421 713
140562 140797 1380
140797 140562 1380
140797 140807 2849
140807 140797 2849
186425 186426 278
186425 186447 476
186426 186425 278
186447 186425 476
186756 187112 2229
187112 186756 2229
187160 187159 337
187159 187160 337
52839 52843 1357
52843 52839 1357
55758 55778 790
55778 55758 790
55784 55785 790
55785 55784 790
189791 189792 1331
189792 189791 1331
190190 190191 711
190191 190190 711
190191 190250 708
190250 190191 708
198497 198501 309
194678 195289 851
195289 194678 851
166
55523
55488
55489
55497
52805
52816
51237
52813
52799
52814
51407
51413
51412
51420
51429
51431
54841
54860
50650
54836
51421
51425
151806
195029
195034
140562
140797
140807
140832
140816
186249
186284
186411
186425
186426
186447
186451
186469
186667
186739
186745
186756
187112
187124
187160
187086
187088
187159
51489
51502
52844
52846
51440
52839
52842
52843
55716
55733
55752
55758
55778
55784
55785
55792
55889
56533
56537
56538
56511
56519
52917
50887
56527
56528
190165
190152
189791
189792
186253
190186
190190
190191
190250
190173
195085
195083
195084
195253
214771
214902
195246
195255
198497
194678
195289
195720
195723
198501
196015
196068
195746
212662
197303
195291
195810
195782
195796
195789
196011
195812
195814
196079
196081
196084
196095
196098
196129
197038
202707
202725
202733
203161
203197
203201
203203
203217
203225
203372
203409
203416
203517
203503
202525
202527
202631
202634
202645
202646
202649
197055
197059
197075
214828
202494
202495
202497
202518
205668
205830
205672
205832
205835
205844
205691
214386
205761
205872
205886
206557
206571
206573
206816
206829
206820
206822
206837
