38
74943 74956 238
74956 74943 238
74517 74510 2340
171019 171022 253
171022 171019 253
171753 171811 2025
171811 171753 2025
171922 171907 591
171907 171922 591
96284 96282 1342
96282 96284 1342
96295 96296 1700
96296 96295 1700
96506 96529 1643
96529 96506 1643
99607 99600 924
97088 97089 1115
97089 97088 1115
97090 97169 6158
97179 97169 1140
97186 97187 2772
97187 97186 2772
99579 99588 1281
99588 99579 1281
99600 99607 924
97169 97090 6158
97169 97179 1140
67007 67008 1622
67008 67007 1622
60574 60573 1286
60573 60574 1286
70878 70877 1234
70877 70878 1234
70800 70786 761
70786 70800 761
74808 74807 984
74807 74808 984
74510 74517 2340
173
67069
66996
67151
67089
77710
66849
66850
67007
67008
66840
66855
67026
60574
66851
60573
60588
66866
66868
66872
66905
67172
77711
70878
70914
70884
70887
67319
67331
67368
67375
70869
70877
70912
70738
70740
70745
64505
64555
64565
64571
64573
64581
64583
70800
70784
70786
70808
64777
64662
64666
64726
77075
64759
64765
64808
64709
64711
64813
64241
64824
64823
70848
74404
74835
74842
74895
74896
74808
74815
74821
74825
74807
74362
74079
74081
74069
74076
79068
74156
74158
74469
74510
74443
74449
74438
74434
74435
74940
74943
74952
74517
74519
74655
57741
57770
75092
75130
75038
77305
74713
74714
74606
74660
74665
74671
170999
171013
171022
171751
171753
171811
171822
171874
171884
171907
170985
95855
96180
96203
96282
96295
96296
96300
96617
97033
96506
100119
100227
100229
100274
95824
100287
95868
99793
99801
99807
100384
100385
100403
102472
100482
96529
99314
97040
99316
99324
99607
97086
97089
97090
97179
97186
97187
99565
99579
99588
99600
97169
99584
99635
99783
102798
94593
99826
99835
99844
100424
100429
100526
100402
100464
102311
102339
