64
130491 130581 606
130581 130491 606
130796 130798 1464
130798 130796 1464
131115 131117 1445
131117 131115 1445
131012 131013 782
131245 131246 688
131246 131245 688
131013 131012 782
132069 132106 843
132106 132069 843
132117 132133 1075
132133 132117 1075
132133 132135 948
132135 132133 948
132135 132136 1255
132136 132135 1255
132193 132194 538
132194 132193 538
56401 56403 674
56403 56401 674
56416 56420 843
56420 56416 843
56420 56433 1180
56433 56420 1180
56433 56438 1012
56438 56433 1012
54027 54028 811
54028 54027 811
54065 54103 2364
54103 54065 2364
54063 54078 2292
54063 54079 789
54079 54063 789
54078 54063 2292
54078 54082 2284
54230 54082 789
54082 54078 2284
54082 54230 789
143564 143572 867
143572 143564 867
36962 36985 1830
36985 36962 1830
38380 38382 1901
38382 38380 1901
38326 38327 951
38327 38326 951
38328 38335 697
38335 38328 697
38335 38337 1669
38337 38335 1669
38841 38890 939
38890 38841 939
38794 38923 3526
38923 38794 3526
38800 41523 1225
41523 38800 1225
47354 47353 678
47334 47335 2080
47353 47354 678
47335 47334 2080
47418 47419 775
47419 47418 775
158
37132
37140
37035
37046
37058
38154
37011
37015
36962
38157
36982
36985
36984
38169
38172
38215
38220
38380
38382
38326
38327
38328
38335
38337
38342
38518
38521
38823
38832
38835
38841
38890
38893
38862
38928
38920
38921
38794
38923
38737
38738
38805
38786
38800
41523
41532
47522
47549
47585
47579
47613
47616
47842
47852
47874
47354
47880
47334
47353
47335
47420
47421
47418
47419
130494
130495
130501
47373
47230
130019
130023
130015
130031
130551
130556
130612
130613
130634
130478
130541
130491
130503
130637
130650
130743
130694
131109
130993
131005
131117
131003
131012
131222
131240
131237
131292
131254
131297
132050
131024
131069
122648
131212
132068
132069
132106
132109
132114
132117
132133
132136
132181
132170
132172
132169
132194
132282
132284
56393
56401
56403
56416
56417
54036
53628
53633
56387
56389
56390
56420
56433
56438
56452
54027
54056
54055
54065
54103
56454
54049
54059
54063
150756
150762
146969
146972
150788
150795
150813
143561
143564
143572
143580
143624
143844
143867
144147
143866
