70
53921 53908 404
53908 53921 404
53925 53930 3357
53925 53931 612
53930 53925 3357
53931 53925 612
55149 55164 374
55164 55149 374
55211 55222 612
55222 55211 612
144481 142529 2398
144481 144489 2542
144489 144481 2542
144489 144526 2767
144526 144489 2767
144677 142093 288
142093 144677 288
144655 144669 778
139795 150627 1744
143290 150608 323
150608 143290 323
150608 150607 404
150607 150608 404
150627 139795 1744
151769 150660 361
150659 150660 262
150660 150659 262
150660 151769 361
150687 139903 1633
139903 150687 1633
139906 140186 458
140186 139906 458
140205 140206 2049
140206 140205 2049
141575 141874 2359
142496 142497 313
142529 144481 2398
141874 141575 2359
141877 141914 2325
141914 141877 2325
141931 141932 399
141932 141931 399
142575 142580 1367
142580 142575 1367
142728 142730 1772
142497 142496 313
142497 142498 1830
142498 142497 1830
142730 142728 1772
55465 55478 810
55478 55465 810
204697 204700 335
204700 204697 335
195583 204705 1236
204705 195583 1236
144669 144655 778
41634 41636 2069
41636 41634 2069
48529 48540 2454
48540 48529 2454
48552 48667 1104
48347 48343 511
48343 48347 511
48667 48552 1104
48676 48688 1408
48688 48676 1408
131677 131679 7006
131679 131677 7006
120738 120739 1508
120739 120738 1508
166
55245
55248
55414
55460
55467
41634
41636
48391
41646
41645
48405
48525
48529
48540
48552
48347
48370
48343
48667
48676
48688
48711
48776
48739
48742
48737
48716
48898
48907
48913
49052
48891
48897
48934
48935
48950
48870
48974
48996
48986
48995
49024
50485
49029
49037
49177
49197
49468
48317
48322
48327
48310
131381
131389
131387
131399
131641
131644
131660
131677
131679
131820
131821
120738
120739
54369
53779
54356
54420
54442
54496
54379
54551
54575
54578
54582
52717
54535
54538
54540
54676
54682
54666
53868
56780
53921
53918
53908
53930
55149
55164
55168
55170
55211
144481
144489
144526
144540
142093
144676
144689
139788
143290
150607
146998
151769
150659
150660
139903
139904
139906
140186
140206
140258
140259
140271
142496
142504
142532
142543
141874
141877
141914
141932
151667
142089
151756
142056
142057
142058
142072
142563
142575
142580
142581
142604
142720
142498
142507
142726
142763
142730
142768
142765
55465
55478
56361
56380
56367
204537
204700
204718
204519
204719
204795
204800
204840
207873
207779
144669
144731
144701
144725
144723
144759
144767
