36
162555 169951 1186
169951 162555 1186
169494 169858 232
172731 169034 366
169105 161666 474
169144 169142 811
169142 169144 811
169242 169424 941
169051 169050 815
169050 169051 815
169034 172731 366
169424 169242 941
169429 169428 751
169433 169434 511
169434 169433 511
169428 169429 751
97365 97374 1709
97374 97365 1709
101793 101792 214
101792 101793 214
93670 93669 2369
93669 93670 2369
159072 159077 872
158956 158955 421
158955 158956 421
159077 159072 872
162095 162093 1143
162092 162093 606
162093 162092 606
162093 162095 1143
169170 169169 1494
169169 169170 1494
161666 169105 474
168163 170498 747
170498 168163 747
169858 169494 232
159
159072
158956
158955
159077
158314
172345
158505
158610
158642
158659
158508
158654
161085
161128
161117
161157
161133
161206
161213
161215
161226
168153
168327
168333
168350
168316
168386
168146
161505
161512
161837
161515
161848
161868
161879
161937
172866
162095
162149
161962
162092
162101
162093
162150
162180
169576
169573
169570
169578
169184
169132
169170
169169
169181
169182
169249
161668
161693
161689
161666
161675
168133
168145
168150
168163
170498
168140
168161
170032
170057
170437
170439
172741
170039
170017
170037
170009
170015
169861
169876
169516
169858
169939
169936
169835
169955
162555
169849
169897
169519
169494
169031
172731
169027
169108
169116
169137
169144
169142
169212
169207
169208
169242
169335
169429
169434
169445
169450
169428
118528
118864
94966
95005
95010
97365
97374
97509
108226
108914
108343
108759
108391
108744
94162
94163
101795
93670
93692
102425
94066
94176
94192
102431
94186
102076
97528
102059
97626
97383
97543
102906
93321
93623
101847
93338
93339
93305
93661
93642
93662
93669
93232
93234
98535
98537
98507
191291
191292
190878
