38
33629 33630 876
33630 33629 876
17070 17071 713
17071 17070 713
17161 17166 788
17169 17170 747
17166 17161 788
17186 17170 1575
17305 17306 1055
17306 17305 1055
17794 17797 707
17797 17794 707
17812 17813 2689
17813 17812 2689
17170 17169 747
17170 17186 1575
17758 17764 2063
17764 17758 2063
17864 17875 869
17875 17864 869
18189 18188 344
18188 18189 344
18304 18313 1691
18313 18304 1691
18811 18810 950
18810 18811 950
29493 29494 1069
29494 29493 1069
31765 31738 492
32502 32513 4794
32513 32502 4794
31738 31765 492
32980 32981 1863
32981 32980 1863
33121 33119 1877
33121 33122 826
33119 33121 1877
33122 33121 826
165
193159
193166
193179
193208
190964
190968
193237
193241
193251
192177
192206
192151
192262
192152
35132
35149
29493
29494
30833
30829
30837
30854
32587
31721
31765
31769
32669
32697
29521
29523
30380
30382
30386
30396
30414
30772
30781
30802
32500
32502
32513
32555
30803
34831
34209
34210
30558
30825
29482
29519
31738
31749
31615
31774
31790
31828
32885
32901
32920
32930
32976
32980
32981
33002
33121
33119
33122
33127
33148
33152
32917
33202
33216
33222
33244
33249
33247
33449
33629
33630
33633
33641
33542
33644
33554
33652
33673
34852
33671
16974
16980
17070
17071
17065
17100
17105
17161
17169
17166
17186
17189
17305
17306
17748
17752
17793
17794
17992
17985
17797
17799
17226
17289
17285
17287
17300
17311
17313
17737
17764
17760
17780
17782
17878
17882
17864
17866
17868
18285
18158
18205
18206
18189
18198
17458
18188
18213
18271
18280
18194
18231
18292
18514
18302
18304
18297
18313
18261
18532
18566
18574
18545
18568
18569
18573
18743
18795
18811
18663
18677
18706
18801
18711
18827
18975
