44
31160 31162 903
31744 31162 1013
31162 31160 903
31162 31744 1013
31165 31184 924
31184 31165 924
31834 31836 455
31836 31834 455
32846 32891 871
32891 32846 871
33421 33426 1453
33426 33421 1453
16955 16956 2453
16956 16955 2453
17012 17022 982
17022 17012 982
17024 17026 982
17024 17027 1932
17021 17469 2813
17151 17153 598
17153 17151 598
17158 17159 788
17159 17158 788
17181 17183 1608
17183 17181 1608
17038 17039 950
17027 17024 1932
17039 17038 950
17026 17024 982
17469 17021 2813
17483 17486 672
17486 17483 672
17832 17834 1398
17834 17832 1398
162871 162869 556
162869 162871 556
179191 179206 2618
179206 179191 2618
179351 179350 810
179350 179351 810
114760 114770 597
114770 114760 597
192423 192154 1026
192154 192423 1026
163
162683
162824
162828
162556
162871
162866
162869
196644
210501
179160
179180
179189
179191
179206
179351
179346
179350
179362
179308
179333
179338
115549
115550
115643
115893
106455
106782
106473
106283
106780
106412
106434
32369
32370
32377
106097
114773
114775
114782
114760
114762
114770
190876
191721
191793
193100
193090
193256
191557
192896
193186
193195
193219
193196
193223
192423
192162
192431
194497
192204
192517
192187
192171
192154
35135
35156
35063
29495
29500
30335
23172
30581
30479
30480
30628
30849
30864
31707
31719
30402
30417
30532
30791
30792
30793
30796
30809
30330
30339
30342
31702
31713
31715
31716
31160
31139
31744
31161
31781
31802
34921
31805
31834
31836
31843
32842
32846
32896
32952
32975
33073
33136
33082
33146
33196
33199
33206
33431
33444
16954
33457
33470
33647
33660
16956
16968
17011
17012
17020
17022
17021
9176
16985
16989
17035
17074
17092
17099
17116
17151
17153
17159
17181
17184
17566
17585
17487
17041
17032
17469
17483
17486
17708
17651
17705
17307
17309
17727
17810
17825
17832
17834
17923
