16
255655 255656 2320
255656 255655 2320
256862 256865 755
256865 256862 755
242740 242741 4850
242741 242740 4850
242752 242753 429
242753 242752 429
240276 243344 274
243344 240276 274
245066 245058 1377
245058 245066 1377
245030 245029 145
245029 245030 145
243130 243128 1053
243128 243130 1053
162
244894
244895
244883
244884
244890
244984
244987
244988
245305
245066
245058
245013
245030
245119
245123
245140
245144
245029
245036
245247
245575
245245
245627
245632
245637
245640
245654
236360
245816
245811
245831
245878
243177
243130
243155
242820
242821
242989
242994
243002
243007
243010
243027
243049
243123
243127
243128
264295
263842
245886
245891
246731
246733
246727
246738
247933
248007
248099
248114
247973
247990
247999
264329
256351
256563
256498
256502
256523
248109
248118
261290
248267
248295
248297
248298
261289
255609
255635
255611
255645
255655
255656
262286
256318
256321
256316
256524
256551
254901
256575
256576
256586
256572
256828
256835
256838
256833
256865
238869
238874
263082
264064
264069
238276
238255
238199
238206
238270
238868
257045
261628
257062
257131
257133
238429
238489
238862
238888
238494
238683
263631
238983
238990
238948
238952
239172
263328
244813
238965
239018
239037
239048
239187
257873
257928
238813
239088
238787
238752
242828
242858
242860
242691
242780
242969
243063
242979
242963
242970
243055
242727
262138
261500
242740
242741
242752
242753
242748
240276
243413
261368
261324
