38
213600 213594 1456
213568 213571 755
213571 213568 755
213594 213600 1456
170714 170715 928
170715 170714 928
94933 94931 1825
95543 95572 3169
95572 95543 3169
101802 94981 358
94981 101802 358
95094 95095 788
95095 95094 788
95228 95231 562
95231 95228 562
94931 94933 1825
94700 94717 459
94717 94700 459
168977 168976 791
168990 168991 1483
168976 168977 791
168991 168990 1483
154182 154254 1690
154254 154182 1690
154484 154495 767
154495 154484 767
159615 159639 767
159639 159615 767
157995 157994 951
157994 157995 951
159986 159987 337
159987 159986 337
158769 158768 2150
158768 158769 2150
213120 213107 1805
213107 213120 1805
213136 213137 678
213137 213136 678
168
171241
168977
171456
171314
168990
168976
171465
171533
168991
152127
152145
154198
162398
162402
154161
154182
154254
154276
154482
154484
154494
154495
154502
154507
154515
154559
155099
155111
159563
159567
159574
159609
159615
159639
159671
159752
159756
159785
159783
159930
172130
157995
157994
159971
159984
158051
159954
159986
159987
172757
172756
158769
158768
158773
160026
158775
160023
160031
160035
159006
159044
159020
160058
160096
161285
213120
213123
213107
213136
213129
213137
213143
213498
213499
213524
213525
213534
213601
213612
213626
213633
213600
213536
213568
213571
213594
213647
213376
213349
213681
213651
213652
213654
213663
213367
213665
162242
169660
170714
170711
170715
170788
170653
170644
170581
170698
170719
170701
170727
170817
170811
94855
94879
94890
94892
94898
94894
94933
102890
95546
95543
95572
94709
94976
101802
95034
95049
95105
95110
95183
95197
95228
95231
95233
95518
95519
95500
95509
95508
94931
41931
50030
50027
50028
102746
97740
97490
97784
93380
93381
98797
93387
102696
93396
93404
94626
93420
95427
93425
93492
93499
49807
94086
94700
98551
98589
93349
98635
