66
18299 18300 475
18300 18299 475
18543 18549 1445
18549 18543 1445
18583 18673 2028
18585 18748 782
18673 18583 2028
18748 18585 782
18605 18660 1466
18606 18615 713
18660 18605 1466
18660 18659 629
18659 18660 629
18615 18606 713
25251 25252 1142
25283 25280 551
25252 25251 1142
18935 18937 983
25280 25283 551
18937 18935 983
18938 18932 869
18943 18932 1062
18932 18938 869
18932 18943 1062
26677 26720 878
26646 26647 737
26720 26677 878
26725 26681 555
26647 26646 737
26681 26725 555
26258 26273 947
26273 26258 947
26277 26280 738
26277 26664 2369
26666 26280 672
26280 26277 738
26280 26666 672
26664 26277 2369
26225 26233 1814
26233 26225 1814
26471 26472 939
29118 29128 1146
29128 29118 1146
29174 29179 1951
29179 29174 1951
29179 29180 1009
26421 29180 939
29180 26421 939
29180 29179 1009
26472 26471 939
29550 29547 1118
29547 29550 1118
33224 33225 797
33224 33225 797
33225 33224 797
33225 33224 797
17755 17763 238
17763 17755 238
17295 17296 1268
17296 17295 1268
17335 17338 903
17338 17335 903
17862 17858 2123
17858 17862 2123
18156 33944 1886
33944 18156 1886
162
29531
34929
29550
30383
29547
30394
30770
30755
30760
30775
34537
32549
8338
30779
32489
32512
32557
32559
32563
30818
29478
29491
31792
31796
32389
32888
32857
32910
32915
32929
32932
31619
33095
33091
33092
33123
33110
33147
33115
107910
107954
103388
33224
33239
33225
33233
33235
33237
33533
33534
33637
33555
33560
33655
17087
17059
35238
16946
17107
17749
17755
17763
17980
17990
17801
17115
17224
17225
17278
17295
17296
17301
17335
17338
17321
17740
17743
17768
17773
17789
17862
17858
18156
33944
33949
33966
18207
18237
18164
18236
18186
17388
17449
17462
18279
18251
18253
18340
18377
18385
18246
18268
18300
18398
18318
18538
18543
18549
18656
18583
18863
18605
18606
18660
18615
18666
17614
18705
18715
18719
18721
18961
18953
25251
25283
18935
103483
18937
18938
18943
18932
26598
26622
21891
26553
26673
26646
26720
26725
26647
26258
26284
26273
26277
26664
26225
26226
26233
26442
26471
105571
29117
29128
29131
29174
26421
26422
26475
27287
27311
27318
26517
