68
207403 207410 927
207410 207403 927
207900 207902 1094
206700 206702 919
206700 207902 724
207388 207414 867
207414 207388 867
206702 206700 919
207902 206700 724
207902 207900 1094
208023 208199 937
208199 208023 937
208199 208201 346
207934 208002 1296
208002 207934 1296
208027 208019 490
208019 208027 490
208201 208199 346
208208 208224 750
208224 208208 750
208224 208225 231
208225 208224 231
209568 210783 533
210783 209568 533
210624 210625 1277
210625 210624 1277
178918 178991 1099
178991 178918 1099
180323 180322 789
180322 180323 789
180325 180340 1434
180340 180325 1434
180352 180356 1180
180356 180352 1180
163201 163207 511
163207 163201 511
184852 184874 2204
184874 184852 2204
184928 184932 1144
184941 184947 418
184947 184941 418
184932 184928 1144
166191 166189 790
166189 166191 790
141103 142154 2183
142142 142143 2356
142142 142154 2059
141748 141749 312
141735 141736 708
141736 141735 708
141749 141748 312
141749 141751 851
141751 141749 851
142143 142142 2356
142154 141103 2183
142154 142142 2059
56041 56052 1436
56052 56041 1436
197221 197222 1038
197222 197221 1038
203936 203944 377
203944 203936 377
207172 207173 759
207086 207084 834
207084 207086 834
207173 207172 759
203868 203891 1619
203891 203868 1619
162
139954
139982
139986
190424
190440
190438
190442
190386
190390
190259
190002
141163
141350
141103
141151
141171
141354
141352
142204
141364
142142
141664
141748
141735
141722
141736
141749
141751
141740
142143
142154
56010
56014
56041
56052
56155
56176
56178
56232
56790
189850
189923
196636
196608
197221
197222
197270
204261
204192
204196
204299
204303
204308
203954
203953
203936
203944
204262
204264
204254
204271
204279
207074
207172
207080
207081
207086
207084
207173
196923
203868
195705
203930
203891
203665
203871
203876
207344
207346
207353
207154
207327
207335
196502
196606
196643
207410
207412
207388
207414
207902
208023
207930
208002
208011
208027
208029
208019
208201
208205
208206
208208
208225
208231
208295
208297
208315
210549
210601
209568
210634
210783
210624
210625
178837
178903
178759
178896
178916
178887
178996
178926
174108
180322
180325
180340
180320
180698
180707
163592
163588
163188
163201
163207
163593
163629
163218
184859
183455
184870
184876
185647
184852
184874
184906
184787
184925
184912
184941
184947
184940
184943
184932
166194
163232
180725
180733
180690
180719
180824
178617
180501
