56
253317 253328 764
253328 253317 764
253328 253329 764
253329 253328 764
253329 253332 788
253332 253329 788
253385 253386 1208
253386 253385 1208
251047 251053 1336
251053 251047 1336
251032 251916 847
251916 251032 847
251195 251194 688
251192 251216 1447
251194 251195 688
251216 251192 1447
251216 251218 1004
251218 251216 1004
252107 252108 1466
252108 252107 1466
252455 252467 904
252455 253462 475
253462 252455 475
252467 252455 904
253467 253470 2559
253470 253467 2559
253486 253485 877
253486 253488 1768
253488 253486 1768
253485 253486 877
253566 253568 667
253568 253566 667
134137 137182 831
137182 134137 831
232718 232745 5074
232745 232718 5074
240421 240424 949
240424 240421 949
240443 240453 628
240453 240443 628
248656 248645 2510
248645 248656 2510
249345 249351 750
249351 249345 750
249819 249823 1543
249842 249844 3042
249844 249842 3042
249868 249880 275
249880 249868 275
250151 250154 336
250154 250151 336
249823 249819 1543
250813 250812 1454
250812 250813 1454
250717 250720 847
250720 250717 847
165
232717
232718
232745
233463
227756
233520
233532
233536
233543
233563
235299
233605
233607
233252
233307
262269
262270
240312
240408
240417
240418
240421
240424
240444
248563
240443
240453
248605
248607
248656
248739
248740
248747
248754
248630
248645
249330
249333
249345
249351
249455
249461
249452
249464
249780
249789
249819
249821
249831
249839
249829
249910
249842
249850
249813
249844
249867
249868
249880
249887
249920
249925
250114
250136
250134
250151
250154
250076
250078
249796
249823
250787
250813
250805
250812
250818
250717
250720
251010
251012
250857
250970
250778
250947
250950
250988
252128
252169
253317
253328
253329
253332
253385
250978
253386
250981
250995
251047
251015
250954
251053
251050
251176
251181
251188
251916
251920
251195
251192
251216
251218
251221
251227
252102
252120
252400
253404
253407
253419
253462
253413
252467
253470
253498
253485
253455
253539
253542
253555
253568
253697
253692
253695
253707
253714
134137
137182
253710
253882
253900
236389
263411
263542
236314
263821
263570
261395
236411
261399
236297
236957
236921
236776
236783
236928
236952
236868
236870
262041
263196
236897
264034
236879
236863
236874
