48
228025 228030 2546
226273 226267 1454
226273 226276 4693
226276 226273 4693
228065 228068 472
228068 228065 472
228030 228025 2546
227667 227920 2304
227920 227667 2304
227920 227963 1172
227963 227920 1172
227983 227982 333
227972 227974 1111
227974 227972 1111
227982 227983 333
234150 235350 13675
235350 234150 13675
227223 227221 1556
228230 228249 1626
227221 227223 1556
228249 228230 1626
228403 228395 4110
228395 228403 4110
6860 6849 1095
6849 6860 1095
136602 136605 682
136605 136602 682
137991 137993 1014
137993 137991 1014
138587 138589 435
138589 138587 435
199342 199344 869
199344 199342 869
199671 199673 766
199673 199671 766
194785 199707 1782
199707 194785 1782
199758 199761 901
199761 199758 901
199763 199842 572
199841 199842 439
199842 199763 572
199842 199841 439
199813 199812 853
199812 199813 853
226267 226273 1454
225306 225309 1760
225309 225306 1760
148
136602
136605
137935
137947
137948
137991
137993
138587
138590
138589
138582
199337
199335
199342
199344
199671
199673
199674
199677
194785
199707
199708
199741
199758
199752
199761
199763
199841
199842
199813
199750
199816
199812
136212
139186
139257
139235
139244
139370
139375
139376
139253
139259
139233
200546
139495
225246
225251
225202
225811
225123
225094
225134
225290
225256
235126
225850
226018
235013
226102
226106
226260
226272
226267
225175
225190
225301
225306
225309
225287
227720
227723
227735
227758
228025
228034
228061
228071
233652
227020
228078
234411
228075
228088
229075
229053
225846
228065
228068
228030
228036
227900
227667
227963
227437
227685
227682
227680
227691
227983
227972
227974
227979
234146
234150
234158
234161
226860
226963
226964
227114
227141
227144
227008
227019
227205
227223
227228
227232
227263
228230
227221
227494
227522
228281
228283
228249
228261
228403
228395
228397
6851
6843
6860
6844
6849
7650
7664
7703
7695
7720
226082
225152
226100
234456
235043
235529
231616
