42
88700 88691 610
88700 88707 1775
88787 88707 615
76385 76389 1690
76389 76385 1690
87479 87480 1822
87480 87479 1822
88275 88274 1077
83522 83523 1984
83523 83522 1984
88691 88690 368
88691 88700 610
88707 88700 1775
88707 88787 615
88690 88691 368
88274 88273 1988
88274 88275 1077
88272 88273 2688
88273 88272 2688
88273 88274 1988
88450 88449 831
88445 88432 279
88432 88445 279
88449 85207 2175
88449 88450 831
85207 88449 2175
88758 88760 265
88760 88758 265
62355 62350 881
62350 62355 881
62311 62312 1314
62312 62311 1314
62306 78875 1623
78875 62306 1623
67739 67740 1915
67740 67739 1915
57127 57126 1259
57126 57127 1259
57121 70132 720
70132 57121 720
60364 76585 1356
76585 60364 1356
159
66275
64963
64969
64972
64967
64974
62212
63858
63855
62193
62207
63631
63658
61888
61887
61894
63613
63826
62132
62355
62350
62364
62417
62429
62437
62443
62311
62312
62317
62306
78875
78876
78884
67739
67740
57127
57134
57126
57130
57121
70132
57442
57453
57455
57464
57465
56995
56999
71153
57014
77959
65870
65874
65884
78726
65928
76899
77454
65703
65716
65718
65685
65610
65419
65424
77157
65652
65722
73568
77155
60310
60364
76585
65632
65639
65646
66150
66155
66157
65582
65585
65603
65444
64384
65574
66109
66121
66151
87435
70231
87202
87482
87495
86293
88693
87667
88700
87698
88789
76375
76383
76389
76391
87440
87452
87444
87445
87479
87563
88243
88275
83522
83523
88826
89127
89182
89183
89184
88690
84243
89199
89203
87632
87634
88286
88272
88450
88445
88432
88440
88267
85203
89501
90073
91548
88758
89461
89458
88921
89080
89109
89075
89103
83978
80650
80654
80646
80648
80691
80695
87145
87170
89523
89536
83135
89591
89973
89993
73629
