62
72128 72129 837
72143 72144 692
72144 72143 692
72129 72128 837
72131 72136 977
72136 72131 977
72140 72380 2897
72380 72140 2897
72380 72390 712
72390 72380 712
72455 72457 536
72457 72455 536
72550 72549 984
72550 72562 830
72549 72550 984
72562 72550 830
72563 72567 792
72567 72563 792
220649 220663 821
220663 220649 821
220885 220886 527
220393 220539 1205
220539 220393 1205
220731 220717 845
224285 224284 1189
224284 224285 1189
220717 220731 845
220089 220090 1004
220090 220089 1004
221616 221617 896
221617 221616 896
219754 224618 797
224618 219754 797
219687 219688 502
219721 219628 440
219688 219687 502
219628 219721 440
219380 219381 2036
219381 219380 2036
219381 220964 1123
220886 220885 527
220964 219381 1123
221348 221335 1417
221335 221348 1417
221398 221389 813
221389 221398 813
128861 128860 698
120560 120561 639
120561 120560 639
128860 128861 698
120697 120685 698
120685 120697 698
68539 68540 698
68540 68539 698
68705 68706 1894
68706 68705 1894
68709 68703 747
68703 68709 747
69344 69159 1029
69159 69344 1029
71646 71647 711
71647 71646 711
157
128736
128847
128861
120560
120555
120561
128866
128860
120586
120595
120599
120613
120614
120618
120703
120740
120697
120726
120727
120750
120721
120692
120707
120685
120706
120779
120650
120807
68601
67722
68489
68533
68529
68539
68540
68502
68646
68647
68648
68500
68509
68670
68668
68689
68705
68706
68709
68703
68963
68977
69343
69344
69159
72634
72900
73058
69362
69376
69369
69370
69360
71410
71636
71643
71646
71640
71647
71612
71694
71705
71683
68427
68432
72023
71870
71942
71939
71886
71818
72052
72080
72109
72110
72143
72102
72129
72131
68888
69021
69040
72140
72380
72389
72457
72478
72481
72562
72567
72597
220651
220658
220649
220663
220817
220820
220829
220871
220619
220607
220382
220387
220393
220698
220539
218130
220709
218136
220733
220694
220688
220715
220717
220438
220520
220530
73063
220089
220090
220405
220810
219733
219724
219732
219741
219749
219754
219764
219761
219773
219722
219688
219628
221350
221392
221395
221405
221411
221413
220886
220891
220964
224581
221337
221340
221389
221166
221216
