48
49961 49958 1299
43686 43687 872
43687 43686 872
43838 43840 1152
43840 43838 1152
44218 44219 1907
44219 44217 1482
44219 44218 1907
44217 44219 1482
44509 44511 1396
44511 44509 1396
44511 44510 537
44510 44511 537
45573 45593 1064
45593 45573 1064
50337 50338 1493
50338 50337 1493
125942 125940 1545
125940 125942 1545
125974 125975 843
125975 125974 843
45410 45406 1484
45411 45730 789
45406 45410 1484
45730 45411 789
45400 45396 905
45428 45430 1200
45396 45400 905
45430 45428 1200
125184 125169 879
125168 125169 581
125169 125168 581
125169 125184 879
125188 125190 1074
125190 125188 1074
125190 125192 1449
125192 125190 1449
170896 170917 1262
170917 170896 1262
49854 49857 764
49857 49854 764
98839 98835 3326
98835 98839 3326
98353 98355 452
98355 98353 452
49957 49958 1115
49958 49957 1115
49958 49961 1299
157
170952
171390
171418
170893
170896
170917
171035
170947
97873
97864
97866
95260
95261
95244
95287
95384
95398
95385
95436
95368
95367
95369
95396
97922
97926
97923
95713
49943
49949
41985
41987
49843
49854
49857
98863
98885
98886
98875
98839
98845
98835
98968
100164
100171
98618
98662
98715
98701
98710
97728
97885
97817
97888
98028
98033
97904
98353
97341
98067
98091
98342
98355
98398
98400
98671
49867
49872
49875
49957
49958
49961
43482
43486
43484
41991
42354
42430
42437
42441
42083
42069
43621
43624
43683
43686
43687
43700
43872
43860
43808
43823
43838
43840
43865
42662
42675
43256
44217
36952
44203
44207
43427
43459
43475
43705
43743
43707
43598
43586
43601
43611
43738
43814
44510
45565
45573
45593
45596
45606
45628
45626
45636
44506
125942
125969
125938
125940
125962
125966
125985
126101
126104
132342
132496
126452
126438
126444
126448
45275
45406
45408
45730
45743
45395
45400
45428
45430
125170
125186
125168
125173
125182
125156
125157
125159
125244
125261
