34
167852 167851 337
167851 167852 337
165643 165640 747
165689 165690 650
165690 165689 650
161547 161578 893
161576 161575 678
161575 161576 678
161578 161547 893
214282 212705 573
212705 214282 573
94359 94360 1004
94360 94359 1004
100639 92229 2762
92229 100639 2762
92380 92361 418
92361 92380 418
93845 93848 1943
93848 93845 1943
160159 160165 667
160165 160159 667
160371 160366 1268
160366 160371 1268
160509 160508 1837
160508 160509 1837
160498 160502 610
160502 160498 610
177369 177370 1344
177370 177369 1344
165660 165663 789
165663 165660 789
165640 165643 747
165405 165406 1742
165406 165405 1742
162
160159
160156
160151
160155
177337
160207
156524
160249
156527
160280
160279
160267
160284
160165
160194
160201
156574
160371
160366
160352
160355
160385
160423
160290
160372
160413
156898
156896
156884
156782
156647
156721
156904
156962
172853
160461
160472
160477
160488
156998
156682
160509
160508
160498
160502
156640
156643
156814
156816
156813
156821
156922
156925
158331
156927
156973
156669
158353
158471
160691
177327
177369
177404
177413
177370
177395
177403
177396
176688
165932
165660
165663
165640
165644
167792
167811
167736
167723
172189
167821
168432
165405
165406
167546
167831
167531
167936
167937
167872
167855
165981
166009
166011
165643
165689
165690
161536
161547
161544
161424
164637
164694
169066
164889
164671
164686
164615
165705
165779
165789
165713
165753
165748
165751
165737
164975
169366
169307
114297
114139
118848
119045
119113
119186
119243
119168
119247
119207
119328
119333
118807
119003
119005
118990
118999
119091
102177
102030
94427
97353
94359
94360
102952
92146
100639
92229
94517
94521
92382
92361
92359
94572
94483
99737
92273
93158
93163
93842
93845
93848
94135
94136
