50
178405 178406 672
178406 178403 604
178406 178405 672
178403 178406 604
177847 177848 2308
177847 177857 1901
177857 177847 1901
177848 177847 2308
157560 157567 837
157567 157560 837
157567 157568 1248
157568 157567 1248
158184 158205 1055
158205 158184 1055
158874 158883 1234
158883 158874 1234
161084 161100 2203
161100 161084 2203
161100 161114 778
161114 161100 778
161202 161203 1114
161203 161202 1114
161220 161221 672
161221 161220 672
168116 168114 674
168114 168116 674
161836 161844 285
161844 161836 285
198823 214861 1770
214861 198823 1770
168630 168634 238
168634 168630 238
168625 168628 2033
168628 168625 2033
168727 168725 1285
168725 168727 1285
168663 168664 790
168664 168663 790
154050 154064 872
154064 154050 872
154413 154418 872
154418 154413 872
155206 155205 934
155205 155206 934
155410 155414 818
155414 155410 818
155429 155428 778
155428 155429 778
157644 155307 905
155307 157644 905
159
149826
198823
215054
198858
214861
198847
204991
153724
152105
152109
162468
168630
168634
168636
168618
168616
168275
168721
168723
168625
168628
168727
168725
168739
168741
168787
168576
168663
168666
168675
168573
168678
168664
168645
168647
168639
153722
154001
154050
154064
154085
154089
154315
154372
153990
157471
157503
152008
157269
157271
157495
157484
157813
154405
154413
154418
154949
154967
155012
155029
155032
155063
155206
155205
155215
155248
155272
157809
157806
155314
155274
155276
155283
155410
155414
155429
155353
155428
157644
157654
157669
157655
157709
157711
155307
155379
155448
157705
157687
177898
177895
177937
177915
177935
178317
178318
178327
185694
178405
178375
178403
177848
177768
157568
158179
158182
158184
158205
158239
158280
158285
158288
158249
158227
158237
158316
158672
158678
158837
158875
158884
158879
158915
158950
158883
159073
158958
159076
161078
158313
158493
158504
158643
158658
158669
158509
161084
161127
161114
161160
161164
161134
161203
161205
161214
161224
161228
168114
168321
168326
168317
168152
161836
161516
161513
161867
161884
161930
161941
