62
184584 184737 1181
184735 184737 672
184737 184584 1181
184737 184735 672
183373 183370 2138
181748 181751 612
181751 181748 612
180835 180742 2556
180835 180837 796
180837 180835 796
180742 180835 2556
182871 182890 747
182890 182871 747
182890 182891 3187
182891 182890 3187
182891 182896 2401
182896 182891 2401
183499 183498 3956
183677 183683 713
183683 183677 713
183703 183706 581
183706 183703 581
183498 183499 3956
184028 184029 1519
184029 184028 1519
184029 184042 2894
184042 184029 2894
174238 174239 12640
174239 174238 12640
183773 183771 688
183784 183771 1865
183819 183820 924
183820 183819 924
183769 183783 475
183783 183769 475
183767 183768 556
183771 183773 688
183771 183784 1865
183768 183767 556
210454 210456 706
210456 210454 706
209654 209661 222
209661 209654 222
207103 207118 529
207118 207103 529
197151 197154 346
197154 197151 346
206673 206675 1078
206675 206673 1078
206713 206761 446
206761 206713 446
206785 206928 900
206928 206785 900
178969 178968 4115
178968 178969 4115
179299 179298 1467
179298 179299 1467
184566 184567 984
184567 184566 984
183370 183373 2138
184688 184689 1307
184689 184688 1307
169
207047
205962
207282
207275
207278
207103
207118
207125
207279
197142
197151
197154
196249
196453
196460
196464
196488
196515
196256
196267
196543
214641
197139
206030
206047
206673
206675
205960
205973
206687
206688
206713
206761
206764
206769
206781
206785
206928
206933
206938
206958
207001
207016
209311
209373
178952
178969
178968
178945
179018
179030
185580
179290
180872
179299
179298
179327
181119
181116
181127
181204
181155
180703
181509
181506
181529
181534
181628
184587
184580
163159
184566
184567
184597
184581
163145
183370
183426
184688
184795
184710
184689
184714
184722
184694
184715
184821
184717
184584
184725
184737
184726
183338
179907
183367
183354
183360
183373
181743
181754
180837
185808
180742
180743
180861
180830
180832
182021
180839
182049
182873
182871
182896
183499
183674
183677
183686
183703
174016
185870
174017
174045
185869
185879
182573
182600
183477
183498
184028
184042
172904
185220
185222
185228
174122
174110
174107
174238
174357
174078
174056
174090
183784
183811
183820
183852
184003
184008
183407
183769
183783
183859
183391
183771
183768
210456
210249
210442
209528
209548
209551
209636
209639
209654
209661
209666
210148
198676
198687
