124
257316 257320 1629
257320 257316 1629
238929 263095 985
263095 238929 985
239182 257920 547
257920 239182 547
243813 243814 811
243814 243813 811
243595 243603 731
243603 243595 731
243286 243285 1057
243285 243286 1057
245323 245321 112
245328 245321 64
245321 245323 112
245321 245328 64
245614 245715 1760
245617 245715 2203
245617 245729 707
245617 261803 761
245725 245724 672
245725 245727 905
245731 245727 1262
245729 245617 707
245729 245730 905
245729 245732 1030
261803 245617 761
261803 245730 488
261803 245737 741
245737 245743 1451
245737 261803 741
245744 245743 818
245744 245782 763
245782 245744 763
245782 245781 1100
245795 245793 888
245848 245794 1900
242884 242881 4179
242884 242885 1396
242884 242895 671
243827 243825 669
243194 243197 1032
244056 243197 657
243239 243238 390
243220 243221 1063
243220 243222 255
243232 243221 793
243222 243220 255
243222 243223 545
243260 243234 761
243260 243261 4722
261674 243261 592
261674 261672 1162
261673 261672 572
243215 243217 740
243234 243217 1442
243234 243260 761
261985 242878 1918
261985 242881 1144
242886 242885 785
242878 238465 486
242878 261985 1918
243018 238465 3208
243016 242879 1788
261119 242879 387
261119 243094 1118
243094 243093 280
243094 261119 1118
243096 243093 704
243096 243097 1611
243033 243097 1685
243100 243097 780
245715 245614 1760
245715 245617 2203
245724 245725 672
245727 245725 905
245727 245731 1262
245727 245732 672
245732 245727 672
245732 245729 1030
245730 245729 905
245730 261803 488
245743 245737 1451
245743 245744 818
245781 245782 1100
245793 245794 611
245793 245795 888
245794 245793 611
245794 245848 1900
242895 242884 671
243825 243827 669
243197 243194 1032
243197 244056 657
243238 243239 390
243221 243220 1063
243221 243232 793
243223 243222 545
243261 243260 4722
243261 261674 592
261672 261673 572
261672 261674 1162
243217 243215 740
243217 243234 1442
242881 242884 4179
242881 261985 1144
242885 242884 1396
242885 242886 785
238465 242878 486
238465 243018 3208
242879 243016 1788
242879 261119 387
243093 243094 280
243093 243096 704
243097 243033 1685
243097 243096 1611
243097 243100 780
245801 245802 1891
245802 245801 1891
247692 247693 924
247693 247692 924
255532 255561 2352
255561 255532 2352
256784 256810 598
256810 256784 598
164
245715
245724
245727
245732
245730
245743
245781
245793
245794
242895
243825
243197
243238
243221
243223
243261
261672
243217
242881
242885
238465
242879
243093
243097
243102
243161
243175
244067
245801
245802
245863
247617
247620
247628
247666
247692
247693
247701
248040
248044
247700
247948
248046
248047
248049
248071
248078
248360
257284
255388
255376
255377
255418
256234
256244
256246
256259
256432
256435
256439
256470
256467
256468
256752
256759
248133
248373
248380
255532
255562
255561
255566
255664
256776
256784
256810
256818
256953
254942
254946
255180
238313
238318
238319
247320
256957
257024
257046
257113
257316
238928
238929
263095
238902
238915
262845
244666
257950
262091
239182
257920
243813
259747
243814
243595
243603
243084
243484
263746
242790
243083
242783
238866
243276
243321
243593
243368
243373
243402
243412
244867
244940
244941
245275
245282
245289
245064
245288
245335
245366
245059
245326
245333
245364
245589
245204
245229
245614
245725
261803
245737
245744
245782
245795
245848
243194
244056
243239
243220
243232
243222
243260
243215
243234
261985
242886
242878
243018
243016
261119
243094
243096
243033
243100
