88
208287 208288 1358
208340 208390 2493
208390 208340 2493
208288 208287 1358
208288 208337 953
208337 208288 953
208337 208339 1864
210582 210583 779
210582 210592 726
210592 210582 726
210592 210596 867
210579 210577 751
210583 210582 779
208339 208337 1864
210577 210579 751
210596 210592 867
210656 210663 688
210663 210656 688
178670 178751 1261
178751 178670 1261
178802 178805 1124
178805 178802 1124
184962 184951 150
184951 184962 150
166293 166295 767
166295 166293 767
166330 166341 674
166341 166330 674
166840 185078 924
185078 166840 924
180577 180576 1867
180541 180576 2007
180576 180541 2007
180576 180577 1867
182396 182230 951
182410 182419 2480
182419 182410 2480
182447 182444 1902
182444 182447 1902
182230 182229 1336
182230 182396 951
182229 182230 1336
196666 196669 1611
196669 196666 1611
196897 196901 346
196901 196897 346
207617 197426 451
197426 207617 451
207625 207626 846
207626 207625 846
207626 207653 709
207653 207626 709
207653 207658 774
207658 207653 774
207658 207659 779
207496 207499 1032
207499 207496 1032
207669 207659 867
207659 207658 779
207659 207669 867
196865 196869 973
196869 196865 973
151361 151360 751
151360 151361 751
204064 204065 679
204065 204064 679
204088 204090 523
204090 204088 523
204098 204099 802
204099 204098 802
203744 203745 1736
203745 203744 1736
203982 203983 841
203983 203982 841
207957 207465 1098
207957 207954 1122
207954 207957 1122
207549 207463 1024
207463 207466 1108
207463 207549 1024
207465 207957 1098
207466 207463 1108
207515 207578 867
207578 207515 867
207983 207990 665
207990 207983 665
207992 208042 1252
208042 207992 1252
172
56297
196667
196666
196669
196897
196901
204294
204324
204345
204349
204387
204750
204753
207617
197426
207625
207626
207653
207658
207241
207475
207496
207499
207507
207667
207511
207668
207669
207659
196871
196872
196865
196869
196883
196890
196821
145347
145432
145435
145439
145983
145987
139963
151361
151411
146003
151355
151360
151363
151337
151338
151330
151340
151331
203997
204002
204064
204065
204088
204102
204090
204098
204099
204321
203577
203593
203611
203617
203610
203687
203693
203744
203745
203759
203979
203982
203983
207957
207954
207594
207585
207546
207548
207549
207463
207465
207466
207537
207547
207540
207477
207502
207513
207515
207578
207581
207591
207958
207982
207983
207990
207992
208042
208044
208132
208149
208154
208155
208363
208387
208340
210582
210592
210579
208339
208355
208443
210577
210681
210596
210598
210655
210656
210838
178670
178802
178805
178688
178735
178739
177533
180305
163673
163703
163711
184951
185066
185069
185128
163701
166293
163693
166295
166330
166341
166337
166344
166840
185078
163657
180767
180798
180511
180800
180530
180577
180541
180576
182396
182410
182452
182478
182419
182447
182444
181973
182007
182229
182517
182481
182520
182489
