52
241658 241659 2002
241662 241672 1258
241672 241662 1258
241659 241658 2002
240750 240749 675
240749 240750 675
250407 250404 836
250412 250413 1335
250416 250413 713
250390 250388 2216
250390 250389 805
250403 250404 672
250404 250403 672
250404 250407 836
250388 250390 2216
250389 250390 805
242501 242496 1530
242496 242501 1530
242497 242498 452
242498 242497 452
242498 242526 1663
242525 242530 104
242526 242498 1663
242530 242525 104
251457 251464 1351
251464 251457 1351
251475 251450 649
251450 251475 649
250413 250412 1335
250413 250416 713
250432 250515 2169
250393 250383 868
242563 242562 1037
242562 242563 1037
250383 250393 868
250515 250432 2169
250519 250520 796
250520 250519 796
246489 246385 3165
246385 246489 3165
251755 251765 1322
251765 251755 1322
251902 251903 1223
251903 251902 1223
253120 253150 275
253150 253120 275
253234 253239 1055
253239 253234 1055
254826 254790 821
254790 254826 821
237587 237588 592
237588 237587 592
161
254658
254664
253120
253150
253195
253148
253166
253170
253176
253232
253175
253234
253239
253247
254447
254455
254458
253251
254572
237883
262910
236489
254826
236505
236513
254790
236595
263138
262916
236584
263132
254830
236575
262818
237215
237226
237233
263724
237106
237114
237238
237354
264017
237447
237475
237481
261561
237573
237587
237588
261481
237585
233412
233269
233416
240679
240689
240647
240675
240875
240879
241192
240900
240919
240906
240911
240892
240895
240934
240932
240790
241626
241641
241591
241658
241672
241792
241659
240449
241817
241958
263506
263500
240750
241945
240749
241951
242005
242026
250407
250412
250416
250418
250422
250260
250404
242483
250360
250364
250388
249515
249521
249524
250201
250280
250281
242485
242501
242502
242496
242497
242498
242525
242554
251457
251464
251475
251484
251450
251470
251451
251453
250413
250432
250393
242563
242562
250362
250377
250383
250512
250515
250508
250519
250597
250602
250596
250520
250543
250538
246489
246385
246499
246508
251702
252799
251755
251756
251771
251765
251902
251526
251532
251535
251536
251739
252200
252203
252214
263471
252230
