62
21199 21201 279
21201 21199 279
21211 21246 1544
21246 21211 1544
21246 21248 983
21248 21246 983
21251 21258 826
21258 21251 826
25942 25943 1268
25943 25942 1268
25996 26016 2322
26016 25996 2322
26045 26051 681
26051 26045 681
28492 27982 238
21381 21383 782
21383 21381 782
27982 28492 238
28914 28918 517
28918 28914 517
28918 28925 608
28925 28918 608
50598 50600 557
50600 50598 557
187577 187570 3071
187570 187577 3071
197384 197389 753
197389 197384 753
197711 197714 805
197714 197711 805
197784 197810 1420
197810 197784 1420
197813 197806 1738
197807 197819 955
197806 197813 1738
197809 197818 1277
197818 197809 1277
197819 197807 955
15381 15386 1413
226347 226349 1864
226349 226347 1864
15386 15381 1413
15792 15793 443
15793 15792 443
15799 15840 807
15840 15799 807
16108 16111 3143
16111 16108 3143
16308 16309 845
16309 16308 845
19733 19731 981
19731 19733 981
19840 19831 818
19831 19840 818
20283 20284 434
20284 20283 434
21147 21151 1328
21151 21147 1328
21151 21150 1073
21150 21151 1073
21172 21182 1730
21182 21172 1730
168
15372
15381
15452
15476
15596
15626
15615
15617
15599
15608
225368
225372
225384
226347
226338
233614
225530
226349
226354
8594
15386
15425
15792
15793
15798
15799
15800
15840
34911
15845
15856
16035
34072
16025
16059
16073
16108
16111
16268
16287
16308
34066
16309
16293
16294
16277
16278
19733
19740
19729
19731
19815
19829
19839
19840
19831
19932
21508
19217
21537
21541
21546
21592
21905
21904
21961
20216
20218
20283
20250
20267
20284
20285
20076
20304
20309
21159
21185
21147
21151
21150
21171
21172
21182
21199
21201
21207
21211
21248
21251
21258
21262
25942
25943
21404
25935
25939
25946
25983
25996
26016
26045
26047
26051
26089
26091
27979
28492
21381
21382
21374
27995
28030
28132
51531
28914
28925
28919
51634
51660
51677
50598
50600
50603
50607
187577
188688
188697
188734
188753
188758
188920
188937
188966
188981
187559
187570
187325
187354
187502
189654
189655
197536
197831
197833
197587
197662
197305
197376
197384
197711
197714
197653
197784
197810
197813
197659
197807
197808
197818
197819
197824
197829
197859
199450
199548
199509
199598
