48
255735 255697 2279
255837 255845 611
255845 255837 611
255891 255894 2880
255894 255891 2880
255894 255895 1066
255895 255894 1066
257468 257493 1007
257493 257468 1007
238378 238515 1792
238515 238378 1792
238548 263730 6679
263730 238548 6679
239522 239525 392
239528 261502 4921
239525 239522 392
261502 239528 4921
239841 239840 2014
239841 242588 486
242589 242588 1573
239842 239840 1798
242596 242594 243
261517 261518 2045
242613 242612 2043
242615 242612 545
242621 242620 688
242633 242620 878
239441 239450 1881
242588 239841 486
242588 242589 1573
239840 239841 2014
239840 239842 1798
242594 242596 243
261518 261517 2045
242612 242613 2043
242612 242615 545
242620 242621 688
242620 242633 878
239450 239441 1881
246045 246047 1413
246047 246045 1413
246815 246864 1699
246757 246759 2102
246759 246757 2102
246864 246815 1699
246776 246784 755
246784 246776 755
255697 255735 2279
166
242588
239840
242594
261518
242612
242620
239450
239660
239656
239442
239719
239755
239939
239941
240138
240144
240164
240168
240176
241115
244637
241118
244674
244716
244722
244764
241305
241348
261509
241350
241431
242253
242255
263783
241464
263780
246045
246047
246052
246053
246054
245678
246062
246116
246126
246104
246114
246143
246141
246177
246156
246158
246176
246627
246631
246635
246815
246679
246756
246757
246759
246880
246864
246644
246810
246814
246776
246767
246784
247015
247031
247075
247083
247085
247130
247134
247145
247151
247165
247141
247177
253904
248248
246972
253937
248285
248337
255522
255533
255705
254724
254731
254749
255697
255741
255680
255701
255735
255736
255746
255845
255846
255872
255895
255906
255947
257381
257408
257409
257385
257404
257457
257459
257468
257493
238038
238058
238218
238230
238002
238013
238025
257516
257517
258268
257545
238054
238344
238350
238125
238345
238334
263115
237328
238379
238515
238519
238546
238599
238626
238627
242712
261298
242809
242611
242605
242627
242713
239589
239626
239659
262133
239500
239532
239509
239579
239522
239528
239525
239534
262127
239566
239841
242596
261517
239441
