56
68957 68958 2219
68958 68957 2219
72396 72418 476
72418 72396 476
72577 72604 253
72604 72577 253
220621 220622 773
220622 220621 773
220622 224273 2771
220832 220906 770
224273 220622 2771
220536 220537 445
220682 224278 608
220742 220739 1269
220739 220742 1269
224278 220682 608
220436 220450 1107
220526 220527 1033
220526 220528 794
220527 220526 1033
220528 220526 794
220537 220536 445
220450 220436 1107
220450 220451 1423
220451 220450 1423
218483 219751 864
219752 219751 1328
219751 218483 864
219751 219752 1328
219769 219780 856
219766 219765 1678
219765 219766 1678
219780 219769 856
221402 221403 1278
220906 220832 770
221403 221402 1278
221162 221172 2307
221172 221162 2307
216640 216641 1167
216641 216640 1167
68135 68122 893
68122 68135 893
68486 68490 1906
68490 68486 1906
68702 68908 1155
68908 68702 1155
68915 68917 553
68917 68915 553
71483 71487 830
71487 71483 830
71487 71488 987
71488 71487 987
71617 71620 601
71620 71617 601
68401 68878 2369
68878 68401 2369
168
120777
67709
67729
68492
67713
67720
68522
68526
68536
68135
68136
68122
68143
68138
68312
68486
68490
68571
68653
68654
68655
68643
68494
68508
68676
68675
68696
68686
68702
68908
68915
68917
68984
68986
68979
68981
69355
72629
72899
73067
73068
76645
67217
69366
69002
71388
71406
71473
71483
71563
71573
71649
71650
71653
71508
71487
71488
71610
71790
71617
71620
71659
71699
71689
68401
68878
68429
71722
71875
71945
71968
71948
71951
71953
71889
71892
71901
72107
72108
72095
72214
72215
72157
72145
72111
68886
68957
68958
76683
69038
72162
72395
72396
72418
72466
72540
72546
72547
72573
72604
72612
220622
220648
220667
220728
220831
224273
220358
220345
220682
220702
221008
220541
220895
220905
220888
220902
220742
220762
220763
220695
220739
224278
220673
220712
220725
220436
220437
220527
220528
220568
220534
220543
219007
220103
220414
220427
220451
220453
220793
221618
221608
221623
219748
218483
219769
219766
219765
219776
221352
221416
221438
221443
220950
220953
221342
221162
224316
221172
221217
221357
221236
222120
216440
216491
216460
216640
216641
