38
50003 49990 1008
49990 50003 1008
97822 97823 1257
97823 97822 1257
50141 50147 3460
50142 50153 737
50147 50141 3460
50153 50142 737
50168 42120 4881
42120 50168 4881
42140 42102 354
42102 42140 354
42170 42183 3698
42183 42170 3698
40607 43917 910
43917 40607 910
44269 44271 1000
44271 44269 1000
44349 44345 2965
44345 44349 2965
159603 159648 684
159648 159603 684
159659 159838 851
159838 159659 851
159838 159762 851
159762 159838 851
159013 159014 2898
159014 159013 2898
213509 213519 593
213517 213519 223
213519 213509 593
213519 213517 223
213579 213550 779
213550 213579 779
94735 94744 1145
94744 94735 1145
95069 95068 983
95068 95069 983
159
154503
159359
159363
159369
159580
159603
159648
159651
159678
159702
159656
159659
159838
159762
159769
159828
159934
159940
159945
159947
159839
158736
160041
159013
159014
160090
160104
213081
213084
213063
213064
213091
213078
213451
213445
213469
213444
213478
213481
213493
213503
213509
213517
213519
213560
213579
213550
162224
170650
170106
170109
170881
170902
170900
171262
170856
170876
102281
95721
95595
95598
95601
95603
95725
95586
94735
94744
95069
95068
95185
95333
95414
103193
101752
95614
95621
95624
95431
95428
95446
95524
93544
101702
49820
41946
41958
36875
50447
50283
50003
49990
50006
91981
97752
97786
94600
93412
93535
93524
93553
93561
92428
98957
98972
101681
101694
98621
98649
94603
97823
98234
97848
97855
101824
102839
97788
97791
94539
98580
98590
191009
191015
191374
41972
49951
49970
49912
49980
42026
42073
50141
50147
46164
50153
50154
50158
50168
42077
42120
42147
42166
42168
42170
43993
43928
43926
40607
41001
43917
46353
44071
44259
44201
44269
44271
44320
44345
44367
44397
