54
184206 184312 228
184312 184206 228
184313 184314 807
184314 184313 807
181846 181847 1457
181862 181847 2751
181862 181864 758
181847 181846 1457
181847 181862 2751
181864 181862 758
182678 182679 2170
182679 182678 2170
182725 182733 1009
182733 182725 1009
182775 182773 421
182906 182905 2273
182773 182775 421
182905 182906 2273
183517 183527 1602
183527 183517 1602
183003 183206 1519
183206 183003 1519
183206 183216 2563
183216 183206 2563
183555 183556 1351
183556 183555 1351
214181 214182 892
214188 214189 867
214182 214181 892
210320 210367 1205
210366 210367 573
210367 210320 1205
210367 210366 573
209491 209490 893
209619 209508 751
209508 209619 751
209508 210015 759
210015 209508 759
209490 209491 893
197165 202498 198
202498 197165 198
205840 205841 828
205841 205840 828
214364 205921 219
205847 205846 901
205846 205847 901
205889 205895 1532
205921 214364 219
205895 205889 1532
202457 202465 625
202465 202457 625
185904 184258 828
184258 185904 828
214189 214188 867
176
205688
203496
202529
202532
202635
202650
202651
202668
202658
202662
202671
202672
202687
197046
196133
214884
215118
197125
197126
202172
197122
197165
202498
202500
205840
205841
214362
214364
205847
205849
205846
205889
204802
205696
205698
214875
205746
205747
205921
205901
205895
205908
206574
206594
206576
206584
206595
206645
206828
206842
209188
209193
209201
202457
202465
206885
206887
181010
181048
181044
180998
181251
185826
180994
181255
181279
180204
180939
181027
181168
181186
181199
181201
181313
181318
181308
181588
184251
184409
184213
185904
184258
184255
184260
184219
184207
214189
214256
184328
184206
184312
184313
184314
184413
184423
184408
184231
181846
181885
181894
181889
184481
181864
181870
181814
181873
181875
181798
180256
181844
183083
177697
183015
177710
185837
185968
182678
182679
182723
182725
182733
182738
182794
182906
182773
182905
182764
182771
182756
182785
182788
182960
182970
182975
182994
182995
183517
183527
183536
183590
183601
183538
183564
183602
183555
183556
183563
183208
183273
183607
183196
183200
183068
214141
214164
214181
214197
214188
214191
214182
214193
210303
210321
209229
209231
209491
209619
209508
210015
209233
209437
209439
209485
209490
210112
214540
