68
26182 26163 950
26163 26182 950
105533 105534 1054
105534 105533 1054
27361 27354 581
27351 27364 1063
27354 27361 581
29092 29093 650
29093 29092 650
27364 27351 1063
29098 29436 762
29098 29436 762
29098 52929 3593
29436 29098 762
29436 29098 762
52484 52951 476
52951 52484 476
53016 53017 336
53017 53016 336
53017 53018 1631
53018 53017 1631
53027 53029 2377
53029 53027 2377
53041 53045 751
53045 53041 751
53045 53046 1115
53046 53045 1115
29053 29057 751
29053 29057 751
29057 29053 751
29057 29053 751
29057 29058 807
29057 29058 807
29058 29057 807
29058 29057 807
52926 52929 810
52931 52929 1484
52931 53089 738
52929 29098 3593
52929 52926 810
52929 52931 1484
53089 52931 738
54890 54916 796
54916 54890 796
54925 54929 605
54929 54925 605
54944 54948 697
54948 54944 697
107958 107936 1374
107936 107958 1374
33504 33505 905
33504 33505 905
33505 33504 905
33505 33504 905
33689 33701 2480
33701 33689 2480
33701 33729 2110
33729 33701 2110
33834 33835 1085
33835 33834 1085
33902 33909 3427
33909 33902 3427
18431 18440 818
18440 18431 818
18440 18442 688
18442 18440 688
26130 26132 2369
26132 26130 2369
162
32496
32541
34352
35027
107914
107957
103511
107958
107936
107865
107917
107972
107989
107993
108005
108024
105904
105905
107978
108025
33504
33505
33569
33510
33513
33575
33576
33578
33689
33701
33729
33735
33792
33834
33824
33835
33855
33847
17245
17259
17269
17393
17408
33874
33902
113450
17374
33909
17205
17370
17401
17406
17430
34000
103632
113134
113467
18361
18391
33976
18423
18431
18440
18456
18426
18442
103505
103528
103530
103597
103538
103539
103596
103625
103627
25272
25267
26130
26132
26147
26154
19336
26182
26178
26563
26180
26190
26127
40187
105533
105534
105175
105178
105284
103553
103770
105553
105568
103766
105504
40203
40179
40180
40207
41304
29144
29213
29217
29233
29311
29314
29279
29315
27332
27333
27361
27352
27354
29348
29353
29358
29092
29093
27281
27364
29076
29077
29096
52484
52951
53014
53018
53025
53029
53041
53044
53046
53313
53324
53333
53334
29053
52919
29057
53089
53579
53580
53602
54786
54753
54831
54881
54795
54805
54916
54919
54823
54925
54929
54943
54944
54949
