32
76121 76128 1527
76128 76121 1527
76180 76181 1274
76180 76200 423
76181 76180 1274
76200 76180 423
87316 87984 1353
75231 76217 254
76217 75231 254
87984 87316 1353
74538 74539 1702
74538 74539 1702
74539 74538 1702
74539 74538 1702
171733 171735 445
171735 171733 445
170310 170339 893
170339 170310 893
172013 172012 778
172026 172027 2233
172027 172026 2233
172012 172013 778
97141 97143 1484
97143 97141 1484
97208 97209 1357
97209 97208 1357
64591 64596 3676
64596 64591 3676
63439 63445 889
63445 63439 889
75055 75056 748
75056 75055 748
167
60514
60491
76534
76536
60343
76540
60548
60553
64515
66928
66934
64537
64540
62924
62998
64450
78165
63005
76011
75253
64453
64454
78667
62927
63014
63018
64521
64525
64471
64475
64480
64488
63021
63369
64586
64591
64596
64611
64613
63462
63439
63457
63029
63458
63451
63445
64197
64188
64201
64174
64308
64303
64304
64307
64030
64286
64288
77320
74939
74038
74044
74384
73209
73207
73384
73386
73388
74032
74125
74922
77903
78740
76660
74453
74226
75009
75045
75049
75055
75056
75100
75098
75106
78206
76121
76128
76159
76181
76200
76268
76269
87258
75231
76208
76217
76102
75222
76249
87200
87173
87174
87959
87984
87981
74779
78748
74204
74209
61916
74635
57599
77247
77328
75289
75291
74754
74755
170315
170318
170330
170341
171718
171733
171720
171735
170310
170339
170395
170393
170399
170404
171917
171964
172013
172025
172027
172009
172012
96645
96646
96705
96710
96711
96766
96658
96667
96778
96793
96806
96810
96833
96845
97054
96890
97104
97141
97143
102368
102621
97208
97209
97219
97316
97320
97325
99671
99688
