74
204466 204467 1934
204467 204466 1934
204774 204775 1811
204775 204774 1811
204878 204876 845
204876 204877 697
204876 204878 845
204877 204876 697
144817 144820 1268
144821 144820 921
145047 145058 645
145058 145047 645
145679 145683 851
145683 145679 851
145685 145697 482
145697 145685 482
145900 145856 832
145902 145898 719
145898 145896 751
145898 145902 719
145896 145898 751
145856 145900 832
145934 145935 1472
145935 145934 1472
145947 145948 1778
146090 146096 1688
151594 204449 1236
203846 203845 1045
204546 204449 1796
203845 203846 1045
204449 151594 1236
204449 204450 451
204449 204546 1796
145948 145947 1778
146096 146090 1688
146096 146095 727
146095 146096 727
204450 204449 451
197579 197641 747
197641 197579 747
214695 214482 3710
214482 214695 3710
208776 208775 183
208776 208777 647
208775 208776 183
208788 211125 839
211125 208788 839
208777 208776 647
211158 211159 1778
211159 211158 1778
54705 54713 879
54713 54705 879
140523 140509 856
140509 140523 856
141959 141978 2291
141978 141959 2291
143265 143264 237
142136 142137 699
142137 142136 699
142110 142644 3254
142644 142110 3254
142689 142682 791
142682 142681 960
142682 142689 791
142645 142598 1195
142681 142682 960
142004 143259 1511
143259 142004 1511
143264 143265 237
142597 142619 1167
142598 142645 1195
142619 142597 1167
144820 144817 1268
144820 144821 921
164
54639
56331
54458
54476
54480
54703
54705
54713
54724
51148
51300
54647
53878
53881
53899
53943
53958
56731
53951
53964
53970
53973
55193
51905
144547
150493
150536
150483
150486
150696
150736
140287
140302
141817
150744
140394
140450
140459
140475
141884
141891
141904
140523
141941
141944
140509
140528
141945
141959
141978
141994
142005
143265
143268
143420
143464
143466
142120
142136
142658
142137
143483
142127
142655
142663
142110
142644
142651
142675
142689
142682
142084
142638
142645
142668
142681
142004
143259
143264
142597
142598
142619
142620
142627
142747
142748
142759
142784
142792
144788
144797
144796
144803
144818
144820
204466
204467
204550
204566
204598
204599
203853
204774
204775
204786
204810
204830
204883
204886
204889
204878
204877
204900
204904
144834
144843
144851
145058
145134
145148
145155
145525
145536
145552
144131
145679
145683
145685
145697
145700
145705
145900
145902
145898
145896
145920
145889
145911
145923
145856
145935
145947
146090
203846
204546
203845
145948
145959
145955
145963
151597
204444
204448
197579
197641
214401
208755
208761
214482
208705
208759
195834
208775
211159
