382
83830 83764 614
83830 83829 2312
83830 83844 2561
83776 83765 892
83776 83777 1311
83776 83844 811
83778 83777 1780
83778 83779 1529
83778 83822 1484
83844 83776 811
83844 83830 2561
83844 83843 1280
83814 83813 699
83814 83815 951
83814 83817 1906
83819 83815 614
83819 83818 1163
91362 91361 1921
91362 91363 3487
91766 91361 1651
91767 91361 4197
91767 91367 1283
91767 91768 1256
83820 83813 1817
83820 83817 614
83820 83822 1891
83779 83778 1529
83779 83780 1441
83779 83821 2927
83826 83821 1563
83826 83827 1102
83826 83850 813
83998 83997 405
83998 84094 2163
83794 80686 233
83795 80685 169
83797 83796 196
83797 83798 3261
84099 84098 1208
84100 84098 608
84111 84101 338
84111 84112 1693
84111 84138 699
84038 84037 832
84038 84039 1484
84038 84102 633
83824 83802 539
83824 83825 1110
87104 82620 352
87104 87105 380
82622 82621 1032
82622 82623 773
82622 87113 1781
87103 82621 2828
87103 87102 1134
87103 87113 782
85152 85151 1149
85152 85153 1791
85152 85156 2534
85152 87102 297
85157 85156 3366
85157 85158 895
87079 87080 1243
87079 87081 122
87079 87086 2470
85162 79946 741
85162 85161 3069
85162 85163 1032
87078 87075 2369
87087 85159 1553
87087 87075 2806
85160 85159 61
87083 87084 1046
87085 87084 1032
87085 87086 754
82339 82338 7080
82340 82338 4580
82340 82341 2787
82340 82342 2228
82513 82338 3043
82513 82514 1666
82513 82527 794
82493 82492 3602
82493 82494 1467
82493 82495 2532
82516 82495 4182
82516 82517 3637
82516 82605 1550
82516 82608 3307
82497 82496 1412
82498 82496 1123
82498 82499 1633
82498 82500 1031
82345 82344 1633
82345 82346 2325
82345 82360 6334
82258 82257 1233
82258 82359 4102
82258 82362 1676
82552 82551 1024
82552 82553 1764
82552 82557 2230
82502 82500 395
82502 82503 713
82502 82553 1813
82560 82556 1159
82560 82559 1347
82560 82561 1114
82560 82568 1259
82560 82569 1313
82567 82556 3647
82567 82557 1373
82567 82566 1123
82561 82559 847
82561 82560 1114
82561 82562 672
82561 82563 2745
82564 82562 2119
82564 82563 1122
84933 82562 672
82064 82063 639
82039 82038 1085
82039 82042 2063
82039 82090 1257
82039 82091 1562
82089 82090 1636
82089 82091 1310
82089 82236 279
82107 82090 1068
82107 82111 1692
82302 82296 2555
82302 82301 453
82302 82418 1348
82437 82296 1150
82437 82438 1833
82437 82439 1450
82320 82319 1309
82320 82321 3170
82320 82475 6741
82450 82319 2219
82450 82436 6831
82450 82442 1711
82425 82420 3545
82425 82422 1944
82425 82436 1032
82425 82445 2288
91561 82283 702
82112 82065 978
82112 82111 338
82112 82242 2223
82246 82065 2226
82246 82242 838
82246 82245 2493
82247 82248 1866
82247 82249 1147
82247 82284 1118
82321 82320 3170
82321 82322 699
82321 82480 2375
82459 82458 2006
90760 82478 1507
82464 82463 2710
82464 82465 1124
82464 83992 2096
83689 82465 2045
83681 82463 1478
83681 83682 1124
83681 83692 2082
83681 90762 1675
83991 82463 1786
83991 83992 1623
83991 83992 1623
83980 83668 201
83986 83985 6176
83988 83985 2153
83990 83987 1907
83990 83989 651
83990 83993 3995
83682 83681 1124
83682 83685 1743
83682 83686 2722
83686 83682 2722
83686 83685 2900
83686 83989 1013
83792 91367 631
83764 83765 3386
83764 83830 614
83765 83764 3386
83765 83776 892
83822 83778 1484
83822 83820 1891
83817 83814 1906
83817 83818 978
83817 83820 614
83818 83817 978
83818 83819 1163
91363 91362 3487
91768 91767 1256
83780 83779 1441
83827 83826 1102
83850 83826 813
84094 83998 2163
83798 83797 3261
84112 84111 1693
84138 84111 699
84037 84038 832
84039 84038 1484
83825 83824 1110
87105 87104 380
82623 82622 773
87113 82622 1781
87113 87103 782
87102 85152 297
87102 87103 1134
85151 85152 1149
85153 85152 1791
85158 85157 895
87080 87079 1243
87086 87079 2470
87086 87085 754
79946 85162 741
85163 85162 1032
82341 82340 2787
82342 82340 2228
82514 82513 1666
82527 82513 794
82492 82493 3602
82492 82605 608
82494 82493 1467
82517 82516 3637
82605 82492 608
82605 82516 1550
82608 82516 3307
82499 82498 1633
82500 82498 1031
82500 82502 395
82344 82345 1633
82360 82345 6334
82257 82258 1233
82362 82258 1676
82557 82503 1150
82557 82552 2230
82557 82567 1373
82503 82502 713
82503 82557 1150
82568 82560 1259
82569 82560 1313
82569 82563 1560
82566 82567 1123
82563 82561 2745
82563 82564 1122
82563 82569 1560
82042 82039 2063
82091 82039 1562
82091 82089 1310
82236 82089 279
82236 82111 699
82111 82107 1692
82111 82112 338
82111 82236 699
82301 82302 453
82418 82302 1348
82438 82437 1833
82439 82437 1450
82475 82320 6741
82442 82450 1711
82420 82425 3545
82422 82425 1944
82445 82425 2288
82242 82112 2223
82242 82246 838
82245 82246 2493
82245 82248 1257
82248 82245 1257
82248 82247 1866
82284 82247 1118
82480 82321 2375
83992 82464 2096
83992 83991 1623
83992 83991 1623
83692 83681 2082
90762 83681 1675
83989 83686 1013
83989 83990 651
83993 83990 3995
83829 83830 2312
83777 83776 1311
83777 83778 1780
83843 83844 1280
83815 83814 951
83815 83819 614
91361 91362 1921
91361 91766 1651
91361 91767 4197
83813 83814 699
83813 83820 1817
83821 83779 2927
83821 83826 1563
83997 83998 405
80686 80685 412
80686 83794 233
80685 80686 412
80685 83795 169
83796 83797 196
84098 84099 1208
84098 84100 608
84101 84111 338
84102 84038 633
83802 83824 539
82620 87104 352
82621 82622 1032
82621 87103 2828
85156 85152 2534
85156 85157 3366
87081 87079 122
85161 85162 3069
87075 87078 2369
87075 87087 2806
85159 85160 61
85159 87087 1553
87084 87083 1046
87084 87085 1032
82338 82339 7080
82338 82340 4580
82338 82513 3043
82495 82493 2532
82495 82516 4182
82496 82497 1412
82496 82498 1123
82346 82345 2325
82346 82359 3304
82359 82258 4102
82359 82346 3304
82551 82552 1024
82551 82556 1259
82553 82502 1813
82553 82552 1764
82556 82551 1259
82556 82560 1159
82556 82567 3647
82559 82560 1347
82559 82561 847
82562 82561 672
82562 82564 2119
82562 84933 672
82063 82064 639
82063 82065 2639
82038 82039 1085
82090 82039 1257
82090 82089 1636
82090 82107 1068
82296 82302 2555
82296 82437 1150
82319 82320 1309
82319 82450 2219
82436 82425 1032
82436 82450 6831
82283 82249 1302
82283 91561 702
82065 82063 2639
82065 82112 978
82065 82246 2226
82249 82247 1147
82249 82283 1302
82322 82321 699
82322 82458 1621
82458 82322 1621
82458 82459 2006
82478 90760 1507
82465 82464 1124
82465 83689 2045
82463 82464 2710
82463 83681 1478
82463 83991 1786
83668 83980 201
83985 83986 6176
83985 83988 2153
83987 83990 1907
83685 83682 1743
83685 83686 2900
91367 83792 631
91367 91767 1283
106
83829
83777
83843
83815
91361
83813
83821
83997
80686
80685
83796
84098
84101
84102
83802
82620
82621
85156
87081
85161
87075
85159
87084
82338
82495
82496
82346
82359
82551
82553
82556
82559
82562
82063
82038
82090
82296
82319
82436
82283
82065
82249
82322
82458
82478
82465
82463
83668
83985
83987
83685
91367
83792
83764
83765
83822
83818
91363
83780
83827
83850
84094
83798
84112
84138
84037
84039
82623
87113
85151
85153
87086
79946
85163
82342
82514
82492
82517
82605
82608
82500
82360
82257
82362
82503
82568
82566
82563
82042
82091
82236
82301
82418
82438
82475
82442
82420
82422
82445
82242
82248
82480
83692
90762
83989
83993
