76
37006 37007 1066
37007 37006 1066
37009 36616 650
36616 37009 650
38155 38149 1357
36978 36981 1220
36981 36978 1220
38163 38170 1476
38170 38163 1476
38222 38305 827
38305 38222 827
38321 38322 333
38322 38321 333
38519 38809 2126
38809 38519 2126
38838 38851 1008
38851 38838 1008
38769 38767 1778
38766 38771 2149
38767 38769 1778
38771 38766 2149
38728 38723 373
38723 38728 373
47577 47580 1935
47580 47577 1935
47580 47837 475
47837 47580 475
47836 47840 2063
47841 47840 871
47841 47846 2666
47849 47843 505
47840 47836 2063
47840 47841 871
47843 47849 505
47846 47841 2666
47367 47381 781
47386 47387 897
47415 47387 921
46562 46563 120
47371 47383 3233
47383 47371 3233
47383 47381 834
47381 47367 781
47381 47383 834
47387 47386 897
47387 47415 921
46563 46562 120
130009 130027 2318
130027 130009 2318
130555 130559 1353
130559 130555 1353
130619 130620 511
130619 130631 2014
130620 130619 511
130631 130619 2014
130691 130692 739
130691 130794 1200
130691 130795 2149
130795 130691 2149
130795 130794 1636
130692 130691 739
130794 130691 1200
130794 130795 1636
108827 108828 2080
108828 108827 2080
110053 110055 2723
110434 110467 737
110467 110434 737
110458 110604 1336
110604 110458 1336
110055 110053 2723
110608 110462 288
110462 110608 288
110768 110802 1454
110802 110768 1454
38149 38155 1357
161
191116
191340
194168
194195
191974
191996
191162
191329
194342
194292
194311
194503
192613
192618
192622
194279
192681
108827
108828
108814
108869
109586
109589
109666
110362
108861
108881
110053
110417
110434
110437
110467
110454
110458
110412
110360
110408
110604
110063
110066
110070
110202
104165
110055
110074
110166
110608
110450
110462
110619
110768
103804
105775
110856
106184
110716
110889
110802
110871
103872
103873
36805
36833
36843
39042
39043
36881
39079
37121
37138
36618
36630
37044
37057
38140
38149
36945
37006
37007
36616
36937
38155
36972
36951
36978
36981
37119
38161
38163
38170
38204
38233
38217
38222
38476
38308
38314
38311
38316
38322
38331
38334
38633
38343
38809
38827
38838
38851
38860
38766
38767
38773
38774
38728
38734
38723
38725
38781
38782
41514
41520
41528
41537
47517
47519
47523
47548
47571
47577
47837
47849
47840
47327
47342
47367
47384
130484
47371
47225
47222
129981
130009
130027
121355
130555
121138
130568
130617
130471
130631
130648
130688
130674
130992
130999
131011
130990
130962
130968
130973
131214
