68
22248 22234 788
22268 22264 2243
22264 22267 2243
22264 22268 2243
22267 22264 2243
22694 22692 826
22872 22875 1066
22875 22872 1066
22875 22896 445
22896 22875 445
22909 22911 924
22911 22909 924
22692 22694 826
22971 22972 950
22972 22971 950
22992 23002 1066
23002 22992 1066
23005 23004 354
23004 23005 354
23015 23018 1120
23018 23015 1120
23212 23211 1022
23212 23225 2083
23225 23212 2083
23203 23179 475
23210 23211 1965
23215 23211 796
23215 23218 2044
23179 23203 475
23211 23210 1965
23211 23212 1022
23211 23215 796
23218 23215 2044
28394 28395 1364
28395 28394 1364
28841 24083 279
24083 28820 788
24083 28841 279
24529 24505 557
24529 24531 612
24505 24529 557
28820 24083 788
24531 24529 612
24554 24560 605
24560 24554 605
25187 25188 836
25188 25187 836
188575 188576 867
189012 189011 606
189011 189012 606
189016 189017 869
189017 189016 869
188576 188575 867
189216 189215 880
189215 189216 880
189265 189261 622
189261 189265 622
225715 225722 1330
225722 225715 1330
8320 8321 1288
8321 8320 1288
16589 16591 358
16591 16589 358
16593 16611 978
16611 16593 978
22151 22146 2000
22234 22248 788
22146 22151 2000
170
7214
7256
7777
7354
7365
7789
7792
7813
34647
7912
7902
7903
225513
225859
225885
225919
225928
225589
225593
225578
225598
225669
225687
225715
225722
226381
226401
225515
225610
231913
225640
225641
226405
7846
7886
7888
8294
8320
8321
8627
8656
8351
8742
15876
16353
16354
16589
16573
16591
16593
16634
16611
16620
16621
16675
16854
16863
16864
21620
11238
22446
22445
22452
11357
22397
22419
11269
11277
22411
22423
22464
22465
22128
22127
22123
22151
22234
22241
22146
22252
22271
22248
22268
22264
22212
22694
22861
22868
22872
22896
22899
22909
22911
22692
22042
22043
22749
22818
22972
22975
22979
22992
23002
23004
23015
23018
23197
23233
23180
23219
28340
23203
23166
23168
23210
23215
23177
23179
23218
28282
28343
28285
28287
28377
28270
28289
28291
28296
28394
28395
28404
28429
28440
28804
28841
28809
28792
28749
24129
24394
24396
24505
24114
24118
28820
24532
24554
24560
24561
24608
24657
25187
25188
11178
25200
24772
25196
188575
189012
189016
189017
189026
189050
188576
189196
189202
189215
189265
189261
190829
