74
27317 27312 1338
26478 26479 1345
26479 26474 1543
26479 26478 1345
53126 53162 1673
53162 53126 1673
54904 54905 906
54905 54904 906
54964 54969 758
54969 54964 758
55573 55572 1513
55572 55573 1513
55676 55681 738
55681 55676 738
141242 141240 1027
141240 141242 1027
141240 141287 1436
141287 141240 1436
141290 141303 1339
195475 195508 685
195508 195475 685
141303 141290 1339
141020 141021 517
141021 141020 517
141026 141027 173
141027 141026 173
141106 141110 751
141110 141106 751
141110 141122 1343
141122 141110 1343
190283 190282 483
190282 190283 483
190323 190326 779
190326 190323 779
190354 190355 749
190355 190353 854
190355 190354 749
189705 189704 755
190353 190355 854
186585 186584 718
186584 186573 775
186584 186585 718
189704 186575 573
189704 189705 755
186573 186584 775
186575 189704 573
17779 17861 708
17861 17424 2203
17861 17779 708
17424 17861 2203
18155 33943 1886
33938 33939 788
33943 18155 1886
33939 33938 788
18241 18254 1769
18245 18249 1102
18254 18241 1769
18249 18245 1102
18401 18317 556
18317 18401 556
18542 18544 2044
18544 18542 2044
18602 18227 1055
18226 18227 333
18227 18226 333
18227 18602 1055
25248 25249 1142
25249 25248 1142
26643 26596 2263
26596 26643 2263
26309 26308 738
26308 26309 738
26474 26479 1543
27312 27317 1338
167
17771
17779
17861
17423
17424
18155
33938
33943
33939
33963
18221
33969
18239
18241
17386
17445
17461
17464
18169
18172
18339
18379
18245
18254
18249
18269
18301
18399
18401
18317
18542
18544
18602
18657
18578
18864
18867
18226
18227
18608
18609
18667
18709
18712
18701
18952
25248
25249
18934
103484
18942
18933
26597
26623
26629
21890
26552
26671
26643
26596
26257
26259
26282
26272
26276
26223
26231
26309
26443
26465
26468
105548
29114
29119
29130
29133
29181
29186
26308
26470
26474
27297
27309
27312
20116
27317
26478
29391
29405
29409
29385
29384
53126
53167
53206
53214
53219
53233
53246
53248
53156
53155
53137
53139
53149
53397
54904
54909
54965
54964
54969
54986
55567
55572
55614
55616
55676
55681
53606
49758
54755
54756
141212
141244
141287
195472
195475
195508
195442
195504
195505
195427
214995
195439
195430
196181
141301
141306
141394
140606
140610
140619
140622
140907
140912
141021
141026
141027
141110
140993
141122
190283
190282
190323
190326
190354
190353
186585
186594
186584
189704
186573
186575
186618
139801
186638
186643
