56
124537 124540 808
124540 124537 808
124551 124552 809
124552 124551 809
124552 124556 891
124556 124552 891
120183 120180 2158
120241 120240 606
120240 120241 606
120240 120244 4046
120180 120183 2158
120244 120240 4046
77730 77728 1354
77728 77730 1354
60468 60569 924
60569 60468 924
60540 60584 3086
60584 60540 3086
66887 66889 688
66889 66887 688
70723 70724 753
70728 70730 665
70722 70860 753
70724 70723 753
70860 70722 753
67322 67324 452
67324 67322 452
70697 70700 1336
70700 70697 1336
70730 70728 665
64647 64655 2021
64655 64647 2021
64707 64700 422
64719 64734 1014
64734 64719 1014
64721 64720 1229
64721 64722 1595
64722 64721 1595
63495 63500 1086
63504 63500 507
64700 64707 422
64720 64721 1229
63500 63495 1086
63500 63504 507
74871 74851 1709
74851 74871 1709
101340 101364 3964
101364 101340 3964
122238 122240 1029
122240 122238 1029
124413 124414 558
124414 124413 558
124408 124423 1759
124423 124408 1759
124423 124424 1258
124424 124423 1258
163
92220
101047
101417
121800
101340
101350
101364
92132
92143
101278
101517
101523
118003
117630
117675
117795
117635
117639
117799
117859
117860
117888
121965
121746
121732
121783
122015
122224
122238
122240
122263
121997
121998
121980
121986
121813
121832
121794
121799
121888
121842
121841
121863
118264
124115
124230
124238
118011
118041
118060
118343
117876
118182
118251
118130
124280
124284
124287
124398
124403
124413
124414
124444
123541
123544
124448
124408
124423
124424
124431
124439
124477
124537
124540
124551
124552
124682
124556
124699
124706
120183
120192
120241
120169
120180
124574
124685
124562
124566
120215
120244
120248
120250
67044
67045
67065
66981
66956
77728
60468
60569
77043
66998
60539
60567
60540
60584
60603
66886
66887
66889
66899
70718
70726
70722
66921
67322
67324
67327
70714
70697
77087
70693
70700
70741
64459
64470
64510
64549
64503
64632
64644
64656
64623
64655
64652
64676
64730
64742
64707
64719
64734
64737
64722
63499
64698
63495
64700
64228
64240
64185
70831
73147
73150
74792
74794
74871
74894
74908
74910
74905
57731
74851
