40
7401 7399 1124
7399 7401 1124
14399 14398 2441
14398 14399 2441
14434 14437 1872
14434 14438 1302
14438 14434 1302
14437 14434 1872
14450 14451 2281
14451 14450 2281
14584 14586 1096
14586 14584 1096
14586 14589 1221
14589 14586 1221
15528 15273 1425
15545 15561 1188
15273 15528 1425
15548 15561 2278
15561 15545 1188
15561 15548 2278
19394 19231 1873
19231 19394 1873
19308 19327 3637
19311 20360 2280
20360 19311 2280
19327 19308 3637
25726 25727 2016
25727 25726 2016
25706 25720 975
25778 25779 655
25779 25778 655
25720 25706 975
190921 190926 1193
190926 190921 1193
114800 114801 2428
114801 114800 2428
193599 193596 441
193596 193599 441
31653 31656 1389
31656 31653 1389
155
193323
193293
190921
190926
105841
105957
105895
105938
115937
115947
115949
103419
114800
114801
105614
105613
105660
105943
105630
105647
105652
105643
105653
192313
192370
192446
192375
192464
193263
193863
193509
193491
192345
192395
193490
193599
193596
193932
193681
193572
193654
13322
29647
35446
30645
30648
30607
30652
34765
34925
30649
30708
30939
11190
34022
9868
30943
30087
30091
30967
29780
24700
24434
29728
30096
31224
31341
31393
29822
31332
31309
31467
31463
31480
31559
31649
31653
31656
31668
32245
32247
31694
32277
32295
32302
32323
34043
7401
7399
7418
14415
14393
14399
14398
14400
14432
14437
14450
14451
14580
14584
14586
14589
14634
14991
15000
15028
15027
15030
15073
15083
15084
15220
15242
15525
15273
15548
19049
19071
19077
19082
17712
19396
19399
19231
18063
19245
19265
19252
19328
19338
19307
19308
19311
20360
19327
19342
20379
20382
20368
20385
20400
20408
20672
20679
20841
25726
25711
25706
25776
25778
25769
25720
25718
25722
