54
12477 12480 850
12484 12469 1766
12480 12477 850
12469 12484 1766
12459 12507 536
12502 12505 1013
12507 12459 536
11796 11795 672
11795 11796 672
11890 11891 840
11891 11890 840
11898 11899 452
11899 11898 452
12043 12047 708
12047 12043 708
12133 12087 847
12087 12133 847
12216 12227 1455
12227 12216 1455
23535 23655 809
23655 23535 809
23694 23691 2280
23691 23694 2280
23702 23705 1533
23703 23709 1724
23705 23702 1533
24196 24197 373
24197 24196 373
23709 23703 1724
24843 24845 750
24845 24843 750
24864 24865 562
24865 24864 562
188025 188031 1640
188031 188025 1640
8132 8137 1182
8137 8132 1182
8165 8156 723
8156 8165 723
9705 9741 1127
9741 9705 1127
9730 9806 487
9806 9730 487
16811 16813 721
16813 16811 721
9882 9884 1620
9884 9882 1620
12419 12421 1494
12421 12419 1494
12605 12607 1114
12607 12605 1114
12417 12432 2468
12432 12417 2468
12505 12502 1013
166
226325
229543
229544
226340
229559
229564
229561
228890
34254
6688
7984
8088
8104
8100
34944
8132
8137
8845
8850
16068
8165
8156
8144
8152
8365
8405
8410
8424
8429
8440
8441
8474
8477
8481
9154
9218
9581
9599
16469
9594
16884
16886
9643
9713
9705
35249
9752
9741
9743
9730
9806
16811
16929
16813
16820
9727
9800
9777
9838
9845
9854
9882
9884
9898
34754
11397
11404
11405
12318
10518
12334
12342
12343
12397
12419
12403
12421
12567
12605
12621
12624
12602
12607
12613
12426
12430
12417
12432
12505
12475
12477
11545
11549
11551
12468
11801
12469
11781
12459
12502
12507
11797
11795
11753
11792
11807
11762
11823
11878
11890
11891
11898
11894
11946
11947
12030
12043
12047
12051
12061
12078
12133
12087
12142
12216
12220
12223
12225
12187
12017
12194
12202
12192
23523
23534
23535
23543
23602
12290
34163
23682
23683
23694
23714
23690
23702
23703
24837
24196
24193
24197
24840
24843
24845
24865
24871
24999
25155
25157
25110
25129
25139
25160
188030
186658
187590
