42
159880 159879 561
159879 159880 561
58370 58372 818
58372 58370 818
116787 116788 474
116788 116787 474
58702 58703 768
58703 58702 768
58794 58796 1010
58796 58794 1010
58823 58842 885
58842 58823 885
59263 59265 2651
59265 59263 2651
59254 59253 398
59253 59254 398
59448 59463 1675
59463 59448 1675
59528 59516 1013
59516 59528 1013
58470 58489 2404
58489 58470 2404
66116 79043 441
79043 66116 441
66358 66364 790
66364 66358 790
65754 65759 1969
65759 65754 1969
73942 73947 3465
75766 75764 337
75764 75766 337
73947 73942 3465
73947 73949 3405
73949 73947 3405
75785 75784 1508
77341 75901 1914
75784 75785 1508
75901 77341 1914
75886 75889 2025
75889 75886 2025
76345 73141 676
73141 76345 676
160
80706
90100
90112
80687
80735
80736
80800
81421
81436
80778
80779
87161
90127
89963
90089
89514
89519
89542
90081
83134
83136
86014
85871
89589
89969
90004
66116
73524
79043
79063
66248
66249
66358
66364
77193
65753
65754
65759
66408
66412
65775
77196
76590
66416
66443
66459
66529
66530
66542
66544
66549
73936
57161
73942
75766
75764
75794
75802
75803
73947
73949
73986
73988
77606
56943
75791
75785
75899
72056
75826
75830
75881
77341
75784
75901
75839
75859
75869
75886
75889
75931
75933
75947
75955
75961
76345
78784
73141
73142
170174
170162
159879
159886
159888
100626
116741
116769
58370
58372
58386
58421
116752
116787
116788
58703
58674
58688
58689
58790
58794
58796
58823
58819
58842
58843
76521
59263
59265
120103
59424
59429
59253
59255
59267
59284
59307
59325
59326
59443
59448
59463
59516
59529
59537
59543
59548
77684
58964
59369
59399
59549
77580
58215
58466
58508
56983
58489
58501
77507
58587
58566
58983
58986
59026
59034
59052
60616
60618
60620
60621
