100
207965 207960 1023
207965 207966 686
207598 207565 285
207565 207598 285
207552 207556 1011
207556 207467 1133
207556 207552 1011
207959 207960 1168
207467 207556 1133
207563 207555 608
207555 207563 608
207522 207580 779
207580 207522 779
207966 207965 686
207966 207967 197
207967 207966 197
207996 208043 884
208043 207996 884
208369 208370 346
208369 208375 499
208375 208369 499
208370 208369 346
210585 210584 709
210585 210594 751
210594 210585 751
210594 210597 815
210584 210585 709
210683 210682 555
208445 210685 624
210682 210683 555
210685 208445 624
210597 210594 815
210597 210599 817
210599 210597 817
210657 210662 434
210658 210662 257
210662 210657 434
210662 210658 257
178671 178672 4878
178672 178671 4878
185070 185067 610
185067 185070 610
166360 166361 758
166361 166360 758
166363 166364 683
166340 166339 1184
166364 166363 683
166339 166340 1184
166848 185061 1032
185061 166848 1032
141809 141812 929
141812 141809 929
142240 142241 649
142241 142240 649
56270 56274 1436
56274 56270 1436
196632 196633 1637
196633 196632 1637
196892 196899 437
196899 196892 437
204323 204330 434
207618 207619 663
207619 207618 663
207623 207628 846
207628 207623 846
207628 207656 841
207656 207628 841
207656 207657 681
207657 207656 681
207657 207660 846
207500 207508 867
207508 207500 867
207662 207660 846
207660 207657 846
207660 207662 846
145433 145460 779
145460 145433 779
145460 145461 797
145461 145460 797
151371 151364 780
151371 151372 772
151372 151371 772
151372 151416 481
151416 151372 481
151364 151371 780
203998 203996 750
204100 204101 762
204101 204100 762
204112 204114 990
204114 204112 990
204118 204322 710
204322 204118 710
204330 204323 434
203612 203613 573
203613 203612 573
203723 203727 2213
203727 203723 2213
203996 203998 750
207960 207959 1168
207960 207965 1023
174
141791
141809
141812
142240
142241
56078
56059
55936
55971
55986
55983
55905
56094
56199
56095
56202
56270
56274
56282
56283
56291
196665
196632
196633
196892
196899
196902
204323
204344
204350
204388
204745
204752
207618
207619
207623
207628
207656
207657
207500
207508
207510
207670
207737
207740
207662
207660
196858
196870
196859
196864
196868
196894
196882
196819
196822
145346
145431
145433
145460
145461
145985
146001
151410
151371
151372
151416
146005
151365
151364
151373
151339
151341
139761
139759
203583
203998
204004
204100
204101
204112
204114
204113
204118
204322
204330
203581
203605
203612
203613
203609
203590
203689
203723
203727
203752
203755
203761
203980
204011
203996
207960
207598
207597
207565
207550
207552
207556
207959
207467
207536
207566
207555
207503
207516
207522
207580
207590
207604
207967
207986
207988
207996
208043
208134
208150
208156
208365
208375
208370
208371
208391
208338
208421
210585
210584
210683
208345
208440
208445
210685
210686
210599
178672
178687
178734
178740
177534
180273
163674
163707
163708
163717
184950
185073
185070
185067
185129
185134
163692
166356
166595
166340
166339
166346
160138
166853
166889
166839
166848
185061
163688
180766
180795
