98
195470 195349 856
195349 195348 1218
195349 195470 856
195518 195519 694
195519 195518 694
195532 195533 603
195533 195532 603
195533 195539 1021
195539 195533 1021
196190 195450 1187
196192 196206 1367
195450 196190 1187
196206 196192 1367
141330 141331 2246
141331 141330 2246
141031 141034 826
141039 141115 719
141115 141039 719
141115 141114 1913
141114 141115 1913
141114 141126 1379
141126 141114 1379
189889 189891 183
189889 189896 389
189896 189889 389
189896 189928 1808
189900 189899 464
189928 189896 1808
190294 190328 704
190328 190294 704
190328 190329 873
190329 190328 873
190334 190339 385
190339 190334 385
190339 190341 1164
190341 190339 1164
190343 190369 608
190369 190343 608
190369 190372 826
186602 186612 675
186610 186612 739
189699 189698 394
189699 189700 810
189698 189699 394
189700 189699 810
190372 190369 826
190407 187962 279
190407 190408 538
190407 190688 916
190408 190407 538
187962 190407 279
190462 190463 582
190463 190462 582
190688 190407 916
186612 186602 675
186612 186610 739
141034 141031 826
141038 141077 1074
141077 141038 1074
141083 141082 339
141083 141089 694
141089 141083 694
141699 141700 998
141697 141700 1520
141070 141069 2125
141070 141728 1887
141700 141697 1520
141700 141699 998
141706 141727 1030
141727 141706 1030
141727 141728 1088
141728 141070 1887
141728 141727 1088
141069 141070 2125
141082 141083 339
55705 55849 1352
55846 55849 672
55849 55705 1352
55849 55846 672
56148 56150 849
56150 56148 849
189874 189828 862
189884 189891 848
189891 189884 848
189891 189889 183
189828 189874 862
189899 189900 464
29159 29160 806
29160 29159 806
29107 52939 917
52939 29107 917
53084 53086 878
53086 53084 878
55014 55017 1782
55017 55014 1782
141312 141326 704
141326 141312 704
195348 195349 1218
155
29189
26451
29201
105538
105541
103687
29007
29012
29013
29136
29159
29160
26313
27293
29203
27284
27304
27300
27320
27328
27386
27342
27345
29374
27403
29407
29106
29107
29372
52939
53130
53109
53112
53111
53192
53197
53037
53053
53065
53061
53063
53328
53254
53256
53071
53084
53086
53098
53068
53093
53607
54878
54882
54893
54932
54936
55014
55017
55592
55593
55596
55621
53564
49744
49743
49752
49761
53681
53726
54763
141312
141326
195348
195465
144259
195469
195470
195349
195519
195532
195539
196290
196192
195453
195454
196198
196202
196200
196206
141334
141330
141331
141395
141399
141031
141039
141130
141126
189896
189928
190294
189931
190334
190341
190343
186602
186604
189698
189700
190372
139807
140025
140069
140071
190411
190413
190407
139916
139928
139929
190420
190427
190463
190465
190256
189693
141034
141077
141079
141143
141089
141094
141095
141161
141697
141070
141702
141705
141706
141728
141069
55630
55690
55705
55849
56148
56150
56166
56170
56612
56786
56792
189874
189828
196660
