40
159693 159699 475
159699 159693 475
159719 159698 1612
159698 159719 1612
158744 158745 1357
158745 158744 1357
172759 172859 3836
172859 172759 3836
213414 213405 1462
213405 213414 1462
171354 171350 1023
171350 171354 1023
171350 171361 1201
171361 171350 1201
95744 97712 1014
97712 95744 1014
101696 102749 2278
101696 102749 2278
98892 98894 3299
93547 93549 2612
93549 93547 2612
98905 98900 1416
98894 98892 3299
98900 98901 917
98900 98905 1416
98901 98900 917
102749 101696 2278
102749 101696 2278
147164 147148 873
147148 147164 873
148047 148051 505
148051 148047 505
148135 149373 424
149373 148135 424
212962 212963 786
212963 212962 786
159220 159225 1014
159225 159220 1014
159385 159384 759
159384 159385 759
155
149778
149777
150429
150460
150895
147164
147169
147170
147089
147130
147131
147148
147136
150913
150900
147245
147252
147173
147324
147326
147341
147344
147346
147348
147354
147351
142909
142463
148047
148051
148054
148060
148073
148135
149373
212858
212896
212935
212939
212962
212963
214655
198682
171406
171340
171518
171570
171421
171563
171560
171523
162372
159130
159157
159156
152153
159175
159204
159138
159136
159220
159225
159389
159385
159384
159426
159376
159429
159436
159399
159443
159594
159693
159719
159698
159774
158744
172759
172859
161105
213046
213051
213414
213407
213427
213431
170911
171354
170935
171358
171357
170841
170915
170835
170831
170833
170939
95728
95742
97647
97682
97656
97670
95745
97712
97714
95254
95271
95274
95349
95376
95350
95351
102531
95415
95421
97906
95659
95665
95426
95660
101716
101714
50274
49933
49934
41938
41983
49832
49829
49881
49889
97675
97676
102051
98892
94340
94613
94618
94657
98939
98946
93569
93571
102038
92786
92549
95732
98925
98926
98891
98951
98961
98616
98631
