44
160404 160452 1630
160452 160404 1630
160450 160449 688
160449 160450 688
160449 160591 939
160449 160594 2341
160591 160449 939
160594 160449 2341
160657 160840 2756
160840 160657 2756
158339 158338 562
158338 158339 562
158359 158400 2766
158400 158359 2766
160760 160708 3432
160708 160760 3432
160830 160831 1293
160831 160830 1293
177634 177633 505
177665 185922 1068
185922 177665 1068
177633 177634 505
166062 165967 796
165967 166062 796
167740 167741 710
167740 168252 452
168252 167740 452
167714 167720 1686
167741 167740 710
167741 168215 1248
167720 167714 1686
168215 167741 1248
167866 167780 1747
167955 167903 767
167903 167955 767
167780 167866 1747
157123 157085 1357
157085 157123 1357
154706 154707 1210
154707 154706 1210
154707 154713 905
154713 154707 905
157182 157190 889
157190 157182 889
157
155944
156126
156185
156199
156196
154579
153893
154619
154654
157123
157138
157140
157125
157129
157085
154641
154604
154647
154706
154738
154742
154707
154713
153968
154687
154936
154942
157067
157182
157190
157201
157615
157053
155947
156143
157084
157122
157317
156151
157316
172956
172958
172943
177726
177728
178042
177867
177870
179928
177888
178093
178338
178393
173333
173365
173357
173376
177811
177851
185301
177801
177971
177732
177996
177949
173362
173367
173351
173349
173312
173405
173484
173423
173427
177678
177648
177676
160176
177649
160299
160303
160319
160305
160406
160514
160450
160594
160515
160531
160538
160524
160563
160564
160631
160640
160647
156741
156761
156772
156792
157436
156780
157443
158109
158148
158167
158322
158339
158338
158381
158364
158375
158372
158403
158400
160674
158410
158435
158461
158460
160708
160702
160786
160964
160805
161003
160682
160695
160727
160843
160788
160830
160831
160882
176620
176622
177522
177665
165939
165958
165957
165965
166062
168185
167714
167711
172524
167916
167915
167955
167959
168003
168184
168170
167903
167778
167780
