70
23471 12282 713
23471 23475 1160
23474 23475 788
12282 23471 713
23475 23471 1160
23475 23474 788
24161 24160 806
24040 24133 1140
24048 24136 536
24133 24040 1140
24136 24048 536
24160 24161 806
24381 24369 476
24381 24384 872
24385 24384 950
24369 24381 476
24550 24540 872
24540 24550 872
24384 24381 872
24384 24385 950
11478 11483 593
11483 11478 593
188208 188217 827
188208 188218 3144
188220 188218 787
188217 188208 827
188134 188135 248
188135 188134 248
188135 188152 630
188152 188135 630
187619 187620 1820
187620 187619 1820
187620 190143 261
190143 187620 261
190143 190144 1355
188393 188366 761
188366 188365 787
188366 188393 761
188365 188366 787
188375 188364 765
188369 188523 868
188364 188375 765
188521 188522 760
188523 188369 868
188522 188521 760
190144 190143 1355
188218 188208 3144
188218 188220 787
16773 16778 696
16778 16773 696
11298 11292 1447
11292 11298 1447
11569 11580 562
11580 11569 562
11581 11583 1004
11583 11581 1004
11604 11606 1124
11606 11604 1124
22595 22599 1260
22599 22595 1260
22540 22563 840
22563 22540 840
22615 22617 2153
22617 22615 2153
22934 22935 847
22935 22934 847
23285 23284 1457
23284 23285 1457
23321 23319 708
23319 23321 708
159
16361
16408
16411
16425
16441
16445
16456
16646
16653
16681
16764
16688
16691
16773
16777
16778
9778
9783
11228
11233
9034
11297
11298
11292
11467
11468
22458
22462
11569
22543
11580
11581
11442
11454
11461
11583
11589
11603
22528
11604
11606
11609
11613
22569
22536
22582
22595
22599
22540
22563
22537
22601
22604
22615
22617
22639
14324
22934
22967
22935
22951
23034
23051
23268
23285
23284
11966
23304
23321
23316
23287
23059
23061
23319
23058
23063
23087
23361
23370
23390
23434
23437
23471
12282
23478
12277
35310
7484
7439
7647
28468
28363
28365
28366
28447
28450
24161
24238
24236
24109
24246
23551
24038
24040
24048
24066
24136
24057
24067
24059
24070
24074
24092
23495
24284
24298
24537
24369
24550
24591
24384
24974
25042
25215
11478
11483
24199
25227
188209
188129
188134
188152
188155
188130
188165
188210
187619
187627
187620
188393
188366
188365
188442
188441
188415
188419
188408
188416
188501
188404
187286
188369
188371
188521
188523
188522
190144
186837
188346
