68
104826 104819 1669
104946 104945 736
104946 104955 1695
104945 104946 736
104955 104946 1695
105047 104420 120
104420 105047 120
105039 105042 1141
105042 105039 1141
39638 39644 610
39644 39638 610
39640 39643 697
39468 39469 511
39643 39640 697
39469 39468 511
39680 39684 2299
39684 39680 2299
41135 41141 2605
41141 41135 2605
40861 40639 2412
40884 40887 572
40887 40884 572
40980 40979 828
40980 40983 1140
40983 40980 1140
40997 40987 2030
40639 40861 2412
40987 40997 2030
40939 40950 1268
40979 40980 828
40950 40939 1268
40943 41656 2358
41656 40942 758
41656 40943 2358
41656 41658 1225
41658 41656 1225
55215 55219 807
55219 55215 807
40942 41656 758
48411 48419 796
48416 48412 752
48419 48411 796
48672 48673 561
48412 48416 752
48673 48672 561
48673 48685 390
48685 48673 390
48750 48751 1490
48751 48750 1490
111234 111544 1264
111544 111234 1264
111553 105274 1084
105274 105275 877
105274 111553 1084
105275 105274 877
111674 112578 344
112578 111674 344
112893 112889 222
113334 112889 610
103322 112769 1167
112769 103322 1167
112889 112893 222
112889 113334 610
104333 104336 747
104336 104333 747
104439 104441 672
104441 104439 672
104819 104826 1669
159
111464
103359
111225
111234
111544
111553
105274
111549
105275
111584
111586
112065
112070
111721
111692
111729
112144
112157
111755
111735
111674
112578
112586
111736
112604
111771
112170
112161
112187
112606
112695
112705
112721
112771
112893
113334
113339
113341
104305
104316
104329
112782
112786
103329
103322
112769
112715
112716
112712
112766
112796
112798
112779
112889
112812
113845
104507
104333
104336
104437
104439
104441
104431
104565
39230
39598
39600
39573
39536
39538
39594
39777
104758
39214
104746
104753
104819
104839
104871
113615
104826
104928
104942
104916
104945
104952
105048
105014
113924
104461
105019
105039
105042
39561
39577
39638
39644
39468
39469
39472
39389
39441
39454
39485
39680
39684
39694
39695
39746
39753
40486
40490
40513
40534
40542
40532
40533
41132
40555
40553
40633
40861
40863
40867
40882
40884
40887
40898
40956
40961
40980
40623
40987
40939
40947
40979
40950
40943
55205
55219
55386
55392
55396
55416
55442
48387
40942
41654
48411
48419
48426
48541
48657
48672
48396
50387
48673
48685
48695
