72
12056 12040 788
12217 12182 588
12182 12217 588
12205 12206 1188
12206 12205 1188
23531 23540 580
23540 23531 580
23608 23607 1357
23607 23608 1357
23640 23642 373
23642 23640 373
24336 24340 737
24340 24336 737
24944 24948 939
24948 24944 939
24952 24998 737
24998 24952 737
25135 25134 748
25134 25135 748
188070 188083 311
187602 187603 1290
187603 187602 1290
187603 190477 245
190477 187603 245
188279 188280 1396
188083 188070 311
188280 188279 1396
135136 135138 983
135175 135138 751
135138 135136 983
135138 135175 751
135043 135047 476
135062 135372 676
135372 135062 676
135047 135043 476
135047 135048 751
135048 135047 751
135387 135447 629
135447 135387 629
135450 135451 1028
135451 135450 1028
135463 135466 332
135466 135463 332
135468 135469 827
135469 135468 827
135469 135857 1258
135858 136229 476
135857 135469 1258
136229 135858 476
11403 12320 671
12322 12325 681
12320 11403 671
12325 12322 681
12453 12455 672
11487 11488 1929
11488 11487 1929
11775 11776 889
12460 12461 839
12461 12460 839
11776 11775 889
12455 12453 672
11786 11787 778
11726 11752 2118
11752 11726 2118
11787 11786 778
11884 11679 809
11679 11884 809
11673 11675 688
11675 11673 688
11939 11941 1139
11941 11939 1139
12040 12056 788
172
34653
8518
9165
8469
9207
9522
9578
16464
9592
16462
16468
16471
16476
16531
16889
16896
9649
9717
16793
16807
16809
16560
16913
16752
16798
16816
16933
9725
9773
9851
9863
9860
9879
9886
9887
11389
35001
11399
11403
12322
12324
12320
12325
12336
12338
12399
34229
12368
12406
12414
12465
12453
11487
11488
11503
11541
11775
12460
12461
11776
11783
12455
12500
11786
11789
11726
11727
11752
11787
11749
11756
11647
11884
11678
11679
11673
11675
11937
11939
11941
11948
12032
12038
12040
12060
12056
12070
9830
12137
12180
12217
12184
12189
12174
12186
12211
12006
12007
12200
12020
12205
12206
23520
23531
23533
23603
23686
23693
23608
23630
23632
23607
23648
24231
24204
24205
23645
24187
34800
24336
24340
24933
24944
24948
24952
24998
25003
25022
25023
25135
25134
188073
188070
188027
187587
187639
187602
187603
190477
190480
188279
190782
135143
135149
135150
188081
188083
188096
135128
135136
135175
135183
135187
135138
135062
135372
135047
135048
135369
135387
135385
135447
135450
135451
135466
136274
136295
136281
135469
135858
135857
136234
