60
31102 31100 3142
31454 31474 1744
31474 31454 1744
31630 31641 1420
31641 31630 1420
31914 31915 1493
31915 31914 1493
31915 31929 782
31929 31915 782
33255 33258 5118
33258 33255 5118
33389 33391 1624
33391 14536 2244
33391 33389 1624
14536 33391 2244
14614 14615 282
14615 14614 282
15102 15103 787
15103 15102 787
15279 15278 420
15278 15279 420
18130 18132 1667
18131 18132 1032
18132 18130 1667
18132 18131 1032
13069 13070 333
13070 13069 333
20489 20431 2203
20431 20489 2203
20494 20513 604
20457 20458 1073
20457 20459 818
20458 20457 1073
20459 20457 818
20513 20494 604
20815 20823 975
25558 25565 649
25577 25567 610
25565 25558 649
25567 25577 610
25655 25623 418
25623 25655 418
25579 25583 1623
25585 25583 750
25585 25588 612
25590 25588 1437
20823 20815 975
25583 25579 1623
25583 25585 750
25588 25585 612
25588 25590 1437
105966 105964 1394
105964 105966 1394
29608 29766 654
29766 29608 654
31416 31417 1230
31417 31416 1230
31289 31282 1045
31282 31289 1045
31100 31102 3142
148
113569
105966
106011
106026
106046
105918
105932
106018
106021
106113
106151
105964
105979
106070
105883
115868
109704
114792
105591
105702
105976
192483
192255
192336
192415
193309
193314
193347
193583
193868
29613
30271
30274
30509
30502
30521
30682
30693
30696
30675
30677
30561
30629
30745
31054
31037
29594
29608
29609
29662
31044
29882
29766
29873
30998
24001
30989
30959
31004
31385
31416
31418
31417
31421
31289
31282
31249
31257
31283
22352
31100
31015
31018
31102
31450
31454
31474
31172
31522
31622
31630
31634
31626
31871
31875
31676
31914
31910
31929
31934
33258
33280
33282
33389
33391
33398
33401
14590
14598
14615
14617
14714
14718
14731
15043
15052
15102
15107
15111
11778
15234
15279
17680
17676
19040
34519
17656
17659
17592
17594
17611
19232
18046
18052
18135
18131
19298
20476
13070
20489
20431
20495
20469
20472
20454
20513
20526
20815
20804
25558
25565
25563
25623
25575
25585
20823
25583
25588
