60
72921 72920 711
72920 72921 711
72933 72999 1540
72999 72933 1540
72999 73003 1185
73003 72999 1185
73003 73008 1067
73008 73003 1067
73008 73118 908
73118 73008 908
71768 71778 4299
71778 71768 4299
72269 72275 463
72275 72269 463
72738 72750 558
72750 72738 558
72756 72844 1480
72844 72756 1480
221101 221091 1039
221101 221100 567
221106 221107 416
221107 221106 416
221107 221123 951
221123 221107 951
221080 221082 769
221082 221080 769
221100 221101 567
221091 221101 1039
220132 220131 634
220131 220132 634
220131 220140 842
220139 220140 361
220140 220131 842
220140 220139 361
220143 220161 2894
220161 220143 2894
220221 220218 836
220218 220221 836
224799 224732 742
224732 224799 742
123186 123243 1121
123243 123186 1121
124062 124065 1169
124062 124067 1116
124065 124062 1169
124067 124062 1116
123936 123934 1534
123934 123936 1534
124955 124956 808
124956 124955 808
124970 124973 1748
124973 124970 1748
125066 125073 1206
125066 125080 1010
125080 125066 1010
125073 125066 1206
67607 67967 1023
67967 67607 1023
68543 68547 684
68547 68543 684
161
122337
122508
122338
122369
122391
122459
122843
123186
123169
123174
123243
118319
123326
123307
124076
124079
125663
125693
124062
124065
124040
124042
124067
123936
124048
123934
123921
124030
124933
124844
124845
124847
124867
124955
124956
124968
124970
124973
128447
128460
128483
128485
125066
125080
125073
128511
120413
67599
67609
120373
120372
120390
120394
120399
120375
67607
67967
67986
77090
68036
67895
67898
67890
67901
67845
67993
67999
67921
67445
67228
67444
67229
67877
67882
67939
67955
68543
68547
68767
68790
68791
68823
68840
68841
72864
72914
72921
72920
72933
72999
78486
78860
73008
73118
73122
71159
71133
71134
71198
71166
77886
67570
68240
71141
71501
71775
71768
71778
77882
71203
71208
71217
71215
71218
71222
71237
71240
77307
69019
71328
68199
68203
67578
72277
72293
74268
74270
74271
72177
74231
74285
72269
72270
72275
72676
72682
72738
72750
72844
72847
221106
221123
224312
221082
221085
220043
220048
220132
220135
220131
220140
220143
220161
220177
220209
220221
220218
220492
224799
224726
224732
