82
140141 140224 678
140231 141535 746
140231 141536 1240
141535 140231 746
141536 140231 1240
151898 148198 1714
141503 141502 2142
141503 141506 784
148198 151898 1714
141502 141503 2142
141502 141504 857
141502 147003 277
147003 141502 277
147003 151880 285
151865 151864 1161
151880 147003 285
189842 189841 568
189841 189842 568
189961 189963 665
189961 189972 654
139851 139870 801
139851 140002 750
139870 139851 801
140002 139851 750
140002 140011 975
140011 140002 975
140224 140141 678
189972 189961 654
189963 189961 665
142369 142370 442
142369 142394 1631
142394 142369 1631
142402 142410 1367
142185 142231 2741
142231 142185 2741
142231 142232 798
142370 142369 442
141504 141502 857
141504 141506 2112
141506 141503 784
141506 141504 2112
141506 141523 151
151864 151865 1161
141523 141506 151
141532 141533 1762
142297 142233 833
141533 141532 1762
141792 141794 855
141794 141792 855
142232 142231 798
142232 142233 768
142233 142232 768
142233 142297 833
56204 56201 713
56204 56218 1352
56217 56218 445
56201 56204 713
56218 56204 1352
56218 56217 445
56225 56273 1449
56273 56225 1449
41261 41262 796
41262 41261 796
41266 41268 2481
41268 41266 2481
55093 55096 2985
55096 55093 2985
55108 55262 837
55262 55108 837
55275 55282 905
55282 55275 905
49498 49408 279
49408 49498 279
144376 144396 924
144396 144376 924
144374 144373 65
142459 142457 739
144373 144374 65
142457 142459 739
142410 142402 1367
144574 144578 439
144578 144574 439
154
41261
41271
41262
41266
41268
41282
41289
41219
41239
41242
41250
41257
53271
53272
53424
55043
55044
55046
55093
55096
55108
55262
55276
55275
55282
55335
55362
55341
55342
55360
53412
53417
53418
53437
49233
49375
49420
49415
49418
49498
49408
49361
49362
49383
49445
50363
49474
49247
49252
49482
49488
49491
49569
45973
46289
49495
49678
49680
53804
55036
144376
144396
144374
142459
144373
142458
142457
142410
142423
142429
144402
144442
144441
144574
144578
144579
144590
144630
196687
196692
196702
196359
195567
196360
196410
196425
195112
196368
196409
196424
140141
140229
141482
141535
141536
141481
148198
151824
151882
151884
141490
141494
189841
189966
150582
151601
139863
139870
140147
140172
140215
140225
140168
189972
189985
190558
142394
142231
142238
142372
142378
142370
149903
147002
151833
141523
151827
142252
142294
142297
141822
141825
141836
141533
141673
141778
141786
141792
141794
142232
142233
56066
56065
55970
55987
55980
55982
56087
56195
56201
56225
56273
56281
56286
