46
41890 41905 2947
41905 41890 2947
122987 122975 1283
122975 122987 1283
122881 122754 2587
122912 122920 355
122920 122912 355
122754 122881 2587
122798 122945 222
122945 122798 222
122336 122334 1560
122322 122323 3718
122334 122336 1560
122323 122322 3718
122376 122390 2522
122390 122376 2522
122401 122400 1876
123185 123178 850
122400 122401 1876
123178 123185 850
125659 125658 1285
124061 124064 1346
124064 124061 1346
124036 124043 1423
124043 124036 1423
124043 124066 1161
124066 124043 1161
124849 124863 1010
124863 124849 1010
124866 124871 739
124871 124866 739
124871 124872 941
124872 124871 941
171130 171137 1124
171137 171130 1124
96062 96064 2814
96064 96062 2814
100177 100176 885
100176 100177 885
99281 99544 3162
99544 99281 3162
42689 42688 1014
42688 42689 1014
42299 42300 1344
42300 42299 1344
125658 125659 1285
171
171204
171128
171130
171137
171151
171146
95303
95951
96091
96137
96138
96132
96050
96242
96062
96064
96486
96058
96377
92418
96391
99050
99059
102955
98977
102964
102589
100203
100177
100176
100318
100245
100316
100326
100334
102715
103014
99404
99281
99541
99544
100091
99054
99062
99083
99190
99189
99272
99289
99461
99464
42689
41730
42225
42718
42688
42715
42299
42300
42724
42729
42734
42740
42782
42780
42798
42886
42897
42913
42801
42988
42982
41773
41788
41793
41776
41803
41813
44871
44866
44870
41902
44891
44893
123796
123793
123966
124012
125658
41838
41837
122610
122824
122828
122836
122840
122861
122898
122926
41840
41844
41873
41890
41905
122970
122973
122975
123294
122881
122912
122920
122754
122749
122755
122945
122796
122801
122957
123498
123823
123448
123473
123303
123328
123817
123814
123818
123812
123845
123673
123756
123769
122505
122322
122334
122323
122367
122376
122390
122432
122401
122456
122400
123172
123178
123245
117993
123334
123263
124074
125695
124061
124064
124032
124039
124036
123928
123933
124931
123929
123914
123923
124839
124841
124846
124849
124863
124871
124872
124961
124967
