44
121676 121688 1504
121688 121676 1504
124255 124143 697
116858 118234 613
124143 124255 697
124152 124176 344
124176 124152 344
124176 124184 2354
124184 124176 2354
118234 116858 613
116860 116859 1759
116859 116860 1759
116879 116922 1030
116922 116879 1030
116936 116963 238
116963 116936 238
117933 118181 891
118181 117933 891
124329 124330 1147
124330 124329 1147
124197 124213 789
124213 124197 789
124341 124342 1535
124342 124341 1535
124371 124372 404
124372 124371 404
119985 119973 1426
119973 119985 1426
120005 120006 2135
120005 120006 2135
120006 120005 2135
120006 120005 2135
120069 120070 893
120070 120069 893
96733 96801 939
96801 96733 939
96881 96883 2475
96883 96881 2475
97097 97100 836
97100 97097 836
100898 100899 1630
100899 100898 1630
101116 101193 933
101193 101116 933
165
96686
96689
96715
96723
96730
96733
96801
96804
96862
96881
96883
97097
96896
96912
97100
97125
97155
97164
97272
97266
97298
97297
97326
99652
99656
99675
99739
99719
99720
99757
94632
99865
96913
96493
99899
99916
99941
99944
99948
100044
99759
99889
101185
101428
101435
101187
101197
101203
100860
102462
100889
100898
100899
101011
101126
101138
101152
101156
101160
101116
101193
100783
100797
100871
100844
100825
100828
100848
116338
117742
117745
117762
117758
116381
116388
116389
116774
116384
116375
117624
116367
117616
116372
117599
117583
116425
116416
117196
117532
117261
117719
116436
117606
117832
117839
117912
121676
121688
121680
124255
116829
116835
118222
116840
116858
117990
118183
118187
124143
124152
124176
124184
124192
124199
116859
116879
116922
116925
116934
116936
116963
118374
118245
118172
118174
117933
118181
118189
118212
118294
122405
124106
124329
124330
124197
124212
124220
124341
124366
124342
124371
124372
124386
119988
124389
119982
119985
119957
119970
119977
119973
120015
120069
120073
120070
120084
120012
60053
77034
60401
60402
60409
66802
66810
77039
