48
89726 89857 1542
89857 89726 1542
89857 89861 875
89861 89857 875
86224 86226 2147
86226 86224 2147
83179 83180 833
83180 83179 833
83180 83195 2609
83195 83180 2609
83020 83021 2568
83020 83028 2376
83021 83020 2568
83028 83020 2376
83028 83044 2297
83044 83028 2297
83044 83050 2815
83050 83044 2815
83167 83213 1140
83213 83167 1140
83090 83398 1051
83398 83090 1051
91568 91569 792
91569 91568 792
81619 81617 1511
86032 86109 697
86109 86032 697
81617 81619 1511
85948 86007 888
86007 85948 888
85935 85674 1265
85963 85967 1000
85674 85935 1265
85967 85963 1000
85533 85534 754
85534 85533 754
117292 117296 1612
117296 117292 1612
78515 78511 364
78511 78515 364
78597 78596 2040
78596 78597 2040
78334 78939 624
78939 78334 624
78687 78677 1939
78677 78687 1939
86622 89825 478
89825 86622 478
159
80067
80095
80165
162318
162334
162273
117112
117122
117098
117103
117096
117100
117281
117292
117370
117296
117300
117065
117116
117402
61272
117450
117455
117442
61252
61262
78930
61247
61344
61349
60949
61290
61328
61330
61332
78515
78521
78511
58043
76459
78597
78596
58070
58071
57937
76862
77382
77963
57891
78994
78334
78329
78939
78941
78332
57980
76787
78978
78018
78687
78677
57334
77996
77998
79459
79446
83899
89800
89814
86622
89815
89825
89826
89850
89726
89857
89867
89859
89861
89870
81101
86224
86226
80958
80359
80931
80946
81027
81030
81123
81227
81300
80902
81281
81298
81318
84285
86795
82967
83154
83175
83176
83179
83195
83166
83213
83205
83210
91830
83109
83398
91568
91569
91574
90662
91571
81619
81673
86830
86847
86845
81358
86506
86508
86515
86031
91064
86032
86109
86120
86333
86373
81617
90959
86839
91412
81503
81648
81701
81850
90797
85556
85548
85909
85948
90795
85935
85963
86037
85973
85673
90649
85674
90453
90544
85533
85534
85472
85530
