50
45462 45446 445
43540 43541 2555
43541 43540 2555
43557 43558 1115
43558 43557 1115
43531 43507 1493
43507 43531 1493
43791 43792 1482
43792 43791 1482
43784 43783 649
43783 43784 649
45446 45462 445
45464 45463 828
45463 45464 828
45584 45586 1758
45586 45584 1758
125987 125990 2237
125990 125987 2237
125990 125992 796
125992 125990 796
125207 125208 789
125208 125207 789
125257 125265 4244
125265 125257 4244
45522 45516 1394
45522 45525 952
45525 45522 952
45515 45516 2004
45516 45515 2004
45516 45522 1394
45648 45640 279
45640 45648 279
93359 93361 848
98800 98804 764
93361 93359 848
93361 98804 672
98804 93361 672
98804 98800 764
98404 98406 681
98406 98404 681
98417 98419 1530
98419 98417 1530
43526 43534 2112
43534 43526 2112
42368 42369 605
42369 42368 605
41963 42454 436
42454 41963 436
43254 43259 1375
43259 43254 1375
157
97942
97946
97959
97982
98447
98743
98752
98763
98784
98858
93359
98831
100175
98688
98800
93361
98804
98799
98727
98732
97879
98375
95809
98428
98429
97963
97975
98005
98007
98009
98019
98022
98088
98100
98102
98366
98377
102274
98387
98404
98406
98417
92850
98419
98421
98445
98695
43498
43529
43526
43534
43627
42338
42341
42349
42361
42368
42369
41963
42454
42480
43643
42640
42642
39590
43804
43805
43835
42545
42561
42565
42655
42656
42659
42664
42681
43225
43238
42126
43241
43249
42211
43254
43259
43322
43435
43416
43423
43394
43453
43393
45217
45219
45257
45262
45325
45300
43540
43646
43541
43554
43531
42506
43571
43574
43789
43781
43783
44485
44489
45450
45561
45444
45464
45477
45584
125595
125628
125636
125650
125651
126222
126227
126278
125987
125990
126264
126261
45367
45335
45341
45358
125126
125137
123723
123726
123682
125205
125216
125207
45180
45177
125257
45309
45334
125265
125581
125601
45483
45515
45520
45529
45644
126254
126282
126289
126302
