1118
151857 151858 176
140877 140876 26
140878 140593 796
140878 140876 1594
140878 140903 1614
140914 140903 482
140900 140613 1536
140900 140615 768
140900 140901 777
140902 140615 1438
140902 140906 782
140902 140911 1381
140916 140911 845
140916 140917 840
140916 140918 1010
140917 140916 840
140917 140918 1296
140954 140923 1925
140954 140958 754
140975 140958 1418
140975 140978 699
140975 140984 1027
140976 140972 975
140976 140977 834
140972 140976 975
140972 140986 690
140972 141196 1224
141196 140972 1224
141196 145123 571
141200 141198 742
141199 141198 363
186281 186282 755
186281 186293 1693
186292 186293 694
186292 189716 1346
186535 186537 1643
186535 189714 800
186536 186537 709
186536 186539 851
186536 186540 1628
186539 186536 851
186539 186538 1644
186539 186546 754
186199 186198 808
186199 186565 695
186199 186587 1616
186566 186565 1899
186197 186196 1437
186544 186546 1009
186555 186546 467
186555 186556 1585
186555 186558 824
186557 186558 884
186680 186196 65
186681 186687 508
186686 186687 678
186686 186698 1518
186707 186698 810
186707 186703 1076
186713 186703 647
186713 186715 1088
186713 186718 230
186718 186713 230
186718 186719 1111
186718 186724 468
186723 186724 1037
186728 186724 654
186728 186731 1077
186736 186731 687
186736 186738 1505
186883 186882 404
186864 186848 330
186864 186856 794
186864 186865 807
186868 186867 173
186868 186880 279
186879 186880 28
186786 186787 732
186786 186857 626
186856 186844 310
186856 186855 772
186856 186864 794
186857 186786 626
186857 186787 337
186857 186855 1837
186870 186869 1556
186870 186871 573
186885 186880 211
140645 140581 559
140645 140689 1546
140688 140689 646
140688 140695 1462
140691 140695 746
140691 140706 1396
140705 140706 778
140705 140721 1379
140722 140721 901
140722 140724 778
140722 140728 1478
140724 140722 778
140724 140755 876
140724 140757 1486
140738 140736 352
140738 140754 1102
140575 140573 797
140575 140574 1374
140579 140573 486
140579 140578 779
140579 140581 1446
140547 140548 911
140547 140679 888
140678 140679 878
140678 140680 1017
140676 140680 312
140677 140734 571
140733 140739 997
140733 140740 1232
140736 140738 352
140736 140740 905
140736 140754 1063
55650 55641 1074
55650 55649 818
55651 55649 1879
55651 55653 747
55673 55674 1023
55821 55822 1831
55821 55823 1576
55900 55857 1675
55900 55901 1449
55901 55900 1449
55901 55902 1576
55901 56607 461
189812 189813 1136
189812 189817 812
189812 189819 735
189813 189812 1136
189813 189818 807
186282 186281 755
186282 189718 1684
189720 189719 1041
190244 190235 1365
190244 190247 649
190247 189719 1055
190247 190244 649
190247 190245 1317
190247 190264 1538
189819 189812 735
189819 189822 836
189819 189863 1156
190226 190216 262
190226 190235 779
189863 189819 1156
189863 189862 845
189863 190217 1242
190216 190217 661
190216 190218 1088
190216 190226 262
195397 195402 683
195397 196144 704
195398 214882 3329
195399 196172 2305
195399 214882 166
196162 196165 1281
196162 196173 2539
196163 196165 659
196166 196167 507
196166 196218 363
195857 195516 1190
195874 195879 1239
195874 195883 1170
195876 195877 567
196218 196166 363
196218 196167 556
196217 196220 219
196217 196221 1089
195870 196038 1101
196027 196028 856
196027 196029 1465
196035 196028 876
196035 196032 163
196032 196035 163
196032 196036 346
196049 196055 575
196056 196055 328
196056 196057 789
202573 202558 3031
202573 202572 1185
202573 202576 663
202754 202753 594
202754 202755 900
202756 202755 3484
202756 202799 1134
202799 202756 1134
202799 202804 255
202818 202823 626
202819 202830 1482
202815 202820 346
202815 202821 883
202815 202822 1928
202816 202822 761
203235 202822 2114
203235 203237 744
203235 203242 1975
203242 203235 1975
203242 203243 650
203242 203255 1928
203254 203255 737
203254 203286 1080
203306 203286 1196
203481 203483 792
203482 203483 1264
203482 203485 810
203530 203532 496
203530 203533 2788
203531 203533 894
203531 203552 2128
203545 203547 435
203545 203552 761
203546 203547 2014
203322 203321 683
203323 203320 773
203323 203321 1683
203278 203277 5636
205732 205727 2042
205732 205733 971
205727 205732 2042
205727 205735 1953
205790 205796 981
205790 214944 1413
214938 205788 271
214938 214944 42
205801 205797 595
205801 205802 704
197158 197157 869
202550 202556 683
202550 202558 2013
196045 196044 348
196061 196060 768
196062 196059 788
196062 196060 1772
196447 196446 277
196459 196452 1833
196468 196450 1580
196468 196451 1016
214883 196481 238
215133 215132 301
215133 215143 533
196482 196481 246
196482 196483 534
196531 196476 1002
196531 196487 1338
196531 196532 993
215122 215123 1367
196537 196538 683
196550 196538 433
196550 196562 1172
196562 196550 1172
196562 196561 956
196566 196563 433
196566 196567 761
196571 196567 1108
196571 196592 815
196571 196594 2600
196572 196594 821
196572 197136 428
197137 197136 1039
197156 197149 864
197156 197157 1196
205985 205986 810
205985 205990 797
205993 205990 779
205993 205994 713
206013 206014 231
206013 206019 747
206660 206663 1494
206660 214743 418
206661 206663 515
205787 205788 774
205787 205789 465
205945 205946 1496
205945 205948 1734
202445 202444 3137
202445 205951 789
205789 205787 465
205789 205788 607
205789 205794 1578
205933 205932 1951
205933 205954 278
205932 205933 1951
205932 205954 1693
205946 205945 1496
205946 205947 1338
206639 206728 2629
206727 206728 884
206727 206738 2171
206730 206689 670
206730 206732 2063
206731 206732 776
206731 206738 816
206731 206739 2045
206729 206740 1039
206729 206741 779
206741 206729 779
206741 206742 961
206745 206742 368
206745 206746 598
206747 206746 1336
206747 206754 912
206758 206754 1702
206758 206903 867
206903 206757 2326
206903 206758 867
206911 206912 670
206911 206914 2216
206922 206923 463
206973 206924 2053
206973 206974 605
206970 206972 698
206970 206974 797
206970 206975 2800
206972 206970 698
206972 206978 2860
206990 206992 683
206990 206993 1771
206991 206978 773
206991 207022 1164
206991 207023 846
206985 206986 1636
206992 206990 683
206992 206995 839
206992 206996 1487
206994 206986 779
206994 206995 1163
209271 206986 867
209271 209281 1471
209271 209284 701
209272 209275 196
209278 209276 482
209278 209279 1768
209289 209290 1726
209292 209290 797
209292 209303 1157
209298 209331 750
209298 209333 1260
209305 209303 709
209305 209333 735
209305 209338 1090
209258 209259 3399
209258 209265 833
209347 209259 759
209347 209348 986
209347 209349 736
209331 209298 750
209331 209334 1289
209337 209334 751
209337 209336 833
209337 209343 1358
209336 209337 833
209336 209348 369
180198 180199 1158
180198 186030 814
180214 180213 247
180214 180891 682
180246 180247 848
180246 180890 445
180245 180243 751
180245 180248 1234
180228 179037 202
180228 180229 2920
180234 180229 848
180234 180235 1897
180234 180243 870
180243 180234 870
180243 180244 2007
180243 180245 751
180210 180211 413
180883 180902 452
180886 180878 736
180892 180893 796
180950 180923 849
180950 180956 1114
180901 180902 1111
180901 180903 2597
180901 180907 905
180921 180924 1145
179314 179315 115
180910 180909 492
180918 180896 765
180918 180909 1311
180940 180896 1467
181112 181113 1446
181112 181208 599
181227 181224 4464
181227 181226 1029
181244 181242 1225
181244 181474 925
181148 181149 336
181141 181142 1445
181144 181145 1222
181242 181244 1225
181242 181248 778
181483 181474 688
181483 181484 1757
181495 181494 2080
181495 181511 2314
181512 181511 796
181512 181539 1534
181541 181542 1066
181556 181557 333
181567 181559 1004
181567 181569 870
181580 181581 782
181575 181576 924
181575 181639 947
181639 181575 947
181639 181638 1903
181637 181638 562
181637 181642 1114
184473 184474 782
184473 184479 1823
184470 184471 782
184470 184537 747
184470 184569 2128
184475 184526 709
184537 184470 747
184537 184536 1103
184537 184570 2015
184537 184571 796
184477 184504 2612
184502 184504 796
184490 184491 562
184469 184527 1114
184393 163126 222
184398 163128 333
184398 184396 709
184383 184382 849
179583 184380 445
184522 184523 766
184522 184538 344
184524 184525 906
184531 184530 1848
184531 184533 790
184531 184558 1848
184556 184555 552
184556 184557 276
184530 184382 2111
184530 184531 1848
184530 184532 709
184396 163130 333
184396 184398 709
184555 163133 344
184555 184556 552
163074 163073 790
163074 163088 1305
163083 163082 688
163080 163082 871
163080 163098 2085
163097 163098 709
163125 163124 1161
163109 163110 1505
163109 163124 790
183100 183112 984
183114 183112 1140
183117 183115 828
183117 183151 688
183139 183122 778
183139 183152 766
183127 183125 683
183127 183128 2126
184617 183164 2481
184617 184619 933
184640 184659 848
184659 184640 848
184479 184473 1823
184505 184504 848
183111 183112 1144
183034 183177 782
183177 183034 782
183172 183171 1055
183171 183172 1055
182862 182869 1022
182869 182862 1022
183610 183608 1227
183608 183610 1227
183788 178785 669
178785 183788 669
183047 183051 905
183051 183047 905
183322 183284 2028
183284 183322 2028
163069 163073 1436
210420 210423 346
210423 210420 346
209265 209258 833
209520 209521 763
209521 209520 763
210141 210111 709
210111 210141 709
210154 210160 395
210160 210154 395
210194 210210 1011
210210 210194 1011
162820 162827 355
162827 162820 355
163091 163090 276
163090 163091 276
162852 162856 879
162898 162897 2981
162856 162852 879
162897 162898 2981
179203 179205 2213
179205 179203 2213
179274 179273 1227
179342 179210 1505
179210 179342 1505
179129 179273 893
179273 179129 893
179273 179274 1227
115559 116074 591
116074 115559 591
193157 193158 869
193158 193157 869
31740 31748 458
31748 31740 458
31754 31759 904
31759 31754 904
32900 32908 1208
32908 32900 1208
32925 32926 2272
32926 32925 2272
32999 33133 1449
33133 32999 1449
33212 33214 983
33214 33212 983
33452 33631 1395
33631 33452 1395
33645 33646 1000
33646 33645 1000
33676 33681 1682
33681 33676 1682
16961 16976 1560
16976 16961 1560
17063 17062 206
17062 17063 206
17655 17977 924
17977 17655 924
17310 17312 551
17312 17310 551
17765 17803 1483
17803 17765 1483
17791 17792 2005
17792 17791 2005
18191 18216 475
18216 18191 475
18232 18233 1626
18233 18232 1626
18303 18312 1770
18294 18263 475
18312 18303 1770
18312 18311 708
18263 18294 475
18311 18312 708
18750 18808 452
18808 18750 452
25338 25342 551
25342 25338 551
25372 25378 211
25378 25372 211
29402 29423 952
29423 29402 952
53362 53357 884
53357 53362 884
54981 54983 1354
54983 54981 1354
55641 55650 1074
141235 141262 1569
195416 195415 787
195415 195416 787
141262 141235 1569
151858 151857 176
140876 140877 26
140876 140878 1594
140593 140613 819
140593 140878 796
140593 140901 1571
140903 140878 1614
140903 140901 830
140903 140914 482
140613 140593 819
140613 140900 1536
140615 140900 768
140615 140902 1438
140901 140593 1571
140901 140900 777
140901 140903 830
140906 140902 782
140911 140902 1381
140911 140916 845
140918 140916 1010
140918 140917 1296
140918 140923 461
140923 140918 461
140923 140954 1925
140958 140954 754
140958 140975 1418
140978 140975 699
140978 140984 1243
140984 140975 1027
140984 140977 479
140984 140978 1243
140977 140976 834
140977 140984 479
140977 140986 1310
140986 140972 690
140986 140977 1310
140986 141198 1325
140986 145123 1023
145123 140986 1023
145123 141196 571
145123 141198 368
141198 140986 1325
141198 141199 363
141198 141200 742
141198 145123 368
186293 186281 1693
186293 186292 694
186293 189718 739
189716 186292 1346
189716 189714 785
186537 186535 1643
186537 186536 709
189714 186535 800
189714 189716 785
186540 186536 1628
186540 186538 861
186538 186539 1644
186538 186540 861
186546 186539 754
186546 186544 1009
186546 186555 467
186198 186196 568
186198 186199 808
186565 186199 695
186565 186558 720
186565 186566 1899
186587 186199 1616
186196 186197 1437
186196 186198 568
186196 186680 65
186556 186555 1585
186558 186555 824
186558 186557 884
186558 186565 720
186687 186681 508
186687 186686 678
186698 186686 1518
186698 186707 810
186703 186707 1076
186703 186713 647
186715 186713 1088
186715 186719 221
186719 186715 221
186719 186718 1111
186724 186718 468
186724 186723 1037
186724 186728 654
186731 186728 1077
186731 186736 687
186738 186736 1505
186882 186883 404
186848 186844 810
186848 186864 330
186865 186864 807
186867 186868 173
186867 186871 437
186880 186868 279
186880 186879 28
186880 186885 211
186787 186786 732
186787 186857 337
186844 186848 810
186844 186856 310
186855 186856 772
186855 186857 1837
186869 186870 1556
186871 186867 437
186871 186870 573
140581 140579 1446
140581 140645 559
140689 140645 1546
140689 140688 646
140695 140688 1462
140695 140691 746
140706 140691 1396
140706 140705 778
140721 140705 1379
140721 140722 901
140728 140722 1478
140728 140757 754
140755 140724 876
140757 140724 1486
140757 140728 754
140754 140736 1063
140754 140738 1102
140573 140575 797
140573 140579 486
140574 140575 1374
140578 140579 779
140548 140547 911
140679 140547 888
140679 140678 878
140680 140676 312
140680 140678 1017
140734 140677 571
140734 140739 1393
140739 140733 997
140739 140734 1393
140740 140733 1232
140740 140736 905
55649 55650 818
55649 55651 1879
55653 55651 747
55674 55673 1023
55822 55821 1831
55823 55821 1576
55857 55900 1675
55857 55902 1352
55902 55857 1352
55902 55901 1576
56607 55901 461
189817 189812 812
189817 189818 1063
189817 189822 701
189818 189813 807
189818 189817 1063
189718 186282 1684
189718 186293 739
189718 189719 765
189719 189718 765
189719 189720 1041
189719 190247 1055
190235 190218 1073
190235 190226 779
190235 190244 1365
190235 190245 629
190245 190235 629
190245 190247 1317
190264 190247 1538
189822 189817 701
189822 189819 836
189822 189862 1230
189862 189822 1230
189862 189863 845
190217 189863 1242
190217 190216 661
190218 190216 1088
190218 190235 1073
195402 195397 683
196144 195397 704
214882 195398 3329
214882 195399 166
196172 195399 2305
196172 196173 547
196165 196162 1281
196165 196163 659
196173 196162 2539
196173 196172 547
196167 196166 507
196167 196218 556
195516 195857 1190
195516 195879 774
195516 196221 774
195879 195516 774
195879 195874 1239
195883 195874 1170
195883 195877 238
195877 195876 567
195877 195883 238
195877 196038 1628
196220 196217 219
196221 195516 774
196221 196217 1089
196038 195870 1101
196038 195877 1628
196028 196027 856
196028 196035 876
196029 196027 1465
196036 196032 346
196036 196055 1695
196055 196036 1695
196055 196049 575
196055 196056 328
196057 196056 789
202558 202550 2013
202558 202573 3031
202572 202573 1185
202576 202573 663
202753 202754 594
202755 202754 900
202755 202756 3484
202804 202799 255
202823 202818 626
202823 202821 1685
202830 202819 1482
202820 202815 346
202821 202815 883
202821 202823 1685
202822 202815 1928
202822 202816 761
202822 203235 2114
203237 203235 744
203237 203243 1928
203243 203237 1928
203243 203242 650
203255 203242 1928
203255 203254 737
203286 203254 1080
203286 203306 1196
203286 203321 1059
203483 203481 792
203483 203482 1264
203485 203482 810
203532 203530 496
203533 203530 2788
203533 203531 894
203552 203531 2128
203552 203545 761
203547 203545 435
203547 203546 2014
203321 203286 1059
203321 203322 683
203321 203323 1683
203320 203323 773
203277 203278 5636
205733 205732 971
205733 205735 3261
205735 205727 1953
205735 205733 3261
205796 205790 981
214944 205790 1413
214944 214938 42
205788 205787 774
205788 205789 607
205788 214938 271
205797 205801 595
205802 205801 704
197157 197156 1196
197157 197158 869
202556 202550 683
196044 196045 348
196060 196061 768
196060 196062 1772
196059 196062 788
196446 196447 277
196446 196451 896
196452 196459 1833
196450 196468 1580
196451 196446 896
196451 196468 1016
196481 196482 246
196481 214883 238
215132 215133 301
215143 215133 533
196483 196482 534
196476 196531 1002
196487 196531 1338
196532 196531 993
215123 215122 1367
196538 196537 683
196538 196550 433
196538 196561 1120
196561 196538 1120
196561 196562 956
196561 196563 787
196563 196561 787
196563 196566 433
196567 196566 761
196567 196571 1108
196592 196571 815
196594 196571 2600
196594 196572 821
196594 197136 839
197136 196572 428
197136 196594 839
197136 197137 1039
197149 197156 864
205986 205948 955
205986 205985 810
205990 205985 797
205990 205993 779
205994 205993 713
205994 206014 969
206014 205994 969
206014 206013 231
206019 206013 747
206663 206660 1494
206663 206661 515
214743 206660 418
205948 205945 1734
205948 205986 955
202444 202445 3137
202444 205947 993
205951 202445 789
205951 205794 733
205794 205789 1578
205794 205951 733
205954 205932 1693
205954 205933 278
205954 205947 2682
205947 202444 993
205947 205946 1338
205947 205954 2682
206728 206639 2629
206728 206727 884
206738 206727 2171
206738 206731 816
206689 206730 670
206732 206730 2063
206732 206731 776
206739 206731 2045
206740 206729 1039
206740 206742 901
206742 206740 901
206742 206741 961
206742 206745 368
206746 206745 598
206746 206747 1336
206754 206747 912
206754 206757 915
206754 206758 1702
206757 206754 915
206757 206903 2326
206912 206911 670
206914 206911 2216
206914 206923 1210
206923 206914 1210
206923 206922 463
206923 206924 353
206924 206923 353
206924 206973 2053
206974 206970 797
206974 206973 605
206975 206970 2800
206978 206972 2860
206978 206991 773
206993 206990 1771
206993 206996 434
206993 207023 1400
207022 206991 1164
207023 206991 846
207023 206993 1400
206986 206985 1636
206986 206994 779
206986 209271 867
206995 206992 839
206995 206994 1163
206996 206992 1487
206996 206993 434
209281 209271 1471
209284 209271 701
209284 209275 1748
209275 209272 196
209275 209276 346
209275 209284 1748
209276 209275 346
209276 209278 482
209279 209278 1768
209279 209290 867
209290 209279 867
209290 209289 1726
209290 209292 797
209303 209292 1157
209303 209305 709
209333 209298 1260
209333 209305 735
209333 209334 841
209338 209305 1090
209259 209258 3399
209259 209347 759
209348 209336 369
209348 209347 986
209349 209347 736
209334 209331 1289
209334 209333 841
209334 209337 751
209343 209337 1358
180199 180198 1158
186030 180198 814
180213 180211 1278
180213 180214 247
180213 180893 315
180891 180214 682
180891 180890 1810
180247 180246 848
180247 180248 556
180890 180246 445
180890 180891 1810
180248 180245 1234
180248 180247 556
179037 180228 202
180229 180228 2920
180229 180234 848
180235 180234 1897
180235 180244 848
180244 180235 848
180244 180243 2007
180211 180210 413
180211 180213 1278
180902 180883 452
180902 180901 1111
180878 180886 736
180893 180213 315
180893 180892 796
180923 180924 530
180923 180950 849
180956 180950 1114
180903 180901 2597
180907 180901 905
180924 180921 1145
180924 180923 530
179315 179314 115
180909 180910 492
180909 180918 1311
180896 180918 765
180896 180940 1467
181113 181112 1446
181208 181112 599
181224 181227 4464
181226 181227 1029
181474 181244 925
181474 181483 688
181149 181148 336
181142 181141 1445
181145 181144 1222
181248 181242 778
181484 181483 1757
181494 181495 2080
181511 181495 2314
181511 181512 796
181539 181512 1534
181539 181542 788
181542 181539 788
181542 181541 1066
181557 181556 333
181559 181567 1004
181569 181567 870
181569 181581 765
181581 181569 765
181581 181580 782
181576 181575 924
181638 181637 562
181638 181639 1903
181642 181637 1114
184474 184471 818
184474 184473 782
184471 184470 782
184471 184474 818
184569 184470 2128
184569 184570 818
184526 184475 709
184526 184523 713
184526 184525 683
184536 184523 345
184536 184537 1103
184570 184537 2015
184570 184569 818
184571 184537 796
184504 184477 2612
184504 184502 796
184504 184505 848
184491 184490 562
184527 184469 1114
184527 184525 1111
163126 184393 222
163128 184398 333
184382 184383 849
184382 184530 2111
184380 179583 445
184523 184522 766
184523 184526 713
184523 184536 345
184538 184522 344
184525 184524 906
184525 184526 683
184525 184527 1111
184533 184531 790
184533 184532 1873
184558 184531 1848
184558 184557 435
184557 184556 276
184557 184558 435
184532 184530 709
184532 184533 1873
163130 184396 333
163133 184555 344
163073 163069 1436
163073 163074 790
163088 163074 1305
163082 163080 871
163082 163083 688
163098 163080 2085
163098 163097 709
163124 163109 790
163124 163125 1161
163110 163109 1505
183112 183100 984
183112 183111 1144
183112 183114 1140
183115 183117 828
183151 183117 688
183151 183152 1323
183122 183139 778
183152 183139 766
183152 183151 1323
183125 183127 683
183128 183127 2126
183164 184617 2481
184619 184617 933
954
151857
140877
140878
140914
140900
140902
140916
140917
140954
140975
140976
140972
141196
141200
141199
186281
186292
186535
186536
186539
186199
186566
186197
186544
186555
186557
186680
186681
186686
186707
186713
186718
186723
186728
186736
186883
186864
186868
186879
186786
186856
186857
186870
186885
140645
140688
140691
140705
140722
140724
140738
140575
140579
140547
140678
140676
140677
140733
140736
55650
55651
55673
55821
55900
55901
189812
189813
186282
189720
190244
190247
189819
190226
189863
190216
195397
195398
195399
196162
196163
196166
195857
195874
195876
196218
196217
195870
196027
196035
196032
196049
196056
202573
202754
202756
202799
202818
202819
202815
202816
203235
203242
203254
203306
203481
203482
203530
203531
203545
203546
203322
203323
203278
205732
205727
205790
214938
205801
197158
202550
196045
196061
196062
196447
196459
196468
214883
215133
196482
196531
215122
196537
196550
196562
196566
196571
196572
197137
197156
205985
205993
206013
206660
206661
205787
205945
202445
205789
205933
205932
205946
206639
206727
206730
206731
206729
206741
206745
206747
206758
206903
206911
206922
206973
206970
206972
206990
206991
206985
206992
206994
209271
209272
209278
209289
209292
209298
209305
209258
209347
209331
209337
209336
180198
180214
180246
180245
180228
180234
180243
180210
180883
180886
180892
180950
180901
180921
179314
180910
180918
180940
181112
181227
181244
181148
181141
181144
181242
181483
181495
181512
181541
181556
181567
181580
181575
181639
181637
184473
184470
184475
184537
184477
184502
184490
184469
184393
184398
184383
179583
184522
184524
184531
184556
184530
184396
184555
163074
163083
163080
163097
163125
163109
183100
183114
183117
183139
183127
184617
184638
184666
184623
184658
184640
184659
184642
184685
184479
184505
184508
184519
184650
184653
184648
185730
183111
183157
183034
183177
183145
183172
183156
183171
183148
183174
181732
181739
181745
181709
181712
182671
182759
180852
181603
185805
181611
181682
181686
181684
182659
181693
181649
181673
181679
181658
181701
182041
182059
182046
182695
182825
182842
182841
182844
182835
182860
182862
182869
180331
182863
182882
183495
183480
183679
183629
183632
183717
183645
174040
174028
183469
183484
183999
184012
174065
174063
174038
183295
183311
183735
183738
183740
183610
183745
183746
183608
183788
178785
183047
183051
183238
183243
183304
183307
183319
183322
183284
163069
163249
210419
210420
210423
210424
210403
210404
209265
209515
214830
209520
209521
209543
209601
209609
209611
209624
209658
210141
210140
210111
210154
210160
210189
210218
210193
210194
210210
210213
162686
162814
162820
162827
162850
162553
163091
163090
162876
162890
162852
162898
162899
162856
162897
162901
196007
210508
210488
210489
210506
178699
179203
179205
179274
179342
179210
179129
179273
179133
179309
179316
115374
115559
116074
113860
106462
106286
106289
106416
32368
32373
32379
32439
35005
114765
114068
114070
114674
114727
114544
194111
193093
193088
193109
193147
193148
193135
193157
192889
193153
193158
193180
193190
193214
193215
190965
193240
193236
192179
192196
192209
192146
192263
192157
35142
35145
29459
29501
29509
29515
30831
30828
30840
30838
30853
30876
30878
31766
32667
32660
30345
30384
30412
30773
30539
21416
30806
32501
32504
30800
34540
34208
30698
30820
29513
29504
29522
31740
31748
31754
31784
31759
31764
31791
31827
32886
32900
32908
32925
32926
32978
32997
32998
32999
33130
33133
33129
33132
33158
33149
33156
33159
33212
33214
33215
33220
33221
33435
33245
33251
33445
33250
33665
33452
33631
33645
33646
33642
33653
34849
33676
33681
33670
16961
16990
16993
16976
16978
17063
17062
17072
17103
17104
17125
17167
17185
17191
17723
17730
17747
17750
17714
17984
17654
17655
17977
17230
17282
17283
17291
17299
17310
17312
17736
17735
17765
17803
17785
17781
17783
17791
17792
17918
17921
17874
17876
17905
17865
18283
18159
18161
18202
18191
18214
18274
18201
18216
18282
18232
18233
18287
6515
18303
18294
18312
18263
18311
18531
18565
18547
18584
18750
18808
18809
18665
18678
18684
18800
18818
18819
18831
18976
18987
18969
18965
25336
25338
25287
25289
25255
25294
25293
25334
25342
25372
25378
25409
26678
26686
26722
26291
26296
26697
26683
26670
26299
26318
26321
26330
26229
26243
26289
26427
26436
26438
26511
26512
26332
26337
29112
29125
29169
29170
29113
26417
26419
26306
26326
26327
26516
27369
27370
27367
29402
29420
53360
29423
53362
53174
53239
53244
53176
53180
53177
53351
53355
53357
53392
54956
54981
54983
55564
55585
55586
55645
55589
55641
53395
53659
53670
53738
53739
53742
141235
141226
141227
141229
141206
195384
195328
195373
195372
195416
195415
195387
141262
141267
141278
141284
140876
140593
140613
140615
140906
140911
140923
140958
140978
140984
140977
140986
141198
186293
189716
186537
189714
186540
186538
186546
186198
186565
186587
186556
186558
186687
186698
186703
186715
186719
186724
186731
186738
186882
186848
186865
186867
186787
186844
186855
186869
140581
140689
140695
140706
140721
140728
140755
140757
140754
140573
140578
140548
140679
140680
140734
140739
140740
55649
55653
55822
55823
55857
55902
56607
189817
189818
189718
189719
190245
190264
189822
189862
190218
195402
196144
214882
196172
196165
196173
196167
195516
195879
195883
196220
196221
196038
196028
196029
196036
196057
202558
202572
202576
202753
202755
202804
202823
202830
202821
202822
203237
203243
203255
203483
203485
203532
203533
203552
203547
203321
203320
203277
205733
205735
205796
205788
205797
205802
197157
202556
196044
196060
196059
196446
196452
196450
196451
196481
215132
196483
196476
196487
196532
196563
196567
196592
196594
197149
205986
205990
205994
206014
206019
206663
214743
205948
202444
205951
205794
206728
206738
206689
206732
206739
206740
206746
206754
206757
206912
206914
206924
206974
206975
206978
207022
207023
206986
206995
206996
209281
209284
209276
209279
209290
209303
209333
209338
209259
209348
209349
209334
209343
180199
180891
180247
180890
179037
180229
180235
180244
180211
180902
180878
180923
180903
180907
180909
180896
181113
181208
181224
181226
181474
181484
181494
181511
181539
181542
181559
181569
181581
181576
181638
181642
184474
184471
184569
184536
184570
184571
184527
163126
163128
184382
184380
184523
184538
184533
184558
184557
184532
163130
163133
163073
163088
163082
163098
163124
163110
183115
183151
183122
183152
183125
183164
184619
