892
204314 204312 802
204314 204336 614
204338 204378 346
204338 204380 608
204380 204338 608
204380 204381 2154
204383 204381 615
204383 204385 901
204383 204391 2395
204385 204383 901
204385 204400 2504
207178 207179 695
207178 207197 2477
207196 207197 797
207196 207201 2111
204398 204400 780
204398 204404 1897
207200 204404 891
207200 207201 802
207200 207614 1176
207179 207178 695
207179 207198 2623
207199 207198 759
207199 207209 2020
207210 207209 802
207210 207214 710
207210 207215 2147
207214 207210 710
207214 207255 2124
207254 207255 841
207254 207256 734
207254 207650 1995
207146 207230 715
207146 207231 1414
207159 207161 955
207220 207232 556
207220 207242 197
207227 207226 665
207227 207243 686
207227 207245 2606
207242 207220 197
207242 207243 2656
207226 207227 665
207226 207244 2719
207251 207228 901
207251 207253 1927
207228 207244 693
207228 207251 901
207228 207259 1899
207252 207253 816
207252 207257 2154
207256 207254 734
207256 207257 884
207256 207258 2034
196912 196876 337
196885 196840 2245
196885 196886 707
196926 196886 332
196929 196928 836
196931 196933 579
145969 145966 1235
145969 145970 1680
145972 145970 1119
145972 145979 1712
145980 145979 1120
145980 145998 2132
145999 142364 2170
145999 145998 1183
145999 151318 874
146009 151317 767
146009 151318 1931
151313 151309 869
151313 151315 476
151313 151319 819
151306 151319 838
151310 151311 3251
151310 151325 816
151309 151312 651
151309 151313 869
151309 151314 531
203992 203991 575
203992 203999 709
203992 204001 274
204047 203988 735
204047 203991 987
204050 204061 277
204066 204067 524
204083 204084 1424
204083 204085 341
204079 204081 336
204079 204091 1328
203905 203906 1541
203974 203972 797
203974 203975 1665
203984 203975 1206
203984 203989 810
203988 203989 1073
203988 204047 735
203598 203594 973
203598 203599 598
203638 203599 1762
203638 203641 779
203639 203640 636
203639 203647 779
203639 203654 1487
203641 203603 1713
203641 203638 779
203641 203646 487
203654 203639 1487
203654 203651 765
203654 203669 2183
203670 203669 751
203670 203747 1380
203748 203747 797
203748 203749 1838
203748 203967 698
203967 203748 698
203967 203968 1741
203969 203968 774
203969 203973 721
203969 203976 1990
203972 203973 1749
203972 203974 797
207448 207451 670
207448 207452 346
207418 207421 775
207418 207455 1349
207449 207450 1292
207449 207451 1328
207421 207418 775
207421 207424 1022
207483 207527 630
207483 207528 2002
194522 207369 1198
207377 207529 476
207484 207527 1549
207435 198887 938
207437 207438 997
207437 207440 1085
207440 207437 1085
207440 207441 942
207434 207442 289
207434 207453 880
207442 207434 289
207442 207443 870
207525 207526 1400
214715 207532 1251
207164 207165 944
207167 207235 670
207167 207469 1073
207470 207469 737
207470 207473 3573
207355 214530 1079
207481 207486 759
207481 207491 2153
207492 207491 930
207492 207528 645
207492 207541 2527
207914 207915 606
207923 207915 1095
207923 207922 774
207942 207943 275
207947 207975 336
207947 207980 1812
207980 207947 1812
207980 207977 804
207980 207984 2144
208036 207984 817
208036 208039 1822
208053 208039 630
208059 208058 645
208059 208061 2132
208256 208061 388
208256 208364 803
208261 208240 605
208261 208262 872
208265 208264 761
208265 208273 254
208270 208268 750
208270 208272 837
208270 208327 867
208280 208274 833
208280 208281 936
208282 208283 2019
208282 208284 860
208282 208289 1500
208238 208241 613
208238 208242 1445
208240 208241 896
208240 208261 605
208271 208242 670
208271 208268 817
208327 208270 867
208327 208328 801
208329 208277 1073
208329 208328 834
208329 208335 1079
208334 208335 623
208348 208336 841
208348 208349 845
210563 208353 955
210563 210564 1032
210563 210565 367
208353 210563 955
208353 210574 787
208358 208349 801
208358 208356 1138
210545 210567 827
210545 210568 1423
210545 210569 649
210546 210569 356
210571 210570 927
210571 210588 2098
210589 210588 685
210589 210648 2244
210650 210649 614
210654 210648 741
210654 210676 2921
210639 210649 619
178764 178765 2337
178666 178667 1188
178666 178867 847
178743 178742 1681
178743 178752 2452
178874 178721 2618
178874 178875 650
178800 178795 1935
178800 178798 1026
178872 178873 1258
178872 178877 1254
177553 177554 1191
177541 177542 1004
177541 177543 2046
163641 163643 333
163226 163225 790
163226 163247 1505
163654 163658 758
166347 163658 1891
166347 166349 758
163651 166348 758
163651 166350 837
163247 163226 1505
163247 166178 828
166182 166181 871
166182 166332 1891
184957 184958 871
184957 185006 610
184979 185008 2055
185007 185006 848
185007 185052 2009
185009 185008 848
185009 185050 2483
185009 185052 818
184999 185008 747
184999 185048 2561
185047 185044 713
185047 185046 2087
185047 185048 747
184953 184952 231
166241 166242 419
166241 166243 2446
166251 166243 849
166251 166253 2668
166251 166276 766
166276 166251 766
166276 166281 2557
166269 166268 2335
166269 166274 675
166270 166268 871
166270 166288 2778
166283 166281 926
166283 166288 1017
166283 166588 2668
166272 166263 873
166272 166273 1780
166287 166273 842
166287 166318 1111
166300 166299 1074
166300 166319 889
166263 166272 873
166263 166274 2335
166298 166299 952
166298 166328 1182
166328 166298 1182
166328 166326 1339
166825 166826 344
166825 166827 758
166825 185399 672
166216 166215 758
166216 166217 2668
166216 166231 849
166231 166216 849
166231 166232 2556
166181 166182 871
166181 166214 2113
166213 166215 2668
163222 163223 729
163222 163224 871
166183 163224 1426
166183 166178 984
166240 166242 339
166240 166244 2223
166235 166234 3113
166235 166244 849
166236 166234 758
166236 166238 2556
166237 166232 926
166237 166238 842
180775 180770 1305
180775 180785 796
180788 180787 782
180788 180802 2271
180812 180802 556
180505 180506 2623
180534 180533 3474
182413 182411 682
182433 182411 1919
182433 182434 1099
182231 182232 1411
182231 182233 932
182425 182432 2139
182469 182470 1483
182469 182471 878
182464 182465 1277
182464 182486 452
182484 182483 905
168581 168582 276
168581 185813 2151
182645 182646 905
173754 173752 2950
173754 173759 891
173763 173751 1014
173752 173753 1947
173752 173754 2950
173758 173753 2104
173758 173790 553
176307 176321 1934
176321 176307 1934
185168 185171 552
185171 185168 552
176264 174154 537
174154 176264 537
174694 174698 1603
175197 175200 1022
175200 175197 1022
174698 174694 1603
174310 174309 807
174434 174432 630
174432 174434 630
174485 174494 1199
174494 174485 1199
174309 174310 807
185044 185047 713
210668 210673 526
210668 214588 336
214588 210668 336
210673 210668 526
210915 210916 933
210916 210915 933
211732 211738 364
211738 211732 364
198871 211743 352
211759 211749 987
211743 198871 352
211749 211759 987
162993 162999 404
162999 162993 404
162779 162778 796
162778 162779 796
211938 211939 867
211939 211938 867
211939 211942 766
211942 211939 766
212035 212032 473
212032 212035 473
211982 211972 828
211972 211982 828
178721 178874 2618
107262 107270 787
107270 107262 787
106625 106646 2347
106646 106625 2347
191679 191828 2625
191828 191679 2625
104412 104414 516
107492 107491 1827
104414 104412 516
107491 107492 1827
107747 107741 1671
107741 107747 1671
107809 107810 1340
107810 107809 1340
107931 107933 2798
107764 107763 889
107857 107832 1671
107763 107764 889
107832 107857 1671
111869 111882 598
107933 107931 2798
111801 111802 1013
111802 111801 1013
111882 111869 598
111992 111999 788
111999 111992 788
33782 33802 1663
33802 33782 1663
113299 113300 782
113314 113323 3802
113300 113299 782
113323 113314 3802
103713 103712 995
103712 103713 995
105352 105411 1305
105411 105352 1305
103729 103730 537
103730 103729 537
103583 103652 763
103652 103583 763
103660 103655 1379
103643 103642 504
103642 103643 504
103655 103660 1379
39903 39904 1293
40112 40111 1322
39904 39903 1293
40111 40112 1322
103669 103679 782
103679 103669 782
103681 103686 601
103686 103681 601
40133 40030 1188
40030 40133 1188
41279 41290 354
41290 41279 354
41293 41295 1027
41295 41293 1027
41323 41324 452
41324 41323 452
29018 29036 1073
29036 29018 1073
53278 53280 1827
53280 53278 1827
53429 53447 1161
55271 55328 952
55328 55271 952
55328 55332 906
55332 55328 906
55355 55359 605
55359 55355 605
53447 53429 1161
49534 49538 848
49538 49534 848
144421 144372 511
144372 144421 511
144233 144234 1038
144234 144233 1038
144234 144341 753
144341 144234 753
144338 144348 471
144348 144338 471
196356 196355 1943
196355 196356 1943
196419 196418 368
196418 196419 368
140132 140130 639
140132 141468 740
146469 146470 871
146470 146469 871
141470 145411 457
145411 141470 457
141468 140132 740
140114 140111 1172
140111 140114 1172
140113 140133 863
140133 140113 863
140134 140130 875
140130 140132 639
140130 140134 875
189981 190055 499
190055 189981 499
190062 190068 478
190068 190062 478
190077 190106 427
190106 190077 427
189991 189992 376
189992 189991 376
142348 142222 1763
142177 142176 821
142222 142348 1763
141509 151938 220
141513 141666 165
151938 141509 220
141666 141513 165
141675 141676 1761
142243 142245 270
141819 141789 1712
142245 142243 270
141676 141675 1761
141789 141819 1712
142176 142177 821
56033 56061 1352
56061 56033 1352
56083 56085 807
56085 56083 807
56085 56186 738
56186 56085 738
56186 56188 1009
56188 56186 1009
56193 56197 1611
56197 56193 1611
190546 190547 1310
190547 190546 1310
196674 196678 1274
196678 196674 1274
197254 197256 1702
197256 197254 1702
204081 204079 336
204312 204314 802
204336 204314 614
204378 204338 346
204381 204380 2154
204381 204383 615
204391 204383 2395
204391 204400 884
204400 204385 2504
204400 204391 884
204400 204398 780
207197 207178 2477
207197 207196 797
207197 207198 709
207201 207196 2111
207201 207200 802
204404 204398 1897
204404 207200 891
207614 207200 1176
207198 207179 2623
207198 207197 709
207198 207199 759
207209 207199 2020
207209 207210 802
207215 207210 2147
207215 207255 640
207255 207214 2124
207255 207215 640
207255 207254 841
207650 207254 1995
207650 207258 834
207230 207146 715
207230 207235 1349
207231 207146 1414
207231 207232 207
207161 207159 955
207161 207165 1313
207232 207220 556
207232 207231 207
207243 207227 686
207243 207242 2656
207245 207227 2606
207245 207244 715
207244 207226 2719
207244 207228 693
207244 207245 715
207253 207251 1927
207253 207252 816
207253 207259 834
207259 207228 1899
207259 207253 834
207257 207252 2154
207257 207256 884
207258 207256 2034
207258 207650 834
196876 196912 337
196840 196885 2245
196886 196885 707
196886 196926 332
196928 196929 836
196933 196931 579
145966 145969 1235
145970 145969 1680
145970 145972 1119
145979 145972 1712
145979 145980 1120
145998 145980 2132
145998 145999 1183
142364 145999 2170
151318 145999 874
151318 146009 1931
151317 146009 767
151315 151313 476
151319 151306 838
151319 151311 952
151319 151313 819
151311 151310 3251
151311 151319 952
151325 151310 816
151312 151309 651
151314 151309 531
203991 203992 575
203991 204047 987
203999 203992 709
204001 203992 274
204001 204061 1357
204061 204001 1357
204061 204050 277
204067 204066 524
204084 204083 1424
204085 204083 341
204091 204079 1328
203906 203905 1541
203975 203973 827
203975 203974 1665
203975 203984 1206
203989 203984 810
203989 203988 1073
203594 203598 973
203599 203598 598
203599 203638 1762
203640 203639 636
203647 203639 779
203647 203646 1113
203647 203651 1269
203603 203641 1713
203646 203641 487
203646 203647 1113
203651 203647 1269
203651 203654 765
203669 203654 2183
203669 203670 751
203747 203670 1380
203747 203748 797
203749 203748 1838
203749 203968 832
203968 203749 832
203968 203967 1741
203968 203969 774
203973 203969 721
203973 203972 1749
203973 203975 827
203976 203969 1990
207451 207448 670
207451 207449 1328
207451 207450 533
207451 207452 508
207452 207448 346
207452 207451 508
207452 207453 1122
207455 207418 1349
207455 207450 432
207450 207449 1292
207450 207451 533
207450 207455 432
207424 207421 1022
207424 207915 1486
207527 207483 630
207527 207484 1549
207528 207483 2002
207528 207492 645
207369 194522 1198
207529 207377 476
198887 207435 938
207438 207437 997
207438 207441 1179
207441 207438 1179
207441 207440 942
207441 207443 964
207453 207434 880
207453 207452 1122
207443 207441 964
207443 207442 870
207526 207525 1400
207526 207532 823
207532 207526 823
207532 214715 1251
207165 207161 1313
207165 207164 944
207235 207167 670
207235 207230 1349
207469 207167 1073
207469 207470 737
207473 207470 3573
207473 207486 901
207473 214530 1136
214530 207355 1079
214530 207473 1136
207486 207473 901
207486 207481 759
207491 207481 2153
207491 207492 930
207541 207492 2527
207915 207424 1486
207915 207914 606
207915 207923 1095
207922 207923 774
207922 207943 869
207943 207922 869
207943 207942 275
207975 207947 336
207977 207980 804
207984 207980 2144
207984 208036 817
208039 208036 1822
208039 208053 630
208058 208059 645
208061 208059 2132
208061 208256 388
208364 208256 803
208364 208283 91
208262 208261 872
208264 208265 761
208273 208265 254
208273 208272 1697
208268 208270 750
208268 208271 817
208272 208270 837
208272 208273 1697
208272 208277 791
208272 208328 1013
208274 208280 833
208274 208281 274
208281 208274 274
208281 208280 936
208283 208282 2019
208283 208364 91
208284 208282 860
208289 208282 1500
208241 208238 613
208241 208240 896
208242 208238 1445
208242 208271 670
208328 208272 1013
208328 208327 801
208328 208329 834
208277 208272 791
208277 208329 1073
208335 208329 1079
208335 208334 623
208335 208336 980
208336 208335 980
208336 208348 841
208349 208348 845
208349 208358 801
210564 210563 1032
210564 210574 1150
210565 210563 367
210565 210567 650
210574 208353 787
210574 210564 1150
208356 208358 1138
210567 210545 827
210567 210565 650
210568 210545 1423
210568 210570 679
210569 210545 649
210569 210546 356
210569 210570 1732
210570 210568 679
210570 210569 1732
210570 210571 927
210588 210571 2098
210588 210589 685
210648 210589 2244
210648 210654 741
210649 210639 619
210649 210650 614
210676 210654 2921
178765 178764 2337
178667 178666 1188
178867 178666 847
178867 178752 1120
178742 178743 1681
178742 178752 1321
178752 178742 1321
178752 178743 2452
178752 178867 1120
178875 178874 650
178795 178800 1935
178795 178873 1090
178798 178800 1026
178873 178795 1090
178873 178872 1258
178877 178872 1254
177554 177553 1191
177542 177541 1004
177543 177541 2046
163643 163641 333
163225 163224 906
163225 163226 790
163225 166178 1398
163658 163654 758
163658 166347 1891
166349 166347 758
166349 166350 2002
166348 163651 758
166350 163651 837
166350 166349 2002
166178 163225 1398
166178 163247 828
166178 166183 984
166332 166182 1891
166332 166214 842
184958 184957 871
185006 184957 610
185006 185007 848
185008 184979 2055
185008 184999 747
185008 185009 848
185052 185007 2009
185052 185009 818
185050 185009 2483
185048 184999 2561
185048 185047 747
185046 185047 2087
184952 184953 231
166242 166240 339
166242 166241 419
166243 166241 2446
166243 166251 849
166253 166251 2668
166253 166281 758
166281 166253 758
166281 166276 2557
166281 166283 926
166268 166269 2335
166268 166270 871
166274 166263 2335
166274 166269 675
166274 166273 842
166288 166270 2778
166288 166283 1017
166588 166283 2668
166273 166272 1780
166273 166274 842
166273 166287 842
166318 166287 1111
166318 166319 1104
166299 166298 952
166299 166300 1074
166319 166300 889
166319 166318 1104
166326 166328 1339
166826 166825 344
166827 166825 758
185399 166825 672
166215 166213 2668
166215 166214 849
166215 166216 758
166217 166216 2668
166217 166232 926
166232 166217 926
166232 166231 2556
166232 166237 926
166214 166181 2113
166214 166215 849
166214 166332 842
163223 163222 729
163224 163222 871
163224 163225 906
163224 166183 1426
166244 166235 849
166244 166240 2223
166234 166235 3113
166234 166236 758
166238 166236 2556
166238 166237 842
180770 180775 1305
180785 180775 796
180787 180788 782
180802 180788 2271
180802 180812 556
180506 180505 2623
180533 180534 3474
182411 182413 682
182411 182433 1919
182434 182433 1099
182232 182231 1411
182233 182231 932
182432 182425 2139
182470 182469 1483
182471 182469 878
182465 182464 1277
182486 182464 452
182483 182484 905
168582 168581 276
185813 168581 2151
182646 182645 905
173759 173751 1413
173759 173754 891
173751 173759 1413
173751 173763 1014
173753 173752 1947
173753 173758 2104
173790 173758 553
967
204314
204338
204380
204383
204385
207178
207196
204398
207200
207179
207199
207210
207214
207254
207146
207159
207220
207227
207242
207226
207251
207228
207252
207256
196912
196885
196926
196929
196931
145969
145972
145980
145999
146009
151313
151306
151310
151309
203992
204047
204050
204066
204083
204079
203905
203974
203984
203988
203598
203638
203639
203641
203654
203670
203748
203967
203969
203972
207448
207418
207449
207421
207483
194522
207377
207484
207435
207437
207440
207434
207442
207525
214715
207164
207167
207470
207355
207481
207492
207914
207923
207942
207947
207980
208036
208053
208059
208256
208261
208265
208270
208280
208282
208238
208240
208271
208327
208329
208334
208348
210563
208353
208358
210545
210546
210571
210589
210650
210654
210639
178764
178666
178743
178874
178800
178872
177553
177541
163641
163226
163654
166347
163651
163247
166182
184957
184979
185007
185009
184999
185047
184953
166241
166251
166276
166269
166270
166283
166272
166287
166300
166263
166298
166328
166825
166216
166231
166181
166213
163222
166183
166240
166235
166236
166237
180775
180788
180812
180505
180534
182413
182433
182231
182425
182469
182464
182484
168581
182645
173754
173763
173752
173758
173794
182605
182641
176283
174159
176270
174162
174189
176285
176291
176292
174224
176318
176307
174269
176321
186028
185032
185039
185109
185116
185121
185165
185168
185171
185206
176264
174154
174786
174789
173828
173893
173827
183329
174506
174513
174620
174624
174635
174592
174694
175197
175200
174711
175269
174721
174698
175230
174805
175091
175557
175563
175413
175435
175424
175407
175419
175421
175704
175507
175521
175576
175582
175693
175530
174310
174434
174432
174439
174485
174459
174492
174494
174203
174214
174236
174243
174260
174302
174313
174295
174251
174309
184989
185015
185027
184991
185044
185024
185021
210652
210668
214588
210673
210794
210805
210809
210831
210828
210835
210852
210855
210904
210915
210916
210931
210939
211730
211732
211070
211738
198871
211759
211743
211748
211749
211802
211803
211868
163608
163479
163494
163727
163735
163738
163614
163613
163627
162993
162999
163014
162985
162929
162966
162989
163402
163476
163411
163034
161329
162791
162789
162779
162786
162719
162778
163942
211938
211939
211942
163933
163945
163989
164001
163998
164023
164051
164028
164048
164025
164058
164091
164115
172677
214269
212035
212038
212024
212027
212032
211973
211982
211986
212025
212314
211972
211944
178721
114702
114606
114612
114714
116280
114545
114524
114466
114486
114504
116137
114503
114510
114505
115489
115485
115469
115487
115474
115505
114961
115054
115052
115136
114956
115070
114980
114992
115046
115234
115220
116238
115228
115356
115624
115646
115641
110632
113940
106656
106852
106794
106816
106818
106825
106993
106937
106944
107262
107264
107270
107279
107398
107404
107410
106366
106369
106661
106645
106680
106692
106693
106625
106646
106652
106676
106637
106519
106524
106258
106260
106269
106263
106227
106245
193070
193073
191809
192022
191679
194211
191692
191709
192062
191828
192859
193031
104412
107575
107577
107492
107494
104414
107630
107591
113643
32645
107499
107491
107558
7582
107661
107747
107740
107741
32830
32836
107800
107809
107810
107816
105819
107931
107764
107820
107823
107844
107857
107763
107832
107864
107924
111869
107933
111796
111801
111802
111828
111810
111863
113675
111870
111882
111896
111978
111987
111992
111983
112002
111999
33607
33782
33802
33889
113188
113176
113194
113192
113127
113129
113155
113299
113302
113314
113300
113323
113325
113481
113483
103611
103623
103628
103607
113281
113282
109253
113206
113275
113529
113536
113524
113527
113537
113551
105324
103713
103712
105326
105352
105351
105355
105328
105348
105411
103729
103730
105408
103469
103572
103580
103583
103652
103660
103643
103642
103655
39903
40085
40084
40098
40112
50440
39904
40125
40104
40111
40103
105152
105156
105239
105169
105198
103691
105469
105474
105479
103763
103669
103680
103679
103681
103758
103686
103757
40004
40133
40010
40030
40035
40160
40169
40172
41275
41279
41290
41293
41295
41298
41301
41323
41324
29022
29030
29039
29034
29041
29037
29018
29036
52968
52969
53278
53280
53288
52910
53287
53429
52858
55085
55256
55257
55278
55271
55326
55328
55332
55338
55355
55359
53442
53444
53420
53443
53447
53552
53563
53604
49508
49510
49517
49435
49425
49426
49430
49439
49476
49528
49534
49538
49503
49513
49277
49260
49263
49485
49786
53785
54767
144226
144231
144421
144422
144435
144372
144359
144360
144233
144234
144341
144342
144338
144348
144354
144432
144444
144569
144584
144586
144628
195574
195573
195582
196342
196356
196355
196405
196419
196418
140132
141463
141497
146469
146470
151973
141470
141471
145411
141468
141473
189875
189880
190013
189960
139833
139995
139837
144822
139846
140007
140010
140114
140163
140111
140113
140133
140134
140130
189981
190055
190060
190062
190066
190068
190077
190106
190107
190070
190064
190073
186887
186888
189969
189991
189992
189976
186890
142348
142354
142358
141428
141432
141439
142388
141435
142177
142182
142228
142226
142235
142220
142224
142350
142222
141509
141513
146922
151938
151906
151868
141666
151820
141675
142243
142244
141819
141833
142245
141676
141691
141789
142176
142174
142248
55941
56026
56033
56061
56083
56085
56186
56188
56193
56197
56253
56260
56295
56220
56300
190546
190540
190541
190547
196674
196676
196678
196905
197254
197256
204081
204284
204296
204312
204336
204378
204381
204391
204400
207197
207201
204404
207614
207198
207209
207215
207255
207650
207230
207231
207161
207232
207243
207245
207244
207253
207259
207257
207258
196876
196840
196886
196928
196933
145966
145970
145979
145998
142364
151318
151317
151315
151319
151311
151325
203991
203999
204001
204061
204067
204084
204091
203975
203989
203594
203599
203647
203603
203646
203651
203669
203747
203749
203968
203973
203976
207452
207455
207450
207424
207527
207528
207529
198887
207438
207441
207453
207443
207526
207532
207165
207235
207469
207473
207486
207491
207541
207915
207922
207943
207975
207977
207984
208039
208058
208061
208364
208273
208268
208274
208281
208283
208284
208289
208241
208242
208277
208335
208336
208349
210564
210565
210574
208356
210567
210568
210570
210588
210648
210649
210676
178667
178867
178742
178752
178795
178798
178873
177554
163643
163658
166349
166348
166350
166332
184958
185006
185008
185052
185050
185048
185046
166243
166253
166281
166268
166274
166288
166588
166273
166318
166299
166319
166326
166827
166215
166217
166214
166244
166234
166238
180770
180785
180787
180802
180506
180533
182411
182434
182232
182233
182432
182486
168582
185813
173759
173751
173753
