1754
186919 186920 512
186919 187285 1704
186919 190606 508
189269 190828 261
189269 190829 183
190773 190828 183
189607 189304 698
189607 189606 330
189607 190726 207
190726 189607 207
190726 189609 373
190726 190828 209
135568 135574 788
135568 135577 1079
135571 135572 610
135571 135573 939
135595 135594 1140
135601 135594 475
135602 135594 789
135604 135613 551
136730 136732 279
136730 136733 1274
136670 189612 169
135576 135573 806
135577 135568 1079
135577 135578 848
199277 199276 857
199277 199279 862
199278 199273 748
199278 199276 1613
199288 199279 766
199288 199287 1337
199210 199208 839
199210 199246 1487
199210 199282 641
199285 199250 858
199285 199300 1043
199285 199302 2461
199303 199302 857
199305 199302 1667
199305 199304 766
199305 199307 1796
199309 199307 839
199309 199454 1649
199454 199309 1649
199454 199452 766
199454 199458 2238
199459 199458 936
199464 199474 336
214621 199471 848
214621 214936 2425
199873 199891 1854
199873 200050 769
199872 199871 793
199872 199890 2707
199872 199891 911
200046 200047 1782
200049 200047 1118
200049 200051 2289
200050 199873 769
200050 200051 1129
200050 200201 1782
200032 199991 2024
200032 200036 883
200032 200037 1679
199987 199986 987
199987 199990 2234
199991 199998 1146
199991 200032 2024
199871 199872 793
199871 199889 2718
214618 214468 370
199887 199889 881
199887 199940 594
199940 199887 594
199940 199946 563
199941 199962 662
199941 199969 1439
199937 199955 868
199942 199955 901
199942 199962 773
200530 200529 1468
200530 200532 756
199930 199929 555
199930 199932 787
199959 199961 745
199959 199962 1455
200456 200455 560
200464 200465 445
200468 200470 1366
200472 200470 1006
200528 200529 867
139522 139528 606
139527 139529 512
139527 139530 864
139527 139531 1503
200736 200942 2003
200736 200943 1971
200736 200978 1970
200492 200494 1892
200492 200495 939
199963 199961 891
199963 199962 930
199963 199969 974
200507 199969 1094
200507 200509 899
200538 200532 785
200538 200548 1044
200548 200538 1044
200548 200547 853
200500 200498 846
200500 200535 1455
200500 200537 1228
200534 200535 256
200523 200513 2894
200523 200524 2036
200560 200563 683
200560 200571 980
200524 200523 2036
200524 200561 900
200524 200562 2198
200563 200560 683
200563 200562 787
195078 195068 1649
195078 212593 458
200628 200620 321
200628 200634 393
212593 195078 458
212593 200625 393
200592 200593 1476
200600 198904 312
200600 200594 568
200617 200603 368
200617 200618 487
200639 200638 331
200622 200652 2096
200622 200653 1009
200623 200631 673
200623 200634 1766
200646 200647 392
200646 200648 682
225066 225051 2475
225066 234241 3601
225068 225067 3167
225075 235249 1696
235081 235082 2079
225437 225436 1913
225437 225440 450
225437 225445 555
225457 225456 746
225457 225456 746
225473 225471 1565
225473 225476 1357
225476 225473 1357
225476 225478 1147
225477 225478 84
225477 225479 1558
225197 225053 3907
235060 235061 2024
235060 235063 2753
235062 235054 3578
226872 226868 1607
226876 226870 1718
226876 226879 1741
226877 226880 2268
225008 225009 2225
225008 226904 1847
226905 226904 1051
226907 226904 1383
226907 235140 622
227280 227288 1124
227280 227289 2138
227281 227282 3515
227281 227284 2302
225843 225816 3779
225843 225845 4776
225909 225908 1010
225909 225930 893
225929 225930 1057
225903 225902 993
225903 234998 648
234997 234998 1969
234997 235000 1244
227301 227283 1093
227301 227302 1219
227369 227310 1124
227369 227370 1171
227371 227370 1234
227371 227372 669
227310 227311 5064
227310 227369 1124
227310 227376 2747
227396 227395 1470
227396 234913 1740
227350 227348 1605
227350 227352 2894
227382 227380 3897
227382 227404 920
227403 227402 3315
227403 227732 1285
227409 227412 1667
227409 227431 3851
227431 227409 3851
227431 227414 3355
235427 235426 2872
235427 235428 2608
227402 227364 2632
227402 227403 3315
235426 235427 2872
235426 235428 1161
226814 226816 1702
226814 227558 1060
227547 227541 679
227574 227575 4205
227574 234819 2074
227829 227830 1260
227829 227831 1336
227881 227882 237
227881 227883 1010
227872 227873 1114
234574 227831 688
227835 227837 2242
227835 234321 1373
227649 235519 617
235523 235522 404
235523 235524 625
227611 227609 445
227611 235231 624
227658 227587 1014
227585 227584 1772
227585 227589 782
227851 227856 373
227659 227657 2386
227659 227854 1000
233987 233986 936
233987 233995 1948
233991 233990 3880
233991 234137 417
233957 233956 1677
233957 233986 1026
233935 233934 1721
233935 233944 805
233968 233951 251
233968 233972 1088
233892 233884 4067
233934 233935 1721
233934 233936 335
233934 233937 983
233911 234363 619
233974 233975 1235
233974 233979 251
233982 234055 1114
233982 234058 586
233982 234059 1595
234059 233982 1595
234059 234071 1111
234083 234076 1608
234083 234078 1436
234095 234100 1343
234095 234101 936
234096 234080 912
234096 234108 1045
234101 234095 936
234101 234112 1914
234169 234168 1954
234169 234178 2335
234168 234169 1954
234168 234203 2138
234217 234207 1829
234217 234218 762
234221 234216 1220
234128 234129 5926
234128 234131 306
234783 234784 478
234123 234120 4654
234123 234781 2167
234782 234781 889
234137 233991 417
234137 234124 1700
234274 234275 524
226834 226836 3628
226834 226937 5883
226947 226938 4010
226947 226950 984
226950 226947 984
226950 234725 2789
227053 227052 1466
227053 227055 1900
227097 227088 511
227097 227099 3276
227098 227104 1759
226985 235314 1932
227444 227445 618
227444 227446 3973
234554 226981 2695
234554 227808 1063
235169 235160 3888
226920 226894 664
226920 235613 2788
227159 227112 146
227159 227160 2554
227179 227185 511
227475 227476 889
227449 227448 1454
227449 227450 2497
227449 227460 1222
227501 227460 3335
227501 227508 201
227508 227501 201
227508 227509 3115
227512 227515 921
227512 227516 3011
227514 227516 844
227514 227530 2475
227613 235231 145
227599 227598 1124
227599 227616 629
227623 227532 251
227623 227533 1124
6670 6666 1769
6670 35268 1177
6673 6671 2374
6673 6674 1611
227273 227186 1221
227273 227275 763
6730 6748 1977
6730 6751 1439
6750 6748 2316
6750 6759 3176
6808 6810 863
6776 6775 560
6776 6777 1906
6781 6780 2780
6781 34602 631
6787 6786 5071
7181 7182 1267
7181 7204 1422
7183 7180 692
7185 7153 2497
7185 7189 1502
7195 7196 465
7195 7198 1558
7219 7202 1807
7219 7221 4336
7220 7221 1764
7220 7631 1231
7206 7205 1393
7206 7207 2625
7213 7207 1196
7213 7214 1685
7211 7205 2431
7211 7207 1821
7214 7213 1685
7214 7616 725
7256 7260 1771
7777 7783 1773
7354 7291 2817
7354 7362 3619
7365 7362 7109
7365 7375 1191
7789 7790 900
7792 7796 1612
7813 7796 1187
7813 7819 453
34647 34648 995
7912 7908 1287
7912 7914 5613
7902 7881 1364
7902 34645 526
7903 7907 1016
7903 34199 1519
225513 225510 610
225859 225814 2945
225859 225861 1347
225885 225886 669
225885 234763 317
225907 225908 562
225907 225930 1192
225919 225896 2901
225919 225904 2352
225928 225935 68
225589 225590 736
225589 225591 134
225593 225591 549
225593 225597 889
225578 225570 6212
225578 225588 1704
225598 225587 1893
225598 225599 1334
225669 225670 1047
225669 225678 352
225687 225679 3848
225687 225686 1159
225715 225713 334
225715 225722 1330
225722 225715 1330
225722 225726 610
226381 226383 1466
226381 226392 1408
226401 226404 843
225515 225516 2908
225610 225607 1330
225610 225616 982
231913 234250 341
231913 234438 2381
225640 225636 251
225640 225638 893
225641 225635 1289
226405 226389 6382
226405 226404 2302
226405 226406 843
7846 7847 1767
7846 7848 747
7886 7889 1327
7888 7884 988
7888 7889 1346
8294 7935 2356
8294 7950 2308
8294 7964 4253
8320 8318 430
8320 8321 1288
8321 8320 1288
8321 34651 1871
8627 8621 1189
8627 8628 1093
8656 8657 936
8656 8658 1551
8351 8352 558
8351 8669 1392
8742 8735 2048
8742 8746 638
15876 34233 1270
16353 15974 533
16354 15973 655
16354 15974 1416
16354 16373 244
16589 16576 634
16589 16591 358
16573 16572 3092
16573 16584 1875
16591 16232 503
16591 16589 358
16593 16232 2205
16593 16598 896
16593 16611 978
16634 16633 951
16634 34604 999
16611 16593 978
16611 16614 1775
16620 16614 755
16620 16623 16
16621 16617 694
16621 16623 1063
16621 16624 993
16675 16674 1163
16854 16858 1055
16854 16859 757
16863 16859 769
16863 16865 1413
16864 16865 1165
16864 16866 266
16864 16867 719
21620 21619 688
11238 11239 1512
11241 11239 893
22446 22345 923
22445 22345 1114
22445 22375 588
22445 22447 809
22452 11265 1225
22452 22448 764
11357 11254 2856
11357 11356 2028
22397 22396 889
22419 22390 588
11269 11278 889
11269 22396 1850
11277 11266 782
11277 11278 1348
22411 22410 780
22423 22424 280
22464 22413 764
22464 22466 778
22465 22126 756
22465 22413 2223
11264 11265 755
11264 11266 1111
22128 22124 756
22128 22126 1667
22127 22124 2000
22127 22125 681
22123 22120 2111
22123 22121 1008
22123 22125 847
22151 22146 2000
22151 22152 1515
22234 22227 1428
22234 22233 1848
22234 22248 788
22241 22225 784
22146 22147 1595
22146 22151 2000
22252 22251 847
22236 22233 788
22248 22234 788
22248 22250 536
22268 22260 1097
22268 22264 2243
22264 22262 982
22264 22268 2243
22212 22041 788
22212 22207 610
22694 22689 950
22694 22692 826
22861 22696 504
22861 22862 418
22868 22862 826
22868 22869 2690
22872 22870 551
22896 22891 869
22899 22895 1223
22899 22900 1197
22909 22894 1600
22909 22911 924
22911 22908 788
22911 22909 924
22911 22921 2110
22692 22690 818
22692 22694 826
22042 22039 1700
22043 22039 1377
22043 22040 747
22043 22048 1576
22209 22041 279
22749 22743 719
22818 22750 3619
22818 22816 788
22971 22816 1062
22971 22972 950
22972 22815 1102
22972 22971 950
22975 22820 1808
22975 22976 884
22979 22976 950
22979 22977 275
22992 22978 826
22992 23002 1066
23002 22845 1377
23002 22992 1066
23004 23016 1028
23004 23019 2124
23012 23019 950
23015 23014 2712
23015 23017 1031
23015 23018 1120
23018 22860 796
23018 23013 2556
23018 23015 1120
23197 22860 1653
23197 23196 847
23212 23196 2161
23233 34287 298
23233 34288 358
23180 23181 2162
23180 23194 818
23219 23194 782
23219 23195 630
23219 28207 2348
28340 28342 84
23203 23169 840
23203 23179 475
23166 23153 1179
23168 23160 2162
23168 23161 847
23210 23198 452
23215 23217 418
23215 23218 2044
23177 23139 1426
23179 23170 904
23179 23203 475
23218 23215 2044
23218 23234 238
23218 23235 1455
28282 28206 344
28282 28277 452
28343 28205 333
28343 28210 672
28285 28284 599
28287 28286 516
28377 28379 688
28387 28379 1033
28270 28239 1577
28289 28280 782
28289 28294 516
28291 28290 86
28296 28290 1796
28296 28298 796
28394 28388 688
28394 28395 1364
28386 28379 818
28395 28394 1364
28395 28396 688
28404 28396 1031
28404 28397 1305
28404 28415 796
28429 28415 1739
28429 28416 688
28440 28459 6463
28804 28789 393
28841 24083 279
28841 28818 504
28809 28810 836
24083 28818 403
24083 28820 788
24083 28841 279
28792 28793 2081
28792 28794 818
28792 28810 2146
28749 28754 2449
28749 28778 1145
24129 24130 1809
24129 24393 1066
24394 24387 788
24394 24393 872
24396 24397 663
24396 24403 1438
24396 24404 1610
24505 24519 238
24114 28819 1810
24114 28847 809
24118 27398 173
28820 24083 788
28820 28817 1008
28820 28819 747
24532 24521 276
24554 24559 2180
24554 24560 605
24560 24554 605
24560 24573 2132
24560 24576 878
24561 24630 373
24608 24631 782
24608 24634 1543
24609 24634 650
24657 24660 336
24657 24663 2884
25187 24663 751
25187 25188 836
25187 25190 1153
25188 25187 836
25188 25199 537
11178 25201 960
11178 25212 821
25200 25208 2254
24772 20107 3462
25196 24781 2765
188575 188576 867
188575 188592 2733
189012 188592 834
189012 189011 606
189012 189014 450
189011 189012 606
189011 189014 774
189016 189017 869
189016 189018 843
189016 189023 3150
189017 189016 869
189017 189024 3144
189026 189024 810
189026 189049 1559
189050 189049 794
189050 189054 1550
188576 188575 867
188576 188577 794
188576 188591 2719
189196 189054 763
189196 189206 1559
189202 189206 737
189202 189218 664
189215 189220 810
189215 189222 2174
189223 189222 819
189265 189261 622
189265 189264 508
189261 189265 622
189261 190767 360
190829 189269 183
190829 190771 363
190829 190826 230
188590 188589 2474
188577 188576 794
188577 188588 2727
188587 188588 810
188587 188589 680
188587 189021 2344
188435 188436 771
188435 188446 1534
188447 188446 756
188447 188472 2711
188434 188428 752
188434 188436 1199
186832 186833 798
186832 188428 1460
188514 188515 1448
188514 190526 1539
188508 188507 761
188508 189041 1619
189043 189041 893
189084 189083 859
189084 189103 763
189084 189146 1560
189078 189077 785
189078 189088 1560
189079 189077 1568
189079 189082 838
189089 189088 935
189089 189108 1565
189096 189101 1535
189102 189101 782
189102 189105 1634
189107 189105 806
189107 189108 834
189107 189112 1553
188618 188603 827
188618 188617 1597
188619 188617 721
188619 188624 933
188619 188629 1527
188623 188624 735
188623 188627 813
188623 188631 1487
188628 188627 1526
188628 188826 737
188624 188619 933
188624 188623 735
188624 188630 1599
188768 188764 973
188768 188769 1600
188768 188821 828
188768 190640 3183
190640 188768 3183
190640 190641 2967
188472 188447 2711
188472 188471 778
188518 188471 2686
188518 188517 756
188473 188467 2599
188473 188474 884
188473 188475 3369
190639 188475 1257
190639 190646 1628
190530 190526 1853
186920 186919 512
186920 189311 1772
187285 186919 1704
187285 187094 1028
187285 187283 1031
187285 187295 854
190606 186919 508
190606 188295 887
190606 190605 163
190828 189269 261
190828 190726 209
190828 190769 388
190828 190773 183
189304 189305 1629
189304 189606 416
189304 189607 698
189304 189608 315
189606 189304 416
189606 189607 330
189606 189608 156
189606 189609 205
189609 189606 205
189609 190726 373
189609 190769 213
135574 135568 788
135574 135572 747
135574 135578 951
135572 135571 610
135572 135574 747
135572 135575 905
135573 135571 939
135573 135575 373
135573 135576 806
135594 135595 1140
135594 135601 475
135594 135602 789
135613 135604 551
135613 135614 782
136732 136730 279
136733 136730 1274
189612 136670 169
189612 189613 1302
135578 135574 951
135578 135575 848
135578 135577 848
199276 199200 749
199276 199274 883
199276 199277 857
199276 199278 1613
199279 199274 821
199279 199277 862
199279 199280 1373
199279 199288 766
199273 199199 784
199273 199200 1631
199273 199278 748
199273 199282 879
199287 199280 803
199287 199288 1337
199287 214726 292
199208 199205 766
199208 199206 604
199208 199209 1410
199208 199210 839
199246 199209 773
199246 199210 1487
199246 199250 1392
199282 199206 838
199282 199210 641
199282 199273 879
199250 199245 748
199250 199246 1392
199250 199285 858
199250 199300 604
199300 199249 779
199300 199250 604
199300 199285 1043
199300 199301 1887
199302 199285 2461
199302 199301 747
199302 199303 857
199302 199305 1667
199304 199255 747
199304 199301 1668
199304 199305 766
199304 199306 1794
199307 199305 1796
199307 199306 675
199307 199309 839
199307 199452 1665
199452 199307 1665
199452 199451 747
199452 199453 2221
199452 199454 766
199458 199453 766
199458 199454 2238
199458 199459 936
199474 199464 336
199474 199484 370
199474 214335 3805
199474 214469 1888
199471 199468 1280
199471 199470 1616
199471 214621 848
214936 214621 2425
199891 199872 911
199891 199873 1854
199891 199944 2796
199891 200201 772
199890 199872 2707
199890 199889 683
199890 199944 881
199890 199945 1709
200047 200046 1782
200047 200049 1118
200047 200052 793
200047 200053 2271
200051 200049 2289
200051 200050 1129
200051 200053 1120
200051 200203 1855
200201 199891 772
200201 200050 1782
200201 200203 1120
200201 200215 2779
200036 200032 883
200036 200034 1172
200036 200038 791
200036 200039 1710
200037 200032 1679
200037 200039 1010
200037 200048 329
200037 200052 1785
199986 199987 987
199990 199987 2234
199990 199993 527
199990 199998 518
199998 199990 518
199998 199991 1146
199998 199997 1422
199998 200001 1339
199998 200034 1100
199889 199871 2718
199889 199887 881
199889 199890 683
199889 199943 1172
214468 214469 475
214468 214618 370
199946 199940 563
199946 199943 452
199946 199965 447
199962 199941 662
199962 199942 773
199962 199959 1455
199962 199963 930
199969 199941 1439
199969 199963 974
199969 199971 891
199969 200507 1094
199955 199937 868
199955 199942 901
200529 200528 867
200529 200530 1468
200529 200531 665
200532 200530 756
200532 200531 1487
200532 200538 785
200532 200547 889
199929 199930 555
199929 199931 883
199932 199930 787
199961 199959 745
199961 199963 891
199961 199964 1100
200455 200456 560
200465 200464 445
200470 200468 1366
200470 200472 1006
200470 203839 768
139528 139522 606
139529 139527 512
139530 139527 864
139531 139527 1503
200942 200736 2003
200942 200940 925
200942 200944 2636
200942 200978 340
200943 200736 1971
200943 200977 867
200943 200978 370
200943 200979 1437
200978 200736 1970
200978 200942 340
200978 200943 370
200978 200980 2656
200494 200492 1892
200495 200492 939
200495 200496 2027
200495 200497 796
200509 199971 611
200509 200507 899
200509 200510 883
200547 200532 889
200547 200548 853
200547 214723 1230
200498 200497 1120
200498 200499 1347
200498 200500 846
200535 200497 937
200535 200500 1455
200535 200534 256
200537 200500 1228
200513 200514 1099
200513 200515 894
200513 200523 2894
200571 200560 980
200561 200524 900
200562 200524 2198
200562 200563 787
195068 195078 1649
200620 200628 321
200634 200623 1766
200634 200628 393
200625 212593 393
200593 200592 1476
200593 200594 182
198904 200600 312
200594 200593 182
200594 200600 568
200603 200617 368
200618 200617 487
200638 200639 331
200652 200622 2096
200653 200622 1009
200631 200623 673
200647 200646 392
200648 200646 682
225051 225066 2475
234241 225066 3601
225067 225068 3167
235249 225075 1696
235082 235081 2079
225436 225437 1913
225440 225437 450
225445 225437 555
225456 225457 746
225456 225457 746
225456 225471 1470
225471 225456 1470
225471 225473 1565
225478 225476 1147
225478 225477 84
225479 225477 1558
225053 225197 3907
235061 235060 2024
235063 235060 2753
235054 235062 3578
226868 226872 1607
226870 226876 1718
226879 226876 1741
226879 226880 2611
226880 226877 2268
226880 226879 2611
225009 225008 2225
226904 225008 1847
226904 226905 1051
226904 226907 1383
235140 226907 622
227288 227280 1124
227289 227280 2138
227282 227281 3515
227284 227281 2302
227284 227283 1019
225816 225814 6369
225816 225843 3779
225845 225843 4776
225908 225907 562
225908 225909 1010
225930 225907 1192
225930 225909 893
225930 225929 1057
225902 225903 993
234998 225903 648
234998 234997 1969
234998 235000 2255
235000 234997 1244
235000 234998 2255
227283 227284 1019
227283 227301 1093
227302 227301 1219
227370 227369 1171
227370 227371 1234
227372 227371 669
227311 227310 5064
227376 227310 2747
227376 234913 4009
227395 227396 1470
234913 227376 4009
234913 227396 1740
227348 227350 1605
227352 227350 2894
227380 227382 3897
227404 227382 920
227732 227403 1285
227412 227409 1667
227412 227414 1004
227414 227412 1004
227414 227431 3355
235428 235426 1161
235428 235427 2608
227364 227402 2632
226816 226814 1702
227558 226814 1060
227541 227547 679
227575 227574 4205
234819 227574 2074
227830 227829 1260
227831 227829 1336
227831 234574 688
227882 227881 237
227883 227881 1010
227873 227872 1114
227837 227835 2242
234321 227835 1373
235519 227649 617
235522 235523 404
235524 235523 625
227609 227611 445
235231 227611 624
235231 227613 145
227587 227657 844
227587 227658 1014
227584 227585 1772
227589 227585 782
227589 227854 2303
227856 227851 373
227657 227587 844
227657 227659 2386
227854 227589 2303
227854 227659 1000
233986 233957 1026
233986 233987 936
233995 233987 1948
233990 233991 3880
233990 234120 5048
233956 233957 1677
233944 233935 805
233951 233968 251
233972 233968 1088
233884 233892 4067
233936 233934 335
233937 233934 983
234363 233911 619
233975 233974 1235
233979 233974 251
234055 233982 1114
234058 233982 586
234071 234059 1111
234076 234083 1608
234078 234080 1164
234078 234083 1436
234100 234095 1343
234080 234078 1164
234080 234096 912
234108 234096 1045
234108 234112 563
234112 234101 1914
234112 234108 563
234178 234169 2335
234203 234168 2138
234203 234207 1011
234207 234203 1011
234207 234217 1829
234218 234217 762
234216 234221 1220
234129 234128 5926
234131 234128 306
234784 234783 478
234120 233990 5048
234120 234123 4654
234781 234123 2167
234781 234782 889
234124 234137 1700
234275 234274 524
226836 226834 3628
226937 226834 5883
226938 226947 4010
234725 226950 2789
227052 227053 1466
227052 227055 980
227055 227052 980
227055 227053 1900
227088 227097 511
227099 227097 3276
227099 227104 679
227104 227098 1759
227104 227099 679
235314 226985 1932
227445 227444 618
227446 227444 3973
227446 227448 3129
226981 234554 2695
227808 234554 1063
235160 235169 3888
226894 226920 664
235613 226920 2788
227112 227159 146
227160 227159 2554
227185 227179 511
227185 227186 3388
227476 227475 889
227448 227446 3129
227448 227449 1454
227450 227449 2497
227460 227449 1222
227460 227501 3335
227509 227508 3115
227515 227512 921
227516 227512 3011
227516 227514 844
227530 227514 2475
227530 227533 1344
227598 227599 1124
227598 227616 494
227616 227598 494
227616 227599 629
227532 227623 251
227533 227530 1344
227533 227623 1124
6666 6670 1769
35268 6670 1177
6671 6673 2374
6674 6673 1611
227186 227185 3388
227186 227273 1221
227275 227273 763
6748 6730 1977
6748 6750 2316
6751 6730 1439
6759 6750 3176
6810 6808 863
6775 6776 560
6777 6776 1906
6780 6781 2780
34602 6781 631
6786 6787 5071
7182 7181 1267
7204 7181 1422
7180 7183 692
7153 7185 2497
7189 7185 1502
7196 7195 465
7198 7195 1558
7202 7219 1807
7221 7219 4336
7221 7220 1764
7631 7220 1231
7205 7206 1393
7205 7211 2431
7207 7206 2625
7207 7211 1821
7207 7213 1196
7616 7214 725
7260 7256 1771
7783 7777 1773
7291 7354 2817
7362 7354 3619
7362 7365 7109
7375 7365 1191
7790 7789 900
7796 7792 1612
7796 7813 1187
7819 7813 453
7819 7908 7778
34648 34647 995
7908 7819 7778
7908 7912 1287
7914 7912 5613
7881 7902 1364
34645 7902 526
7907 7903 1016
34199 7903 1519
225510 225513 610
225814 225816 6369
225814 225859 2945
225861 225859 1347
225886 225885 669
234763 225885 317
225896 225919 2901
225904 225919 2352
225935 225928 68
225590 225589 736
225591 225589 134
225591 225593 549
225597 225593 889
225570 225578 6212
225588 225578 1704
225587 225598 1893
225599 225598 1334
225670 225669 1047
225678 225669 352
225678 225679 747
225679 225678 747
225679 225687 3848
225686 225687 1159
225713 225715 334
225726 225722 610
226383 226381 1466
226392 226381 1408
226404 226401 843
226404 226405 2302
225516 225515 2908
225607 225610 1330
225616 225610 982
234250 231913 341
234438 231913 2381
225636 225640 251
225638 225640 893
225635 225641 1289
226389 226405 6382
226406 226405 843
7847 7846 1767
7848 7846 747
7889 7886 1327
7889 7888 1346
7884 7888 988
7935 8294 2356
7950 8294 2308
7964 8294 4253
8318 8320 430
34651 8321 1871
8621 8627 1189
8628 8627 1093
8657 8656 936
8658 8656 1551
8352 8351 558
8669 8351 1392
8735 8742 2048
8746 8742 638
34233 15876 1270
15974 16353 533
15974 16354 1416
15973 16354 655
16373 16354 244
16576 16589 634
16572 16573 3092
16584 16573 1875
16232 16591 503
16232 16593 2205
16598 16593 896
16633 16634 951
34604 16634 999
16614 16611 1775
16614 16617 1101
16614 16620 755
16623 16620 16
16623 16621 1063
16617 16614 1101
16617 16621 694
16624 16621 993
16674 16675 1163
16858 16854 1055
16859 16854 757
16859 16863 769
16865 16863 1413
16865 16864 1165
16866 16864 266
16867 16864 719
21619 21620 688
11239 11238 1512
11239 11241 893
22345 22445 1114
22345 22446 923
22375 22445 588
22375 22447 556
22447 22375 556
22447 22445 809
11265 11264 755
11265 22452 1225
22448 22452 764
11254 11357 2856
11356 11357 2028
22396 11269 1850
22396 22397 889
22390 22419 588
11278 11269 889
11278 11277 1348
11266 11264 1111
11266 11277 782
22410 22411 780
22424 22423 280
22413 22464 764
22413 22465 2223
22466 22464 778
22126 22128 1667
22126 22465 756
22124 22127 2000
22124 22128 756
22125 22123 847
22125 22127 681
22120 22123 2111
22121 22123 1008
22152 22151 1515
22227 22225 756
22227 22234 1428
22233 22234 1848
22233 22236 788
22225 22227 756
22225 22241 784
22147 22146 1595
22251 22252 847
22250 22248 536
22260 22268 1097
22262 22264 982
22041 22209 279
22041 22212 788
22207 22212 610
22689 22690 806
22689 22694 950
22689 22696 1025
22696 22689 1025
22696 22861 504
22862 22861 418
22862 22868 826
22869 22868 2690
22869 22870 588
22870 22869 588
22870 22872 551
22891 22895 562
22891 22896 869
22895 22891 562
22895 22899 1223
22900 22899 1197
22894 22909 1600
22908 22911 788
22921 22911 2110
22690 22689 806
22690 22692 818
22039 22042 1700
22039 22043 1377
22040 22043 747
22048 22043 1576
22743 22749 719
22750 22818 3619
22816 22815 847
22816 22818 788
22816 22971 1062
22815 22816 847
22815 22820 847
22815 22972 1102
22820 22815 847
22820 22975 1808
22976 22975 884
22976 22979 950
22977 22978 1426
22977 22979 275
22978 22977 1426
22978 22992 826
22845 23002 1377
23016 23004 1028
23016 23014 927
23016 23017 2398
23019 23004 2124
23019 23012 950
23019 23017 983
23014 23013 1055
23014 23015 2712
23014 23016 927
23017 23015 1031
23017 23016 2398
23017 23019 983
22860 23018 796
22860 23197 1653
23013 23014 1055
23013 23018 2556
23196 23197 847
23196 23198 610
23196 23212 2161
34287 23233 298
34288 23233 358
23181 23180 2162
23194 23180 818
23194 23219 782
23195 23219 630
28207 23219 2348
28207 28205 924
28207 28342 676
28342 28207 676
28342 28340 84
23169 23203 840
23153 23139 649
23153 23166 1179
23160 23168 2162
23161 23168 847
23161 23198 1576
23198 23161 1576
23198 23196 610
23198 23210 452
23217 23215 418
23139 23153 649
23139 23177 1426
23170 23179 904
23234 23218 238
23235 23218 1455
28206 28282 344
28277 28282 452
28277 28284 344
28205 28207 924
28205 28343 333
28210 28343 672
28284 28277 344
28284 28285 599
28286 28287 516
28379 28377 688
28379 28386 818
28379 28387 1033
28239 28270 1577
28280 28289 782
28294 28289 516
28290 28291 86
28290 28296 1796
28298 28296 796
28298 28388 1280
28388 28298 1280
28388 28394 688
28388 28396 1364
28388 28397 905
28396 28388 1364
28396 28395 688
28396 28404 1031
28397 28388 905
28397 28404 1305
28415 28404 796
28415 28429 1739
28416 28429 688
28459 28440 6463
28789 28804 393
28818 24083 403
28818 28810 1353
28818 28817 983
28818 28841 504
28810 28792 2146
28810 28809 836
28810 28818 1353
28793 28792 2081
28794 28792 818
28754 28749 2449
28778 28749 1145
24130 24129 1809
24393 24129 1066
24393 24394 872
24387 24394 788
24387 24397 946
24397 24387 946
24397 24396 663
24403 24396 1438
24404 24396 1610
24404 24519 788
24519 24404 788
24519 24505 238
24519 24521 672
28819 24114 1810
28819 28820 747
28847 24114 809
27398 24118 173
28817 28818 983
28817 28820 1008
24521 24519 672
24521 24532 276
24559 24554 2180
24559 24573 676
24573 24559 676
24573 24560 2132
24576 24560 878
24630 24561 373
24630 24631 738
24631 24608 782
24631 24630 738
24634 24608 1543
24634 24609 650
24660 24657 336
24663 24657 2884
24663 25187 751
25190 25187 1153
25199 25188 537
25201 11178 960
25212 11178 821
25208 25200 2254
20107 24772 3462
24781 25196 2765
188592 188575 2733
188592 188591 769
188592 189012 834
189014 189011 774
189014 189012 450
189014 189018 2319
189018 189014 2319
189018 189016 843
189023 189016 3150
189023 189024 802
189024 189017 3144
189024 189023 802
189024 189026 810
189049 189026 1559
189049 189050 794
189054 189050 1550
189054 189196 763
188591 188576 2719
188591 188588 810
188591 188592 769
189206 189196 1559
189206 189202 737
189218 189202 664
189218 189220 876
189220 189215 810
189220 189218 876
189222 189215 2174
189222 189223 819
189264 189265 508
190767 189261 360
190767 190826 638
190771 190769 81
190771 190826 147
190771 190829 363
190826 190767 638
190826 190771 147
190826 190829 230
188589 188515 2736
188589 188587 680
188589 188590 2474
188589 190526 724
188588 188577 2727
188588 188587 810
188588 188591 810
189021 188515 805
189021 188587 2344
188436 188434 1199
188436 188435 771
188446 188435 1534
188446 188447 756
188446 188471 2745
188428 186832 1460
188428 188434 752
186833 186832 798
188515 188514 1448
188515 188589 2736
188515 189021 805
190526 188514 1539
190526 188589 724
190526 190530 1853
188507 188508 761
189041 188508 1619
189041 189043 893
189083 189084 859
189103 189084 763
189146 189084 1560
189077 189078 785
189077 189079 1568
189088 189078 1560
189088 189089 935
189082 189079 838
189108 189089 1565
189108 189107 834
189101 189096 1535
189101 189102 782
189105 189102 1634
189105 189107 806
189112 189107 1553
188603 188618 827
188617 188618 1597
188617 188619 721
188629 188619 1527
188629 188630 917
188627 188623 813
188627 188628 1526
188631 188623 1487
188631 188630 801
188826 188628 737
188630 188624 1599
188630 188629 917
188630 188631 801
188764 188768 973
188769 188768 1600
188821 188768 828
190641 190640 2967
188471 188446 2745
188471 188472 778
188471 188518 2686
188517 188474 794
188517 188518 756
188467 188473 2599
188474 188473 884
188474 188517 794
188475 188473 3369
188475 190639 1257
190646 190639 1628
189311 186920 1772
187094 187285 1028
187094 190605 465
187283 187285 1031
187295 187285 854
188295 190606 887
190605 187094 465
190605 190606 163
190769 189609 213
190769 190771 81
190769 190828 388
189305 189304 1629
189608 189304 315
189608 189606 156
135575 135572 905
135575 135573 373
135575 135578 848
135614 135613 782
189613 189612 1302
199200 199273 1631
199200 199276 749
199274 199276 883
199274 199279 821
199280 199279 1373
199280 199287 803
199199 199206 899
199199 199273 784
214726 199287 292
199205 199208 766
199206 199199 899
199206 199208 604
199206 199282 838
199209 199208 1410
199209 199245 1502
199209 199246 773
199245 199209 1502
199245 199249 824
199245 199250 748
199249 199245 824
199249 199300 779
199301 199300 1887
199301 199302 747
199301 199304 1668
199255 199304 747
199306 199304 1794
199306 199307 675
199306 199451 1668
199451 199306 1668
199451 199452 747
199453 199452 2221
199453 199458 766
199484 199474 370
214335 199474 3805
214469 199474 1888
214469 214468 475
199468 199471 1280
199470 199471 1616
199944 199890 881
199944 199891 2796
199944 200215 793
199945 199890 1709
199945 199943 901
200052 200037 1785
200052 200047 793
200053 200047 2271
200053 200051 1120
200203 200051 1855
200203 200201 1120
200215 199944 793
200215 200201 2779
200034 199998 1100
200034 200036 1172
200038 200036 791
200039 200036 1710
200039 200037 1010
200048 200037 329
199993 199990 527
199993 199997 1020
199997 199993 1020
199997 199998 1422
200001 199998 1339
199943 199889 1172
199943 199945 901
199943 199946 452
199965 199946 447
199971 199969 891
199971 200509 611
200531 200529 665
200531 200532 1487
199931 199929 883
199964 199961 1100
203839 200470 768
200940 200942 925
200944 200942 2636
200977 200943 867
200979 200943 1437
200980 200978 2656
200496 200495 2027
200497 200495 796
200497 200498 1120
200497 200535 937
200510 200509 883
214723 200547 1230
200499 200498 1347
200514 200513 1099
200515 200513 894
805
186919
189269
190773
189607
190726
135568
135571
135595
135601
135602
135604
136730
136670
135576
135577
199277
199278
199288
199210
199285
199303
199305
199309
199454
199459
199464
214621
199873
199872
200046
200049
200050
200032
199987
199991
199871
214618
199887
199940
199941
199937
199942
200530
199930
199959
200456
200464
200468
200472
200528
139522
139527
200736
200492
199963
200507
200538
200548
200500
200534
200523
200560
200524
200563
195078
200628
212593
200592
200600
200617
200639
200622
200623
200646
225066
225068
225075
235081
225437
225457
225473
225476
225477
225197
235060
235062
226872
226876
226877
225008
226905
226907
227280
227281
225843
225909
225929
225903
234997
227301
227369
227371
227310
227396
227350
227382
227403
227409
227431
235427
227402
235426
226814
227547
227574
227829
227881
227872
234574
227835
227649
235523
227611
227658
227585
227851
227659
233987
233991
233957
233935
233968
233892
233934
233911
233974
233982
234059
234083
234095
234096
234101
234169
234168
234217
234221
234128
234783
234123
234782
234137
234274
226834
226947
226950
227053
227097
227098
226985
227444
234554
235169
226920
227159
227179
227475
227449
227501
227508
227512
227514
227613
227599
227623
6670
6673
227273
6730
6750
6808
6776
6781
6787
7181
7183
7185
7195
7219
7220
7206
7213
7211
7214
7256
7777
7354
7365
7789
7792
7813
34647
7912
7902
7903
225513
225859
225885
225907
225919
225928
225589
225593
225578
225598
225669
225687
225715
225722
226381
226401
225515
225610
231913
225640
225641
226405
7846
7886
7888
8294
8320
8321
8627
8656
8351
8742
15876
16353
16354
16589
16573
16591
16593
16634
16611
16620
16621
16675
16854
16863
16864
21620
11238
11241
22446
22445
22452
11357
22397
22419
11269
11277
22411
22423
22464
22465
11264
22128
22127
22123
22151
22234
22241
22146
22252
22236
22248
22268
22264
22212
22694
22861
22868
22872
22896
22899
22909
22911
22692
22042
22043
22209
22749
22818
22971
22972
22975
22979
22992
23002
23004
23012
23015
23018
23197
23212
23233
23180
23219
28340
23203
23166
23168
23210
23215
23177
23179
23218
28282
28343
28285
28287
28377
28387
28270
28289
28291
28296
28394
28386
28395
28404
28429
28440
28804
28841
28809
24083
28792
28749
24129
24394
24396
24505
24114
24118
28820
24532
24554
24560
24561
24608
24609
24657
25187
25188
11178
25200
24772
25196
188575
189012
189011
189016
189017
189026
189050
188576
189196
189202
189215
189223
189265
189261
190829
188590
188577
188587
188435
188447
188434
186832
188514
188508
189043
189084
189078
189079
189089
189096
189102
189107
188618
188619
188623
188628
188624
188768
190640
188472
188518
188473
190639
190530
186920
200571
200561
200562
195068
200620
200634
200625
198904
200594
200603
200638
200652
200631
200648
225051
225067
225436
225440
225445
225471
225478
225479
225053
235061
235063
235054
226868
226870
226879
226880
227288
227289
227282
227284
225816
225845
225908
225902
235000
227283
227311
227376
234913
227348
227352
227380
227404
227412
227414
227364
227558
227541
227575
227831
234321
235519
235522
227609
227587
227584
227589
227657
227854
233986
233990
233944
233951
233972
233884
233936
233937
234363
233979
234055
234071
234076
234078
234112
234178
234203
234207
234216
234131
234784
234120
234124
226836
226937
226938
234725
227052
227055
227088
227099
227104
227445
227446
226981
227808
235160
226894
227112
227185
227448
227450
227460
227509
227515
227516
227530
227598
227532
227533
6666
6671
227186
6748
6759
6775
6780
34602
6786
7204
7180
7153
7189
7198
7202
7221
7205
7616
7291
7362
7375
7796
7819
7908
7914
7881
7907
34199
225510
225814
225861
225896
225904
225935
225590
225591
225597
225570
225588
225587
225599
225670
225678
225679
225686
225713
225726
226383
226392
225516
225607
225636
225638
225635
226389
226406
7848
7889
7884
7935
7950
7964
8318
8621
8628
8658
8669
8735
8746
15974
15973
16373
16576
16572
16584
16232
16598
16633
16614
16617
16674
16859
16865
16867
21619
11239
22345
22375
22447
11265
22448
11254
11356
22396
22390
11278
11266
22424
22413
22466
22126
22124
22125
22120
22121
22227
22233
22225
22251
22260
22262
22041
22207
22689
22696
22862
22869
22870
22891
22895
22900
22894
22908
22690
22039
22040
22743
22750
22816
22815
22820
22976
22977
22978
22845
22860
23013
23196
23194
23195
28207
23169
23153
23160
23161
23139
23170
28206
28277
28205
28210
28284
28286
28239
28280
28290
28298
28397
28415
28416
28459
28789
28810
28794
24130
24393
24387
24403
24404
28819
28847
27398
28817
24521
24559
24573
24576
24630
24631
24634
24660
24663
25208
20107
24781
188592
189014
189018
189023
189024
189049
189054
188591
189206
189218
189220
189222
189264
190767
190771
190826
188588
189021
188436
188446
188428
186833
188515
188507
189041
189083
189103
189146
189077
189088
189082
189108
189101
189105
189112
188603
188617
188629
188627
188631
188826
188630
188764
188769
188821
190641
188471
188517
188467
188474
188475
190646
189311
187094
187283
187295
188295
190769
189305
189608
189613
199200
199274
199280
199199
214726
199205
199209
199245
199249
199301
199255
199306
199451
199453
199484
214335
199468
199470
199944
199945
200052
200053
200203
200215
200034
200038
200039
199993
199997
200001
199971
200531
200940
200944
200977
200979
200980
200510
214723
200514
200515
