1096
35158 35153 2606
35158 35167 434
29461 29460 1803
29498 29497 655
29499 29502 293
29499 30329 627
30332 30331 1145
30583 30585 573
30583 30588 828
30481 30482 526
30481 30483 1096
30484 30485 1106
30625 30485 1880
35202 35203 134
30846 30834 1372
30846 30845 1429
30850 30832 1335
30850 35392 889
30851 30834 3138
30851 30852 1282
30874 31718 377
31723 31714 1195
31723 31735 3257
31724 31770 2013
31724 32666 1892
32658 32661 1508
32658 32664 1420
30385 30346 3124
30385 30399 3546
30407 30405 938
30407 30408 937
30413 30403 721
30413 30419 2230
30423 30420 3395
30423 30422 1623
34526 30538 4406
29585 29584 3521
29585 30788 2974
32470 21417 3507
32470 35195 863
30788 29584 2509
30788 29585 2974
30805 30804 674
30805 32503 709
30799 30798 217
30799 30801 2551
30789 30790 1994
30789 30795 1492
30798 30799 217
30798 30813 7230
30669 30670 538
30669 30671 3286
30812 30813 319
30812 30819 2304
29516 29512 1651
29516 29517 501
29518 29514 2516
29518 29524 455
31714 31717 1385
31714 31723 1195
31714 31731 3111
31717 31714 1385
31717 31727 2869
31732 31727 890
31732 31739 1012
31734 31739 1613
31734 31746 1157
31138 31746 2246
31138 35216 938
31745 31751 1422
31745 31753 911
31752 31753 911
31752 31755 1084
31164 31756 1326
7037 7038 822
7037 31761 954
7037 31782 921
31779 31757 593
31779 31761 1412
31808 31809 2829
31808 31810 1897
31819 31810 698
31833 31830 1422
31833 31832 283
31838 31837 782
31842 31837 1227
31842 32839 873
32840 32841 1207
32840 32843 1361
32844 32843 808
32883 32843 1407
32883 32884 473
32892 32884 2227
32897 32905 649
32906 32905 2270
32906 32953 1083
32954 32953 1538
32904 32903 3198
32904 32907 1288
32991 32974 1430
32991 32992 1714
33074 33139 448
33074 35239 712
33135 33003 1405
33135 33134 509
33137 33003 793
33137 33004 1598
33137 33139 896
33140 33142 676
33140 33144 3404
33083 33145 783
33083 33155 4305
33145 33083 783
33145 33144 680
33145 33160 1292
14366 14367 1089
14366 35091 350
33200 33201 949
33200 33208 889
33205 33210 1978
33205 33211 1629
33211 33205 1629
33211 33213 511
33217 33218 1298
33437 33436 1222
33437 33440 1344
33440 33437 1344
33440 33438 418
33443 33253 1253
33443 33439 1407
33443 33448 871
33667 16937 1066
33667 33664 1610
33458 33450 1253
33458 33459 2813
33459 33451 1025
33459 33458 2813
33648 34851 153
33648 34851 153
33649 33643 4483
33649 33661 1004
33662 33661 1066
33662 35344 686
33663 33675 1809
33663 33680 1085
33669 33668 604
16939 16937 1188
16939 16959 336
16962 16960 1453
16994 16995 676
16994 16996 434
17467 17468 924
17467 17472 610
17470 17478 2003
17470 17479 2347
16984 16983 511
16984 16986 1220
16999 16992 562
16999 17000 3220
16999 17033 2696
16988 16986 1007
16988 17061 1848
17061 16988 1848
17061 17058 1066
17000 16999 3220
17000 17033 1375
17034 17030 1347
17073 17066 747
17073 17078 938
17094 17089 475
17094 17097 688
17094 17098 827
17086 17085 1292
17097 17088 354
17097 17094 688
17117 17102 628
17118 17120 1741
17118 17121 707
17121 17118 707
17121 17122 1742
17160 17173 975
17160 17174 2086
17174 17160 2086
17174 17175 750
17568 17722 756
17568 17724 238
17586 17588 713
17586 17746 1974
17587 17724 1495
17587 17746 847
17031 16997 847
17479 17470 2347
17479 17478 871
17480 17478 1031
17480 17484 1013
17518 17484 1031
17518 17519 1314
17709 17710 2879
17650 17210 947
17652 17653 688
17652 17706 1074
17707 17653 1689
17707 17711 1611
17284 17275 3535
17308 17292 1495
17308 17315 610
17728 17732 354
17805 17802 1101
17806 17804 1901
17806 17822 903
17824 17786 1689
17824 17823 597
17824 17830 3402
17828 17827 719
17830 17824 3402
17830 17831 982
17924 17920 788
17924 17925 1955
17933 17925 1141
17886 17885 688
17886 17887 982
17889 17870 1532
17889 17887 713
17891 17904 676
17891 17926 434
17926 17891 434
17926 17928 635
17902 17900 893
17902 17903 336
17902 17907 983
17927 17928 895
17927 17963 516
17908 17907 688
17870 17867 1504
17870 17889 1532
17870 17893 1222
17899 17900 809
17899 17904 1737
18511 18288 1851
18511 18510 2955
18173 18160 1028
18173 18209 290
18173 34111 188
18228 18215 1292
18228 18218 1964
18228 18230 3655
18228 18275 2436
18276 18234 562
18277 18284 344
18277 18286 504
6518 6516 2559
6518 6517 449
6518 18305 688
18306 6517 1117
18306 18295 233
18306 34182 2435
18308 18309 1530
18308 18310 347
18562 18563 354
18562 18564 344
18749 18747 764
18749 18752 2578
18680 18679 2376
18680 18681 1602
18680 18682 708
18680 18803 1398
18798 18796 1268
18798 18804 93
18805 18803 788
18823 18821 869
18822 18821 1901
18822 18829 475
18829 18820 201
18829 18822 475
18845 18832 1273
18848 18999 1080
25304 18980 1854
25304 18983 737
18980 18971 676
18980 18978 2970
18980 25304 1854
18981 18978 708
18990 18989 2171
18991 18989 826
18991 18998 1248
25351 25339 1416
25351 25350 818
25351 25352 905
25352 25345 1304
25352 25351 905
25296 25290 905
25296 25333 1304
25296 25349 1085
25299 25290 1901
25299 25295 1055
25303 25302 1445
25349 25296 1085
25349 25335 1467
25349 25350 796
25343 25340 1299
25343 25344 737
25343 25347 201
25346 25344 629
25346 25345 1014
25370 25373 1106
25370 25374 1018
25374 25370 1018
25374 25408 1398
26726 26723 1140
26729 26727 276
26908 26912 1028
26693 26692 1208
26693 26695 1344
26699 26695 1409
26699 26701 1066
26700 26701 738
26689 26682 2281
26689 26694 474
26682 26679 939
26682 26689 2281
26691 26688 1762
26371 26365 1668
26371 35276 556
26302 26300 1476
26302 26701 1672
26322 26320 2414
26322 26324 927
26322 26364 1344
26368 26324 3900
26368 26381 747
26364 26319 2280
26364 26322 1344
26239 26237 2950
26239 26287 1254
26239 26319 1115
26365 26287 2347
26365 26301 1205
26365 26371 1668
26392 26380 676
26392 26385 1344
26399 26385 939
26399 26390 1394
26391 26380 1152
26391 26381 551
26410 27070 474
26429 26431 1161
26433 26428 836
26433 26431 1210
26434 26428 1209
26434 26439 927
26488 26439 2616
26488 26440 927
26510 26440 2213
26510 26513 848
26529 26528 1345
26336 26334 139
26304 29168 1684
26305 26413 1745
26344 26340 677
26335 26334 557
26335 26340 2826
26356 26357 1854
26356 26358 677
26357 26356 1854
26357 26416 1967
26357 26418 2012
26414 26413 1009
26414 26415 373
26414 26416 1818
26339 26338 2668
26351 26328 1810
26351 26350 1885
26350 26328 1482
26350 26351 1885
26350 26377 2081
26361 26362 1345
26378 26379 1115
26378 26383 1427
26404 26402 878
26405 26387 738
26405 26402 2814
26522 26521 1073
26522 26528 2068
26523 26519 403
27374 27371 1307
27374 27373 873
53344 56756 303
56755 56756 46
56755 56758 79
29422 29421 1210
29422 29421 1210
29422 29427 951
29422 53361 1907
29415 29416 7730
29415 29435 807
53241 53189 1008
53241 53240 1085
53181 53179 873
53181 53186 1255
53181 53369 1115
53187 53186 738
53187 53188 836
53363 53178 810
53363 53364 697
53363 53366 697
53367 53358 1672
53367 53366 1812
53364 53179 1623
53364 53363 697
53389 53393 111
54955 54957 1067
54975 54976 884
54980 55557 1719
54980 55558 1120
55559 55557 2131
55559 55560 928
55559 55584 2887
55583 55584 747
55583 55587 1746
55583 55588 747
55635 55588 1120
55635 55636 1412
55637 55640 807
55639 55640 928
53662 53396 355
53662 53661 1354
53668 53669 452
53705 53734 6939
53736 53734 511
53736 53737 1634
141201 141202 1458
141203 141202 773
141203 141220 390
141203 141221 249
141185 141255 755
141185 141260 2562
141188 141189 166
141188 141190 358
141233 141189 967
141233 141234 262
141220 141203 390
141220 141221 438
141223 141224 148
141223 141234 939
141223 151878 1115
141252 141253 1570
141252 141254 956
141252 141255 2110
195381 195366 1263
214440 195331 470
214441 195339 2042
214441 195368 973
195367 195368 5091
195367 195369 2018
195363 195369 378
195363 195370 782
195363 195371 1103
195364 195371 272
195362 195366 2247
195365 195366 2126
141271 141259 1851
141259 141271 1851
141274 141277 292
141277 141274 292
140882 140883 1220
140883 140882 1220
140971 140969 1167
140969 140971 1167
141193 141202 751
186275 186276 705
186534 186543 820
186543 186534 820
186543 186545 784
186200 186660 735
186660 186200 735
186545 186543 784
186710 186714 278
186714 186710 278
186734 186777 780
186777 186734 780
186781 186782 746
186791 186782 1053
186806 186813 1081
186863 186860 809
186782 186781 746
186782 186791 1053
186860 186863 809
186813 186806 1081
140732 140731 762
140731 140732 762
55643 55640 1678
189810 189811 1213
189810 189816 771
189811 189810 1213
186276 186275 705
189816 189810 771
189816 190209 1099
190209 189816 1099
195391 196137 304
196137 195391 304
195866 195867 748
195867 195866 748
195868 196026 774
196026 195868 774
202811 202817 2065
202817 202811 2065
203234 203249 1995
203249 203234 1995
203253 203290 2213
203290 203253 2213
195959 205786 808
205786 195959 808
202548 202552 843
202552 202548 843
196548 196549 781
196549 196548 781
196564 196570 1577
196570 196564 1577
205979 205992 1481
205992 205979 1481
206011 206659 1418
206659 206011 1418
206909 206920 805
206920 206909 805
206969 206971 728
206971 206969 728
206988 206989 797
206989 206988 797
209297 209330 709
209248 209335 1018
209330 209297 709
209335 209248 1018
179336 179335 932
184461 184462 796
184503 184458 713
184462 184461 796
184458 184503 713
184487 184488 1014
184528 184529 1873
184529 184528 1873
163099 163116 684
163116 163099 684
163116 163107 790
163107 163116 790
184488 184487 1014
183108 183107 1032
183107 183108 1032
184649 184647 1904
184647 184649 1904
182661 182660 893
182660 182661 893
182696 182694 3449
182696 182707 1120
182707 182696 1120
182694 182696 3449
182827 182829 330
182833 182834 818
182834 182833 818
182829 182827 330
182884 182883 1010
182883 182884 1010
183993 178786 2218
178786 183993 2218
183317 183285 1919
183285 183317 1919
210414 210418 706
210418 210414 706
210133 210134 1661
210134 210133 1661
210192 210191 846
210191 210192 846
210191 210209 1048
210209 210191 1048
210209 210212 1099
210212 210209 1099
162826 162830 630
162830 162826 630
162877 162893 848
162855 162896 752
162896 162855 752
162893 162877 848
179169 179194 202
179194 179169 202
179208 179209 1346
179209 179208 1346
179335 179336 932
115634 115636 839
115636 115634 839
106460 106840 2043
106840 106460 2043
193189 193191 947
193191 193189 947
190969 193228 2037
193228 190969 2037
192208 192514 1178
192514 192208 1178
35153 35158 2606
35167 35158 434
29460 29461 1803
29497 29498 655
29502 29499 293
30329 29499 627
30331 29517 1680
30331 30332 1145
30585 30583 573
30588 30583 828
30482 30481 526
30483 30481 1096
30485 30484 1106
30485 30625 1880
35203 35202 134
30834 30846 1372
30834 30851 3138
30845 30846 1429
30832 30850 1335
35392 30850 889
30852 30851 1282
31718 30874 377
31735 31723 3257
31735 31731 1238
31770 31724 2013
32666 31724 1892
32666 32664 940
32661 32658 1508
32664 32658 1420
32664 32666 940
30346 30385 3124
30346 30399 1490
30399 30346 1490
30399 30385 3546
30405 30407 938
30408 30407 937
30403 30413 721
30419 30413 2230
30419 30420 1717
30420 30419 1717
30420 30423 3395
30422 30423 1623
30538 34526 4406
29584 29585 3521
29584 30788 2509
21417 32470 3507
35195 32470 863
30804 30805 674
32503 30805 709
30801 30799 2551
30790 30789 1994
30795 30789 1492
30813 30798 7230
30813 30812 319
30670 30669 538
30671 30669 3286
30819 30812 2304
29512 29516 1651
29517 29516 501
29517 30331 1680
29514 29518 2516
29524 29518 455
31731 31714 3111
31731 31727 1398
31731 31735 1238
31727 31717 2869
31727 31731 1398
31727 31732 890
31739 31732 1012
31739 31734 1613
31746 31138 2246
31746 31734 1157
35216 31138 938
31751 31745 1422
31753 31745 911
31753 31752 911
31755 31752 1084
31755 31756 502
31755 31757 655
31756 31164 1326
31756 31755 502
31756 31757 527
7038 7037 822
31761 7037 954
31761 31779 1412
31782 7037 921
31757 31755 655
31757 31756 527
31757 31779 593
31809 31808 2829
31810 31808 1897
31810 31819 698
31830 31833 1422
31832 31833 283
31837 31838 782
31837 31842 1227
32839 31842 873
32841 32840 1207
32843 32840 1361
32843 32844 808
32843 32883 1407
32884 32883 473
32884 32892 2227
32905 32897 649
32905 32906 2270
32953 32906 1083
32953 32954 1538
32903 32904 3198
32907 32904 1288
32907 32974 2969
32974 32907 2969
32974 32991 1430
32992 32991 1714
33139 33074 448
33139 33137 896
35239 33074 712
33003 33135 1405
33003 33137 793
33134 33135 509
33004 33137 1598
33142 33140 676
33144 33140 3404
33144 33145 680
33155 33083 4305
33160 33145 1292
14367 14366 1089
35091 14366 350
33201 33200 949
33208 33200 889
33208 33210 1777
33210 33205 1978
33210 33208 1777
33213 33211 511
33218 33217 1298
33436 33437 1222
33438 33439 1298
33438 33440 418
33253 33443 1253
33439 33438 1298
33439 33443 1407
33448 33443 871
16937 16939 1188
16937 33667 1066
33664 33667 1610
33450 33451 2239
33450 33458 1253
33451 33450 2239
33451 33459 1025
34851 33648 153
34851 33648 153
33643 33649 4483
33661 33649 1004
33661 33662 1066
35344 33662 686
33675 33663 1809
33675 33680 1453
33680 33663 1085
33680 33675 1453
33668 33669 604
16959 16939 336
16959 16960 847
16960 16959 847
16960 16962 1453
16995 16994 676
16996 16994 434
16996 16997 839
17468 17467 924
17472 17467 610
17478 17470 2003
17478 17479 871
17478 17480 1031
16983 16984 511
16986 16984 1220
16986 16988 1007
16986 17058 3232
16992 16999 562
17033 16999 2696
17033 17000 1375
17033 17030 764
17058 16986 3232
17058 17061 1066
17030 17033 764
17030 17034 1347
17066 17073 747
17078 17073 938
17089 17088 1004
17089 17094 475
17098 17094 827
17085 17086 1292
17085 17088 681
17088 17085 681
17088 17089 1004
17088 17097 354
17102 17117 628
17120 17118 1741
17120 17122 708
17122 17120 708
17122 17121 1742
17173 17160 975
17173 17175 1671
17175 17173 1671
17175 17174 750
17722 17568 756
17724 17568 238
17724 17587 1495
17588 17586 713
17746 17586 1974
17746 17587 847
16997 16996 839
16997 17031 847
17484 17480 1013
17484 17518 1031
17519 17518 1314
17710 17709 2879
17210 17650 947
17653 17652 688
17653 17707 1689
17706 17652 1074
17711 17707 1611
17275 17284 3535
17292 17308 1495
17315 17308 610
17732 17728 354
17802 17804 924
17802 17805 1101
17804 17802 924
17804 17806 1901
17822 17806 903
17822 17827 1214
17786 17824 1689
17823 17824 597
17823 17827 770
17827 17822 1214
17827 17823 770
17827 17828 719
17831 17830 982
17920 17924 788
17925 17924 1955
17925 17933 1141
17885 17886 688
17887 17886 982
17887 17889 713
17904 17891 676
17904 17899 1737
17928 17926 635
17928 17927 895
17900 17899 809
17900 17902 893
17903 17902 336
17907 17902 983
17907 17908 688
17963 17927 516
17867 17870 1504
17893 17870 1222
18288 18511 1851
18510 18511 2955
18160 18173 1028
18209 18173 290
34111 18173 188
18215 18228 1292
18218 18228 1964
18230 18228 3655
18275 18228 2436
18234 18276 562
18284 18277 344
18286 18277 504
6516 6518 2559
6517 6518 449
6517 18306 1117
18305 6518 688
18305 18309 750
18295 18306 233
34182 18306 2435
18309 18305 750
18309 18308 1530
18310 18308 347
18563 18562 354
18564 18562 344
18747 18749 764
18752 18749 2578
18679 18680 2376
18681 18680 1602
18682 18680 708
18803 18680 1398
18803 18805 788
18796 18798 1268
18804 18798 93
18821 18822 1901
18821 18823 869
18820 18829 201
18832 18845 1273
18999 18848 1080
18983 18971 1762
18983 25304 737
18971 18980 676
18971 18983 1762
18978 18980 2970
18978 18981 708
18989 18990 2171
18989 18991 826
18998 18991 1248
25339 25345 818
25339 25351 1416
25350 25349 796
25350 25351 818
25345 25339 818
25345 25346 1014
25345 25352 1304
25290 25296 905
25290 25299 1901
25333 25296 1304
25333 25335 1031
25295 25299 1055
25302 25303 1445
25335 25333 1031
25335 25349 1467
25340 25343 1299
25344 25343 737
25344 25346 629
25347 25343 201
25373 25370 1106
25408 25374 1398
26723 26726 1140
26727 26688 1008
26727 26729 276
26912 26908 1028
26692 26693 1208
26692 26694 2180
26695 26693 1344
26695 26699 1409
26701 26302 1672
26701 26699 1066
26701 26700 738
26694 26689 474
26694 26692 2180
26679 26682 939
26688 26691 1762
26688 26727 1008
35276 26371 556
26300 26301 1672
26300 26302 1476
26320 26319 1307
26320 26322 2414
26324 26322 927
26324 26368 3900
26381 26368 747
26381 26380 927
26381 26391 551
26319 26239 1115
26319 26320 1307
26319 26364 2280
26237 26239 2950
26287 26239 1254
26287 26365 2347
26301 26300 1672
26301 26365 1205
26380 26381 927
26380 26383 1152
26380 26391 1152
26380 26392 676
26385 26392 1344
26385 26399 939
26390 26399 1394
26390 26402 279
27070 26410 474
26431 26418 751
26431 26429 1161
26431 26433 1210
26428 26418 1274
26428 26433 836
26428 26434 1209
26439 26434 927
26439 26488 2616
26440 26488 927
26440 26510 2213
26513 26510 848
26513 26528 1073
26528 26513 1073
26528 26522 2068
26528 26529 1345
26334 26335 557
26334 26336 139
29168 26304 1684
26413 26305 1745
26413 26414 1009
26340 26335 2826
26340 26344 677
26358 26356 677
26416 26357 1967
26416 26414 1818
26418 26357 2012
26418 26428 1274
26418 26431 751
26415 26414 373
26338 26328 806
26338 26339 2668
26328 26338 806
26328 26350 1482
26328 26351 1810
26377 26350 2081
26377 26383 1836
26362 26361 1345
26362 26387 1209
26379 26378 1115
26383 26377 1836
26383 26378 1427
26383 26380 1152
26402 26390 279
26402 26404 878
26402 26405 2814
26387 26362 1209
26387 26405 738
26521 26522 1073
26519 26523 403
27371 27374 1307
27373 27374 873
56756 53344 303
56756 56755 46
56756 56758 95
56758 56755 79
56758 56756 95
29421 29422 1210
29421 29422 1210
29427 29422 951
53361 29422 1907
29416 29415 7730
29435 29415 807
53189 53241 1008
53240 53241 1085
53179 53181 873
53179 53364 1623
53186 53181 1255
53186 53187 738
53369 53181 1115
53188 53187 836
53178 53363 810
53366 53363 697
53366 53367 1812
53358 53367 1672
53393 53389 111
54957 54955 1067
54976 54975 884
55557 54980 1719
55557 55559 2131
55558 54980 1120
55560 55559 928
55584 55559 2887
55584 55583 747
55587 55583 1746
55588 55583 747
55588 55635 1120
55636 55635 1412
55636 55640 789
55640 55636 789
55640 55637 807
55640 55639 928
55640 55643 1678
53396 53662 355
53661 53662 1354
53669 53668 452
53734 53705 6939
53734 53736 511
53737 53736 1634
141202 141193 751
141202 141201 1458
141202 141203 773
141221 141203 249
141221 141220 438
141221 151878 330
141255 141185 755
141255 141252 2110
141260 141185 2562
141260 141190 408
141189 141188 166
141189 141190 432
141189 141233 967
141190 141188 358
141190 141189 432
141190 141260 408
141234 141223 939
141234 141233 262
141224 141223 148
151878 141221 330
151878 141223 1115
141253 141252 1570
141254 141252 956
195366 195362 2247
195366 195365 2126
195366 195381 1263
195331 214440 470
195339 214441 2042
195368 195367 5091
195368 214441 973
195369 195363 378
195369 195367 2018
195370 195363 782
195370 195371 1260
195371 195363 1103
195371 195364 272
195371 195370 1260
932
35158
29461
29498
29499
30332
30583
30481
30484
30625
35202
30846
30850
30851
30874
31723
31724
32658
30385
30407
30413
30423
34526
29585
32470
30788
30805
30799
30789
30798
30669
30812
29516
29518
31714
31717
31732
31734
31138
31745
31752
31164
7037
31779
31808
31819
31833
31838
31842
32840
32844
32883
32892
32897
32906
32954
32904
32991
33074
33135
33137
33140
33083
33145
14366
33200
33205
33211
33217
33437
33440
33443
33667
33458
33459
33648
33649
33662
33663
33669
16939
16962
16994
17467
17470
16984
16999
16988
17061
17000
17034
17073
17094
17086
17097
17117
17118
17121
17160
17174
17568
17586
17587
17031
17479
17480
17518
17709
17650
17652
17707
17284
17308
17728
17805
17806
17824
17828
17830
17924
17933
17886
17889
17891
17926
17902
17927
17908
17870
17899
18511
18173
18228
18276
18277
6518
18306
18308
18562
18749
18680
18798
18805
18823
18822
18829
18845
18848
25304
18980
18981
18990
18991
25351
25352
25296
25299
25303
25349
25343
25346
25370
25374
26726
26729
26908
26693
26699
26700
26689
26682
26691
26371
26302
26322
26368
26364
26239
26365
26392
26399
26391
26410
26429
26433
26434
26488
26510
26529
26336
26304
26305
26344
26335
26356
26357
26414
26339
26351
26350
26361
26378
26404
26405
26522
26523
27374
53344
56755
29422
29415
53241
53181
53187
53363
53367
53364
53389
54955
54975
54980
55559
55583
55635
55637
55639
53662
53668
53705
53736
141201
141203
141185
141188
141233
141220
141223
141252
195381
214440
214441
195367
195363
195364
195362
195365
141271
141259
141274
141277
141282
144185
144188
140873
140881
140882
140883
140897
140904
140953
140956
140971
140969
140974
141193
141195
186275
186291
186301
186534
186543
186200
186648
186660
186545
186554
186567
186679
186684
186700
186710
186714
186722
186726
186734
186777
186781
186791
186809
186806
186901
186863
186876
186782
186784
186860
186813
186884
140642
140646
140700
140704
140707
140753
140732
140580
140639
140666
140667
140673
140675
140731
55643
55668
55820
55876
55904
189810
189811
186276
189721
190249
189816
190224
190209
190215
195396
195391
196137
196138
196143
196160
196164
195866
195859
195871
195856
195873
196215
196216
195867
195868
196026
196031
196048
196058
202577
202800
202803
202811
202813
202817
203234
203249
203253
203290
203307
203478
203480
203529
203544
203549
203315
203324
203326
203329
205717
205726
195959
205786
214874
197169
202548
202552
202555
196046
196065
196047
196465
196469
214365
215121
215124
196536
196548
196549
196564
196570
197109
197138
197148
205979
205992
206006
206012
206011
206659
205770
205944
205793
205936
206662
206637
206726
206638
206644
206748
206750
206753
206901
206909
206920
206926
206969
206971
206977
206988
206984
206989
209270
209280
209291
209297
209299
209246
209248
209330
209332
209335
180196
180215
180240
180227
180242
180222
180884
180952
180922
180948
179336
180911
180932
179312
181137
181243
181150
181221
181228
181143
181239
181482
181489
181492
181505
181514
181543
181560
181579
181574
181582
184461
184472
184476
184503
184462
184459
184458
184494
184487
185643
184468
184305
184446
184394
184384
179584
184373
184448
184528
184529
184397
163077
163078
163081
163094
184395
163099
163116
163107
163123
184488
183101
183108
183107
183118
183129
184618
184639
184622
184624
184645
184636
184643
184506
184518
184628
184649
184647
183099
185977
183109
183158
183035
183146
183155
183176
181499
181740
181761
182669
182673
182757
181604
185803
181610
182661
181687
181685
182660
181654
181680
181657
181700
182040
182045
182696
182707
182711
182721
182694
182827
182833
182834
182829
182837
182861
182870
182795
182864
182884
182883
183474
183466
183593
183481
183698
183628
183633
183718
183644
185233
185235
183470
183483
183993
183713
183715
174050
174064
172897
183291
183310
183730
183737
183611
183747
183609
178786
183046
183237
183244
183241
183308
183303
183317
183285
163068
163070
210413
210414
210418
210478
210401
210402
209255
209267
209510
209519
209532
209600
209610
209622
209630
210104
210138
210103
210133
210134
210158
210187
210192
210188
210191
210209
210212
162685
162819
162826
162830
162552
162875
163104
162877
162855
162895
162896
162893
205334
210485
210492
210505
179169
179194
179208
179341
179209
179128
179134
179335
179340
179311
115634
115636
115560
115891
106460
106465
106469
106840
106285
106356
106304
106419
32367
30225
32440
114766
114764
114755
114757
114673
114724
114754
194110
193092
193083
193108
193146
193136
193155
193184
193189
193191
190971
190969
193228
193249
192182
192208
192411
192514
192166
192547
35153
35144
29460
29497
29502
30329
30331
35203
30834
30832
30852
31718
31735
31770
32666
32661
32664
30346
30399
30405
30403
30419
30420
30422
30538
29584
21417
30804
32503
30801
30813
30671
30819
29512
29517
29514
29524
31739
31746
31753
31755
7038
31761
31782
31809
31810
31830
31832
31837
32884
32905
32903
32907
32974
32992
33139
33003
33134
33004
33142
33144
33155
33160
33208
33210
33213
33218
33436
33438
33253
33439
33448
16937
33664
33450
33451
34851
33643
33661
33675
33680
33668
16959
16960
16995
16996
16983
16992
17058
17030
17066
17085
17102
17120
17122
17173
17175
17722
17724
17588
17746
16997
17484
17710
17210
17653
17711
17275
17292
17315
17732
17802
17804
17822
17786
17823
17831
17920
17925
17885
17887
17904
17900
17907
17867
18288
18160
18209
18215
18218
18230
18275
18234
18286
6516
6517
18305
18295
18309
18310
18563
18564
18747
18752
18679
18681
18682
18803
18796
18821
18820
18832
18999
18983
18971
18978
18989
25339
25350
25345
25290
25333
25295
25302
25335
25340
25344
25373
25408
26723
26692
26695
26694
26679
26688
26300
26320
26324
26381
26319
26237
26287
26301
26380
26385
26390
26428
26439
26440
26513
26334
29168
26413
26340
26416
26418
26415
26338
26328
26377
26362
26379
26383
26387
26521
26519
27371
27373
56756
56758
29421
29427
53361
53189
53240
53179
53186
53188
53178
53366
53358
53393
54957
54976
55557
55560
55584
55587
55588
55636
53396
53661
53669
53734
53737
141202
141221
141255
141260
141189
141234
141224
151878
141254
195366
195331
195339
195368
195370
195371
