1122
121346 121344 928
121346 121347 3697
218150 218989 685
218150 224408 413
224406 224408 393
224406 224751 278
215694 215693 1326
215694 218120 4106
218074 218075 306
218984 218983 802
218985 218982 417
218985 224590 734
218393 218387 3382
218393 218444 1897
218409 218411 1199
218400 218450 639
218400 218453 916
218456 218453 2419
218456 218997 774
219002 219004 806
219002 219005 2463
219003 219012 864
219006 219004 741
219006 219009 2503
219019 219009 692
219019 219034 809
219034 219019 809
219034 219027 625
219035 219037 1324
219035 219038 221
218563 224049 474
218567 218565 493
218569 218568 1151
218569 218578 2367
218569 218581 673
218676 218675 1192
218676 218684 3499
218676 218688 1713
218651 218650 343
218651 218653 554
218852 218856 294
218852 218861 2000
218857 218855 593
218857 218856 592
218645 218647 1336
218860 218640 1248
218860 218649 805
218640 218639 735
218640 218667 732
218640 218860 1248
218861 218852 2000
218861 218862 628
218861 218886 1460
218870 218867 2337
218422 218392 722
218395 218392 1234
218395 218394 697
218394 218387 1753
218394 218395 697
218394 218404 923
218440 218404 2460
218440 218458 239
218595 218610 1073
218620 218460 1889
218620 218621 623
218620 218626 1570
218661 218887 1991
218661 224074 2675
218597 218616 2061
219075 219162 363
224056 218618 530
224056 224135 264
224047 220264 452
224047 224049 898
224374 224377 1287
224375 224377 1932
222760 222762 675
222793 224923 262
222972 222975 562
224899 224900 387
224899 224903 1063
222812 222810 3018
222812 222975 495
222978 222982 130
222810 222811 570
222810 222812 3018
224896 224897 274
224896 224898 241
222990 222984 1235
222990 222988 787
222992 222993 765
222877 218684 2588
222996 218683 1160
222996 222993 726
222981 222985 460
222981 222986 812
222984 222986 758
222984 222990 1235
218685 218684 439
218685 218688 2066
218685 218690 1299
222999 222998 226
222941 222939 777
222941 223000 262
222943 222938 758
222943 224890 639
222944 222945 811
222944 222960 260
222951 222952 2167
222959 222961 822
222959 222962 1175
222918 222920 1164
222953 222920 791
222953 222955 2158
222958 222955 756
222958 222957 885
222957 222952 739
222957 222958 885
222924 222920 766
222924 223036 801
222924 223037 2148
222922 223036 267
222922 223040 712
223040 222922 712
223040 223044 1033
223041 223043 1219
223041 223044 868
223041 223060 1104
223042 223043 1094
223042 223049 796
223047 223046 736
223047 223050 1070
223049 223042 796
223049 223051 1060
223053 223046 149
223054 223048 852
223054 223055 514
223101 223100 241
150847 150848 2366
150847 151619 5804
150849 150848 944
150849 150998 2253
150998 150849 2253
150998 151000 855
151002 151003 840
151002 151004 2062
151022 151004 684
151650 151000 176
151650 151003 199
151650 151651 784
149131 149124 1728
149131 149132 715
149143 149129 1622
149143 149132 813
149143 149144 733
149145 149153 941
149145 149275 852
149145 149276 842
149153 149145 941
149153 149281 864
149153 149492 866
149492 149153 866
149492 149493 801
149496 149497 783
149496 151641 851
149528 149530 276
149666 149672 1095
149606 149609 1041
149606 151831 398
149607 149613 489
149607 149614 375
149615 149614 468
146946 146945 1490
146946 149594 261
149599 149212 1060
149599 149597 968
149599 149600 793
149532 149530 834
149532 149531 776
149531 149530 1119
149531 149532 776
149678 149679 2369
149678 149680 795
149697 149680 812
149697 149683 1472
149697 149717 1585
149684 150338 100
146591 146595 789
146591 146597 2850
146523 146525 2899
146523 146592 614
146598 146525 1152
146598 146597 776
151031 151004 2332
151031 151028 779
151067 151028 2479
151067 151107 808
151148 151107 2393
151148 151146 765
151156 151146 2457
151156 151153 772
151168 151153 2333
151273 151274 184
151277 151275 2503
151277 151276 660
147405 147374 805
147405 151301 2415
151302 151282 2352
151302 151301 863
151291 151280 2404
151291 151282 845
151276 151272 2338
151276 151277 660
151276 151280 936
147414 147404 589
147414 147418 1023
147420 147418 902
147419 147417 1791
147419 147442 688
147448 147442 2638
147448 147451 826
147599 147451 2456
147599 147598 783
147599 147607 2207
147607 147599 2207
147607 147601 791
147661 147601 2370
147661 147660 873
147663 147660 2418
147663 147664 700
147663 147702 2387
147702 147663 2387
147702 147709 274
147711 147709 2362
147711 147727 828
147711 147728 1848
147731 147728 792
147731 147734 298
147734 147731 298
147734 147732 751
147734 147736 2772
148239 147736 807
148239 148241 816
148239 148249 2571
148241 148239 816
148241 148252 2573
148251 148252 789
148251 148866 2566
148869 148866 558
148871 148874 779
148871 148877 335
148871 148878 1393
148874 148871 779
148874 148879 1544
148922 148924 1276
148927 148928 1595
148927 148929 334
148928 148927 1595
148928 148938 1411
148928 148939 1685
148940 148938 1397
148944 148938 438
148944 148968 3026
149062 148968 798
149062 149063 2449
149062 149064 794
149064 149062 794
149064 149065 2431
149067 149065 755
149067 149071 776
149084 149085 849
149084 149122 1214
149122 149084 1214
149122 149123 765
149124 149125 741
149124 149131 1728
212738 212739 401
212738 212742 384
212738 212746 1271
142418 149322 1207
146594 146596 880
149991 149993 2422
149991 150033 687
146595 146591 789
146595 146596 2682
150022 150049 839
150050 149993 811
150050 150049 442
150078 150076 740
150078 150079 2100
150080 150079 893
150054 149993 2152
150054 150055 777
150054 150065 1970
150071 150100 1434
150099 150101 1888
150099 150102 894
150098 150108 30
150098 151753 368
145713 150095 1684
149709 149717 826
143921 143920 350
150188 150190 311
150188 150191 1386
150188 150197 505
150193 150194 388
150193 150195 1364
150195 150193 1364
150195 150199 414
150195 150204 1351
150203 150204 517
150203 150238 1463
149794 140086 1188
151713 149829 448
151713 151715 495
149829 140083 151
149829 151713 448
149212 149599 1060
149212 149612 751
149212 149616 1170
149609 149606 1041
149609 149614 1025
149618 149616 882
149618 149619 991
149739 149619 749
149739 151710 71
149744 151712 59
149679 149678 2369
149679 149682 795
149673 149672 27
149764 149767 846
149807 140082 202
149716 149715 2365
149718 149715 1620
149718 149717 2424
150189 143920 1217
151662 149232 306
214913 197029 1206
214913 215043 1545
214911 214910 1013
214911 215039 309
198806 198821 867
198826 198800 495
205010 205007 750
205010 205011 910
204967 204966 2355
204967 205018 231
205015 205019 727
205015 205021 197
205015 205039 1906
205018 204967 231
205018 204970 833
205018 205019 2426
205012 205009 775
205023 205013 1898
205023 205020 792
205026 205020 1488
205026 205040 671
205026 205042 2013
152118 152120 767
152118 154006 355
152120 152118 767
152120 154012 630
154011 154013 796
162457 154013 872
162457 162456 951
168842 168840 829
168842 168843 1396
168840 168841 1968
168840 168842 829
168840 168886 710
168885 168886 1258
168885 168896 276
168897 168896 1796
168897 168899 872
168897 168911 1919
168399 168398 1889
168399 168400 1185
168399 168401 2113
168749 168747 1587
168749 168750 1547
168387 168389 253
168747 168748 1781
168747 168749 1587
168747 168766 890
168765 168766 2027
168765 172744 253
168803 168807 1018
168803 172645 398
168806 168807 1344
168806 168815 1102
168814 168815 2016
168814 168820 791
168924 168824 1114
168924 168925 253
168924 168928 759
168929 168916 556
168929 168927 2192
168825 168826 70
168825 168926 656
168809 168810 558
168809 168921 1485
168922 168877 848
168922 168921 1450
168884 168878 767
168884 168911 672
168863 168844 739
168864 168862 906
162456 162457 951
162456 168893 713
168890 168889 778
168890 168893 1269
168888 168866 739
168888 168867 1780
168866 168862 1813
168866 168888 739
153996 154006 355
154030 154036 344
154027 154047 893
154058 154057 3886
154058 154059 924
154058 154061 790
154062 154059 767
154062 154123 1592
154056 154057 823
154068 154069 1261
154068 154070 818
154072 154066 2515
154072 154125 710
154072 172283 581
154095 154094 2011
154095 154096 2248
154095 154103 581
154093 154094 885
154093 154330 2425
154328 154331 767
154337 154331 905
154337 154335 683
154336 154334 1111
154336 154335 953
154356 154334 674
154396 154358 253
154359 154358 421
154359 154360 843
157458 157456 893
157458 157459 1403
157458 157540 782
157540 157458 782
157540 157541 1333
157603 157601 1185
157603 158218 672
158187 157875 222
158187 158218 1471
158216 158218 556
157529 157528 476
157580 157528 337
157532 157528 556
157600 157599 778
157600 157859 850
154353 154352 759
154353 154357 778
154434 154432 850
154434 154437 752
154439 154429 893
154439 154437 1018
154439 172103 506
154433 154432 1014
154444 154432 1118
154444 154445 905
154444 154982 2574
154962 154981 893
154992 154981 1018
154992 154993 905
154993 154983 1018
154993 154992 905
154985 154983 905
154985 154986 448
154985 155000 3386
155003 155002 2371
155003 155046 843
155052 155002 1942
155052 155060 782
155060 155052 782
155130 155129 2605
155129 155130 2605
155142 155333 1118
155333 155142 1118
155158 155159 924
155159 155158 924
155159 155160 475
155160 155159 475
155376 155377 1028
155377 155376 1028
157727 157742 672
157951 157948 811
157948 157951 811
157742 157727 672
178273 178275 562
178275 178273 562
158627 158628 1055
158628 158627 1055
161462 161463 1336
213171 213172 2143
161463 161462 1336
213322 213323 1211
213172 213171 2143
213323 213322 1211
169563 169886 367
169886 169563 367
169255 169251 1189
169251 169255 1189
169481 169483 1010
169483 169481 1010
102269 101830 1009
101830 102269 1009
118613 118675 320
118675 118613 320
36054 36077 1935
36077 36054 1935
35699 44189 982
44189 35699 982
37403 37416 2729
37416 37403 2729
36381 35676 1730
35676 36381 1730
36221 36239 3067
36239 36221 3067
35681 35682 1209
35682 35681 1209
35898 37736 673
37736 35898 673
35902 37835 2351
37835 35902 2351
46646 46648 709
46648 46646 709
46731 46782 1104
46782 46731 1104
127209 127207 848
127209 127223 837
127207 127209 848
127196 127238 1308
127238 127196 1308
127334 127333 790
127333 127334 790
126873 126869 879
126869 126873 879
126876 126846 837
126846 126876 837
127223 127209 837
46423 46426 440
46426 46423 440
130374 130397 811
130397 130374 811
127807 127809 1284
127809 127807 1284
129580 129582 2089
129582 129580 2089
129740 129768 1211
129792 129794 751
129768 129740 1211
129794 129792 751
129753 129759 789
129753 129765 752
129759 129753 789
129765 129753 752
121344 121346 928
121347 121346 3697
218989 218150 685
224408 218150 413
224408 224406 393
224751 224406 278
215693 215694 1326
218120 215694 4106
218075 218074 306
218983 218982 75
218983 218984 802
218982 218983 75
218982 218985 417
224590 218985 734
218387 218393 3382
218387 218394 1753
218444 218393 1897
218411 218409 1199
218450 218400 639
218453 218400 916
218453 218456 2419
218997 218456 774
218997 219012 2501
219004 219002 806
219004 219005 2182
219004 219006 741
219005 219002 2463
219005 219004 2182
219005 219009 1063
219012 218997 2501
219012 219003 864
219009 219005 1063
219009 219006 2503
219009 219019 692
219027 219034 625
219027 219037 1026
219037 219027 1026
219037 219035 1324
219038 219035 221
224049 218563 474
224049 224047 898
218565 218567 493
218568 218569 1151
218578 218569 2367
218581 218569 673
218675 218676 1192
218684 218676 3499
218684 218685 439
218684 222877 2588
218688 218676 1713
218688 218685 2066
218650 218651 343
218653 218651 554
218856 218852 294
218856 218857 592
218856 218862 1546
218855 218857 593
218647 218645 1336
218647 218649 2554
218649 218647 2554
218649 218860 805
218639 218640 735
218639 218867 2088
218667 218640 732
218862 218856 1546
218862 218861 628
218886 218861 1460
218886 218867 1396
218867 218639 2088
218867 218870 2337
218867 218886 1396
218392 218395 1234
218392 218422 722
218404 218394 923
218404 218440 2460
218458 218440 239
218610 218595 1073
218460 218620 1889
218621 218620 623
218626 218616 912
218626 218620 1570
218887 218661 1991
224074 218661 2675
218616 218597 2061
218616 218626 912
219162 219075 363
218618 224056 530
224135 224056 264
220264 224047 452
224377 224374 1287
224377 224375 1932
222762 222760 675
224923 222793 262
222975 222812 495
222975 222972 562
224900 224899 387
224903 224899 1063
222982 222978 130
222811 222810 570
224897 224896 274
224898 224896 241
222988 222986 1184
222988 222990 787
222993 222992 765
222993 222996 726
218683 222996 1160
222985 222981 460
222986 222981 812
222986 222984 758
222986 222988 1184
218690 218685 1299
218690 222998 511
222998 218690 511
222998 222999 226
222939 222938 764
222939 222941 777
223000 222941 262
222938 222939 764
222938 222943 758
224890 222943 639
222945 222944 811
222960 222944 260
222960 222961 674
222952 222951 2167
222952 222957 739
222952 222962 1024
222961 222959 822
222961 222960 674
222962 222952 1024
222962 222959 1175
222920 222918 1164
222920 222924 766
222920 222953 791
222955 222953 2158
222955 222958 756
223036 222922 267
223036 222924 801
223037 222924 2148
223044 223040 1033
223044 223041 868
223043 223041 1219
223043 223042 1094
223043 223051 818
223060 223041 1104
223046 223047 736
223046 223048 1088
223046 223053 149
223050 223047 1070
223050 223048 770
223050 223051 878
223051 223043 818
223051 223049 1060
223051 223050 878
223048 223046 1088
223048 223050 770
223048 223054 852
223055 223054 514
223100 223101 241
150848 150847 2366
150848 150849 944
150848 151000 2279
151619 150847 5804
151000 150848 2279
151000 150998 855
151000 151650 176
151003 151002 840
151003 151650 199
151004 151002 2062
151004 151022 684
151004 151031 2332
151651 151650 784
149132 149125 1640
149132 149131 715
149132 149143 813
149129 149125 815
149129 149143 1622
149144 149143 733
149275 149145 852
149276 149145 842
149276 149281 1010
149281 149153 864
149281 149276 1010
149281 149493 952
149493 149281 952
149493 149492 801
149493 149497 1755
149497 149493 1755
149497 149496 783
151641 149496 851
149530 149528 276
149530 149531 1119
149530 149532 834
149672 149666 1095
149672 149673 27
151831 149606 398
149613 149607 489
149614 149607 375
149614 149609 1025
149614 149615 468
146945 146946 1490
149594 146946 261
149594 149597 985
149597 149594 985
149597 149599 968
149600 149599 793
149600 149612 1138
149680 149678 795
149680 149697 812
149683 149697 1472
149683 149715 930
149717 149697 1585
149717 149709 826
149717 149718 2424
150338 149684 100
146597 146591 2850
146597 146596 1583
146597 146598 776
146525 146523 2899
146525 146598 1152
146592 146523 614
151028 151031 779
151028 151067 2479
151107 151067 808
151107 151148 2393
151146 151148 765
151146 151156 2457
151153 151156 772
151153 151168 2333
151274 151273 184
151275 151272 703
151275 151277 2503
147374 147404 2316
147374 147405 805
151301 147405 2415
151301 151302 863
151282 151291 845
151282 151302 2352
151280 151276 936
151280 151291 2404
151272 151275 703
151272 151276 2338
147404 147374 2316
147404 147414 589
147418 147414 1023
147418 147417 439
147418 147420 902
147417 147418 439
147417 147419 1791
147442 147419 688
147442 147448 2638
147451 147448 826
147451 147599 2456
147598 147599 783
147598 147601 2167
147601 147598 2167
147601 147607 791
147601 147661 2370
147660 147661 873
147660 147663 2418
147664 147663 700
147709 147702 274
147709 147711 2362
147727 147711 828
147728 147711 1848
147728 147731 792
147728 147732 572
147732 147728 572
147732 147734 751
147736 147734 2772
147736 148239 807
148249 148239 2571
148249 148252 833
148252 148241 2573
148252 148249 833
148252 148251 789
148866 148251 2566
148866 148869 558
148877 148871 335
148878 148871 1393
148878 148879 802
148879 148874 1544
148879 148878 802
148879 148924 875
148924 148879 875
148924 148922 1276
148924 148929 784
148929 148924 784
148929 148927 334
148938 148928 1411
148938 148940 1397
148938 148944 438
148939 148928 1685
148968 148944 3026
148968 149062 798
149063 149062 2449
149063 149065 798
149065 149063 798
149065 149064 2431
149065 149067 755
149071 149067 776
149071 149085 1676
149085 149071 1676
149085 149084 849
149085 149123 1481
149123 149085 1481
149123 149122 765
149125 149124 741
149125 149129 815
149125 149132 1640
212739 212738 401
212742 212738 384
212746 212738 1271
149322 142418 1207
146596 146594 880
146596 146595 2682
146596 146597 1583
149993 149991 2422
149993 150049 880
149993 150050 811
149993 150054 2152
150033 149991 687
150049 149993 880
150049 150022 839
150049 150050 442
150076 150078 740
150079 150078 2100
150079 150080 893
150079 150095 770
150055 150054 777
150065 150054 1970
150100 150071 1434
150100 150102 868
150101 150099 1888
150102 150099 894
150102 150100 868
150108 150098 30
151753 150098 368
150095 145713 1684
150095 150079 770
143920 143921 350
143920 150189 1217
143920 150190 337
150190 143920 337
150190 150188 311
150191 150188 1386
150197 150188 505
150197 150194 374
150194 150193 388
150194 150197 374
150194 150199 1367
150199 150194 1367
150199 150195 414
150204 150195 1351
150204 150203 517
150238 150203 1463
140086 140082 405
140086 149794 1188
140086 151715 439
151715 140086 439
151715 151713 495
140083 140082 839
140083 149829 151
149612 149212 751
149612 149600 1138
149616 149212 1170
149616 149618 882
149619 149618 991
149619 149739 749
151710 149739 71
151712 149744 59
149682 149679 795
149682 149715 789
149767 149764 846
140082 140083 839
140082 140086 405
140082 149807 202
149715 149682 789
149715 149683 930
149715 149716 2365
149715 149718 1620
149232 151662 306
197029 214913 1206
215043 214913 1545
214910 214911 1013
215039 214911 309
198821 198806 867
198800 198826 495
205007 205009 544
205007 205010 750
205011 205010 910
205011 205013 841
205011 205020 1876
205011 205021 624
204966 204967 2355
205019 205015 727
205019 205018 2426
205021 205011 624
205021 205015 197
205039 205015 1906
205039 205020 745
205039 205040 1400
204970 205018 833
205009 205007 544
205009 205012 775
205009 205013 355
205013 205009 355
205013 205011 841
205013 205023 1898
205020 205011 1876
205020 205023 792
205020 205026 1488
205020 205039 745
205040 205026 671
205040 205039 1400
205042 205026 2013
154006 152118 355
154006 153996 355
154012 152120 630
154012 154013 276
154013 154011 796
154013 154012 276
154013 162457 872
168843 168842 1396
168841 168840 1968
168841 168844 866
168841 168862 848
168886 168840 710
168886 168885 1258
168896 168885 276
168896 168897 1796
168899 168897 872
168911 168884 672
168911 168897 1919
168398 168389 238
168398 168399 1889
168400 168399 1185
168401 168399 2113
168401 168748 1305
168750 168749 1547
168389 168387 253
168389 168398 238
168748 168401 1305
168748 168747 1781
168766 168747 890
168766 168765 2027
172744 168765 253
168807 168803 1018
168807 168806 1344
172645 168803 398
168815 168806 1102
168815 168814 2016
168820 168814 791
168824 168826 710
168824 168924 1114
168925 168924 253
168928 168916 674
168928 168924 759
168916 168928 674
168916 168929 556
168927 168810 581
168927 168929 2192
168826 168824 710
168826 168825 70
168926 168825 656
168810 168809 558
168810 168927 581
168921 168809 1485
168921 168922 1450
168877 168878 885
168877 168922 848
168878 168877 885
168878 168884 767
168844 168841 866
168844 168863 739
168862 168841 848
168862 168864 906
168862 168866 1813
168862 168867 1605
168893 162456 713
168893 168890 1269
168889 168890 778
168867 168862 1605
168867 168888 1780
154036 154030 344
154047 154027 893
154057 154056 823
154057 154058 3886
154059 154058 924
154059 154062 767
154061 154058 790
154061 154125 767
154123 154062 1592
154069 154068 1261
154070 154066 713
154070 154068 818
154066 154070 713
154066 154072 2515
154125 154061 767
154125 154072 710
172283 154072 581
154094 154093 885
154094 154095 2011
154096 154095 2248
154103 154095 581
154330 154093 2425
154331 154328 767
154331 154337 905
154335 154336 953
154335 154337 683
154334 154336 1111
154334 154356 674
154358 154359 421
154358 154396 253
154360 154359 843
157456 157458 893
157456 157599 778
157459 157458 1403
157541 157540 1333
157601 157603 1185
157601 157875 688
158218 157603 672
158218 158187 1471
158218 158216 556
157875 157601 688
157875 158187 222
157528 157529 476
157528 157532 556
157528 157580 337
157599 157456 778
157599 157600 778
157859 157600 850
154352 154353 759
154357 154353 778
154432 154433 1014
154432 154434 850
154432 154444 1118
154437 154434 752
154437 154439 1018
154429 154439 893
172103 154439 506
154445 154444 905
154982 154444 2574
154982 154981 409
154981 154962 893
154981 154982 409
154981 154983 905
154981 154992 1018
154983 154981 905
154983 154985 905
154983 154993 1018
154986 154985 448
155000 154985 3386
155000 155002 953
155002 155000 953
155002 155003 2371
155002 155052 1942
155046 155003 843
924
121346
218150
224406
215694
218074
218984
218985
218393
218409
218400
218456
219002
219003
219006
219019
219034
219035
218563
218567
218569
218676
218651
218852
218857
218645
218860
218640
218861
218870
218422
218395
218394
218440
218595
218620
218661
218597
219075
224056
224047
224374
224375
222760
222793
222972
224899
222812
222978
222810
224896
222990
222992
222877
222996
222981
222984
218685
222999
222941
222943
222944
222951
222959
222918
222953
222958
222957
222924
222922
223040
223041
223042
223047
223049
223053
223054
223101
150847
150849
150998
151002
151022
151650
149131
149143
149145
149153
149492
149496
149528
149666
149606
149607
149615
146946
149599
149532
149531
149678
149697
149684
146591
146523
146598
151031
151067
151148
151156
151168
151273
151277
147405
151302
151291
151276
147414
147420
147419
147448
147599
147607
147661
147663
147702
147711
147731
147734
148239
148241
148251
148869
148871
148874
148922
148927
148928
148940
148944
149062
149064
149067
149084
149122
149124
212738
142418
146594
149991
146595
150022
150050
150078
150080
150054
150071
150099
150098
145713
149709
143921
150188
150193
150195
150203
149794
151713
149829
149212
149609
149618
149739
149744
149679
149673
149764
149807
149716
149718
150189
151662
214913
214911
198806
198826
205010
204967
205015
205018
205012
205023
205026
152118
152120
154011
162457
168842
168840
168885
168897
168399
168749
168387
168747
168765
168803
168806
168814
168924
168929
168825
168809
168922
168884
168863
168864
162456
168890
168888
168866
153996
154030
154027
154058
154062
154056
154068
154072
154095
154093
154328
154337
154336
154356
154396
154359
157458
157540
157603
158187
158216
157529
157580
157532
157600
154353
154434
154439
154433
154444
154962
154992
154993
154985
155003
155044
157861
157862
157850
157852
155052
155060
155126
155130
155129
155142
155143
155333
155336
155338
157855
157890
157888
157893
157896
157899
155158
155159
155160
155376
155377
159845
155404
155442
155441
157727
157763
157690
157751
158018
157966
157951
157948
157766
157941
157952
157742
157768
178244
178250
178137
178246
178433
178472
178219
178270
178227
178229
178273
178275
178493
178516
178416
178418
158627
158628
158636
157971
158703
158695
158705
158688
158786
158788
158802
158971
158990
159084
159052
159100
159096
158194
158233
172337
161142
161148
161146
161149
161260
172763
152673
168391
161462
161477
213171
161473
161463
161859
213322
213172
162006
213323
161990
213330
161989
162008
162160
162157
162208
162205
159966
162215
169606
169592
169628
169614
169597
169195
169273
169283
169286
170494
170503
170676
170679
168359
168363
170069
170078
170447
170458
170537
172738
170544
170545
170539
170489
170556
170555
170066
170067
169980
169511
169563
169886
172564
169881
169694
170085
170071
169984
167161
172080
169253
169255
169251
169481
169483
169484
169512
118537
118650
95124
95030
97393
94220
94238
94273
94282
94295
108902
108765
102269
102270
94321
50058
94245
94230
94194
94223
94224
94218
101830
94210
97411
97418
97422
97471
97488
97495
97600
97605
97617
95805
102229
95564
93689
101770
100621
93347
93473
93478
94071
101998
102676
98315
98487
98494
98495
98500
191284
191286
194081
191410
191207
191273
191381
191233
191271
118613
118615
118701
118707
118712
118675
108906
108936
108982
108981
109019
109073
109214
35488
50210
109110
109159
109164
110549
36072
36144
35554
36053
36054
36077
36176
36188
36190
36261
36334
36338
36329
36007
36014
36026
36033
35699
35700
35692
44189
35691
44616
41723
44533
44622
35729
35753
35760
37403
37329
37447
37408
37414
37416
37420
37441
36381
35676
35635
36221
36228
36239
36269
36495
35662
35670
35681
35682
37445
37482
37488
37760
37727
46737
37725
35882
35884
35887
37731
35898
37736
35902
35903
37835
37844
37849
37886
43891
35533
37876
41418
41451
41453
46615
37872
46617
46625
46641
46646
46648
46741
46752
46762
46785
46771
47042
46730
46731
46483
46480
47038
46782
127209
127841
127207
127250
127230
127219
127220
127196
127070
127080
127084
127182
127188
127194
127199
127238
127273
127307
127330
127334
127333
126897
126905
126873
132313
126861
126869
126876
126846
126847
126881
127223
46215
46192
46408
46423
46426
46429
46252
46456
46462
46222
127368
127983
127300
127357
127360
127364
127675
127686
127685
127689
127700
127717
127723
128229
127962
127954
127363
127958
130363
130372
130374
130397
127803
127807
127780
127809
127784
127786
127830
127831
129393
129395
129580
129582
129696
129697
121359
121369
121382
121395
121410
121423
121414
70000
70268
69980
56833
69985
69990
56831
69864
69903
129737
129740
129790
129792
129768
129794
129812
129882
130404
129753
129759
129760
129908
121353
129771
129765
130406
130407
130416
130438
121344
121347
224408
215693
218075
218983
218387
218444
218411
218450
218453
218997
219012
219027
219037
219038
218565
218568
218578
218581
218675
218684
218688
218650
218653
218855
218647
218649
218639
218667
218862
218886
218867
218392
218404
218458
218610
218460
218621
218626
218887
224074
218616
219162
218618
224135
220264
224377
222762
222975
224900
224903
222982
222988
222993
218683
222986
218690
222998
222939
223000
222938
222945
222960
222961
222962
222920
222955
223036
223037
223044
223043
223060
223050
223051
223048
223100
150848
151000
151003
151004
151651
149129
149144
149275
149276
149281
149497
151641
149530
149672
146945
149594
149597
149600
149680
149683
146597
146525
151028
151107
151146
151153
151274
151275
147374
151301
151282
151280
151272
147404
147417
147442
147451
147598
147601
147660
147664
147709
147727
147728
147732
147736
148249
148252
148866
148877
148878
148879
148924
148929
148938
148939
148968
149063
149065
149071
149085
149123
212739
212742
212746
149993
150033
150076
150079
150055
150100
150101
150102
150108
151753
150095
150190
150191
150197
150199
150204
150238
151715
140083
149612
149616
149619
149682
149232
197029
214910
198821
198800
205007
204966
205019
205039
204970
205040
154006
154012
168841
168886
168896
168899
168911
168400
168401
168389
168748
168766
168807
172645
168815
168820
168824
168928
168916
168927
168921
168877
168878
168893
168889
168867
154047
154059
154061
154123
154070
154066
154125
154094
154330
154331
154335
154334
157456
157459
157541
157601
157875
157599
157859
154352
154437
154429
154445
154983
154986
155000
155002
155046
