476
104231 104230 1299
104231 104232 1755
104209 104207 580
104209 104210 939
104279 104245 248
104279 104292 2410
104388 104386 4403
104788 104789 676
104788 104790 788
104290 104291 927
104781 104780 947
104781 113704 1993
50298 50299 713
50298 50300 574
39164 39154 1663
39164 39163 1198
39164 39165 905
39143 39144 1031
39143 39145 1000
39165 39144 3659
39165 39164 905
39148 39146 848
39148 39173 3156
104373 104369 818
104373 104371 1730
104383 104384 403
104383 104385 536
104846 104385 2693
104474 104473 1917
104474 104475 889
104479 104478 750
104479 104493 672
104496 104493 1085
104496 104920 750
104501 104491 1393
104501 104920 947
104913 104920 1028
104599 104598 511
104478 104473 750
104478 104479 750
104478 104484 750
104489 104484 2147
104489 104494 836
104491 104492 1004
104491 104501 1393
104499 104494 473
104499 104590 1993
39356 39357 2528
39356 39374 751
39356 39376 2644
39283 39281 847
39283 39284 2439
39300 39140 2142
39300 39299 589
39300 39306 337
39311 39305 4444
39311 39318 2449
39311 39329 975
37258 37248 2272
37258 37253 1152
37273 37259 939
37273 37274 418
37277 37278 551
39366 37278 1779
39366 39395 1010
37270 37269 252
37270 37271 629
37270 37272 1248
39393 37275 1274
39393 37278 333
37251 37252 279
37251 37253 1168
37251 37257 557
39347 39348 2360
39347 39370 612
37286 37287 1009
37286 37288 1152
37283 37282 1852
37283 37290 836
37288 37282 1026
37288 37286 1152
39403 37292 1484
50257 39404 591
38419 38417 605
38419 40215 713
40219 40222 2414
50412 50413 867
40221 40222 213
40221 40225 818
40273 40271 1700
40304 40302 629
40304 40303 1014
40307 40303 952
40307 40309 344
40290 40283 878
40290 40297 1558
40290 40302 765
40294 40295 1305
40282 40280 599
40282 40283 1027
40266 40263 589
40266 40265 1675
40327 40326 1427
40327 40331 511
40327 40340 870
40376 40340 673
40376 40377 751
40376 40378 1146
40381 40382 890
40381 40391 3020
40418 40417 2004
40431 40432 171
40431 40433 729
40431 40434 1120
40435 40434 304
40428 40427 292
40428 40434 260
40428 50261 1101
40744 40745 710
40820 40745 1225
40741 40738 279
40746 40748 1221
40746 43988 448
40806 40799 751
40795 40796 1782
40795 40800 5802
55194 55193 1546
55194 56317 837
55194 56324 3180
56324 55194 3180
56324 56342 474
56357 56358 738
40780 40777 709
40780 40782 1188
40780 40784 2882
40782 40778 1560
40782 40780 1188
40784 40780 2882
47708 47702 1188
48455 48437 459
47702 47704 1161
47702 47708 1188
47704 47702 1161
47716 48359 1086
48359 47716 1086
48437 48455 459
48495 48520 1064
48519 48565 924
48565 48519 924
48520 48495 1064
48125 48129 2318
48129 48125 2318
48197 48199 2447
48199 48197 2447
48266 48276 893
48276 48266 893
131359 131360 885
131360 131359 885
131468 131439 2036
131439 131468 2036
131467 131500 985
131500 131467 985
131739 131756 378
131756 131739 378
131768 131769 595
131769 131768 595
54545 53888 3340
53888 54545 3340
54455 54458 2363
54563 54572 2227
54572 54563 2227
54572 54609 789
54609 54572 789
54636 54647 1438
54458 54455 2363
54705 54713 879
54713 54705 879
54647 54636 1438
55193 55194 1546
150533 150536 1758
150536 150533 1758
140523 140509 856
140509 140523 856
141959 141978 2291
141978 141959 2291
143265 143264 237
142136 142137 699
142137 142136 699
142110 142644 3254
142644 142110 3254
142689 142682 791
142682 142681 960
142682 142689 791
142645 142598 1195
142681 142682 960
142004 143259 1511
143259 142004 1511
143264 143265 237
142597 142619 1167
142598 142645 1195
142619 142597 1167
144515 144549 1242
204466 204467 1934
204467 204466 1934
204774 204775 1811
204775 204774 1811
144549 144515 1242
145047 145058 645
145058 145047 645
145679 145683 851
145683 145679 851
145685 145697 482
145697 145685 482
145900 145856 832
145902 145898 719
145898 145896 751
145898 145902 719
145896 145898 751
145856 145900 832
145934 145935 1472
145935 145934 1472
145947 145948 1778
203846 203845 1045
203845 203846 1045
145948 145947 1778
197579 197641 747
197641 197579 747
167351 167353 889
167229 167228 1080
167249 167248 337
167248 167249 337
167616 166813 677
166813 167616 677
167228 167229 1080
152487 152488 1890
152488 152487 1890
182343 182303 724
182303 182343 724
152973 152972 201
152723 152722 5041
152722 152723 5041
152975 152977 1938
152977 152975 1938
152972 152973 201
173537 173542 688
173542 173537 688
155498 153087 797
153087 155498 797
176550 176551 562
176538 176194 435
176551 176550 562
176194 176538 435
176533 176566 418
176566 176533 418
176158 176184 1446
176184 176158 1446
156360 156361 2483
156361 156360 2483
156332 156329 889
156329 156332 889
156309 156310 674
156548 156601 337
156310 156309 674
156601 156548 337
177239 177241 336
177241 177239 336
176719 176715 1161
176715 176719 1161
167353 167351 889
167393 167392 1355
167392 167393 1355
165531 165597 906
165597 165531 906
165413 165412 672
165412 165413 672
211252 211154 1458
211254 211260 756
211260 211254 756
211154 211252 1458
211137 211136 1993
211136 211137 1993
211136 211148 228
211148 211136 228
211276 211277 885
211277 211276 885
212218 212220 1774
212220 212218 1774
212542 212545 1817
164860 164859 1121
164859 164860 1121
212545 212542 1817
114319 114318 475
114318 114319 475
114009 114008 2454
114008 114009 2454
94380 94379 1296
94379 94380 1296
107113 107112 475
107112 107113 475
107199 107208 1959
107208 107199 1959
93063 93044 2279
93044 93063 2279
191674 191684 1145
191684 191674 1145
191758 191846 838
191846 191758 838
111044 111049 557
111049 111044 557
110150 110148 1420
110148 110150 1420
111281 111289 672
111289 111281 672
111314 111312 750
111312 111314 750
111419 111420 893
111606 111420 1336
111420 111419 893
111420 111606 1336
111426 111427 1775
111427 111426 1775
112483 112484 983
112484 112483 983
112743 112744 1336
112744 112743 1336
39308 39306 336
39173 39148 3156
104090 104087 403
104087 104090 403
104246 104230 672
104230 104231 1299
104230 104246 672
104232 104231 1755
104207 104209 580
104210 104209 939
104245 104279 248
104292 104279 2410
104386 104385 809
104386 104388 4403
104789 104788 676
104790 104788 788
104291 104290 927
104780 104781 947
113704 104781 1993
50299 50298 713
50300 50298 574
39154 39164 1663
39163 39164 1198
39144 39143 1031
39144 39165 3659
39145 39143 1000
39145 39146 238
39146 39145 238
39146 39148 848
104369 104371 1274
104369 104373 818
104371 104369 1274
104371 104373 1730
104384 104383 403
104385 104383 536
104385 104386 809
104385 104846 2693
104473 104474 1917
104473 104478 750
104475 104474 889
104493 104479 672
104493 104492 539
104493 104496 1085
104920 104496 750
104920 104501 947
104920 104913 1028
104598 104599 511
104484 104478 750
104484 104489 2147
104494 104489 836
104494 104499 473
104492 104491 1004
104492 104493 539
104590 104499 1993
39357 39356 2528
39374 39356 751
39376 39356 2644
39281 39283 847
39284 39283 2439
39140 39300 2142
39299 39300 589
39299 39305 1636
39306 39300 337
39306 39308 336
39305 39299 1636
39305 39311 4444
39318 39311 2449
39329 39311 975
37248 37258 2272
37253 37251 1168
37253 37258 1152
37259 37273 939
37274 37273 418
37274 37275 1085
37278 37277 551
37278 39366 1779
37278 39393 333
39395 39366 1010
37269 37270 252
37271 37270 629
37271 37282 788
37272 37270 1248
37275 37274 1085
37275 39393 1274
37252 37251 279
37257 37251 557
39348 39347 2360
39370 39347 612
37287 37286 1009
37282 37271 788
37282 37283 1852
37282 37288 1026
37290 37283 836
37290 37292 709
37292 37290 709
37292 39403 1484
37292 39404 131
39404 37292 131
39404 50257 591
38417 38419 605
40215 38419 713
40222 40219 2414
40222 40221 213
50413 50412 867
40225 40221 818
40271 40273 1700
40302 40290 765
40302 40304 629
40303 40304 1014
40303 40307 952
40309 40307 344
40283 40282 1027
40283 40290 878
40297 40290 1558
40295 40294 1305
40280 40282 599
40263 40266 589
40265 40266 1675
40326 40327 1427
40331 40327 511
40340 40327 870
40340 40376 673
40377 40376 751
40378 40376 1146
40378 40382 673
40382 40378 673
40382 40381 890
40391 40381 3020
40417 40418 2004
40432 40431 171
40433 40431 729
40434 40428 260
40434 40431 1120
40434 40435 304
40427 40428 292
50261 40428 1101
40745 40744 710
40745 40820 1225
40738 40741 279
40748 40746 1221
43988 40746 448
40799 40800 511
40799 40806 751
40796 40795 1782
40800 40795 5802
40800 40799 511
56317 55194 837
56342 56324 474
56358 56357 738
40777 40780 709
40778 40782 1560
964
104231
104209
104279
104388
104788
104290
104781
50298
39164
39143
39165
39148
104373
104383
104846
104474
104479
104496
104501
104913
104599
104478
104489
104491
104499
39356
39283
39300
39311
37258
37273
37277
39366
37270
39393
37251
39347
37286
37283
37288
39403
50257
38419
40219
50412
40221
40273
40304
40307
40290
40294
40282
40266
40327
40376
40381
40418
40431
40435
40428
40744
40820
40741
40746
40806
40795
55194
56324
56357
40780
40782
40784
41607
41603
41612
47681
47708
48455
48457
50379
48463
48468
48475
48536
47702
47704
47706
47716
48359
50377
48437
48495
48501
48821
48560
48561
48519
48565
48520
48825
48125
48129
48131
48858
48181
48223
48193
48197
48199
49584
48266
48267
48276
48279
131358
131359
131360
131468
49586
131439
131454
131484
131457
131467
131500
131505
131513
131592
131683
131684
131737
131738
131739
131756
131768
131785
131845
131769
131849
131866
131867
131856
131855
54545
53888
50739
54454
54455
54563
54572
54609
54634
54636
54639
56331
54458
54476
54480
54703
54705
54713
54724
51148
51300
54647
53878
53881
53899
53943
53958
56731
53951
53964
53970
53973
55193
51905
52444
144547
150493
150533
150536
150483
150486
150696
150736
140287
140302
141817
150744
140394
140450
140459
140475
141884
141891
141904
140523
141941
141944
140509
140528
141945
141959
141978
141994
142005
143265
143268
143420
143464
143466
142120
142136
142658
142137
143483
142127
142655
142663
142110
142644
142651
142675
142689
142682
142084
142638
142645
142668
142681
142004
142007
143259
143264
142597
142598
142619
142620
142627
142747
142748
142759
142784
142792
144788
144797
144796
144803
144515
144818
204466
204467
204550
204566
204598
204599
203853
204774
204775
204786
204810
204830
204883
204886
204889
204878
204877
204900
204904
144549
144834
144843
144845
144851
145047
145058
145134
145148
145155
145525
145531
145536
145552
144131
145644
145679
145683
145685
145697
145700
145705
145900
145902
145898
145896
145903
145920
145889
145911
145923
145856
145934
145935
145944
145947
146090
203846
204546
203845
145948
145958
145959
145955
145963
151597
146093
146095
204444
204458
204448
204450
197579
197641
214401
208755
208761
214482
208705
208759
195834
208770
208775
211125
211159
211163
211185
211203
211160
211366
167351
167358
167362
167560
167582
167567
152559
152567
152573
152597
152577
152581
152591
162525
167267
152468
152553
152571
167229
167249
167248
167259
167580
167628
167629
166818
166821
167616
166799
166813
166739
167053
167060
167066
168416
167040
167228
167121
152443
152487
152454
152488
180117
177680
179650
179655
180115
179660
179662
180096
180144
180147
180165
180123
182069
179708
182086
179883
179887
179984
179873
179983
182343
182303
152390
152966
152973
152696
152702
152651
152652
152723
152717
152728
152722
152740
152975
152977
152964
152998
153106
152377
152972
152502
152693
152515
155795
155797
155968
155994
156004
155689
155982
155977
155979
155745
155759
155763
153413
153162
153183
153203
153410
153195
153197
153199
155808
153480
153484
153422
153421
155812
155811
173032
173033
173042
173525
173537
173098
173542
173134
173695
173136
173678
173698
173699
173692
173703
173704
173173
173202
173200
173206
173048
185990
173120
173199
173213
174756
174849
174862
174851
185768
155501
153129
155502
153131
155498
153067
153061
153087
153077
153084
155531
155533
155546
156223
176173
176259
176550
176548
176538
176551
176194
176196
176526
156264
156263
176533
176566
176158
176180
176184
155662
155713
156241
156059
156292
155562
156345
156360
156338
156359
156361
156268
156278
156231
156282
156285
156317
156323
156332
156348
156420
156410
156329
156048
156309
156539
156287
156353
156548
156356
156310
156604
156601
156623
155543
155559
155567
177149
177136
177141
177454
177153
177500
177239
177249
177255
177424
177252
177290
177248
177265
177267
177269
177271
177355
176244
176167
176241
176233
177241
176853
176859
176719
176742
174900
176763
176840
176715
176811
176797
165430
167341
165371
165382
165374
165378
167332
167353
167365
167393
167389
167392
167405
167298
167375
165178
165584
165527
165585
165531
165597
165535
165536
165157
165184
165204
165361
165391
167432
167508
167479
167500
165488
172696
167513
165192
165185
165413
165412
165418
164774
164763
164766
164793
164780
211370
211371
211492
211495
208763
208783
208781
208789
211129
211128
211252
211254
211260
211273
211154
211137
211150
211136
211148
211183
211276
211277
195350
199692
211489
211522
212218
212220
212294
212295
212297
212298
212475
212522
212523
212542
160142
164597
164860
164859
164913
161426
212545
212479
212488
114309
114319
114318
114327
113983
114009
114008
114211
114029
114032
119225
119267
119274
119283
119279
119281
119262
119268
118569
118515
119141
119144
119383
119034
114860
114862
102923
102933
91986
102919
102248
92041
92047
92049
102193
94369
94377
94380
94379
103229
94416
92202
92245
92247
94455
97404
94491
94466
115825
92306
92343
92411
92445
92321
92326
92437
92440
92442
92493
107073
107113
107112
93172
93183
93191
94117
107097
107199
107208
107209
107224
107240
107217
107258
108497
107430
108486
108529
107535
109222
109229
109246
109255
109487
92958
93063
92974
93015
93016
93044
93047
93072
93073
93053
92777
92794
101762
92599
92840
115795
115821
115845
191025
192894
194052
192014
191673
191674
191684
191964
191707
191748
192735
191849
194039
191758
191846
191542
191636
191642
191753
192708
192698
194306
192705
192801
114076
114109
114101
114103
114087
114182
109469
113905
109256
109268
113902
109429
103271
109514
109375
109379
109455
109803
109385
109962
109970
109934
109941
109943
109949
109959
111044
111042
111045
109960
111046
111059
111049
111056
111244
110150
110151
110148
111250
111265
111281
111289
111314
111308
111309
111312
111364
111491
111601
111605
111419
111606
111420
103404
111403
111408
111426
103408
103410
111427
112483
112626
112629
104131
104098
104111
104110
104095
104152
104154
105731
103980
103981
112827
112866
112875
112619
112484
112630
112740
112743
112744
104125
104345
104205
104229
104402
104451
39150
39308
39177
39173
104234
104097
104090
104087
39064
104767
104246
104230
104207
104245
104386
104780
39154
39163
39144
39145
39146
104369
104371
104473
104475
104920
104598
104484
104494
104590
39374
39281
39140
39299
39318
39329
37248
37253
37259
37274
39395
37269
37271
37272
37275
39370
37287
37290
38417
40222
40225
40271
40302
40303
40280
40263
40265
40326
40331
40377
40378
40382
40417
40432
40427
50261
40745
40738
40748
43988
40799
40796
40800
56317
56342
40777
40778
