4022
210491 210429 1593
210491 210490 804
210491 210494 1609
210496 210494 707
178700 179104 152
178700 179108 788
179202 179178 697
179202 179201 2155
179177 179178 976
179200 179130 751
179200 179201 1262
179176 179179 452
179130 179131 3558
179130 179200 751
179132 179131 581
179258 179259 796
179258 179302 709
179324 179325 589
179324 179325 589
115373 115375 1729
115373 115496 901
116076 116075 4440
116076 116077 1109
115546 115547 1411
116075 115545 1351
116075 116076 4440
113859 115880 3770
106290 106291 2153
106290 106300 1146
106403 106404 7863
106403 106405 3976
32378 106793 490
32347 32348 2727
32347 32391 718
35007 106408 818
32384 32383 630
32441 29475 527
29472 29473 93
114751 114752 980
114737 114735 2919
114737 116205 603
194113 194114 502
193137 193112 670
193137 193138 796
193140 193141 944
193140 193151 64
193087 193085 143
193087 193086 174
193119 192909 926
193119 193124 817
193149 193144 891
193121 193130 307
193121 193131 562
193142 193141 2345
193159 193163 436
193166 193169 201
193179 193178 106
193208 193207 452
193208 193209 201
190964 190963 777
190968 192124 545
193237 193238 1542
193237 193239 670
193241 193242 803
193251 193259 482
193251 193260 469
192177 192178 1979
192206 192456 1260
192206 192457 1592
192151 192145 377
192151 192150 762
192262 192387 865
192262 192475 632
192152 192143 2572
35132 35130 1218
35132 35130 1218
35149 35146 360
29493 29468 951
29493 29494 1069
29494 29469 1182
29494 29493 1069
30833 30823 426
30829 30830 825
30837 30836 1527
30837 30839 935
30854 32588 1430
30854 32589 3821
32587 32598 1516
32587 32601 1391
31721 31720 221
31721 35198 1216
31765 31738 492
31765 31767 440
31769 31768 2344
31769 31771 1586
32669 32670 1052
32697 32698 370
29521 29489 1261
29521 29506 1471
29521 29541 1248
29523 29525 1055
29523 29532 4620
30380 30377 3222
30380 30379 2267
30382 29551 1134
30382 30381 2726
30386 30387 1458
30386 30388 1343
30396 30397 2318
30414 30410 855
30414 30415 2222
30772 30757 1896
30772 30759 1335
30781 30783 465
30802 32547 4646
32500 8337 877
32500 32469 3351
32502 32513 4794
32502 32521 1944
32513 32502 4794
32513 32514 3518
32555 32556 1530
30803 30814 2133
30803 30815 1570
34831 30816 1014
34831 34832 1494
34209 30816 1666
34209 34211 860
34210 34965 713
30558 30557 417
30558 30560 350
30825 30826 1420
35008 29473 2353
29482 29480 792
29482 29481 2029
29519 29506 1048
29519 29520 1233
29519 29525 772
31738 31737 1821
31738 31765 492
31749 31750 2631
31749 31762 2108
31615 31616 2018
31763 31750 3200
31774 31773 895
31774 31776 651
31790 31616 623
31790 31795 662
31828 35022 421
31828 35023 2448
32885 32859 1407
32885 32887 1813
32901 32890 823
32901 34743 1601
32920 32913 1419
32920 32923 604
32930 32921 680
32976 32977 1152
32980 31620 488
32980 32981 1863
32981 32980 1863
32981 32983 483
32995 32983 796
33002 34051 441
32996 32983 1483
33121 33094 842
33121 33119 1877
33121 33122 826
33119 33118 1516
33119 33121 1877
33122 33096 2021
33122 33121 826
33122 33128 775
33127 33125 944
33127 33128 891
33127 33131 285
33148 33111 318
33148 33116 2086
33152 33151 880
33152 33154 636
32917 32916 842
32917 33195 1083
33202 33203 3952
33202 33203 3952
33202 33223 688
33202 33223 688
33216 33238 238
33222 33241 1949
33244 33241 938
33244 33434 656
33249 33227 1436
33249 33234 1022
33247 33234 876
33247 33248 1160
33629 33532 3523
33629 33630 876
33630 33629 876
33630 33632 893
33633 33632 1013
33633 33635 1014
33641 33635 1013
33641 33638 1114
33542 33540 672
33542 33550 238
33644 33639 373
33644 33650 1013
33554 33551 1139
33554 33651 622
33652 33559 557
33673 34850 891
34852 34240 717
34852 34241 1338
33671 16973 2480
33671 33672 2171
16974 16973 604
16974 16975 1292
16980 16943 1223
16980 16975 222
17070 17071 713
17070 17082 750
17071 17070 713
17071 17083 550
17065 17064 1712
17065 33770 1150
17100 17101 818
17100 33765 1225
17105 17106 750
17105 17112 1900
17161 17162 2250
17161 17166 788
17169 17162 598
17169 17168 475
17166 17161 788
17166 17171 516
17172 17162 628
17186 17187 818
17186 17188 1689
17189 17188 818
17189 17190 826
17305 17302 826
17305 17306 1055
17306 17303 1432
17306 17305 1055
17748 17751 1141
17752 17751 826
17752 17753 452
17793 17754 1495
17793 17796 818
17794 17795 1873
17794 17797 707
17992 17994 868
17992 17996 354
17985 17979 1610
17985 17986 373
17797 17794 707
17797 17798 1873
17799 17800 818
17812 17800 628
17812 17813 2689
17813 17812 2689
17813 17979 344
17226 17124 1061
17289 17290 978
17285 17187 1141
17285 17286 1611
17287 17280 750
17287 17288 1268
17287 17298 1268
17300 17298 1007
17300 17314 2480
17311 17318 1022
17311 17319 551
17313 17320 796
17737 17756 788
17737 17759 1447
17758 17756 903
17758 17764 2063
17764 17758 2063
17764 17761 750
17784 17761 1797
17760 17745 788
17760 17759 1901
17760 17761 903
17780 17745 1767
17780 17769 708
17782 17769 1873
17782 17770 826
17782 17787 1322
17788 17787 681
17878 17790 788
17878 17879 1139
17882 17880 708
17882 17883 1873
17919 17883 788
17864 17863 511
17864 17873 950
17864 17875 869
17875 17864 869
17875 17880 708
17881 17880 2005
17881 17883 676
17866 17859 626
17866 34409 868
17868 17869 475
17868 17873 847
18285 18281 1039
18158 18157 475
18158 33951 1303
18205 18204 1021
18206 18212 838
18206 18235 1365
18189 18188 344
18189 18190 1849
18198 18193 904
18198 18197 452
17458 17459 1197
17458 18203 1063
18188 18187 373
18188 18189 344
18213 17448 688
18213 18187 2005
18271 17459 730
18271 35088 864
18280 17463 1188
18280 18281 517
18194 18193 818
18194 18195 847
18231 18252 904
18231 18258 2557
18292 18293 1260
18514 18515 562
18302 18341 927
18304 18313 1691
18304 18376 1730
18304 18384 818
18297 18296 788
18297 18298 924
18313 18304 1691
18313 18314 580
18261 18258 504
18261 18262 1062
18532 18533 927
18532 18534 931
18566 18571 950
18566 18577 1576
18574 18575 1257
18574 18576 796
18545 18540 950
18545 18546 1161
18568 18548 551
18568 18570 1004
18569 18572 420
18573 18572 2292
18573 18580 782
18743 18576 1142
18743 18744 1099
18743 18746 904
18795 18676 1657
18795 18792 475
18811 18794 1930
18663 18607 604
18663 18662 452
18663 18664 333
18677 18675 374
18677 18793 1416
18799 18794 336
18706 18704 788
18706 18707 1848
18708 18707 826
18801 34789 925
18711 18707 1979
18711 18710 598
18827 18722 708
18827 18825 713
18975 18964 2542
18975 18973 905
18966 18963 580
18966 18972 1280
18968 18954 475
18964 18963 713
18964 18975 2542
25254 25253 950
25286 25284 905
25286 25285 764
25288 25281 950
25288 25284 1385
25257 25256 276
25291 18940 2614
25291 25282 1142
25291 25292 826
18955 18951 1161
18955 18982 629
25292 18950 2559
25292 25291 826
25341 29003 365
25379 25377 698
25379 26599 1716
25376 25375 713
25376 25377 2320
25413 25425 747
25413 26604 380
26676 18859 676
26676 26648 1307
26684 26685 258
26721 26648 672
26721 26655 809
26687 26680 989
26687 26685 873
26724 26655 1008
26278 26260 872
26278 26274 975
26278 26285 1344
26293 26292 1140
26293 26295 1900
26668 26667 806
26298 26295 939
26669 26665 751
26669 26667 2090
26297 26295 889
26230 26228 924
26232 26228 2346
26232 26236 904
26242 26241 2041
26286 26241 1140
26286 26292 3674
26425 26423 1409
26425 26437 1715
26505 26507 650
26505 26508 873
26506 26508 1395
26509 26508 738
26333 105572 354
29110 29111 1534
29124 29123 605
29121 29116 2319
29121 29122 1209
29121 29123 1831
29166 29122 1864
29166 29167 1073
29167 29129 1901
29167 29166 1073
29171 29172 1902
29171 29173 476
26307 26420 1533
26307 29177 983
29176 29173 884
29176 29177 1613
26423 26424 1115
26423 26425 1409
26514 26480 673
26514 26515 1458
27316 27313 1008
27316 27375 1409
27368 27313 1394
27365 27308 806
27366 26518 418
27366 27372 697
29400 29396 827
29400 29403 738
29401 29396 2550
29401 29397 807
29419 29397 1206
29419 29418 677
29419 29418 677
29419 53350 2833
53353 53350 807
53353 53354 810
53359 53354 84
29424 29425 747
29424 29429 1303
53171 53166 879
53171 53173 2690
53230 53173 810
53230 53209 2690
53230 53231 879
53238 53231 836
53238 53242 1275
53242 53238 1275
53242 53243 848
53169 53163 738
53169 53170 976
53175 53161 810
53175 53163 1673
53152 53151 810
53152 53153 1394
53152 53161 2320
53154 53153 807
53154 53350 2599
53356 53354 836
53391 53388 1282
53654 53655 1458
54958 54907 1436
54959 54962 1032
54960 54963 1796
54960 54967 849
54982 54979 418
54982 54984 1168
54992 54984 505
54992 54991 344
54992 55561 709
55561 54992 709
55561 54993 893
55568 55570 373
55568 55571 1410
55569 55571 837
55569 55580 1211
55580 55569 1211
55580 55574 789
55580 55617 1346
55590 55617 697
55590 55648 1476
55647 55648 928
55647 55652 1948
53656 53653 1614
53656 53658 1009
49756 49755 1014
53740 53744 337
53741 53743 202
53746 53747 1682
141225 141236 269
141225 141263 1581
141208 141207 1450
141208 141209 516
141228 141209 813
141228 141231 791
141228 141241 1413
141230 141231 479
141230 141238 750
141237 141236 799
141237 141285 740
141237 141288 1460
141205 140988 1340
141205 141207 245
195400 195403 681
195400 195409 504
195401 195409 840
195374 195471 1430
195375 195376 834
195375 195378 2927
195417 195420 683
195417 195422 1185
195418 195419 1065
195418 195420 602
195421 195388 677
195421 195422 879
195421 195435 1846
195388 195406 1099
195388 195421 677
195404 195405 766
195404 195406 1023
141263 141225 1581
141263 141264 619
141269 141264 1328
141269 141270 798
141279 141270 1459
141279 141304 6434
140583 140582 3323
140583 140611 805
140612 140607 808
140612 140611 1420
140616 140607 1560
140616 140614 815
140905 140614 1492
140905 140621 737
140905 140909 1359
140910 140909 767
140910 140920 1374
140919 140920 806
140919 140924 648
140924 140919 648
140924 140925 806
140959 140925 1963
140959 140960 813
140959 140961 513
140963 140961 630
140963 140962 738
140979 140960 1519
140979 140980 271
140979 140985 1725
140985 140979 1725
140985 140989 896
140985 140990 204
140985 140992 386
140988 140987 264
140988 140989 501
140988 141205 1340
140989 140985 896
140989 140987 568
140989 140988 501
189717 190266 739
189717 190312 1628
189715 189713 790
189715 190312 704
189715 190324 1649
189711 189710 1641
189711 189712 770
189713 189712 1649
189713 189715 790
189709 189708 822
189709 189710 703
189709 190358 1257
186552 186562 1665
189708 186562 768
189708 189707 1192
189708 189709 822
186568 186559 704
186568 186582 823
186586 186582 742
186586 186588 920
186586 186695 743
186662 186695 683
186559 186563 926
186559 186568 704
186560 186561 685
186560 186564 295
186564 186560 295
186564 186563 808
186564 186570 712
186682 186683 643
186696 186695 1135
186696 186697 1056
186699 186704 1053
186702 186704 809
186702 186706 1472
186716 186706 630
186716 186720 254
186716 186721 1240
186720 186716 254
186720 186729 451
186720 186730 1217
186725 186729 1491
186732 186729 687
186732 186737 1227
189903 186641 226
189903 189904 388
189903 190252 3522
186849 186633 737
186849 186841 846
186849 186850 795
186851 186850 492
186851 186853 995
186866 186853 315
186859 186737 408
186859 186858 457
186842 186840 778
186842 186841 258
186843 186845 127
186843 186847 551
186846 186730 789
186846 186847 369
186846 186854 294
189905 189904 180
189905 190521 425
140597 140598 882
140597 140692 1501
140690 140692 636
140690 140694 1487
140696 140694 585
140696 140709 1333
140697 140709 517
140697 140720 1387
140719 140720 662
140719 140726 1436
140727 140726 810
140727 141008 1203
141009 140760 755
141009 141008 953
141009 141042 577
141009 141054 439
140756 140759 785
140756 140761 1194
140760 140761 798
140760 141009 755
140760 141043 694
140759 140756 785
140759 140758 844
140759 140762 1224
140577 140576 1341
140595 140594 739
140595 140598 1455
140681 140682 968
140681 141657 789
144190 140682 884
140685 140742 879
140685 140745 1244
140741 140742 1865
140741 140743 853
140741 140744 642
140744 140741 642
140744 140743 572
140744 140763 1117
140758 140759 844
140758 140763 955
140758 140764 1302
55670 55652 511
55670 55693 677
55829 55800 984
55834 55830 672
55834 55835 445
55836 55830 1449
55836 55838 782
55855 55838 1352
55855 55856 782
55863 55856 1449
55863 55860 782
55863 55907 1436
55907 55697 1612
55907 55863 1436
55907 55908 796
56608 56576 1329
189820 189821 972
189820 189854 794
189820 189858 699
189821 189820 972
189821 189857 3246
190266 189717 739
190266 190263 790
190266 190308 1648
190263 190266 790
190263 190279 661
190263 190310 699
190222 190223 241
190265 190277 295
190279 190263 661
190279 190277 129
190279 190278 821
189858 189820 699
189858 189859 798
189858 189864 1286
189864 189858 1286
189864 189865 774
189864 190223 1504
195411 195410 1734
195411 195413 789
195411 196146 1536
196145 196146 791
196145 196168 420
214881 196168 184
196227 194692 446
196227 196176 564
196227 196222 878
194692 194693 258
194692 196227 446
196224 196225 897
196224 196240 1893
195881 195884 91
196239 196241 755
195882 196040 791
195882 214831 1149
196051 196050 278
196051 196052 568
196053 196052 1696
202557 197193 1009
202574 197248 492
202574 202575 680
202575 197203 1457
202575 197249 882
202575 202574 680
202578 197249 1953
202578 202579 707
202757 202598 3207
202757 202758 2084
202759 202758 735
202759 202770 1163
202770 202759 1163
202770 202771 369
202773 202771 1742
202773 202774 665
202805 202774 1983
202825 202826 1795
202825 202827 872
202831 202828 1501
202831 202832 549
203236 202827 1169
203240 203238 419
203240 203241 433
203251 203261 867
203251 203264 2021
203251 203271 755
203318 203275 329
203484 203534 221
203486 204160 1467
203486 204170 1091
214395 203555 1325
214395 214583 989
203553 203555 715
203553 203556 1885
203553 203559 779
203554 203563 1039
203554 205723 278
205721 205728 774
203276 203274 946
203276 203275 2038
203279 203633 1431
205734 205740 1199
205734 205741 3399
205742 205741 987
205742 207048 515
205799 205803 997
205800 205804 1986
205800 207272 1645
205784 205779 751
205784 205782 1274
205784 205783 955
205798 205782 975
205798 207117 919
205798 207122 810
207122 205798 810
207122 207104 1770
207122 207272 419
197150 197146 603
197150 197160 1540
197159 197160 955
197159 197193 1995
196041 196042 359
196054 196052 769
196043 196042 612
196442 196441 1908
196442 196445 1067
196265 196262 930
196265 196264 847
196444 196443 1016
196478 196462 573
196478 196479 681
196478 196480 2646
196478 214612 252
214616 196259 705
214616 196263 660
196480 196478 2646
196480 196489 898
196533 196544 1702
196546 196544 940
196565 196589 1754
196590 196589 190
196590 196591 1629
196593 196591 972
197145 197143 867
197145 197146 1770
205989 205987 1175
205989 205996 741
205989 205997 1013
205991 205996 932
205995 205996 946
205995 206015 759
205995 206016 2606
206015 205995 759
206015 206017 342
206020 206017 778
206020 206018 2125
206020 206022 774
206021 206022 1132
206021 206665 796
206664 206668 901
206664 206670 1542
206664 206678 801
205987 205949 1190
205987 205988 993
205987 205989 1175
205950 205949 2184
205950 205967 2248
205965 205966 665
205952 205795 594
205952 205958 843
205952 205966 2826
205795 205952 594
205795 205955 1091
206756 206755 901
206756 206779 622
206681 206680 750
206681 206682 1287
214937 206733 692
206735 206734 403
206735 206736 1201
206737 206766 709
206776 206777 110
206776 206779 834
206755 206756 901
206755 206783 573
206755 206904 1079
206906 206904 825
206906 206907 640
206913 206908 715
206913 206934 385
206934 206913 385
206934 206935 656
206950 206936 1699
206950 206951 194
206959 206951 1119
206959 206960 2392
206999 207002 347
206999 207004 1282
206999 207005 280
207007 207005 153
207007 207029 1353
207009 207029 871
207009 207030 364
207026 207028 522
207024 207027 387
206998 209282 933
206997 207025 1380
206997 209282 797
209283 209282 912
209283 209313 892
209285 209286 623
209285 209287 2486
209277 209286 1464
209300 209286 750
209300 209301 908
209300 209302 2511
209301 209300 908
209301 209304 1268
209306 209304 751
209306 209340 1401
209339 209344 900
209341 209340 1073
209341 209344 792
209341 209345 1480
209350 209356 2184
209350 209513 839
209354 209355 2613
209342 209346 486
209352 209353 2315
178974 178941 4545
178974 178975 2085
178974 180201 709
179038 179011 1198
180889 180887 682
180889 185588 1234
179036 179016 932
179036 179292 2824
179292 179033 983
179292 179036 2824
179292 179289 2016
180232 179289 789
180232 180231 1786
180870 180231 765
180870 180887 849
180870 185585 1248
180887 180870 849
180887 180889 682
180887 185587 1124
180905 180885 581
180905 180904 556
180231 180230 849
180231 180232 1786
180231 180870 765
180879 180875 682
180879 180877 667
180879 180882 344
180897 180899 502
180897 180946 1124
180880 180876 849
180880 180881 452
180880 180900 1234
180906 180920 54
180917 180900 1094
180898 180920 759
181123 181122 277
181123 181122 277
181205 181134 697
181205 181206 1152
181209 181210 927
181209 181469 1682
181210 181209 927
181210 181468 1772
181470 181468 905
181470 181472 2067
181471 181473 599
181471 181479 476
181225 181481 435
177531 177532 1656
181493 181508 538
181513 181538 2584
181537 181536 1502
181537 181538 836
181537 181555 747
181555 181537 747
181555 181561 2529
181568 181570 599
181568 181583 849
181583 181568 849
181583 181584 435
181572 181571 517
181572 181725 1305
181643 181644 1903
181643 181665 650
181644 181643 1903
181644 181663 713
181660 181664 1140
181641 181564 789
181641 181640 2593
181646 181636 1810
181646 181645 1885
181647 181645 673
184550 184549 1458
184572 184575 1499
184572 184576 818
184574 184512 1035
184553 184549 790
184553 184552 782
184553 184576 1987
163127 163112 1505
163127 163129 790
163129 163113 1467
163129 163127 790
163129 163131 709
184541 184540 796
184541 184545 674
184545 184541 674
184545 184547 709
184542 184543 581
184542 184563 796
184542 184564 1365
184560 184559 517
184560 184561 355
184559 163142 581
184559 184560 517
163136 163137 713
184539 184540 475
184539 184544 475
163131 163129 709
163131 163132 1483
163131 163134 709
163134 163131 709
163134 163135 1505
163134 163137 871
163085 163086 796
163085 163089 435
163086 163085 796
163086 163106 344
163111 163112 709
183121 183123 266
183162 183163 337
184667 183351 2279
184667 184670 766
184664 184661 810
184668 183357 517
184668 184671 276
184673 184675 2561
184682 183375 333
184682 184681 667
184682 184799 517
184679 184678 1275
184679 184680 697
184662 184661 893
184662 184677 355
184692 184691 1552
184692 184701 2550
184514 184512 688
184514 184515 517
184510 184509 556
184700 184699 650
184655 184589 605
184655 184706 928
184703 184699 3370
184703 184705 837
184589 184588 556
184589 184655 605
183337 183336 749
183342 183341 1336
183342 183365 1519
183142 183143 631
183142 183348 238
183168 183163 778
183150 183143 672
183150 183347 2069
183346 183347 796
183364 183363 1394
183364 183369 1268
181728 181667 952
181728 181729 452
181728 181734 1055
181735 181734 599
181735 181747 2087
181737 181738 271
181747 181735 2087
181747 181741 1904
181714 181715 1146
181714 181752 1375
180868 180857 1063
180868 180869 2329
180846 180850 3728
180848 180849 2192
180848 180856 1974
180848 181602 1031
181602 180848 1031
181602 180856 1659
180857 180859 4998
180857 180868 1063
180863 180862 2185
180863 182022 475
181619 181615 1152
181619 181616 2877
181621 181623 520
181621 181634 688
181614 181615 709
181634 181621 688
181634 181633 605
181689 185595 818
181666 181664 870
181666 181669 511
181696 181669 751
181703 181704 517
181716 181715 1027
181716 181753 1467
180865 180864 48
180867 180866 1009
182055 182056 751
182066 182022 952
182052 182051 1029
182832 182051 279
182832 182830 1456
182830 182831 789
182830 182832 1456
182855 182831 1055
182855 182856 2839
182850 182851 947
182850 182852 1659
182854 182853 2218
182854 182879 1258
182879 182854 1258
182879 182878 1008
182881 182893 2063
183489 183487 1438
183489 183671 1336
183670 183671 932
183668 183672 667
183668 183681 757
183681 183668 757
183681 183685 870
183691 183690 2237
183693 183692 849
183693 183694 1669
183700 183688 3446
183700 183705 984
158653 158652 984
172892 172893 2232
172892 172896 889
172892 183705 932
174032 161804 1089
174032 174035 1565
174033 174034 789
174033 174035 238
174048 174042 5229
174048 174101 1142
174030 174025 2142
174030 174036 1484
177228 177227 617
177228 183531 1305
182579 182893 552
182576 182575 7445
182576 183476 1629
183995 183994 818
183995 184018 3431
184019 184018 976
184014 184015 849
184014 184039 893
184014 184043 673
174096 174074 581
174096 174099 610
174096 174103 2812
174067 174068 782
174067 174069 2420
174072 174069 361
174074 174075 2914
174074 174096 581
174074 185944 928
174060 174058 1623
174060 174061 2248
184044 184043 1445
183313 183315 1248
183754 183759 344
183753 183749 562
183777 183776 517
183777 183798 517
183791 183790 517
183791 183802 1742
183800 183802 1901
183790 183791 517
183790 183849 2340
183998 183997 2276
183998 184001 1222
183331 186110 730
183345 183378 796
183334 183335 1375
183324 183323 1124
183324 183764 766
183324 185628 556
183400 183378 1498
183400 183381 713
183400 185625 355
183323 183324 1124
183323 183761 682
183316 183315 952
183757 183755 1116
183757 183762 688
210426 210428 674
210426 210429 900
210427 210451 706
210427 210452 867
210436 210434 1111
210436 210440 157
210406 210216 630
210406 210407 1446
209513 209350 839
209513 209514 1487
209513 209523 1457
209523 209356 1137
209523 209513 1457
209523 209525 786
209525 209523 786
209525 209526 598
209604 209552 797
209604 209605 1163
209606 209605 796
209606 209612 1979
209652 209612 732
209652 209655 1776
209651 209655 715
209651 209659 1661
209660 209667 623
210144 210152 692
210144 210156 752
210144 210163 1770
210146 210147 718
210152 210144 692
210152 210147 1480
210152 210153 1020
210155 210157 750
210156 210144 752
210156 210164 798
210156 210165 1717
210162 210157 1009
210162 210168 790
210222 210224 796
210222 210225 1954
210220 210168 2041
210220 210229 810
210224 210222 796
210224 210240 779
210224 210243 1400
210239 210240 1971
210239 210241 709
210215 210216 363
210215 210245 395
162688 162689 709
162688 162833 1055
162816 162818 1530
162816 162833 790
162817 162818 709
162817 162839 1530
162844 162842 710
162844 162845 1221
162847 162839 355
162847 162849 581
163251 163252 871
163251 163253 713
162881 162891 26
162888 162887 871
162888 162912 1438
162911 162912 677
162904 162907 827
162859 162860 1147
162859 162917 404
162917 162859 404
162917 162918 1188
162861 162860 885
162861 162863 713
162906 162907 2748
162906 162910 2783
162906 162931 1161
161346 161345 331
196814 196813 785
196814 198623 1913
196814 210541 2296
210429 210426 900
210429 210433 696
210429 210491 1593
210490 210433 1627
210490 210460 606
210490 210491 804
210490 210514 1575
210494 210491 1609
210494 210496 707
210494 210514 696
210494 210527 1783
179104 178700 152
179104 179103 796
179108 178700 788
179108 178705 149
179108 179114 601
179178 179177 976
179178 179179 1684
179178 179202 697
179201 179179 1140
179201 179200 1262
179201 179202 2155
179179 179176 452
179179 179178 1684
179179 179201 1140
179131 179130 3558
179131 179132 581
179131 179204 452
179259 179258 796
179302 179257 688
179302 179258 709
179302 179284 757
179325 179324 589
179325 179324 589
115375 115373 1729
115375 115376 5387
115375 115495 4239
115496 115373 901
116077 116076 1109
115547 115546 1411
115547 115668 177
115545 115544 49
115545 116075 1351
115880 113858 580
115880 113859 3770
106291 106290 2153
106300 106290 1146
106300 106301 1033
106300 106302 568
106404 106403 7863
106405 106403 3976
106405 106407 808
106793 32378 490
106793 106406 8911
32348 32347 2727
32391 32347 718
32391 32402 767
32391 32403 1987
106408 35007 818
106408 106406 6772
106408 106409 13213
106408 106670 1372
32383 32381 294
32383 32384 630
29475 29474 311
29475 32441 527
29475 32442 1747
29473 29472 93
29473 35008 2353
114752 114751 980
114735 114541 4328
114735 114734 4851
114735 114737 2919
116205 114737 603
194114 191798 757
194114 194113 502
193112 193113 792
193112 193137 670
193112 193139 302
193138 193137 796
193141 193140 944
193141 193142 2345
193141 193143 1203
193151 193140 64
193151 193145 353
193151 194392 776
193085 193081 1964
193085 193086 87
193085 193087 143
193086 193082 1988
193086 193085 87
193086 193087 174
193086 194480 546
192909 192907 1893
192909 193119 926
192909 193123 667
193124 193119 817
193124 193123 1170
193124 193127 562
193124 193129 1225
193144 193145 580
193144 193149 891
193130 193114 1743
193130 193121 307
193130 194044 494
193131 193121 562
193131 193126 1741
193163 193159 436
193163 193162 667
193163 193165 658
193169 193166 201
193169 193167 452
193178 193129 645
193178 193179 106
193178 193974 244
193207 193205 556
193207 193208 452
193209 192964 3091
193209 193208 201
193209 193210 890
190963 190964 777
192124 190968 545
193238 193237 1542
193239 193237 670
193239 193243 1203
193239 193244 735
193239 194138 651
193242 193241 803
193259 193251 482
193260 193251 469
192178 192177 1979
192456 192206 1260
192456 192223 1795
192456 193921 905
192457 192206 1592
192457 192212 188
192145 192151 377
192150 192151 762
192150 192159 3107
192150 192160 3343
192387 192262 865
192387 192272 758
192475 192262 632
192475 192484 255
192475 194136 286
192143 192152 2572
35130 35131 1368
35130 35132 1218
35130 35132 1218
35146 35147 1201
35146 35148 257
35146 35149 360
29468 29467 721
29468 29469 1853
29468 29493 951
29469 29468 1853
29469 29471 1011
29469 29494 1182
30823 30824 599
30823 30833 426
30823 30835 559
30830 30829 825
30836 30835 655
30836 30837 1527
30836 30839 1882
30839 30836 1882
30839 30837 935
30839 32586 1141
32588 30854 1430
32589 30854 3821
32589 32590 560
32598 32566 4923
32598 32587 1516
32598 32595 1036
32598 32599 3296
32601 32587 1391
32601 32602 1623
32601 32603 1441
31720 31721 221
31720 31722 1333
31720 32590 1458
35198 31721 1216
35198 31722 239
35198 35199 162
31767 31765 440
31767 31768 1536
31767 31772 2120
31768 31767 1536
31768 31769 2344
31768 31772 1337
31771 31769 1586
31771 32737 973
31771 32738 2461
32670 32669 1052
32670 32671 1339
32670 32672 1442
32698 32697 370
32698 32702 488
29489 29490 2314
29489 29521 1261
29489 29542 1007
29506 29507 1246
29506 29519 1048
29506 29521 1471
29541 29521 1248
29541 29531 1087
29541 29542 1486
29525 29519 772
29525 29523 1055
29532 29523 4620
29532 30343 1183
29532 34929 2103
30377 30378 489
30377 30379 1815
30377 30380 3222
30379 30377 1815
30379 30380 2267
30379 30381 1078
29551 29550 3611
29551 30382 1134
29551 30383 1146
30381 29547 625
30381 30379 1078
30381 30382 2726
30387 30386 1458
30388 30386 1343
30388 30394 4719
30388 30401 562
30397 30396 2318
30410 30411 1280
30410 30414 855
30410 30770 2628
30415 30414 2222
30757 30758 1841
30757 30770 1512
30757 30772 1896
30759 30755 4813
30759 30760 2216
30759 30772 1335
30783 30775 1826
30783 30781 465
30783 34537 1616
32547 30802 4646
32547 32548 1084
32547 32549 2219
8337 8338 3303
8337 8341 822
8337 32500 877
32469 30779 5017
32469 32489 2072
32469 32500 3351
32521 32502 1944
32521 32512 376
32521 32514 1611
32514 32513 3518
32514 32521 1611
32556 32555 1530
32556 32557 1374
32556 32559 3180
32556 32563 3469
30814 30803 2133
30815 30803 1570
30815 30816 3183
30815 30818 1355
30816 30815 3183
30816 34209 1666
30816 34831 1014
34832 34831 1494
34211 34209 860
34211 34212 653
34211 34213 828
34965 34210 713
30557 30558 417
30560 30558 350
30826 30825 1420
29480 29478 1982
29480 29482 792
29480 29491 858
29481 29478 759
29481 29482 2029
29520 29519 1233
31737 31738 1821
31750 31749 2631
31750 31763 3200
31750 31773 211
31762 31749 2108
31616 31615 2018
31616 31785 1014
31616 31790 623
31773 31750 211
31773 31772 961
31773 31774 895
31776 31774 651
31776 31775 1661
31776 31777 1066
31795 31790 662
31795 31792 4847
31795 31796 795
35022 31828 421
35023 31828 2448
32859 32389 405
32859 32885 1407
32859 32888 2841
32887 32857 1734
32887 32885 1813
32887 34941 621
32890 32389 1609
32890 32899 1737
32890 32901 823
34743 32901 1601
32913 32910 1010
32913 32920 1419
32923 32915 475
32923 32920 604
32923 32924 1268
32921 32922 1674
32921 32929 828
32921 32930 680
32977 31620 1362
32977 32932 1095
32977 32976 1152
31620 31619 482
31620 32977 1362
31620 32980 488
32983 32981 483
32983 32982 706
32983 32995 796
32983 32996 1483
34051 33002 441
33094 33095 1269
33094 33120 946
33094 33121 842
33118 33090 613
33118 33091 796
33118 33119 1516
33096 33092 447
33096 33122 2021
33128 33122 775
33128 33123 1000
33128 33127 891
33128 34919 947
33125 33123 903
33125 33126 317
33125 33127 944
33131 33127 285
33111 33110 930
33111 33147 2152
33111 33148 318
33116 33115 395
33116 33117 673
33116 33148 2086
33151 33152 880
33154 33152 636
33154 33153 207
32916 32917 842
32916 33194 865
33195 32917 1083
33195 107910 693
33195 107954 879
33203 33202 3952
33203 33202 3952
33203 103388 2887
33223 33202 688
33223 33202 688
33223 33224 778
33223 33224 778
33223 33238 839
33238 33216 238
33238 33223 839
33238 33239 876
33241 33222 1949
33241 33239 610
33241 33244 938
33434 33244 656
33227 33225 1444
33227 33249 1436
33234 33233 1208
33234 33247 876
33234 33249 1022
33248 33235 1279
33248 33237 884
33248 33247 1160
33532 33531 336
33532 33533 796
33532 33534 681
33532 33629 3523
33632 33630 893
33632 33633 1013
33632 33634 1014
33635 33633 1014
33635 33634 1013
33635 33641 1013
33638 33637 1527
33638 33639 1322
33638 33641 1114
33540 33536 1335
33540 33539 1268
33540 33542 672
33550 33541 1361
33550 33542 238
33550 33551 905
33639 33638 1322
33639 33640 1343
33639 33644 373
33650 33644 1013
33551 33549 1711
33551 33550 905
33551 33554 1139
33651 33554 622
33651 33555 327
33559 33556 975
33559 33560 847
33559 33652 557
33559 33655 418
34850 33673 891
34240 34241 1060
34240 34852 717
34241 34240 1060
34241 34852 1338
16973 16974 604
16973 33671 2480
16973 33672 403
33672 16942 1786
33672 16973 403
33672 33671 2171
16975 16974 1292
16975 16980 222
16943 16942 1139
16943 16979 1031
16943 16980 1223
17082 17070 750
17083 17071 550
17064 17065 1712
17064 17069 22
17064 17087 995
17064 17101 3237
33770 17059 1714
33770 17065 1150
17101 17064 3237
17101 17100 818
17101 35238 734
33765 16946 434
33765 17100 1225
17106 17105 750
17106 17107 788
17106 17112 1883
17112 17105 1900
17112 17106 1883
17112 17114 893
17162 17161 2250
17162 17169 598
17162 17172 628
17168 17124 2161
17168 17169 475
17171 17166 516
17187 17186 818
17187 17190 868
17187 17285 1141
17187 17286 1248
17188 17186 1689
17188 17189 818
17190 17187 868
17190 17189 826
17190 17302 1292
17302 17190 1292
17302 17303 649
17302 17305 826
17303 17286 750
17303 17302 649
17303 17306 1432
17751 17748 1141
17751 17749 610
17751 17752 826
17753 17752 452
17754 17749 344
17754 17755 713
17754 17793 1495
17796 17763 1454
17796 17793 818
17796 17795 707
17795 17794 1873
17795 17796 707
17795 17798 707
17994 17986 707
17994 17992 868
17994 17995 818
17996 17992 354
17979 17813 344
17979 17980 611
17979 17985 1610
17986 17985 373
17986 17990 1848
17986 17994 707
17798 17795 707
17798 17797 1873
17798 17801 598
17800 17799 818
17800 17801 452
17800 17812 628
17124 17114 1992
17124 17115 1141
17124 17168 2161
17124 17224 1335
17124 17225 796
17124 17226 1061
17290 17278 828
17290 17289 978
17286 17187 1248
17286 17285 1611
17286 17303 750
17280 17278 1635
17280 17287 750
17280 17295 252
17288 17287 1268
17298 17287 1268
17298 17296 982
17298 17300 1007
17298 17301 2110
17314 17300 2480
17314 17301 1032
17314 17318 982
17314 17335 2035
17318 17311 1022
17318 17314 982
17318 17338 2005
17319 17311 551
17319 17320 1225
17319 17321 672
17320 17313 796
17320 17319 1225
17320 17740 950
17756 17737 788
17756 17758 903
17756 17761 2750
17759 17737 1447
17759 17744 750
17759 17760 1901
17761 17756 2750
17761 17760 903
17761 17764 750
17761 17784 1797
17745 17743 707
17745 17744 1767
17745 17760 788
17745 17780 1767
17769 17743 1767
17769 17768 826
17769 17780 708
17769 17782 1873
17770 17768 1873
17770 17773 708
17770 17776 983
17770 17782 826
17787 17776 840
17787 17782 1322
17787 17788 681
17787 17790 2192
17790 17787 2192
17790 17789 708
17790 17877 1055
17790 17878 788
17879 17878 1139
17880 17875 708
17880 17881 2005
17880 17882 708
17883 17881 676
17883 17882 1873
17883 17919 788
17863 17862 344
17863 17864 511
17873 17864 950
17873 17868 847
17859 17858 610
17859 17866 626
34409 17866 868
17869 17868 475
18281 18280 517
18281 18285 1039
18281 34357 1142
18157 18156 713
18157 18158 475
18157 18190 708
33951 18158 1303
33951 33944 649
33951 33949 750
33951 33952 1085
18204 18205 1021
18204 33966 2229
18212 18206 838
18212 18207 1161
18212 18237 201
18235 18164 452
18235 18206 1365
18235 18236 1630
18235 33966 1114
18190 18157 708
18190 18189 1849
18190 18192 686
18193 18192 399
18193 18194 818
18193 18198 904
18197 18196 516
18197 18198 452
18197 18199 275
17459 17458 1197
17459 18271 730
17459 18273 826
17459 34358 661
18203 17458 1063
18187 18156 2557
18187 18186 796
18187 18188 373
18187 18213 2005
17448 17388 713
17448 17449 3658
17448 18186 1964
17448 18213 688
35088 18271 864
17463 17462 1504
17463 18279 1114
17463 18280 1188
18195 18194 847
18195 18200 823
18252 18231 904
18252 18251 354
18252 18253 2016
18258 18231 2557
18258 18253 708
18258 18261 504
18293 18292 1260
18515 18514 562
18341 18302 927
18341 18340 649
18376 18304 1730
18376 18377 610
18384 18304 818
18384 18377 1658
18384 18385 713
18384 18394 1179
18296 18246 2542
18296 18268 2677
18296 18297 788
18298 18297 924
18298 18299 629
18298 18300 788
18314 18313 580
18314 18398 1293
18262 18261 1062
18533 18318 750
18533 18532 927
18533 18534 1576
18534 18532 931
18534 18533 1576
18534 18537 2158
18534 18538 1197
18571 18566 950
18571 18572 344
18571 18576 3496
18577 18566 1576
18575 18574 1257
18576 18571 3496
18576 18574 796
18576 18743 1142
18540 18538 1279
18540 18541 1979
18540 18543 983
18540 18545 950
18546 18545 1161
18548 18543 1618
18548 18549 1222
18548 18568 551
18570 18568 1004
18570 18655 3586
18570 18656 562
18572 18569 420
18572 18571 344
18572 18573 2292
18580 18573 782
18580 18581 1362
18580 18583 672
18580 18585 3306
18744 18743 1099
18744 18863 1559
18744 34256 1277
18746 18743 904
18676 18673 1176
18676 18791 924
18676 18795 1657
18792 18748 556
18792 18791 2016
18792 18795 475
18794 18793 950
18794 18799 336
18794 18811 1930
18607 18605 1416
18607 18606 1454
18607 18660 782
18607 18662 598
18607 18663 604
18662 18607 598
18662 18659 893
18662 18663 452
18664 18615 1690
18664 18663 333
18664 18666 778
18675 18673 874
18675 18677 374
18793 18677 1416
18793 18794 950
18704 17614 538
18704 18703 452
18704 18705 1848
18704 18706 788
18707 18705 788
18707 18706 1848
18707 18708 826
18707 18711 1979
34789 18801 925
18710 18705 1932
18710 18711 598
18710 18715 750
18710 18719 924
18722 18721 713
18722 18827 708
18722 18974 1600
18825 18719 713
18825 18721 708
18825 18827 713
18825 18828 629
18973 18961 1529
18973 18974 344
18973 18975 905
18963 18964 713
18963 18966 580
18963 18967 951
18972 18966 1280
18954 18951 904
18954 18953 1504
18954 18968 475
25253 25251 818
25253 25254 950
25253 25285 1179
25284 25283 847
25284 25286 905
25284 25288 1385
25285 25252 713
25285 25253 1179
25285 25286 764
25281 18935 2585
25281 25280 869
25281 25282 788
25281 25288 950
25256 25257 276
25256 103483 418
18940 18937 869
18940 18938 2322
18940 18950 983
18940 25291 2614
25282 18937 2643
25282 25281 788
25282 25291 1142
18951 18943 2348
18951 18950 1032
18951 18954 904
18951 18955 1161
18982 18955 629
18950 18932 2243
18950 18940 983
18950 18951 1032
18950 25292 2559
29003 25341 365
25377 25376 2320
25377 25379 698
25377 26598 38
26599 25379 1716
26599 26598 1879
26599 26622 599
25375 21891 1160
25375 25376 713
25375 26553 872
25425 25413 747
26604 25413 380
26604 26621 949
26604 26622 1439
18859 18860 1398
18859 26673 336
18859 26676 676
18859 26677 520
26648 26646 2458
26648 26676 1307
26648 26720 921
26648 26721 672
26685 26684 258
26685 26687 873
26685 26725 720
26655 26647 1715
26655 26721 809
26655 26724 1008
26680 26681 904
26680 26687 989
26260 26258 939
26260 26278 872
26260 26284 1307
26274 26273 1676
26274 26277 751
26274 26278 975
26274 26279 1410
26285 26278 1344
26285 26283 1812
26285 26284 1009
26285 26292 1140
26292 26285 1140
26292 26286 3674
26292 26293 1140
26292 26294 571
26295 26293 1900
26295 26297 889
26295 26298 939
26667 26666 537
26667 26668 806
26667 26669 2090
26665 26280 2420
26665 26664 806
26665 26669 751
26228 26225 1115
26228 26226 1409
26228 26230 924
26228 26232 2346
26236 26232 904
26236 26233 475
26236 26240 738
26241 26240 877
26241 26242 2041
26241 26283 1863
26241 26286 1140
26437 26425 1715
26437 26442 2041
26507 26471 511
26507 26505 650
26508 26505 873
26508 26506 1395
26508 26509 738
105572 26333 354
105572 105571 224
29111 29110 1534
29111 29123 884
29123 29111 884
29123 29121 1831
29123 29124 605
29116 29117 1254
29116 29118 1140
29116 29121 2319
29122 29118 2230
29122 29121 1209
29122 29129 1209
29122 29166 1864
29129 29122 1209
29129 29128 2282
29129 29167 1901
29129 29172 1073
29172 29129 1073
29172 29131 2230
29172 29171 1902
29172 29174 1008
29173 29171 476
29173 29176 884
29173 29179 605
26420 26307 1533
26420 26421 1362
26420 26422 1932
29177 26307 983
29177 29176 1613
29177 29180 1022
26424 26422 418
26424 26423 1115
26480 26472 1357
26480 26475 1008
26480 26514 673
26515 26472 605
26515 26514 1458
27313 27287 1210
27313 27311 836
27313 27316 1008
27313 27368 1394
27375 27316 1409
27375 27318 796
27308 26517 738
27308 26518 1394
27308 27365 806
26518 26481 738
26518 27308 1394
26518 27366 418
27372 27366 697
29396 29394 738
29396 29399 336
29396 29400 827
29396 29401 2550
29403 29400 738
29403 29404 788
29403 29430 890
29397 29394 2598
29397 29395 751
29397 29401 807
29397 29419 1206
29418 29395 1161
29418 29417 878
29418 29417 878
29418 29419 677
29418 29419 677
29418 53347 2737
53350 29419 2833
53350 53154 2599
53350 53347 738
53350 53353 807
53354 53353 810
53354 53356 836
53354 53359 84
29425 29424 747
29425 29426 1502
29425 29430 796
29429 29424 1303
53166 53164 738
53166 53170 1485
53166 53171 879
53166 53172 2690
53173 53171 2690
53173 53172 878
53173 53207 2829
53173 53230 810
53209 53207 807
53209 53208 2987
53209 53210 806
53209 53230 2690
53231 53210 2738
53231 53230 879
53231 53232 738
53231 53238 836
53243 53232 738
53243 53242 848
53243 53247 372
53163 53159 810
53163 53168 927
53163 53169 738
53163 53175 1673
53170 53166 1485
53170 53169 976
53161 53152 2320
53161 53159 1673
53161 53160 807
53161 53175 810
53151 53141 807
53151 53142 751
53151 53150 1307
53151 53152 810
53153 53150 738
53153 53152 1394
53153 53154 807
53153 53347 2648
53388 53387 168
53388 53391 1282
53655 53654 1458
53655 53657 848
54907 54906 253
54907 54958 1436
54962 54908 984
54962 54911 818
54962 54959 1032
54962 54963 1080
54963 54960 1796
54963 54962 1080
54963 54966 688
54963 54968 766
54967 54960 849
54967 54968 1810
54967 54985 709
54979 54978 238
54979 54982 418
54984 54982 1168
54984 54991 537
54984 54992 505
54991 54984 537
54991 54987 984
54991 54992 344
54991 54993 1029
54993 54991 1029
54993 55561 893
54993 55562 581
54993 55563 837
55570 55563 253
55570 55566 452
55570 55568 373
55571 55568 1410
55571 55569 837
55571 55574 1282
55571 56799 302
55574 55571 1282
55574 55580 789
55574 55581 848
55574 55582 1346
55617 55580 1346
55617 55582 789
55617 55590 697
55617 55618 1545
55648 55590 1476
55648 55618 650
55648 55647 928
55648 55679 2018
55652 55647 1948
55652 55670 511
55652 55692 139
53653 53652 2096
53653 53656 1614
53658 53656 1009
53658 53657 1022
49755 49756 1014
49755 49757 3351
53744 53740 337
53744 53745 355
53743 53741 202
53743 53745 906
53747 53746 1682
53747 53749 517
53747 54749 238
53747 54750 1470
141236 141225 269
141236 141237 799
141236 141264 1499
141207 140987 1311
141207 141205 245
141207 141208 1450
141207 141211 466
141207 146942 613
141209 141208 516
141209 141211 1277
141209 141217 1412
141209 141228 813
141231 141228 791
141231 141230 479
141231 141232 355
141241 141217 831
141241 141228 1413
141241 141243 879
141238 141230 750
141238 141239 770
141238 141285 1379
141285 141237 740
141285 141238 1379
141285 141286 782
141285 141289 1436
141288 141237 1460
141288 141264 746
141288 141270 1367
141288 141289 810
195403 195400 681
195403 195405 774
195403 195412 683
195409 195400 504
195409 195401 840
195409 195410 26
195471 195374 1430
195471 195474 274
195471 195507 560
195376 195375 834
195376 195377 3361
195376 195426 867
195378 195375 2927
195378 195503 950
195420 195417 683
195420 195418 602
195420 195419 879
195420 195423 1171
195422 195417 1185
195422 195421 879
195422 195423 790
195419 195418 1065
195419 195420 879
195419 195424 1172
195419 195425 836
195435 195408 769
195435 195421 1846
195435 195436 787
195435 195437 3283
195406 195388 1099
195406 195404 1023
195406 195408 756
195405 195403 774
195405 195404 766
195405 195407 1002
195405 195408 911
141264 141236 1499
141264 141263 619
141264 141269 1328
141264 141288 746
141270 141269 798
141270 141279 1459
141270 141288 1367
141270 141302 792
141304 141279 6434
141304 141307 2755
141304 144191 6623
140582 140583 3323
140611 140583 805
140611 140605 765
140611 140612 1420
140611 151764 2483
140607 140605 1454
140607 140609 814
140607 140612 808
140607 140616 1560
140614 140609 1559
140614 140616 815
140614 140618 833
140614 140905 1492
140621 140618 1439
140621 140623 860
140621 140905 737
140621 140908 1349
140909 140905 1359
140909 140908 816
140909 140910 767
140909 140913 1324
140920 140910 1374
140920 140913 763
140920 140919 806
140920 140922 1301
140925 140922 262
140925 140924 806
140925 140959 1963
140960 140959 813
140960 140962 671
140960 140979 1519
140960 140981 456
140960 141019 1929
140960 141025 2481
140960 141104 1439
140960 141109 313
140961 140959 513
140961 140962 391
140961 140963 630
140962 140960 671
140962 140961 391
140962 140963 738
140980 140979 271
140980 140981 1115
140980 140982 550
140980 140983 505
140990 140983 1175
140990 140985 204
140990 140991 668
140990 140992 376
140992 140985 386
140992 140987 1106
140992 140990 376
140992 141210 1071
140987 140988 264
140987 140989 568
140987 140992 1106
140987 141207 1311
140987 141210 543
140987 146942 796
190312 189715 704
190312 189717 1628
190312 190308 771
190312 190313 1634
190324 189712 790
190324 189715 1649
190324 190313 714
190324 190322 1506
189710 189709 703
189710 189711 1641
189710 190325 801
189710 190356 1201
189712 189711 770
189712 189713 1649
189712 190324 790
189712 190325 1593
190358 189707 820
190358 189709 1257
190358 190356 720
190358 190359 1192
186562 186552 1665
186562 186561 799
186562 189706 1227
186562 189708 768
189707 189706 745
189707 189708 1192
189707 190358 820
189707 190360 1191
186582 186563 711
186582 186568 823
186582 186583 845
186582 186586 742
186588 186583 761
186588 186586 920
186588 186590 1266
186588 186596 783
186695 186586 743
186695 186596 929
186695 186662 683
186695 186696 1135
186563 186559 926
186563 186564 808
186563 186580 787
186563 186582 711
186561 186560 685
186561 186562 799
186561 186570 490
186561 186571 1333
186570 186561 490
186570 186564 712
186570 186569 1355
186570 186581 359
186683 186682 643
186697 186597 941
186697 186696 1056
186697 186701 1082
186704 186699 1053
186704 186701 654
186704 186702 809
186704 186705 1477
186706 186702 1472
186706 186705 826
186706 186716 630
186706 186717 1199
186721 186716 1240
186721 186717 629
186721 186730 265
186721 186827 943
186729 186720 451
186729 186725 1491
186729 186732 687
186729 186733 1233
186730 186720 1217
186730 186721 265
186730 186733 457
186730 186846 789
186737 186732 1227
186737 186733 705
186737 186858 237
186737 186859 408
186641 139800 5783
186641 189903 226
189904 186642 1502
189904 189903 388
189904 189905 180
189904 190520 435
190252 189903 3522
190252 190522 1452
186633 186629 2178
186633 186632 863
186633 186634 772
186633 186849 737
186841 186632 494
186841 186839 794
186841 186842 258
186841 186849 846
186850 186634 977
186850 186849 795
186850 186851 492
186850 186852 1134
186853 186851 995
186853 186852 221
186853 186866 315
186853 190521 517
186858 186737 237
186858 186854 771
186858 186859 457
186840 186620 598
186840 186839 256
186840 186842 778
186840 186845 772
186845 186827 568
186845 186840 772
186845 186843 127
186847 186827 111
186847 186843 551
186847 186846 369
186854 186733 602
186854 186846 294
186854 186858 771
190521 186853 517
190521 189905 425
140598 140595 1455
140598 140596 807
140598 140597 882
140598 140603 1509
140692 140597 1501
140692 140603 842
140692 140690 636
140692 140693 1469
140694 140690 1487
140694 140693 402
140694 140696 585
140694 140710 1107
140709 140696 1333
140709 140697 517
140709 140715 246
140720 140697 1387
140720 140716 548
140720 140719 662
140720 140725 1444
140726 140719 1436
140726 140725 647
140726 140727 810
140726 141010 1217
141008 140727 1203
141008 141009 953
141008 141010 778
141042 141009 577
141042 141043 653
141042 141053 254
141042 141054 367
141054 141009 439
141054 141012 237
141054 141042 367
141054 144775 714
140761 140756 1194
140761 140760 798
140761 140762 909
140761 141044 563
141043 140760 694
141043 141042 653
141043 141044 819
141043 141045 639
140762 140759 1224
140762 140761 909
140762 140764 434
140762 141046 587
140576 140577 1341
140594 140595 739
140594 140596 1424
140594 140599 882
140594 151888 249
140682 140681 968
140682 140683 686
140682 140746 1583
140682 144190 884
141657 140681 789
141657 140683 957
140742 140685 879
140742 140741 1865
140742 140746 1363
140745 140685 1244
140745 140746 852
140743 140741 853
140743 140744 572
140763 140744 1117
140763 140758 955
140764 140758 1302
140764 140762 434
55693 55670 677
55800 55829 984
55830 55834 672
55830 55836 1449
55835 55834 445
55838 55836 782
55838 55855 1352
55856 55855 782
55856 55863 1449
55860 55863 782
55860 55908 1352
55697 55907 1612
55697 55908 1450
55908 55697 1450
55908 55860 1352
55908 55907 796
56576 56608 1329
189854 189820 794
189854 189859 681
189857 189821 3246
190308 190266 1648
190308 190312 771
190310 190263 699
190310 190278 462
190223 189864 1504
190223 190222 241
190223 190277 1983
190277 190223 1983
190277 190265 295
190277 190279 129
190278 190279 821
190278 190310 462
189859 189854 681
189859 189858 798
189859 189865 1321
189865 189859 1321
189865 189864 774
195410 195409 26
195410 195411 1734
195410 195412 791
195413 195411 789
195413 195412 1445
196146 195411 1536
196146 196145 791
196168 196145 420
196168 214881 184
196176 196227 564
196222 196227 878
194693 194692 258
194693 196225 1199
196225 194693 1199
196225 196224 897
196240 196224 1893
196240 196241 1081
195884 195881 91
195884 196040 1586
196241 196239 755
196241 196240 1081
196040 195882 791
196040 195884 1586
214831 195882 1149
196050 196051 278
196052 196051 568
196052 196053 1696
196052 196054 769
197193 197159 1995
197193 202557 1009
197248 202574 492
197203 202575 1457
197249 202575 882
197249 202578 1953
202579 202578 707
202598 202757 3207
202758 202757 2084
202758 202759 735
202771 202770 369
202771 202773 1742
202774 202773 665
202774 202805 1983
202774 202828 833
202826 202825 1795
202827 202825 872
202827 203236 1169
202827 203238 771
202828 202774 833
202828 202831 1501
202832 202831 549
203238 202827 771
203238 203240 419
203241 203240 433
203241 203261 802
203261 203241 802
203261 203251 867
203264 203251 2021
203271 203251 755
203271 203274 2684
203271 203275 885
203275 203271 885
203275 203276 2038
203275 203318 329
203534 203484 221
203534 214583 748
204160 203486 1467
204170 203486 1091
203555 203553 715
203555 214395 1325
214583 203534 748
214583 214395 989
203556 203553 1885
203559 203553 779
203563 203554 1039
205723 203554 278
205728 205721 774
203274 203271 2684
203274 203276 946
203633 203279 1431
205740 205734 1199
205741 205734 3399
205741 205742 987
207048 205742 515
205803 205799 997
205803 205804 2331
205803 205955 817
205804 205800 1986
205804 205803 2331
205804 207272 675
207272 205800 1645
207272 205804 675
207272 207122 419
205779 205784 751
205782 205784 1274
205782 205798 975
205782 207117 1584
205783 205784 955
207117 205782 1584
207117 205798 919
207117 207104 1206
207104 207117 1206
207104 207122 1770
197146 197145 1770
197146 197150 603
197160 197150 1540
197160 197159 955
196042 196041 359
196042 196043 612
196441 196442 1908
196445 196442 1067
196445 196443 618
196262 196259 274
196262 196265 930
196264 196265 847
196443 196444 1016
196443 196445 618
196462 196478 573
196479 196478 681
214612 196478 252
196259 196262 274
196259 196263 208
196259 214616 705
196263 196259 208
196263 214616 660
196489 196480 898
196489 196544 766
196544 196489 766
196544 196533 1702
196544 196546 940
196589 196565 1754
196589 196590 190
196591 196590 1629
196591 196593 972
197143 197145 867
205996 205989 741
205996 205991 932
205996 205995 946
205997 205989 1013
206016 205995 2606
206017 206015 342
206017 206018 2080
206017 206020 778
206018 206017 2080
206018 206020 2125
206022 206020 774
206022 206021 1132
206665 206021 796
206665 206668 797
206668 206664 901
206668 206665 797
206670 206664 1542
206678 206664 801
206678 206680 1336
205949 205950 2184
205949 205987 1190
205988 205987 993
205967 205950 2248
205966 205952 2826
205966 205965 665
205958 205952 843
205958 205955 617
205955 205795 1091
205955 205803 817
205955 205958 617
206779 206756 622
206779 206776 834
206779 206783 824
206680 206678 1336
206680 206681 750
206682 206681 1287
206733 206734 102
206733 214937 692
206734 206733 102
206734 206735 403
206736 206735 1201
206736 206766 733
206766 206736 733
206766 206737 709
206777 206776 110
206783 206755 573
206783 206779 824
206904 206755 1079
206904 206906 825
206907 206906 640
206907 206908 1029
206908 206907 1029
206908 206913 715
206935 206934 656
206935 206936 197
206936 206935 197
206936 206950 1699
206951 206950 194
206951 206959 1119
206960 206959 2392
206960 207002 492
207002 206960 492
207002 206999 347
207004 206999 1282
207005 206999 280
207005 207007 153
207029 207007 1353
207029 207009 871
207030 207009 364
207028 207026 522
207028 207027 1174
207027 207024 387
207027 207025 297
207027 207028 1174
209282 206997 797
209282 206998 933
209282 209283 912
207025 206997 1380
207025 207027 297
209313 209283 892
209286 209277 1464
209286 209285 623
209286 209300 750
209287 209285 2486
209302 209300 2511
209304 209301 1268
209304 209306 751
209340 209306 1401
209340 209341 1073
209344 209339 900
209344 209341 792
209344 209346 465
209345 209341 1480
209345 209346 1667
209345 209353 1030
209356 209350 2184
209356 209355 1349
209356 209523 1137
209355 209353 987
209355 209354 2613
209355 209356 1349
209346 209342 486
209346 209344 465
209346 209345 1667
209353 209345 1030
209353 209352 2315
209353 209355 987
178941 178974 4545
178941 179011 1334
178975 178974 2085
180201 178974 709
179011 178941 1334
179011 179038 1198
185588 180889 1234
179016 179036 932
179033 179292 983
179289 179292 2016
179289 180230 1669
179289 180232 789
185585 180870 1248
185587 180887 1124
180885 180882 1267
180885 180905 581
180904 180905 556
180230 179289 1669
180230 180231 849
180230 180877 1140
180875 180876 1454
180875 180879 682
180877 180230 1140
180877 180879 667
180882 180879 344
180882 180881 688
180882 180885 1267
180899 180897 502
180946 180897 1124
180876 180875 1454
180876 180880 849
180881 180880 452
180881 180882 688
180900 180880 1234
180900 180917 1094
180920 180898 759
180920 180906 54
181122 181123 277
181122 181123 277
181134 181205 697
181206 181205 1152
181469 181209 1682
181469 181468 551
181468 181210 1772
181468 181469 551
181468 181470 905
181472 181470 2067
181472 181473 354
181473 181471 599
181473 181472 354
181479 181471 476
181481 181225 435
177532 177531 1656
181508 181493 538
181538 181513 2584
181538 181537 836
181536 181537 1502
181561 181555 2529
181570 181568 599
181584 181583 435
181571 181572 517
181725 181572 1305
181725 181665 751
181665 181643 650
181665 181663 1778
181665 181725 751
181663 181644 713
181663 181665 1778
181664 181660 1140
181664 181666 870
181564 181641 789
181640 181636 661
181640 181641 2593
181636 181640 661
181636 181646 1810
181645 181633 2170
181645 181646 1885
181645 181647 673
184549 184547 828
184549 184550 1458
184549 184553 790
184575 184572 1499
184576 184553 1987
184576 184572 818
184512 184514 688
184512 184574 1035
184552 184553 782
163112 163111 709
163112 163113 630
163112 163127 1505
163113 163112 630
163113 163129 1467
163113 163132 790
184540 184539 475
184540 184541 796
184547 184545 709
184547 184549 828
184543 184542 581
184543 184544 818
184563 184542 796
184564 184542 1365
184561 184560 355
163142 184559 581
163137 163134 871
163137 163136 713
184544 184539 475
184544 184543 818
163132 163113 790
163132 163131 1483
163132 163135 790
163135 163132 790
163135 163134 1505
163089 163085 435
163106 163086 344
183123 183121 266
183163 183162 337
183163 183168 778
183163 183351 421
183351 183163 421
183351 184667 2279
184670 184667 766
184670 184671 758
184661 184662 893
184661 184664 810
183357 184668 517
184671 184668 276
184671 184670 758
184675 184673 2561
184675 184681 871
183375 184682 333
184681 184675 871
184681 184682 667
184799 184682 517
184678 184679 1275
184680 184679 697
184677 184662 355
184691 184692 1552
184701 184692 2550
184515 184514 517
184509 184510 556
184509 184588 1470
184699 184700 650
184699 184703 3370
184706 184655 928
184705 184703 837
184588 184509 1470
184588 184589 556
183336 183335 456
183336 183337 749
183341 183342 1336
183365 183342 1519
183143 183142 631
183143 183150 672
183348 183142 238
183347 183150 2069
183347 183346 796
183363 183364 1394
183363 183369 517
183369 183363 517
183369 183364 1268
181667 181728 952
181729 181728 452
181734 181728 1055
181734 181735 599
181738 181737 271
181741 181747 1904
181715 181714 1146
181715 181716 1027
181752 181714 1375
180869 180859 1946
180869 180868 2329
180850 180846 3728
180850 180849 1034
180849 180848 2192
180849 180850 1034
180856 180848 1974
180856 181602 1659
180859 180857 4998
180859 180869 1946
180862 180863 2185
182022 180863 475
182022 182066 952
181615 181614 709
181615 181616 3037
181615 181619 1152
181616 181615 3037
181616 181619 2877
181623 181621 520
181633 181634 605
181633 181645 2170
185595 181689 818
181669 181666 511
181669 181696 751
181704 181703 517
181753 181716 1467
180864 180865 48
180864 180866 1867
180866 180864 1867
180866 180867 1009
182056 182055 751
182051 182052 1029
182051 182832 279
182831 182830 789
182831 182855 1055
182856 182855 2839
182851 182850 947
182851 182852 1446
182851 182852 1446
182852 182850 1659
182852 182851 1446
182852 182851 1446
182853 182854 2218
182853 182878 2016
182878 182853 2016
182878 182879 1008
182893 182579 552
182893 182881 2063
183487 183489 1438
183671 183489 1336
183671 183670 932
183672 183668 667
183685 183681 870
183685 183690 1558
183690 183685 1558
183690 183691 2237
183690 183694 517
183692 183693 849
183694 183690 517
183694 183693 1669
183688 183700 3446
183705 172892 932
183705 183700 984
158652 158653 984
158652 174025 316
172893 172892 2232
172896 172892 889
161804 174032 1089
174035 174032 1565
174035 174033 238
174035 174036 589
174034 174033 789
174042 174048 5229
174101 174048 1142
174025 158652 316
174025 174030 2142
174036 174030 1484
174036 174035 589
177227 177228 617
183531 177228 1305
182575 182576 7445
183476 182576 1629
183994 183995 818
184018 183995 3431
184018 184019 976
184015 184014 849
184039 184014 893
184043 184014 673
184043 184044 1445
174099 174096 610
174103 174075 672
174103 174096 2812
174068 174067 782
174069 174067 2420
174069 174072 361
174075 174074 2914
174075 174103 672
185944 174074 928
174058 174060 1623
174061 174060 2248
183315 183313 1248
183315 183316 952
183759 183754 344
183749 183753 562
183749 183776 1469
183776 183749 1469
183776 183777 517
183798 183777 517
183802 183791 1742
183802 183800 1901
183849 183790 2340
183997 183998 2276
184001 183998 1222
186110 183331 730
183378 183345 796
183378 183400 1498
183335 183334 1375
183335 183336 456
183764 183324 766
185628 183324 556
183381 183400 713
185625 183400 355
183761 183323 682
183755 183757 1116
183762 183757 688
210428 210426 674
210451 210427 706
210452 210427 867
210434 210407 475
210434 210436 1111
210440 210436 157
210216 210215 363
210216 210406 630
210407 210406 1446
210407 210434 475
209514 209513 1487
209526 209525 598
209552 209604 797
209605 209604 1163
209605 209606 796
209612 209606 1979
209612 209652 732
209655 209651 715
209655 209652 1776
209659 209651 1661
209659 209667 182
209667 209659 182
209667 209660 623
210163 210144 1770
210163 210165 709
210147 210146 718
210147 210152 1480
210153 210152 1020
210157 210155 750
210157 210162 1009
210157 210164 1086
210164 210156 798
210164 210157 1086
210164 210168 456
210165 210156 1717
210165 210163 709
210168 210162 790
210168 210164 456
210168 210220 2041
210225 210222 1954
210225 210243 1023
210229 210220 810
210240 210224 779
210240 210239 1971
210243 210224 1400
210243 210225 1023
210241 210239 709
210241 210245 797
210245 210215 395
210245 210241 797
162689 162688 709
162833 162688 1055
162833 162816 790
162818 162816 1530
162818 162817 709
162839 162817 1530
162839 162847 355
162839 162849 475
162842 162844 710
162845 162844 1221
162849 162839 475
162849 162847 581
163252 163251 871
163253 163251 713
162891 162881 26
162887 162888 871
162912 162888 1438
162912 162911 677
162907 162904 827
162907 162906 2748
162860 162859 1147
162860 162861 885
162860 162918 766
162918 162860 766
162918 162917 1188
162863 162861 713
162910 162906 2783
162931 162906 1161
161345 161346 331
196813 196814 785
198623 196814 1913
210541 196814 2296
210433 210429 696
210433 210490 1627
210460 210490 606
210514 210490 1575
210514 210494 696
210527 210494 1783
179103 179104 796
178705 179108 149
179114 179108 601
179204 179131 452
179257 179302 688
179284 179302 757
115376 115375 5387
115495 115375 4239
115668 115547 177
115544 115545 49
113858 115880 580
106301 106300 1033
106302 106300 568
106407 106405 808
106407 106406 11063
106406 106407 11063
106406 106408 6772
106406 106793 8911
32402 32391 767
32403 32391 1987
106409 106408 13213
106670 106408 1372
32381 32383 294
29474 29475 311
32442 29475 1747
114541 114735 4328
114734 114735 4851
191798 194114 757
193113 193112 792
193139 193112 302
193143 193141 1203
193143 193162 614
193145 193144 580
193145 193151 353
194392 193151 776
193081 193082 475
193081 193085 1964
193082 193081 475
193082 193086 1988
194480 193086 546
192907 192909 1893
193123 192909 667
193123 193124 1170
193127 193124 562
193127 193126 1483
193129 193124 1225
193129 193178 645
193114 193130 1743
194044 193130 494
193126 193127 1483
193126 193131 1741
193162 193143 614
193162 193163 667
193165 193163 658
193167 193169 452
193974 193178 244
193205 193207 556
192964 193209 3091
193210 193209 890
193243 193239 1203
193244 193239 735
194138 193239 651
192223 192456 1795
193921 192456 905
192212 192457 188
192159 192150 3107
192159 192160 1549
192160 192150 3343
192160 192159 1549
192272 192387 758
192484 192475 255
194136 192475 286
35131 35130 1368
35147 35146 1201
35148 35146 257
29467 29468 721
29467 29471 1318
29471 29467 1318
29471 29469 1011
30824 30823 599
30835 30823 559
30835 30836 655
32586 30839 1141
32590 31720 1458
32590 32589 560
32566 32598 4923
32595 32598 1036
32599 32598 3296
32602 32601 1623
32603 32601 1441
31722 31720 1333
31722 35198 239
35199 35198 162
31772 31767 2120
31772 31768 1337
31772 31773 961
32737 31771 973
32738 31771 2461
32671 32670 1339
32672 32670 1442
32702 32698 488
29490 29489 2314
29490 29542 2196
29542 29489 1007
29542 29490 2196
29542 29541 1486
29507 29506 1246
29531 29541 1087
30343 29532 1183
34929 29532 2103
30378 30377 489
29550 29547 1118
29550 29551 3611
30383 29551 1146
29547 29550 1118
29547 30381 625
30394 30388 4719
30394 30401 4679
30401 30388 562
30401 30394 4679
30411 30410 1280
30770 30410 2628
30770 30757 1512
30758 30757 1841
30755 30759 4813
30760 30759 2216
30775 30783 1826
34537 30783 1616
32548 32547 1084
32549 32547 2219
8338 8337 3303
8341 8337 822
30779 32469 5017
32489 32469 2072
32512 32521 376
32557 32556 1374
32559 32556 3180
32563 32556 3469
30818 30815 1355
34212 34211 653
34213 34211 828
29478 29480 1982
29478 29481 759
29491 29480 858
31785 31616 1014
31785 31777 3852
31775 31776 1661
31777 31776 1066
31777 31785 3852
31792 31795 4847
31796 31795 795
32389 32859 405
32389 32890 1609
32888 32859 2841
32857 32887 1734
34941 32887 621
32899 32890 1737
32910 32913 1010
32915 32922 604
32915 32923 475
32924 32923 1268
32922 32915 604
32922 32921 1674
32929 32921 828
32932 32977 1095
31619 31620 482
31619 32982 558
32982 31619 558
32982 32983 706
33095 33094 1269
33120 33094 946
33090 33118 613
33091 33118 796
33092 33096 447
33123 33125 903
33123 33128 1000
34919 33128 947
33126 33125 317
33110 33111 930
33147 33111 2152
33115 33116 395
33117 33116 673
33153 33154 207
33194 32916 865
107910 33195 693
107954 33195 879
103388 33203 2887
33224 33223 778
33224 33223 778
33224 33225 797
33224 33225 797
33239 33238 876
33239 33241 610
33225 33224 797
33225 33224 797
33225 33227 1444
33233 33234 1208
33235 33248 1279
33237 33248 884
33531 33532 336
33533 33532 796
33533 33536 1124
33534 33532 681
33634 33632 1014
33634 33635 1013
33634 33637 905
33637 33634 905
33637 33638 1527
33536 33533 1124
33536 33540 1335
33536 33541 1139
33539 33540 1268
33541 33536 1139
33541 33549 796
33541 33550 1361
33640 33639 1343
33549 33541 796
33549 33551 1711
33555 33556 279
33555 33651 327
33556 33555 279
33556 33559 975
33560 33559 847
33655 33559 418
16942 16943 1139
16942 33672 1786
16979 16943 1031
17069 17064 22
17087 17064 995
17059 33770 1714
35238 17101 734
16946 33765 434
17107 17106 788
17107 17114 2429
17114 17107 2429
17114 17112 893
17114 17124 1992
17749 17751 610
17749 17754 344
17755 17754 713
17755 17763 238
17763 17755 238
17763 17796 1454
17995 17994 818
17980 17979 611
17990 17986 1848
17801 17798 598
17801 17800 452
17115 17124 1141
17224 17124 1335
17225 17124 796
17278 17280 1635
17278 17290 828
17295 17280 252
17295 17296 1268
17296 17295 1268
17296 17298 982
17301 17298 2110
17301 17314 1032
17335 17314 2035
17335 17338 903
17338 17318 2005
17338 17335 903
17321 17319 672
17740 17320 950
17744 17745 1767
17744 17759 750
17743 17745 707
17743 17769 1767
17768 17769 826
17768 17770 1873
17773 17770 708
17776 17770 983
17776 17787 840
17776 17789 2453
17789 17776 2453
17789 17790 708
17877 17790 1055
17862 17858 2123
17862 17863 344
17858 17859 610
17858 17862 2123
34357 18281 1142
18156 18157 713
18156 18187 2557
18156 33944 1886
33944 18156 1886
33944 33951 649
33949 33951 750
33952 33951 1085
33966 18204 2229
33966 18235 1114
18207 18212 1161
18237 18212 201
18164 18235 452
18236 18235 1630
18192 18190 686
18192 18193 399
18196 18197 516
18199 18197 275
18273 17459 826
34358 17459 661
18186 17448 1964
18186 18187 796
17388 17448 713
17449 17448 3658
17462 17463 1504
18279 17463 1114
18200 18195 823
18251 18252 354
18253 18252 2016
18253 18258 708
18340 18341 649
18377 18376 610
18377 18384 1658
18385 18384 713
18394 18384 1179
18246 18296 2542
18268 18296 2677
18299 18298 629
18299 18300 475
18300 18298 788
18300 18299 475
18398 18314 1293
18318 18533 750
18537 18534 2158
18538 18534 1197
18538 18540 1279
18541 18540 1979
18543 18540 983
18543 18548 1618
18543 18549 1445
18549 18543 1445
18549 18548 1222
18655 18570 3586
18656 18570 562
18581 18580 1362
18583 18580 672
18583 18673 2028
18585 18580 3306
18585 18748 782
18863 18744 1559
34256 18744 1277
18673 18583 2028
18673 18675 874
18673 18676 1176
18791 18676 924
18791 18792 2016
18748 18585 782
18748 18792 556
18605 18607 1416
18605 18660 1466
18606 18607 1454
18606 18615 713
18660 18605 1466
18660 18607 782
18660 18659 629
18659 18660 629
18659 18662 893
18615 18606 713
18615 18664 1690
18666 18664 778
17614 18704 538
18703 18704 452
18705 18704 1848
18705 18707 788
18705 18710 1932
18715 18710 750
18719 18710 924
18719 18825 713
18721 18722 713
18721 18825 708
18974 18722 1600
18974 18973 344
18828 18825 629
18961 18973 1529
18967 18963 951
18953 18954 1504
25251 25252 1142
25251 25253 818
25283 25280 551
25283 25284 847
25252 25251 1142
25252 25285 713
18935 18937 983
18935 25281 2585
25280 25281 869
25280 25283 551
103483 25256 418
18937 18935 983
18937 18940 869
18937 25282 2643
18938 18932 869
18938 18940 2322
18943 18932 1062
18943 18951 2348
18932 18938 869
18932 18943 1062
18932 18950 2243
26598 25377 38
26598 26599 1879
26622 26599 599
26622 26604 1439
21891 25375 1160
26553 25375 872
26621 26604 949
18860 18859 1398
26673 18859 336
26677 18859 520
26677 26720 878
26646 26647 737
26646 26648 2458
26720 26648 921
26720 26677 878
26725 26681 555
26725 26685 720
26647 26646 737
26647 26655 1715
26681 26680 904
26681 26725 555
26258 26260 939
26258 26273 947
26284 26260 1307
26284 26285 1009
26273 26258 947
26273 26274 1676
26277 26274 751
26277 26280 738
26277 26664 2369
26279 26274 1410
26283 26241 1863
26283 26285 1812
26294 26292 571
26666 26280 672
26666 26667 537
26280 26277 738
26280 26665 2420
26280 26666 672
26664 26277 2369
26664 26665 806
26225 26228 1115
26225 26233 1814
26226 26228 1409
26233 26225 1814
26233 26236 475
26240 26236 738
26240 26241 877
26442 26437 2041
26471 26472 939
26471 26507 511
105571 105572 224
29117 29116 1254
29118 29116 1140
29118 29122 2230
29118 29128 1146
29128 29118 1146
29128 29129 2282
29131 29172 2230
29174 29172 1008
29174 29179 1951
29179 29173 605
29179 29174 1951
29179 29180 1009
26421 26420 1362
26421 29180 939
26422 26420 1932
26422 26424 418
29180 26421 939
29180 29177 1022
29180 29179 1009
26472 26471 939
26472 26480 1357
26472 26515 605
26475 26480 1008
27287 27313 1210
27311 27313 836
27318 27375 796
26517 26481 1394
26517 27308 738
26481 26517 1394
26481 26518 738
29394 29396 738
29394 29397 2598
29399 29396 336
29404 29403 788
29430 29403 890
29430 29425 796
29395 29397 751
29395 29418 1161
29417 29418 878
29417 29418 878
53347 29418 2737
53347 53153 2648
53347 53350 738
29426 29425 1502
53164 53166 738
53164 53168 1534
53172 53166 2690
53172 53173 878
53207 53173 2829
53207 53209 807
53208 53209 2987
53210 53209 806
53210 53231 2738
53232 53231 738
53232 53243 738
53247 53243 372
53159 53161 1673
53159 53163 810
53168 53163 927
53168 53164 1534
53160 53142 1716
53160 53161 807
53141 53151 807
53142 53151 751
53142 53160 1716
53150 53151 1307
53150 53153 738
53387 53388 168
53657 53655 848
53657 53658 1022
54906 54907 253
54908 54962 984
54911 54962 818
54966 54963 688
54968 54963 766
54968 54967 1810
54985 54967 709
54985 54978 238
54985 54987 683
54978 54979 238
54978 54985 238
54987 54985 683
54987 54991 984
55562 54993 581
55563 54993 837
55563 55566 558
55563 55570 253
55566 55563 558
55566 55570 452
56799 55571 302
55581 55574 848
55582 55574 1346
55582 55617 789
55618 55617 1545
55618 55648 650
55679 55648 2018
55679 55692 747
55692 55652 139
55692 55679 747
53652 53653 2096
49757 49755 3351
53745 53743 906
53745 53744 355
53749 53747 517
54749 53747 238
54750 53747 1470
141211 141207 466
141211 141209 1277
141211 141210 1384
141211 146942 491
146942 140987 796
146942 141207 613
146942 141211 491
141217 141209 1412
141217 141241 831
141232 141231 355
141232 141239 883
141243 141241 879
141239 141232 883
141239 141238 770
141239 141286 1414
141286 141239 1414
141286 141285 782
141289 141285 1436
141289 141288 810
141289 141302 1373
195412 195403 683
195412 195407 781
195412 195410 791
195412 195413 1445
195474 195471 274
195507 195471 560
195507 195503 323
195377 195376 3361
195426 195376 867
195503 195378 950
195503 195507 323
195423 195420 1171
195423 195422 790
195423 195424 659
195424 195419 1172
195424 195423 659
195425 195419 836
195408 195405 911
195408 195406 756
195408 195435 769
195436 195435 787
195437 195435 3283
195407 195405 1002
195407 195412 781
141302 141270 792
141302 141289 1373
141307 141304 2755
144191 141304 6623
140605 140607 1454
140605 140611 765
151764 140611 2483
140609 140607 814
140609 140614 1559
140618 140614 833
140618 140621 1439
140623 140621 860
140908 140621 1349
140908 140909 816
140913 140909 1324
140913 140920 763
140922 140920 1301
140922 140925 262
140922 141019 575
140981 140960 456
140981 140980 1115
140981 140982 908
140981 141109 522
141019 140922 575
141019 140960 1929
141025 140960 2481
141104 140960 1439
141109 140960 313
141109 140981 522
140982 140980 550
140982 140981 908
140983 140980 505
140983 140990 1175
140983 140991 977
140991 140983 977
140991 140990 668
141210 140987 543
141210 140992 1071
141210 141211 1384
190313 190312 1634
190313 190324 714
190322 190324 1506
190322 190325 830
190325 189710 801
190325 189712 1593
190325 190322 830
190356 189710 1201
190356 190358 720
190359 190358 1192
190359 190360 820
189706 186562 1227
189706 186571 800
189706 189707 745
190360 189707 1191
190360 190359 820
186583 186580 718
186583 186582 845
186583 186588 761
186590 186588 1266
186596 186588 783
186596 186597 183
186596 186695 929
186580 186563 787
186580 186581 467
186580 186583 718
186571 186561 1333
186571 186569 523
186571 189706 800
186569 186570 1355
186569 186571 523
186581 186570 359
186581 186580 467
186597 186596 183
186597 186697 941
186701 186697 1082
186701 186704 654
186705 186704 1477
186705 186706 826
186717 186706 1199
186717 186721 629
186827 186721 943
186827 186845 568
186827 186847 111
186733 186729 1233
186733 186730 457
186733 186737 705
186733 186854 602
139800 186641 5783
186642 189904 1502
190520 186852 493
190520 189904 435
190522 190252 1452
186629 186633 2178
186632 186633 863
186632 186841 494
186634 186633 772
186634 186850 977
186839 186840 256
186839 186841 794
186852 186850 1134
186852 186853 221
186852 190520 493
186620 186840 598
140596 140594 1424
140596 140598 807
140603 140598 1509
140603 140692 842
140693 140692 1469
140693 140694 402
140693 140710 1048
140710 140693 1048
140710 140694 1107
140715 140709 246
140715 140716 1250
140716 140715 1250
140716 140720 548
140725 140720 1444
140725 140726 647
141010 140726 1217
141010 141008 778
141053 141042 254
141012 141054 237
144775 141054 714
141044 140761 563
141044 141043 819
141044 141046 918
141045 141043 639
141046 140762 587
141046 141044 918
140599 140594 882
151888 140594 249
140683 140682 686
140683 141657 957
140746 140682 1583
140746 140742 1363
140746 140745 852
1350
210491
210496
178700
179202
179177
179200
179176
179130
179132
179258
179324
115373
116076
115546
116075
113859
106290
106403
32378
32347
35007
32384
32441
29472
114751
114737
194113
193137
193140
193087
193119
193149
193121
193142
193159
193166
193179
193208
190964
190968
193237
193241
193251
192177
192206
192151
192262
192152
35132
35149
29493
29494
30833
30829
30837
30854
32587
31721
31765
31769
32669
32697
29521
29523
30380
30382
30386
30396
30414
30772
30781
30802
32500
32502
32513
32555
30803
34831
34209
34210
30558
30825
35008
29482
29519
31738
31749
31615
31763
31774
31790
31828
32885
32901
32920
32930
32976
32980
32981
32995
33002
32996
33121
33119
33122
33127
33148
33152
32917
33202
33216
33222
33244
33249
33247
33629
33630
33633
33641
33542
33644
33554
33652
33673
34852
33671
16974
16980
17070
17071
17065
17100
17105
17161
17169
17166
17172
17186
17189
17305
17306
17748
17752
17793
17794
17992
17985
17797
17799
17812
17813
17226
17289
17285
17287
17300
17311
17313
17737
17758
17764
17784
17760
17780
17782
17788
17878
17882
17919
17864
17875
17881
17866
17868
18285
18158
18205
18206
18189
18198
17458
18188
18213
18271
18280
18194
18231
18292
18514
18302
18304
18297
18313
18261
18532
18566
18574
18545
18568
18569
18573
18743
18795
18811
18663
18677
18799
18706
18708
18801
18711
18827
18975
18966
18968
18964
25254
25286
25288
25257
25291
18955
25292
25341
25379
25376
25413
26676
26684
26721
26687
26724
26278
26293
26668
26298
26669
26297
26230
26232
26242
26286
26425
26505
26506
26509
26333
29110
29124
29121
29166
29167
29171
26307
29176
26423
26514
27316
27368
27365
27366
29400
29401
29419
53353
53359
29424
53171
53230
53238
53242
53169
53175
53152
53154
53356
53391
53654
54958
54959
54960
54982
54992
55561
55568
55569
55580
55590
55647
53656
49756
53740
53741
53746
141225
141208
141228
141230
141237
141205
195400
195401
195374
195375
195417
195418
195421
195388
195404
141263
141269
141279
140583
140612
140616
140905
140910
140919
140924
140959
140963
140979
140985
140988
140989
189717
189715
189711
189713
189709
186552
189708
186568
186586
186662
186559
186560
186564
186682
186696
186699
186702
186716
186720
186725
186732
189903
186849
186851
186866
186859
186842
186843
186846
189905
140597
140690
140696
140697
140719
140727
141009
140756
140760
140759
140577
140595
140681
144190
140685
140741
140744
140758
55670
55829
55834
55836
55855
55863
55907
56608
189820
189821
190266
190263
190222
190265
190279
189858
189864
195411
196145
214881
196227
194692
196224
195881
196239
195882
196051
196053
202557
202574
202575
202578
202757
202759
202770
202773
202805
202825
202831
203236
203240
203251
203318
203484
203486
214395
203553
203554
205721
203276
203279
205734
205742
205799
205800
205784
205798
207122
197150
197159
196041
196054
196043
196442
196265
196444
196478
214616
196480
196533
196546
196565
196590
196593
197145
205989
205991
205995
206015
206020
206021
206664
205987
205950
205965
205952
205795
206756
206681
214937
206735
206737
206776
206755
206906
206913
206934
206950
206959
206999
207007
207009
207026
207024
206998
206997
209283
209285
209277
209300
209301
209306
209339
209341
209350
209354
209342
209352
178974
179038
180889
179036
179292
180232
180870
180887
180905
180231
180879
180897
180880
180906
180917
180898
181123
181205
181209
181210
181470
181471
181225
177531
181493
181513
181537
181555
181568
181583
181572
181643
181644
181660
181641
181646
181647
184550
184572
184574
184553
163127
163129
184541
184545
184542
184560
184559
163136
184539
163131
163134
163085
163086
163111
183121
183162
184667
184664
184668
184673
184682
184679
184662
184692
184514
184510
184700
184655
184703
184589
183337
183342
183142
183168
183150
183346
183364
181728
181735
181737
181747
181714
180868
180846
180848
181602
180857
180863
181619
181621
181614
181634
181689
181666
181696
181703
181716
180865
180867
182055
182066
182052
182832
182830
182855
182850
182854
182879
182881
183489
183670
183668
183681
183691
183693
183700
158653
172892
174032
174033
174048
174030
177228
182579
182576
183995
184019
184014
174096
174067
174072
174074
174060
184044
183313
183754
183753
183777
183791
183800
183790
183998
183331
183345
183334
183324
183400
183323
183316
183757
210426
210427
210436
210406
209513
209523
209525
209604
209606
209652
209651
209660
210144
210146
210152
210155
210156
210162
210222
210220
210224
210239
210215
162688
162816
162817
162844
162847
163251
162881
162888
162911
162904
162859
162917
162861
162906
161346
196814
210429
141657
140742
140743
140763
140764
55800
55830
55838
55856
55860
55697
55908
56576
189854
189857
190308
190310
190223
190278
189859
189865
195413
196146
196168
196176
196222
194693
196225
196240
195884
196241
196040
197193
197248
197203
197249
202579
202598
202771
202774
202826
202827
202828
202832
203238
203241
203261
203264
203534
204160
204170
203555
214583
203556
203559
203563
205723
205728
203274
203633
205740
205741
207048
205804
207272
205779
205782
205783
207104
197146
197160
196441
196445
196262
196264
196443
196462
196479
196259
196263
196489
196544
196589
196591
197143
205996
205997
206016
206018
206022
206665
206668
206670
206678
205988
205967
205966
205958
205955
206779
206680
206682
206733
206766
206777
206783
206904
206907
206908
206935
206936
206951
206960
207002
207004
207005
207029
207028
209282
207025
209313
209286
209287
209302
209304
209340
209345
209356
209355
209353
178941
178975
180201
179011
179016
179033
179289
180230
180875
180899
180876
180881
180900
181122
181134
181206
181469
181468
181472
181479
181481
181508
181538
181536
181561
181725
181663
181664
181564
181640
181636
181645
184575
184576
184512
184552
163113
184540
184547
184543
184563
184564
184561
163142
163137
184544
163135
183351
184670
184661
183357
184671
184675
183375
184681
184678
184677
184691
184701
184509
184699
184706
184705
184588
183341
183365
183143
183348
183347
183363
183369
181667
181734
181741
181715
181752
180869
180850
180849
180856
180859
180862
182022
181616
181623
181633
181669
180866
182051
182831
182856
182852
182853
182878
182893
183487
183671
183672
183685
183692
183694
183688
183705
158652
172893
172896
161804
174042
174101
174036
183531
182575
183476
183994
184018
184015
184039
184043
174099
174103
174069
174075
174058
183315
183759
183749
183776
183798
183802
183849
183997
184001
186110
183378
183764
183381
183761
183755
183762
210428
210452
210434
210440
210216
210407
209526
209552
209605
209612
209655
209659
209667
210163
210147
210153
210164
210165
210168
210225
210229
210240
210243
210241
210245
162689
162833
162818
162839
162842
162849
163252
163253
162891
162887
162912
162907
162918
162863
162910
162931
161345
198623
210541
210433
210460
210514
210527
179103
178705
179114
179204
179257
179284
115376
115544
113858
106302
32402
106409
106670
32381
29474
32442
114541
114734
191798
193113
193139
193145
193081
193082
192907
193123
193127
193129
193114
193162
193167
193205
192964
193210
193244
192223
192212
192159
192272
192484
194136
29467
29471
30824
32586
32590
32566
32595
32599
32603
31722
32737
32672
32702
29490
29531
34929
29550
30383
29547
30394
30770
30755
30760
30775
34537
32549
8338
30779
32489
32512
32557
32559
32563
30818
34212
29478
29491
31785
31777
31792
31796
32389
32888
32857
32910
32915
32929
32932
31619
32982
33095
33090
33091
33092
33123
33110
33147
33115
107910
107954
103388
33224
33239
33225
33233
33235
33237
33533
33534
33637
33539
33555
33560
33655
17087
17059
35238
16946
17107
17749
17755
17763
17980
17990
17801
17115
17224
17225
17278
17295
17296
17301
17335
17338
17321
17740
17744
17743
17768
17773
17776
17789
17862
17858
18156
33944
33949
33966
18207
18237
18164
18236
18186
17388
17449
17462
18279
18251
18253
18340
18377
18385
18246
18268
18299
18300
18398
18318
18538
18543
18549
18656
18583
18863
18791
18748
18605
18606
18660
18659
18615
18666
17614
18705
18715
18719
18721
18974
18961
18953
25251
25283
25252
18935
25280
103483
18937
18938
18943
18932
26598
26622
21891
26553
26673
26646
26720
26725
26647
26258
26284
26273
26277
26283
26664
26225
26226
26233
26240
26442
26471
105571
29117
29128
29131
29174
26421
26422
29180
26475
27287
27311
27318
26517
26481
29394
29404
29430
29395
29417
53347
53164
53172
53207
53208
53210
53232
53247
53159
53160
53141
53142
53150
53387
54906
54908
54911
54966
54968
54985
55562
55563
55566
55581
55582
55618
55679
55692
53652
49757
53745
53749
54749
54750
141211
141217
141232
141243
141239
141286
141289
195474
195507
195377
195426
195503
195423
195424
195425
195408
195436
195437
195407
141302
141307
140605
140609
140618
140623
140908
140913
141019
141025
141104
141109
140982
140991
141210
190313
190322
190325
190356
190359
189706
190360
186583
186590
186580
186571
186569
186581
186597
186701
186705
186717
186827
139800
186642
190522
186629
186632
186634
186839
186852
186620
140596
140603
140693
140710
140715
140716
140725
141010
141053
141012
141044
141045
141046
140599
140683
