1840
99214 99216 1537
99214 99217 3051
99215 99217 1594
99215 99219 948
99499 99500 650
99499 99501 2448
41725 41726 1967
41721 41718 1854
41705 41706 1418
41705 41712 3728
41707 41708 344
41707 41709 276
41738 45186 143
41738 45227 763
41738 45241 2781
41749 41750 1262
100491 100492 1176
100498 100497 479
100479 100445 10319
100479 100499 905
101617 101610 1076
101617 103074 1080
103068 103066 551
103068 103070 1198
103054 103058 1751
103054 103071 1899
103055 103056 439
103055 103057 992
123974 123970 361
41820 41819 435
41820 41819 435
122614 122602 1115
122614 122623 3713
122770 122769 2126
122770 123265 710
122771 122769 1260
123265 122770 710
123265 123205 518
123268 123213 985
123268 123269 1248
123274 123271 1502
123230 123229 1161
123230 123271 3249
122632 122631 926
122632 122633 1255
122639 122638 677
122646 122678 333
122641 122633 2483
122641 122642 3746
122712 122711 1248
122715 122710 1830
122715 122711 1104
122728 122710 1115
122676 122675 1426
122683 122680 782
122674 122673 526
122674 122685 738
122684 122661 1086
122686 122685 1029
122686 122685 1029
122686 122691 1339
122699 123194 1116
122703 122704 1615
122703 122768 2382
122768 122703 2382
122768 122769 1234
123474 123493 2609
123474 123501 3735
123507 123502 837
123507 123510 874
132462 132463 1065
132462 132465 1016
123869 123861 1547
123869 123870 1881
117968 117966 808
117968 117969 1334
117978 117983 2643
117978 117984 2287
117705 117704 12424
117835 117836 9856
117835 117939 1560
117835 117953 2210
122150 122136 1612
122196 122190 2505
122495 122496 581
122495 122497 984
121670 121671 830
122097 122094 1213
122097 122098 2312
122558 122559 1009
122081 122080 1560
122081 122285 1009
122296 122297 333
122299 122300 355
120479 120478 243
120479 122492 1004
122305 122101 1017
122305 122304 2715
122305 122477 238
122476 122475 535
122476 122478 372
122482 122480 1276
122482 122483 2631
122316 122317 2118
122315 122320 1225
122378 122362 556
122382 129929 694
122382 129929 694
122433 122434 590
122428 122408 1502
122428 122430 1437
122423 122410 1011
122423 122422 1906
122425 122424 1438
122430 122408 1085
122430 122428 1437
122430 122431 1407
122427 122424 1701
122426 122424 674
122426 123149 667
122671 122668 4125
123158 123159 837
123154 132447 673
123154 132449 1275
123162 123163 355
123162 123165 2170
123220 123217 667
123220 123226 552
123165 123162 2170
123165 123164 1686
123202 123203 674
123202 123210 1081
123202 123211 2279
123211 123202 2279
123211 123226 1950
117992 117997 1085
118247 118118 3814
118247 118248 3135
123512 132341 53
123351 123352 2486
123351 123463 537
123377 123415 1881
123411 123412 951
123411 123417 1478
122553 122552 1121
122553 122561 631
122553 122564 1976
123367 122564 811
123367 123369 1554
123378 123369 606
123381 123380 678
123381 123382 2284
123381 123383 1411
123413 123414 890
123413 123416 885
123413 123419 1868
123414 123413 890
123414 123415 747
123414 123419 1546
132463 132462 1065
132463 132464 770
123872 123871 1344
123872 123871 1344
123971 123970 848
123602 123582 1798
123602 123584 1411
123602 123598 1114
123605 123601 710
123605 123604 2015
123576 123572 2688
123576 123882 2337
123884 123885 1413
124637 124635 2006
124640 124638 1169
124774 124645 238
123511 123510 2377
123511 123577 445
123827 123826 848
123834 123826 2444
123834 123835 1395
123835 123831 1951
123835 123834 1395
124641 124633 872
124641 124636 3034
124642 124643 667
124642 124645 2421
124803 124799 1018
124803 124801 613
124802 124801 808
124802 124804 1169
124802 124807 238
124817 124815 1212
124885 124884 374
124903 124902 1211
124903 124906 1534
124912 124918 2323
125031 124922 941
125031 125042 1782
125040 125041 1030
120282 120269 1494
120282 120286 886
124899 124894 950
124899 124926 1811
120313 120311 2212
120313 120314 3453
120351 120500 1052
120351 120554 1029
120350 120358 238
126171 126172 1820
126171 129903 694
66779 66780 1871
66779 66781 2743
66779 66782 338
66791 66789 574
66791 66792 1314
67805 67796 1535
67574 66788 670
67574 67580 1056
67580 66790 1357
67580 67574 1056
67581 66798 2904
67581 67582 893
67581 67586 829
67587 67586 1940
67588 67582 767
67589 67583 851
67592 67733 2281
67592 67791 778
67798 67791 3076
67809 76604 129
67776 67774 782
67776 67781 1187
67820 67819 778
67781 67770 562
67781 67776 1187
67146 67093 1226
67146 67145 533
67146 67147 1358
67208 67157 1723
67208 67209 986
67763 67764 614
67763 67765 569
67763 67780 452
67264 67237 536
67269 67270 163
67275 67274 688
67275 67278 1688
67284 67285 1182
67284 67285 1182
67267 67237 1445
67283 67245 2872
67283 67298 1344
67298 67283 1344
67298 67299 452
67436 67305 4318
67424 67422 1103
67424 67423 672
67441 67442 893
66827 66826 2220
67189 67176 5919
67189 67188 606
77781 77782 534
67199 66826 959
67199 67157 566
72959 72971 1422
72963 72972 2482
72973 72972 1067
72973 72975 1902
72981 72979 1595
72981 72982 554
72981 72984 1828
72983 72984 1264
72979 72981 1595
72979 72982 1675
73026 72986 712
73026 74787 1667
73027 73028 519
73027 74788 1675
72986 72982 936
72986 73026 712
72986 74786 1780
73028 73027 519
73028 74790 1548
73034 74789 2414
71099 71100 422
71084 71083 1086
71084 71085 1345
70955 70951 1013
70955 70956 2127
70963 70964 1000
70963 71038 676
67359 67357 1222
67359 67360 452
67385 67384 1608
67385 67391 893
67385 67508 1608
67361 67358 675
67361 67493 1344
67361 67496 553
67362 67357 1773
67504 76599 1182
67537 67538 606
67525 71080 606
67525 71089 679
67568 67569 698
67568 71136 1396
71078 71079 1063
71078 71080 1309
71760 71761 1336
71358 71359 1558
71446 64816 3058
70970 70966 2446
70970 70979 253
70986 70983 1447
70986 70993 2207
70994 70993 1004
70980 70977 667
70980 70979 1778
70977 70974 768
70977 70980 667
70977 71000 893
71008 71006 1440
71008 71009 667
71025 71024 1565
71025 71030 650
71042 71030 1380
71042 71045 2283
71043 71193 1004
71043 71196 507
70795 70792 2075
71055 71021 2029
71055 71056 1310
70804 70803 1453
70804 70817 1336
70835 70826 2618
71269 71270 830
71269 71274 852
70814 70801 1520
70814 70816 2514
71056 71010 1946
71056 71055 1310
71315 71286 1287
71315 71316 1234
71315 77083 1777
71316 71292 1487
71316 71315 1234
67477 67474 889
67477 67479 1187
67477 67480 892
67478 67474 2533
67489 67480 2366
67489 67490 1335
67553 67490 652
72776 72774 1874
74329 74330 4593
74329 74331 6369
74318 74316 740
74318 74338 554
74333 74334 338
74333 74335 3167
74296 74297 874
74296 74311 581
74307 74312 445
72952 72951 141
72952 74312 338
72952 74315 202
74309 74317 1140
74094 68458 240
63852 68460 738
63852 74090 1573
74249 74250 956
74249 74251 905
74251 74249 905
74251 74253 713
74372 74263 784
74372 74374 2235
74374 74372 2235
74374 74642 607
74378 74380 344
74378 74383 1305
74380 74378 344
74380 74383 1645
74386 74420 507
77900 77899 521
77900 77902 1216
74388 74390 2844
74645 74643 1141
74645 74644 420
74652 74684 1257
74652 74685 1701
72785 72786 1849
72775 72774 792
72775 72779 1399
72775 72780 830
72778 72780 1902
72778 72786 253
72792 72787 437
72792 72795 337
72795 72792 337
72795 72796 476
217098 217104 915
217098 217120 764
217116 217120 1324
217116 217121 862
217122 217121 1252
217122 217135 1159
217122 217136 446
217135 217122 1159
217135 217130 1280
217081 217082 724
217081 217083 1750
217083 217081 1750
217083 217085 805
217099 217085 1467
217099 217100 708
217097 217100 1095
217097 217104 818
171089 171079 2786
171089 171084 667
171089 171090 889
171090 171074 337
171090 171089 889
171104 171105 279
171116 171105 678
171116 171115 789
171669 170325 893
171856 171857 506
171053 171070 711
171085 171069 474
171056 171057 782
171056 171058 276
171056 171065 782
171059 171060 851
171059 171069 333
171068 171065 2877
171068 171083 778
95947 95955 2461
95843 95844 2824
96095 95846 1891
96111 96112 1534
96111 96113 581
96115 96117 1483
96115 96147 1386
96148 96147 1014
96148 96150 1116
96150 96148 1116
96150 96151 924
96258 96153 452
95944 95942 1676
95944 95968 1867
95974 95972 238
95974 95984 870
95976 95989 905
95976 95990 1026
95982 95981 1755
95982 96017 4315
95990 95976 1026
95990 95987 1612
96275 101507 747
96275 102642 584
96276 96277 9799
102872 102873 2831
102872 102874 2442
96500 96498 1115
96500 96501 872
96509 96501 809
96509 96511 1878
96510 96514 511
96468 96561 1123
101812 101813 526
101812 101814 1066
100165 100132 418
94582 94581 3499
100222 100217 4283
100222 100221 4359
100240 100238 878
100240 100241 2281
100263 100241 672
100263 100264 2113
100268 100266 672
100268 100269 1827
100331 100269 150
100331 100333 1015
100291 100289 810
100291 100292 1501
100294 100292 810
100294 100295 810
100297 100296 2694
100297 100359 1545
100362 100359 3920
100362 100363 1640
95834 95833 498
99505 99501 605
99558 99559 6878
99558 100097 4432
99558 100098 5401
96570 96565 1145
96570 96571 1475
96562 96563 688
96568 96569 2632
96559 96527 2749
96559 96558 1066
96558 96525 2817
96558 96537 975
96558 96559 1066
96576 96537 2753
96576 96575 1028
96589 96575 2818
96589 96600 333
96600 96588 697
96600 96589 333
99294 99241 1281
99294 99243 1073
99299 99295 2481
99299 99300 1446
99299 99303 1672
99330 99508 1080
99330 99512 677
99508 99330 1080
99508 99331 1363
99508 99513 59
99514 101832 1523
99483 99500 537
96627 102808 371
96627 102810 1998
102809 102805 1041
102809 102808 547
99221 102721 36
99219 99215 948
99219 99220 1438
99227 99573 747
99227 99593 1026
99251 99249 1188
99251 99253 848
99216 97174 103
99216 99214 1537
99216 102803 5833
99216 102804 963
99217 99214 3051
99217 99215 1594
99217 99562 435
99500 99483 537
99500 99499 650
99501 99499 2448
99501 99504 1322
99501 99505 605
41726 41725 1967
41718 41719 2944
41718 41720 1140
41718 41721 1854
41706 41701 2005
41706 41705 1418
41706 45242 3282
41712 41705 3728
41712 41711 4810
41712 41713 612
41708 41707 344
41709 41707 276
45186 41738 143
45227 41738 763
45241 41738 2781
41750 41749 1262
100492 100491 1176
100492 101800 173
100492 103204 410
100497 100498 479
100497 103205 1650
100445 100444 7090
100445 100478 1029
100445 100479 10319
100499 100479 905
100499 103205 1645
100499 103206 679
101610 101609 1531
101610 101617 1076
103074 101617 1080
103074 103075 2351
103074 103076 2529
103066 103059 1026
103066 103068 551
103066 103069 2395
103070 103068 1198
103070 103071 659
103070 103072 986
103058 103054 1751
103058 103059 1074
103058 103060 574
103071 103054 1899
103071 103070 659
103071 103073 786
103056 103055 439
103057 103055 992
123970 123870 739
123970 123971 848
123970 123974 361
41819 41820 435
41819 41820 435
41819 101635 1937
122602 122601 928
122602 122603 3868
122602 122614 1115
122623 122614 3713
122769 122768 1234
122769 122770 2126
122769 122771 1260
123205 123194 2761
123205 123208 1225
123205 123265 518
123213 123210 677
123213 123214 782
123213 123268 985
123269 123268 1248
123269 123270 796
123269 123271 1780
123271 123230 3249
123271 123269 1780
123271 123274 1502
123229 123230 1161
123229 123270 2322
123229 123270 2322
122631 122630 355
122631 122632 926
122633 122632 1255
122633 122635 612
122633 122641 2483
122638 122636 948
122638 122639 677
122678 122646 333
122678 122679 782
122642 122641 3746
122642 122705 5768
122711 122709 1334
122711 122712 1248
122711 122715 1104
122710 122708 807
122710 122715 1830
122710 122728 1115
122675 122676 1426
122680 122679 1234
122680 122683 782
122673 122674 526
122685 122674 738
122685 122686 1029
122685 122686 1029
122661 122662 1140
122661 122681 1594
122661 122684 1086
122691 122686 1339
123194 122699 1116
123194 123205 2761
123194 123206 747
122704 122703 1615
123493 123474 2609
123493 123494 1285
123493 123501 2059
123501 123474 3735
123501 123493 2059
123501 123502 476
123502 123501 476
123502 123507 837
123510 123503 976
123510 123507 874
123510 123511 2377
132465 132462 1016
123861 123862 1081
123861 123869 1547
123861 123871 928
123870 123869 1881
123870 123968 1355
123870 123970 739
117966 117967 2576
117966 117968 808
117966 117971 1046
117969 117968 1334
117983 117978 2643
117984 117978 2287
117704 117705 12424
117704 118306 1232
117836 117835 9856
117939 117835 1560
117939 117940 5055
117939 117954 4743
117953 117835 2210
122136 122133 4040
122136 122149 1547
122136 122150 1612
122190 122184 2205
122190 122191 1615
122190 122196 2505
122190 122197 1778
122496 122495 581
122497 122495 984
121671 121670 830
122094 122085 1075
122094 122096 2616
122094 122097 1213
122098 122096 1867
122098 122097 2312
122098 122304 1949
122559 122558 1009
122559 123344 654
122080 122042 1021
122080 122076 355
122080 122081 1560
122285 122081 1009
122285 122283 1023
122285 122287 2084
122297 122296 333
122300 122299 355
120478 120454 788
120478 120479 243
120478 120513 1115
122492 120479 1004
122492 122491 2134
122492 122491 2134
122101 122099 2407
122101 122100 1065
122101 122305 1017
122304 122098 1949
122304 122099 1118
122304 122305 2715
122477 122305 238
122475 122476 535
122478 122476 372
122480 122208 476
122480 122481 2930
122480 122482 1276
122483 122482 2631
122483 122488 577
122483 122489 812
122317 122316 2118
122320 122315 1225
122362 122360 905
122362 122378 556
122362 122386 1145
129929 122382 694
129929 122382 694
129929 129930 1399
122434 122433 590
122408 122407 1810
122408 122410 1118
122408 122428 1502
122408 122430 1085
122410 122408 1118
122410 122409 1701
122410 122423 1011
122422 122409 1118
122422 122423 1906
122422 132447 2816
122424 122425 1438
122424 122426 674
122424 122427 1701
122431 122430 1407
122431 132338 821
123149 122426 667
122668 122667 3360
122668 122669 1028
122668 122671 4125
123159 123158 837
123159 123160 404
123159 123163 2778
132447 122422 2816
132447 123154 673
132447 132448 799
132449 123154 1275
123163 123159 2778
123163 123162 355
123163 123164 790
123217 123218 650
123217 123220 667
123226 123211 1950
123226 123220 552
123164 123163 790
123164 123165 1686
123164 123193 1182
123203 123198 751
123203 123202 674
123210 123202 1081
123210 123209 890
123210 123213 677
117997 117992 1085
117997 117998 1587
117997 117999 885
118118 118115 1684
118118 118119 4851
118118 118247 3814
118248 118247 3135
132341 123512 53
123352 123351 2486
123463 123351 537
123415 123377 1881
123415 123414 747
123415 123417 751
123415 123418 2151
123412 123411 951
123417 123411 1478
123417 123415 751
123417 123421 1283
122552 122553 1121
122561 122553 631
122561 122560 885
122561 122562 810
122561 122565 2059
122564 122553 1976
122564 122565 678
122564 123367 811
123369 123367 1554
123369 123378 606
123369 123380 1212
123380 123369 1212
123380 123371 2198
123380 123381 678
123382 123371 739
123382 123381 2284
123382 123389 1447
123383 123381 1411
123383 123397 2322
123383 123416 673
123416 123383 673
123416 123413 885
123416 123426 1356
123419 123413 1868
123419 123414 1546
123419 123422 474
132464 132463 770
123871 123861 928
123871 123872 1344
123871 123872 1344
123582 123580 1096
123582 123584 885
123582 123602 1798
123584 123582 885
123584 123597 1010
123584 123602 1411
123598 123597 2216
123598 123602 1114
123598 123606 477
123601 123599 879
123601 123600 1748
123601 123605 710
123604 123600 673
123604 123605 2015
123572 123571 1210
123572 123575 1485
123572 123576 2688
123882 123576 2337
123882 132368 339
123885 123884 1413
124635 124627 404
124635 124636 808
124635 124637 2006
124638 124636 404
124638 124639 808
124638 124640 1169
124645 124639 808
124645 124642 2421
124645 124774 238
124645 124779 474
123577 123505 739
123577 123511 445
123577 123578 1334
123826 123827 848
123826 123831 1897
123826 123834 2444
123831 123826 1897
123831 123832 556
123831 123835 1951
124633 124629 1284
124633 124632 1014
124633 124641 872
124636 124635 808
124636 124638 404
124636 124641 3034
124643 124639 1781
124643 124642 667
124799 124667 1102
124799 124669 1206
124799 124803 1018
124801 124800 1346
124801 124802 808
124801 124803 613
124804 124670 2321
124804 124802 1169
124804 124805 811
124807 124802 238
124815 124814 953
124815 124816 558
124815 124817 1212
124884 124883 1748
124884 124885 374
124884 124886 739
124902 124903 1211
124906 124903 1534
124906 124905 1344
124906 124909 673
124918 124911 1364
124918 124912 2323
124918 124920 667
124922 124911 1211
124922 124925 953
124922 124929 1140
124922 125031 941
125042 125031 1782
125041 125040 1030
120269 120270 1880
120269 120282 1494
120269 132310 1864
120286 120282 886
124894 124893 1873
124894 124899 950
124894 132310 2362
124926 124898 474
124926 124899 1811
120311 120310 1308
120311 120312 4118
120311 120313 2212
120314 120313 3453
120500 120351 1052
120500 120556 928
120500 120602 818
120554 120351 1029
120358 120350 238
126172 126171 1820
126172 132340 2053
126172 132343 660
129903 126171 694
66780 66779 1871
66780 120341 6390
66781 66776 2322
66781 66779 2743
66781 66784 2783
66782 66779 338
66782 66784 587
66782 66795 1507
66789 66788 993
66789 66791 574
66789 66794 1234
66792 66791 1314
66792 66793 379
66792 66794 972
67796 67750 276
67796 67795 1004
67796 67805 1535
66788 66789 993
66788 66790 1290
66788 67574 670
66790 66788 1290
66790 66794 790
66790 66798 694
66790 67580 1357
66798 66790 694
66798 66795 1913
66798 66799 1122
66798 67581 2904
67582 66799 2888
67582 67581 893
67582 67583 778
67582 67588 767
67586 67581 829
67586 67587 1940
67583 66800 2720
67583 67582 778
67583 67584 965
67583 67589 851
67733 67584 750
67733 67592 2281
67791 67592 778
67791 67736 2197
67791 67792 562
67791 67798 3076
76604 67809 129
67774 67775 562
67774 67776 782
67819 67818 333
67819 67820 778
67819 67822 851
67770 67752 3782
67770 67781 562
67093 67080 2825
67093 67139 1232
67093 67146 1226
67145 67134 1128
67145 67141 1004
67145 67146 533
67147 67146 1358
67157 67158 698
67157 67199 566
67157 67208 1723
67209 67205 865
67209 67208 986
67209 77008 1300
67764 67763 614
67765 67757 1051
67765 67763 569
67765 67779 1041
67780 67763 452
67780 76603 170
67237 67238 1336
67237 67259 1675
67237 67264 536
67237 67267 1445
67237 67270 1237
67270 67237 1237
67270 67269 163
67274 67261 713
67274 67275 688
67274 67276 954
67278 67275 1688
67278 67279 667
67278 67400 684
67285 67284 1182
67285 67284 1182
67285 67403 1211
67245 67244 1226
67245 67246 538
67245 67283 2872
67299 67290 1439
67299 67298 452
67299 67300 667
67305 67301 760
67305 67306 1004
67305 67436 4318
67422 67307 3131
67422 67421 782
67422 67424 1103
67422 67425 222
67423 67421 1097
67423 67424 672
67423 67437 277
67442 67427 2619
67442 67441 893
67442 67443 332
66826 66827 2220
66826 67195 626
66826 67197 948
66826 67199 959
67176 67160 1248
67176 67182 553
67176 67189 5919
67188 67182 6030
67188 67189 606
67188 67192 404
77782 77781 534
77782 77783 768
72971 72959 1422
72972 72963 2482
72972 72973 1067
72972 72974 1874
72975 72973 1902
72975 78831 436
72982 72979 1675
72982 72981 554
72982 72985 1891
72982 72986 936
72984 72981 1828
72984 72983 1264
72984 72985 1067
74787 73026 1667
74787 74786 769
74787 74788 602
74788 73027 1675
74788 74787 602
74788 74789 477
74786 72985 761
74786 72986 1780
74786 74787 769
74790 73028 1548
74790 74789 248
74789 73034 2414
74789 74788 477
74789 74790 248
71100 71099 422
71083 70932 1184
71083 71077 818
71083 71084 1086
71083 71086 873
71085 70932 1399
71085 70954 747
71085 71084 1345
70951 70952 2229
70951 70955 1013
70951 70957 356
70956 70955 2127
70964 70963 1000
71038 70960 277
71038 70963 676
71038 76628 1254
67357 67356 1222
67357 67359 1222
67357 67362 1773
67360 67359 452
67360 67383 1019
67360 67384 875
67384 67360 875
67384 67371 778
67384 67385 1608
67391 67385 893
67508 67385 1608
67358 67356 1942
67358 67361 675
67493 67351 1680
67493 67354 601
67493 67361 1344
67493 67494 422
67496 67361 553
67496 67497 778
67496 67499 682
76599 67504 1182
76599 76600 253
67538 67537 606
67538 67539 376
71080 67525 606
71080 71078 1309
71080 71081 553
71089 67525 679
71089 71090 1558
71089 71091 1357
67569 67568 698
71136 67568 1396
71136 71137 852
71136 71138 1376
71079 70923 959
71079 71078 1063
71761 71760 1336
71761 71763 1344
71359 71358 1558
71359 71360 2307
64816 64815 897
64816 64818 1843
64816 71446 3058
70966 70965 1182
70966 70970 2446
70966 70985 123
70979 70970 253
70979 70975 277
70979 70980 1778
70983 70969 1004
70983 70985 997
70983 70986 1447
70983 70989 2123
70993 70986 2207
70993 70989 1454
70993 70994 1004
70974 70972 760
70974 70973 2229
70974 70976 889
70974 70977 768
71000 70977 893
71000 70998 437
71000 71006 169
71006 71000 169
71006 71007 782
71006 71008 1440
71009 71007 1520
71009 71008 667
71009 71012 344
71024 71023 782
71024 71025 1565
71024 71026 1013
71030 71025 650
71030 71042 1380
71045 71042 2283
71193 71043 1004
71196 71043 507
70792 70779 2238
70792 70794 1689
70792 70795 2075
70792 71002 308
71021 71022 1777
71021 71055 2029
70803 64792 277
70803 70804 1453
70817 70804 1336
70817 70818 581
70817 70821 1272
70826 70825 258
70826 70827 1803
70826 70828 1004
70826 70835 2618
71270 71269 830
71270 71274 452
71270 71277 562
71274 71269 852
71274 71270 452
71274 71275 1278
70801 64793 7660
70801 70802 2067
70801 70814 1520
70816 70814 2514
71010 71011 2642
71010 71056 1946
71286 71284 956
71286 71287 905
71286 71292 1786
71286 71315 1287
77083 71315 1777
71292 64556 942
71292 71286 1786
71292 71316 1487
67474 67466 760
67474 67475 562
67474 67477 889
67474 67478 2533
67479 67477 1187
67480 67472 1520
67480 67477 892
67480 67481 782
67480 67489 2366
67490 67489 1335
67490 67548 1563
67490 67553 652
72774 72773 1376
72774 72775 792
72774 72776 1874
74330 74329 4593
74330 74341 2349
74331 74329 6369
74331 74796 2479
74316 74315 558
74316 74317 419
74316 74318 740
74338 74318 554
74338 74335 279
74338 74336 924
74334 74333 338
74335 74333 3167
74335 74338 279
74335 74339 607
74297 74296 874
74311 74296 581
74311 74298 169
74311 74310 337
74312 72952 338
74312 74289 134
74312 74307 445
72951 72952 141
72951 74288 284
72951 74289 214
72951 74315 245
74315 72951 245
74315 72952 202
74315 74316 558
74315 74317 602
74317 74309 1140
74317 74315 602
74317 74316 419
68458 68459 1996
68458 68460 2707
68458 74094 240
68458 78178 3335
68460 63852 738
68460 68458 2707
74090 62785 1214
74090 63852 1573
74090 74091 1352
74090 74092 1558
74250 74249 956
74253 74251 713
74263 74261 809
74263 74264 2879
74263 74372 784
74642 74374 607
74642 74641 517
74383 74378 1305
74383 74380 1645
74383 74644 471
74420 74386 507
74420 74421 277
77899 74368 1075
77899 77900 521
77902 77900 1216
74390 74388 2844
74390 74684 1301
74390 74687 374
74390 74691 1031
74643 74641 924
74643 74645 1141
74643 74646 538
74644 74383 471
74644 74641 775
74644 74645 420
74684 74390 1301
74684 74652 1257
74684 74685 789
74684 74686 3009
74685 74652 1701
74685 74653 1969
74685 74684 789
72786 72778 253
72786 72785 1849
72786 72787 437
72779 72773 712
72779 72775 1399
72779 72781 768
72780 72775 830
72780 72778 1902
72780 72781 1189
72780 72794 792
72787 72786 437
72787 72792 437
72787 72794 1980
72796 72795 476
217104 217097 818
217104 217098 915
217104 217105 1024
217104 217106 771
217120 217098 764
217120 217106 888
217120 217116 1324
217120 217124 766
217121 217116 862
217121 217122 1252
217121 217129 1142
217121 217130 845
217136 217122 446
217130 217121 845
217130 217132 1320
217130 217135 1280
217082 217081 724
217082 217085 1752
217082 217086 851
217085 217082 1752
217085 217083 805
217085 217099 1467
217100 217097 1095
217100 217099 708
217100 217105 790
171079 171089 2786
171084 171083 796
171084 171089 667
171074 171090 337
171105 171104 279
171105 171116 678
171115 171116 789
170325 171669 893
171857 171856 506
171070 171053 711
171070 171060 1124
171070 171069 1116
171069 171059 333
171069 171070 1116
171069 171085 474
171057 171056 782
171058 171056 276
171065 171056 782
171065 171068 2877
171060 171059 851
171060 171070 1124
171083 171068 778
171083 171084 796
95955 95947 2461
95844 95843 2824
95846 96095 1891
96112 96111 1534
96113 96111 581
96117 96115 1483
96147 96115 1386
96147 96148 1014
96147 96151 1015
96151 96147 1015
96151 96150 924
96151 96153 3289
96153 96151 3289
96153 96258 452
95942 95944 1676
95968 95944 1867
95972 95974 238
95984 95974 870
95989 95976 905
95981 95982 1755
95981 96017 3851
96017 95981 3851
96017 95982 4315
95987 95990 1612
101507 96275 747
101507 102642 541
102642 96275 584
102642 101507 541
96277 96276 9799
102873 102872 2831
102874 102872 2442
96498 96500 1115
96501 96500 872
96501 96509 809
96511 96509 1878
96511 96514 537
96514 96510 511
96514 96511 537
96561 96468 1123
101813 101812 526
101814 101812 1066
100132 100165 418
94581 94582 3499
100217 100221 809
100217 100222 4283
100221 100217 809
100221 100222 4359
100238 100240 878
100241 100240 2281
100241 100263 672
100264 100263 2113
100266 100268 672
100269 100268 1827
100269 100331 150
100333 100331 1015
100289 100291 810
100292 100291 1501
100292 100294 810
100295 100294 810
100296 100297 2694
100359 100297 1545
100359 100362 3920
100363 100362 1640
95833 95834 498
99559 99558 6878
100097 99558 4432
100097 100098 3669
100098 99558 5401
100098 100097 3669
96565 96569 1066
96565 96570 1145
96571 96570 1475
96563 96562 688
96569 96565 1066
96569 96568 2632
96527 96525 1115
96527 96559 2749
96525 96527 1115
96525 96558 2817
96537 96558 975
96537 96576 2753
96575 96576 1028
96575 96589 2818
96588 96600 697
99241 99294 1281
99243 99294 1073
99243 99295 1731
99295 99243 1731
99295 99299 2481
99300 99299 1446
99303 99299 1672
99512 99330 677
99331 99508 1363
99513 99508 59
101832 99514 1523
102808 96627 371
102808 102805 913
102808 102809 547
102810 96627 1998
102810 102805 946
102805 102808 913
102805 102809 1041
102805 102810 946
102721 99221 36
99220 99219 1438
99573 99227 747
99593 99227 1026
99249 99251 1188
99253 99251 848
97174 99216 103
102803 99216 5833
102804 99216 963
99562 99217 435
99504 99501 1322
41719 41718 2944
41720 41718 1140
41701 41706 2005
45242 41706 3282
41711 41712 4810
41713 41712 612
101800 100492 173
103204 100492 410
103205 100497 1650
103205 100499 1645
100444 100445 7090
100478 100445 1029
103206 100499 679
101609 101610 1531
103075 103074 2351
103075 103076 4013
103076 103074 2529
103076 103075 4013
103059 103058 1074
103059 103066 1026
103069 103066 2395
103072 103070 986
103060 103058 574
103073 103071 786
101635 41819 1937
122601 122602 928
122603 122602 3868
122603 122708 3172
123208 123205 1225
123214 123213 782
123270 123229 2322
123270 123229 2322
123270 123269 796
122630 122631 355
122635 122633 612
122636 122638 948
122679 122678 782
122679 122680 1234
122705 122642 5768
122709 122711 1334
122708 122603 3172
122708 122710 807
122662 122661 1140
122681 122661 1594
123206 123194 747
123494 123493 1285
123503 123505 2481
123503 123510 976
123862 123861 1081
123968 123870 1355
117967 117966 2576
117971 117966 1046
118306 117704 1232
117940 117939 5055
117954 117939 4743
122133 122136 4040
122149 122136 1547
122184 122190 2205
122191 122190 1615
122197 122190 1778
122085 122094 1075
122096 122094 2616
122096 122098 1867
123344 122559 654
122042 122080 1021
122076 122080 355
122283 122285 1023
122287 122285 2084
120454 120478 788
120513 120478 1115
122491 122488 475
122491 122492 2134
122491 122492 2134
122099 122100 2700
122099 122101 2407
122099 122304 1118
122100 122099 2700
122100 122101 1065
122208 122480 476
122481 122480 2930
122488 122483 577
122488 122491 475
122489 122483 812
122360 122362 905
122360 122407 2942
122386 122362 1145
129930 129929 1399
122407 122360 2942
122407 122408 1810
122407 122409 1101
122409 122407 1101
122409 122410 1701
122409 122422 1118
132338 122431 821
122667 122668 3360
122669 122668 1028
123160 123159 404
132448 132447 799
123218 123217 650
123193 123164 1182
123198 123203 751
123209 123210 890
117998 117997 1587
117999 117997 885
118115 118118 1684
118119 118118 4851
123418 123415 2151
123418 123422 837
123421 123417 1283
122560 122561 885
122562 122561 810
122565 122561 2059
122565 122564 678
123371 123380 2198
123371 123382 739
123389 123382 1447
123397 123383 2322
123426 123416 1356
123422 123418 837
123422 123419 474
123580 123582 1096
123580 123597 1447
123597 123580 1447
123597 123584 1010
123597 123598 2216
123606 123598 477
123599 123601 879
123600 123601 1748
123600 123604 673
123571 123572 1210
123575 123572 1485
132368 123882 339
124627 124632 2511
124627 124635 404
124639 124638 808
124639 124643 1781
124639 124645 808
124779 124645 474
123505 123503 2481
123505 123577 739
123578 123577 1334
123832 123831 556
124629 124633 1284
124632 124627 2511
124632 124633 1014
124667 124799 1102
124669 124799 1206
124800 124801 1346
124670 124804 2321
124805 124804 811
124814 124815 953
124816 124815 558
124883 124884 1748
124886 124884 739
124905 124906 1344
124909 124906 673
124909 124911 2418
124911 124909 2418
124911 124918 1364
124911 124922 1211
124920 124918 667
124925 124922 953
124929 124922 1140
120270 120269 1880
132310 120269 1864
132310 124894 2362
124893 124894 1873
124898 124926 474
120310 120311 1308
120312 120311 4118
120556 120500 928
120602 120500 818
132340 126172 2053
132343 126172 660
120341 66780 6390
66776 66781 2322
66784 66781 2783
66784 66782 587
66795 66782 1507
66795 66798 1913
66794 66789 1234
66794 66790 790
66794 66792 972
66793 66792 379
67750 67796 276
67795 67796 1004
66799 66798 1122
66799 66800 796
66799 67582 2888
66800 66799 796
66800 67583 2720
67584 67583 965
67584 67733 750
67736 67791 2197
67792 67791 562
67775 67774 562
67818 67819 333
67822 67819 851
67752 67770 3782
67080 67093 2825
67139 67093 1232
67134 67145 1128
67141 67145 1004
67158 67157 698
67205 67209 865
77008 67209 1300
67757 67765 1051
67779 67765 1041
76603 67780 170
67238 67237 1336
67259 67237 1675
67261 67274 713
67276 67274 954
67279 67278 667
67400 67278 684
67400 67403 844
67403 67285 1211
67403 67400 844
67244 67245 1226
67246 67245 538
67290 67299 1439
67300 67299 667
67300 67301 782
67301 67300 782
67301 67305 760
67306 67305 1004
67306 67307 893
67306 67421 2957
67307 67306 893
67307 67422 3131
67421 67306 2957
67421 67422 782
67421 67423 1097
67425 67422 222
67437 67423 277
67427 67442 2619
67443 67442 332
67195 66826 626
67197 66826 948
67160 67176 1248
67182 67176 553
67182 67188 6030
67192 67188 404
77783 77782 768
72974 72972 1874
78831 72975 436
72985 72982 1891
72985 72984 1067
72985 74786 761
70932 71083 1184
70932 71085 1399
71077 71083 818
71086 71083 873
70954 71085 747
70952 70951 2229
70957 70951 356
70960 71038 277
76628 71038 1254
67356 67357 1222
67356 67358 1942
67383 67360 1019
67371 67384 778
67351 67493 1680
67354 67493 601
67494 67493 422
67497 67496 778
67499 67496 682
76600 76599 253
67539 67538 376
71081 71080 553
71090 71089 1558
71090 71091 2479
71091 71089 1357
71091 71090 2479
71137 71136 852
71138 71136 1376
70923 71079 959
71763 71761 1344
71360 71359 2307
64815 64816 897
64818 64816 1843
70965 70966 1182
70985 70966 123
70985 70983 997
70975 70973 338
70975 70979 277
70969 70983 1004
70989 70983 2123
70989 70993 1454
70989 71023 1147
70972 70974 760
70973 70974 2229
70973 70975 338
70976 70974 889
70976 70998 253
70998 70976 253
70998 71000 437
71007 71006 782
71007 71009 1520
71012 71009 344
71023 70989 1147
71023 71024 782
71026 71024 1013
70779 70792 2238
70794 70792 1689
71002 70792 308
71022 71021 1777
64792 70803 277
70818 70817 581
70821 70817 1272
70825 70826 258
70827 70826 1803
70828 70826 1004
71277 71270 562
71275 71274 1278
64793 70801 7660
70802 70801 2067
71011 71010 2642
71284 64556 2138
71284 71286 956
71287 71286 905
64556 71284 2138
64556 71292 942
67466 67474 760
67475 67474 562
67472 67480 1520
67481 67480 782
67548 67490 1563
72773 72774 1376
72773 72779 712
74341 74330 2349
74341 74339 277
74796 74331 2479
74336 74338 924
74339 74335 607
74339 74341 277
74298 74310 477
74298 74311 169
74310 74298 477
74310 74311 337
74289 72951 214
74289 74288 242
74289 74312 134
74288 72951 284
74288 74289 242
68459 68458 1996
78178 68458 3335
62785 74090 1214
74091 74090 1352
74092 74090 1558
74261 74263 809
74264 74263 2879
74641 74642 517
74641 74643 924
74641 74644 775
74421 74420 277
74368 77899 1075
74687 74390 374
74691 74390 1031
74646 74643 538
74686 74684 3009
74653 74685 1969
72781 72779 768
72781 72780 1189
72794 72780 792
72794 72787 1980
217105 217100 790
217105 217104 1024
217106 217104 771
217106 217120 888
217124 217120 766
217124 217129 203
217129 217121 1142
217129 217124 203
217132 217130 1320
217086 217082 851
589
99214
99215
99499
41725
41721
41705
41707
41738
41749
100491
100498
100479
101617
103068
103054
103055
123974
41820
122614
122770
122771
123265
123268
123274
123230
122632
122639
122646
122641
122712
122715
122728
122676
122683
122674
122684
122686
122699
122703
122768
123474
123507
132462
123869
117968
117978
117705
117835
122150
122196
122495
121670
122097
122558
122081
122296
122299
120479
122305
122476
122482
122316
122315
122378
122382
122433
122428
122423
122425
122430
122427
122426
122671
123158
123154
123162
123220
123165
123202
123211
117992
118247
123512
123351
123377
123411
122553
123367
123378
123381
123413
123414
132463
123872
123971
123602
123605
123576
123884
124637
124640
124774
123511
123827
123834
123835
124641
124642
124803
124802
124817
124885
124903
124912
125031
125040
120282
124899
120313
120351
120350
126171
66779
66791
67805
67574
67580
67581
67587
67588
67589
67592
67798
67809
67776
67820
67781
67146
67208
67763
67264
67269
67275
67284
67267
67283
67298
67436
67424
67441
66827
67189
77781
67199
72959
72963
72973
72981
72983
72979
73026
73027
72986
73028
73034
71099
71084
70955
70963
67359
67385
67361
67362
67504
67537
67525
67568
71078
71760
71358
71446
70970
70986
70994
70980
70977
71008
71025
71042
71043
70795
71055
70804
70835
71269
70814
71056
71315
71316
67477
67478
67489
67553
72776
74329
74318
74333
74296
74307
72952
74309
74094
63852
74249
74251
74372
74374
74378
74380
74386
77900
74388
74645
74652
72785
72775
72778
72792
72795
217098
217116
217122
217135
217081
217083
217099
217097
171089
171090
171104
171116
171669
171856
171053
171085
171056
171059
171068
95947
95843
96095
96111
96115
96148
96150
96258
95944
95974
95976
95982
95990
96275
96276
102872
96500
96509
96510
96468
101812
100165
94582
100222
100240
100263
100268
100331
100291
100294
100297
100362
95834
99505
99558
96570
96562
96568
96559
96558
96576
96589
96600
99294
99299
99330
99508
99514
99483
96627
102809
99221
99219
99227
99251
99216
217085
217100
171079
171084
171074
171105
171115
170325
171057
171065
171060
171083
95844
95846
96113
96117
96147
96151
96153
95942
95968
95972
95989
95981
95987
101507
96277
96498
96501
96511
96514
100132
100217
100221
100238
100241
100264
100266
100269
100289
100292
100295
100296
100359
100363
95833
99559
100097
100098
96565
96571
96563
96527
96525
96537
96575
96588
99241
99243
99295
99300
99303
99331
102810
102805
99220
99573
99593
99249
99253
97174
102803
102804
41701
41711
101800
103204
100444
100478
103206
101609
103076
103059
103060
101635
122601
122630
122636
122679
122705
122709
122708
122662
122681
123206
123494
123503
123862
123968
117967
117971
118306
117940
117954
122133
122149
122184
122191
122197
122085
122096
122042
122076
122283
122287
120454
122100
122208
122481
122488
122489
122360
129930
122407
122667
122669
123160
123193
123198
123209
117999
118115
118119
123418
123421
122562
122565
123371
123389
123397
123426
123580
123599
123600
123571
123575
124627
124639
123505
123578
124629
124632
124667
124669
124800
124670
124805
124814
124883
124905
124909
124911
124925
124929
120270
132310
124893
124898
120310
120312
120556
66776
66784
66795
67750
67795
66799
66800
67584
67736
67792
67818
67752
67080
67139
67134
67141
67205
67757
67238
67259
67261
67276
67400
67403
67244
67246
67290
67300
67301
67307
67425
67427
67443
67195
67197
67160
67182
67192
72974
70932
71077
71086
70954
70957
70960
67356
67371
67351
67354
67494
67499
67539
71081
71090
71091
70923
71763
71360
64815
64818
70965
70975
70969
70989
70972
70973
70998
71007
71012
71023
71026
70779
70794
71002
64792
70818
70825
70827
70828
71277
71275
64793
71284
64556
67466
67475
67472
67481
67548
74341
74796
74336
74298
74310
74288
68459
62785
74091
74261
74264
74421
74368
74687
74691
74646
74686
74653
72781
72794
217105
217106
217124
217132
217086
