808
114896 114869 1398
114896 114895 15822
114879 114874 2789
114879 114880 847
115042 92080 1697
115042 115041 40
114987 114988 1005
114987 115063 778
115000 115001 1005
115000 115063 1188
92083 92081 762
92083 92084 580
92091 92092 511
92095 92092 2622
92095 92125 551
115304 115126 1760
115117 115116 1808
115117 115123 749
115110 115108 474
115110 115111 3761
115118 115116 610
115147 115146 9131
115341 115323 671
115360 115351 1031
115360 115366 902
115367 115368 353
115658 115657 104
115658 115659 2306
106195 106940 680
106813 106812 1881
106813 107001 2154
107002 106812 4616
107002 107001 1339
107016 107017 5835
107016 107172 3395
107311 107310 587
107311 107312 2239
107009 107004 238
107009 107294 2687
107296 107295 1951
107298 107299 475
107325 107299 1407
107325 107300 1257
109550 109551 625
109550 109552 504
106878 106882 1234
106878 106892 1443
106862 106869 949
92911 92917 1096
92911 92923 1565
92934 92936 763
92934 92937 1694
92935 92946 2406
92935 92946 2406
106882 106878 1234
106882 106883 3495
106882 106891 597
106715 106716 241
106715 106717 2317
106879 106717 718
106879 115223 474
106877 106717 1140
106877 106719 1611
106880 106881 696
106253 106254 1030
106253 106492 562
106492 106253 562
106492 106487 1861
106232 105755 806
106232 105759 733
116055 116039 1060
116055 116040 3397
116055 116064 902
116062 116063 1007
116103 116063 902
116103 116104 847
116119 116120 353
116119 116121 445
106237 106235 515
106237 106238 1675
106237 116057 1487
105740 105739 445
105740 105741 355
105740 106183 139
192025 191523 3485
192025 194456 1174
192027 192028 2351
194395 192019 1553
194233 192128 1660
194234 192128 1408
194234 193853 1602
191929 191928 1484
191929 191930 1301
191582 191583 1255
191582 191584 667
191582 191585 1397
192071 191899 384
192071 192072 194
192856 192111 2521
192971 192835 6620
192971 194219 4380
192864 192854 2951
192864 192865 16357
193025 193023 874
193025 193026 687
193036 193966 764
193036 193967 417
107595 107597 2930
107595 109833 1357
107708 107707 222
107708 107710 2780
107680 107681 3851
107680 107717 1322
107680 107736 1302
107704 107705 763
107704 107723 1248
107653 107652 2665
107653 107679 1527
107641 107654 675
107600 107598 556
107600 107601 3752
107604 107605 1454
107604 107626 2480
107604 107627 868
107624 107637 2170
107608 107627 1225
107638 107637 1357
107638 113639 999
107585 107584 222
107585 107650 5213
107667 107672 604
107695 107674 2100
107695 107691 2347
107750 107642 893
107691 107690 1322
107691 107695 2347
107713 107714 1124
107713 107715 2590
107713 107735 3173
107841 107839 3049
107841 107842 1635
107837 107838 1524
107837 107839 818
107846 107847 1369
107846 107848 3075
107848 107846 3075
107848 107849 611
111019 111017 452
111009 111011 3459
111009 111114 1031
111125 111123 2889
111142 111123 930
111144 111145 681
111134 111135 2291
111134 111136 782
111891 111136 1959
111138 111136 672
111138 111139 1794
111129 111131 672
111129 111131 672
111129 111212 1897
111935 111936 672
111935 111947 598
111959 111947 598
111959 111960 2044
111964 111960 764
111964 111967 1935
111970 111967 868
111970 111994 2044
111998 111994 707
111998 112096 1955
112103 112096 847
112103 112104 1827
112103 112278 788
112016 112017 1279
112016 112021 2693
112013 112014 336
112013 112017 950
112014 112013 336
112014 112029 1700
112015 112011 707
112015 112028 1935
112011 112015 707
112011 112277 1955
112278 112103 788
112278 112125 1700
112278 112277 847
33614 33612 708
33614 33615 1085
33622 33623 1532
33627 33626 336
113429 113430 1575
113429 113437 1906
113439 113438 893
112429 112346 2481
112429 112347 756
113444 112452 3123
112463 112451 1919
112463 112464 516
112463 112467 788
112464 112463 516
112464 112465 511
112464 113153 252
113175 113174 504
112466 112460 2138
112466 112462 869
112467 112462 2126
112467 112463 788
112467 113174 1576
112468 112460 764
112468 112461 1592
113447 112454 1565
113447 112461 764
112454 112453 1014
112454 112455 756
112454 113447 1565
113118 113115 931
113118 113116 1454
113118 113121 788
113120 112393 1344
113120 113116 1008
113120 113121 1014
113122 113121 756
113122 113126 1344
112905 112907 2786
112924 112920 1886
112924 112936 1548
112953 112952 764
112953 112956 2028
112958 112956 764
112958 112957 2358
112958 113113 681
113113 112958 681
113113 113112 2371
113113 113115 756
113115 113113 756
113115 113114 2063
113115 113118 931
112937 112683 2417
112937 112936 1139
112937 112938 1268
112960 112938 2364
112960 112983 1139
112992 112983 2769
112992 113000 1139
113162 113000 2335
113162 113163 1138
113171 113163 2769
113171 113172 1124
113250 113106 1361
113269 113268 688
113269 113271 1032
113308 113268 1197
112664 112665 665
112664 112666 2719
112666 112662 893
112666 112664 2719
113424 112662 1612
113425 112661 1576
113425 113489 562
113489 113425 562
113489 113488 452
113498 113488 2905
113498 113499 884
113246 113245 504
113246 113260 818
113227 113099 536
112978 112977 818
113230 112977 1386
113230 113229 796
112972 112973 354
113260 113243 732
113260 113246 818
113173 113170 2499
113173 113172 1114
113217 113170 1139
113217 113221 2335
113226 113221 1124
113226 113222 982
113223 113225 517
113223 113228 818
113228 112975 1386
113228 113223 818
113228 113229 796
113229 112976 1386
113229 113228 796
113229 113230 796
105714 105716 336
113499 113498 884
113499 113500 3052
113502 113496 951
113502 113505 672
113513 113512 403
105300 105299 582
105300 105305 1827
105305 105300 1827
105305 105306 1254
105292 105291 2508
105343 105341 2726
105343 105349 676
105345 105346 796
104656 105341 1093
105390 105395 2305
105395 105390 2305
39878 39986 1501
39986 39878 1501
105193 104993 1167
104993 105193 1167
103577 103702 1884
103702 103577 1884
105439 105430 1535
105430 105439 1535
39935 39970 1534
39970 39935 1534
40009 40011 757
40011 40009 757
41264 41265 2216
41265 41118 2429
41265 41264 2216
41118 41265 2429
55041 54772 828
55042 54772 848
55048 55088 738
55088 55048 738
55088 55090 3169
55090 55088 3169
49414 49413 611
49413 49414 611
49352 49358 848
49358 49352 848
54772 55041 828
54772 55042 848
144386 144384 380
144384 144386 380
142460 144379 271
144379 142460 271
195568 196371 1332
196371 195568 1332
140230 140232 1146
140232 140230 1146
142395 142396 1669
142239 142240 954
142396 142395 1669
141530 141531 1706
142242 142241 795
141823 141826 814
141826 141823 814
141531 141530 1706
141809 141812 929
141812 141809 929
142240 142239 954
142240 142241 649
142241 142240 649
142241 142242 795
56270 56274 1436
56274 56270 1436
196632 196633 1637
196633 196632 1637
196892 196899 437
196899 196892 437
204323 204330 434
207618 207619 663
207619 207618 663
207623 207628 846
207628 207623 846
207628 207656 841
207656 207628 841
207656 207657 681
207657 207656 681
207657 207660 846
207500 207508 867
207504 207503 860
207508 207500 867
207662 207660 846
207660 207657 846
207660 207662 846
145433 145460 779
145460 145433 779
145460 145461 797
145461 145460 797
151371 151364 780
151371 151372 772
151372 151371 772
151372 151416 481
151416 151372 481
151364 151371 780
151342 151343 825
151343 151342 825
203998 203996 750
204100 204101 762
204101 204100 762
204112 204114 990
204114 204112 990
204118 204322 710
204322 204118 710
204330 204323 434
203612 203613 573
203613 203612 573
203723 203727 2213
203727 203723 2213
204011 204022 751
203996 203998 750
204022 204011 751
207960 207959 1168
207598 207565 285
207565 207598 285
207552 207556 1011
207556 207467 1133
207556 207552 1011
207959 207960 1168
207467 207556 1133
207563 207555 608
207555 207563 608
207503 207504 860
207522 207580 779
207580 207522 779
207996 208043 884
208043 207996 884
210585 210584 709
210584 210585 709
208445 210685 624
210685 208445 624
185070 185067 610
185067 185070 610
185129 185098 1225
166340 166339 1184
166339 166340 1184
166848 185061 1032
185061 166848 1032
180542 180575 1592
180575 180542 1592
152208 152209 1494
152209 152208 1494
176370 176371 373
176364 176359 373
176371 176370 373
176359 176364 373
185099 185098 683
185098 185099 683
185098 185129 1225
185114 185122 2804
185122 185114 2804
174545 174643 2032
174643 174545 2032
174740 174732 758
174732 174730 682
174732 174740 758
174730 174732 682
175280 174744 842
174744 175280 842
175236 175237 2873
175239 175238 1533
175238 175239 1533
175397 175403 890
175237 175236 2873
175403 175397 890
175512 175511 2559
175511 175512 2559
174442 174464 373
174464 174442 373
210974 210910 1548
210910 210974 1548
211094 211091 846
211775 211788 901
211091 211094 846
211788 211775 901
163745 163744 842
163744 163745 842
163678 163677 452
163677 163678 452
163803 163804 782
163804 163803 782
162972 162953 1901
163453 163454 758
163454 163453 758
162769 162771 139
162953 162972 1901
162771 162769 139
164206 164202 1145
164202 164206 1145
164110 164112 537
164112 164110 537
164122 164124 1255
164124 164122 1255
212372 212375 787
212375 212372 787
212378 212388 745
212388 212378 745
212389 212396 727
212396 212389 727
211966 211968 986
211968 211966 986
114463 114462 556
114462 114463 556
115199 115202 609
115202 115199 609
114873 114874 556
114869 114896 1398
114895 114896 15822
114874 114873 556
114874 114879 2789
114880 114879 847
114880 115041 399
92080 92081 515
92080 115042 1697
115041 114880 399
115041 115042 40
114988 114987 1005
115063 114987 778
115063 115000 1188
115001 115000 1005
92081 92080 515
92081 92083 762
92084 92083 580
92092 92091 511
92092 92095 2622
92125 92095 551
115126 115304 1760
115116 115117 1808
115116 115118 610
115123 115117 749
115108 115110 474
115111 115110 3761
115146 115147 9131
115323 115341 671
115351 115360 1031
115366 115360 902
115368 115367 353
115657 115658 104
115659 115658 2306
106940 106195 680
106812 106813 1881
106812 107002 4616
107001 106813 2154
107001 107002 1339
107017 107016 5835
107172 107016 3395
107310 107311 587
107312 107311 2239
107004 107009 238
107294 107009 2687
107295 107296 1951
107299 107298 475
107299 107325 1407
107300 107325 1257
109551 109550 625
109552 109550 504
106892 106878 1443
106869 106862 949
92917 92911 1096
92923 92911 1565
92936 92934 763
92937 92934 1694
92946 92935 2406
92946 92935 2406
106883 106881 672
106883 106882 3495
106891 106882 597
106716 106715 241
106717 106715 2317
106717 106877 1140
106717 106879 718
115223 106879 474
106719 106877 1611
106881 106880 696
106881 106883 672
106254 106253 1030
106487 106492 1861
105755 106232 806
105759 106232 733
116039 116040 3385
116039 116055 1060
116040 116039 3385
116040 116055 3397
116064 116055 902
116063 116062 1007
116063 116103 902
116104 116103 847
116120 116119 353
116121 116119 445
106235 106237 515
106238 106237 1675
116057 106237 1487
105739 105740 445
105741 105740 355
106183 105740 139
191523 192025 3485
194456 192025 1174
192028 192027 2351
192019 194395 1553
192128 194233 1660
192128 194234 1408
193853 194234 1602
191928 191929 1484
191928 191930 214
191930 191928 214
191930 191929 1301
191583 191582 1255
191584 191582 667
191585 191582 1397
191899 192071 384
192072 192071 194
192111 192854 567
192111 192856 2521
192835 192971 6620
194219 192971 4380
192854 192111 567
192854 192864 2951
192865 192864 16357
193023 193025 874
193026 193025 687
193966 193036 764
193967 193036 417
107597 107595 2930
107597 107598 905
107597 107626 1031
109833 107595 1357
107707 107708 222
107710 107708 2780
107681 107680 3851
107717 107680 1322
107736 107680 1302
107705 107704 763
107723 107704 1248
107652 107653 2665
107679 107653 1527
107654 107641 675
107598 107597 905
107598 107600 556
107601 107600 3752
107605 107604 1454
107626 107597 1031
107626 107604 2480
107627 107604 868
107627 107608 1225
107637 107624 2170
107637 107638 1357
113639 107638 999
107584 107585 222
107650 107585 5213
107672 107667 604
107674 107695 2100
107642 107750 893
107690 107691 1322
107714 107713 1124
107715 107713 2590
107735 107713 3173
107839 107837 818
107839 107841 3049
107842 107841 1635
107838 107837 1524
107847 107846 1369
107849 107848 611
111017 111019 452
111011 111009 3459
111114 111009 1031
111114 111123 923
111123 111114 923
111123 111125 2889
111123 111142 930
111145 111144 681
111135 111134 2291
111136 111134 782
111136 111138 672
111136 111891 1959
111139 111138 1794
111131 111129 672
111131 111129 672
111212 111129 1897
111936 111935 672
111947 111935 598
111947 111959 598
111960 111959 2044
111960 111964 764
111967 111964 1935
111967 111970 868
111994 111970 2044
111994 111998 707
112096 111998 1955
112096 112103 847
112104 112103 1827
112104 112125 848
112017 112013 950
112017 112016 1279
112021 112016 2693
112029 112014 1700
112028 112015 1935
112028 112277 788
112277 112011 1955
112277 112028 788
112277 112278 847
112125 112104 848
112125 112278 1700
33612 33614 708
33615 33614 1085
33623 33622 1532
33626 33627 336
113430 113429 1575
113437 113429 1906
113437 113438 708
113438 113437 708
113438 113439 893
112346 112429 2481
112347 112429 756
112452 112453 796
112452 113444 3123
112451 112462 672
112451 112463 1919
112465 112464 511
112465 113153 445
113153 112464 252
113153 112465 445
113174 112467 1576
113174 113175 504
112460 112466 2138
112460 112468 764
112462 112451 672
112462 112466 869
112462 112467 2126
112461 112455 1454
112461 112468 1592
112461 113447 764
112453 112452 796
112453 112454 1014
112455 112454 756
112455 112461 1454
113116 113114 889
113116 113118 1454
113116 113120 1008
113121 113118 788
113121 113120 1014
113121 113122 756
112393 113120 1344
113126 113122 1344
112907 112905 2786
112920 112924 1886
112920 112936 1031
112936 112920 1031
112936 112924 1548
112936 112937 1139
112952 112953 764
112956 112953 2028
112956 112958 764
112957 112958 2358
112957 113112 764
113112 112957 764
113112 113113 2371
113114 113115 2063
113114 113116 889
112683 112937 2417
112938 112937 1268
112938 112960 2364
112983 112960 1139
112983 112992 2769
113000 112992 1139
113000 113162 2335
113163 113162 1138
113163 113171 2769
113172 113171 1124
113172 113173 1114
113106 113250 1361
113268 113269 688
113268 113308 1197
113271 113269 1032
112665 112664 665
112662 112661 905
112662 112666 893
112662 113424 1612
112661 112662 905
112661 113425 1576
113488 113489 452
113488 113498 2905
113245 113243 763
113245 113246 504
113099 113227 536
112977 112976 796
112977 112978 818
112977 113230 1386
112973 112972 354
113243 113245 763
113243 113260 732
113170 113173 2499
113170 113217 1139
113221 113217 2335
113221 113226 1124
113222 113226 982
113225 113223 517
112975 112976 796
112975 113228 1386
112976 112975 796
112976 112977 796
112976 113229 1386
105716 105714 336
113500 113496 796
113500 113499 3052
113496 113500 796
113496 113502 951
113505 113502 672
113505 113512 1701
113512 113505 1701
113512 113513 403
105299 105300 582
105306 105305 1254
105291 105292 2508
105341 104656 1093
105341 105343 2726
105349 105343 676
105346 105345 796
943
114896
114879
115042
114987
115000
92083
92091
92095
115304
115117
115110
115118
115147
115341
115360
115367
115658
106195
106813
107002
107016
107311
107009
107296
107298
107325
109550
106878
106862
92911
92934
92935
106882
106715
106879
106877
106880
106253
106492
106232
116055
116062
116103
116119
106237
105740
192025
192027
194395
194233
194234
191929
191582
192071
192856
192971
192864
193025
193036
107595
107708
107680
107704
107653
107641
107600
107604
107624
107608
107638
107585
107667
107695
107750
107691
107713
107841
107837
107846
107848
111019
111009
111125
111142
111144
111134
111891
111138
111129
111935
111959
111964
111970
111998
112103
112016
112013
112014
112015
112011
112278
33614
33622
33627
113429
113439
112429
113444
112463
112464
113175
112466
112467
112468
113447
112454
113118
113120
113122
112905
112924
112953
112958
113113
113115
112937
112960
112992
113162
113171
113250
113269
113308
112664
112666
113424
113425
113489
113498
113246
113227
112978
113230
112972
113260
113173
113217
113226
113223
113228
113229
105714
113499
113502
113513
105300
105305
105292
105343
105345
105368
105371
105319
104650
104656
105334
103480
103733
105421
105390
105395
105387
39890
39883
40076
39878
39986
39860
40061
40054
40057
40074
40064
104932
105146
105193
104990
104993
104984
105257
105259
105454
105221
105224
105127
105446
113867
105443
103577
103664
103702
103740
103743
105428
105439
105083
105430
105460
105461
105440
39996
39990
39916
39935
39970
39978
40009
39929
39992
40011
40019
40036
40039
40051
40163
41091
41264
41265
41118
41120
41121
41215
41316
41218
41217
41240
41246
41253
41255
41367
53270
53400
53405
55041
55038
55042
55048
55088
55090
55107
55286
55277
55283
55336
53771
55365
55366
55382
53408
53413
48649
53416
49234
49371
49374
49419
49414
49409
49413
49406
49407
49352
49358
49363
49379
49448
50348
49457
35716
49241
49255
49481
49631
46290
48179
49661
49681
49691
49795
53805
54772
144386
144397
144399
144384
142460
144379
142453
142454
142403
142425
142435
142449
144401
144449
144446
144447
144575
144591
144592
144597
144631
196690
196693
196703
196707
195568
196413
196426
196371
196415
140230
141485
141540
141517
151899
151883
148162
141492
141493
141496
189964
150584
143289
139860
139864
139871
140166
140171
140214
140226
140232
140233
140169
190559
190566
142395
142239
142373
142379
142437
142396
149904
151810
151834
146994
151826
141530
142257
142295
142302
142242
141823
141826
141828
141839
142254
141531
141671
141777
141782
141791
141809
141812
142240
142241
56078
56079
56059
55936
55971
55986
55983
55984
55905
56094
56199
56095
56202
56270
56274
56282
56283
56291
196665
196632
196633
196892
196899
196902
204323
204344
204350
204388
204745
204752
204754
207618
207619
207623
207628
207656
207657
207500
207504
207508
207510
207670
207737
207740
207662
207660
196858
196870
196859
196864
196868
196894
196882
196881
196819
196822
145346
145431
145433
145460
145461
145985
146001
151410
151371
151372
151416
146005
151365
151364
151373
151339
151341
139761
151342
151343
139759
203583
203998
204004
204100
204101
204112
204114
204113
204118
204322
204330
203581
203605
203612
203613
203609
203590
203689
203723
203727
203752
203755
203761
203980
204011
203996
204022
207960
207598
207597
207565
207550
207552
207556
207959
207467
207536
207563
207566
207555
207503
207516
207522
207580
207590
207604
207967
207986
207988
207993
207996
208043
208048
208134
208150
208156
208365
208375
208370
208371
208389
208391
208338
208421
210585
210584
210683
208345
208440
208445
210685
210686
210599
210657
178672
178687
178734
178740
177534
180273
163674
163707
163708
163717
184950
185073
185070
185067
185129
185134
163692
166356
166595
166340
166364
166339
166346
160138
166853
166889
166839
166848
185061
163688
180766
180795
180512
180790
180799
180529
180558
180542
180575
182395
182451
182513
182516
182418
182448
181971
181974
182006
182247
182521
182527
182519
182490
182525
172471
173740
173746
182622
182561
185176
152201
152239
152208
152178
152209
152187
176358
176304
176370
176372
176364
176371
176359
152224
152226
185099
185098
185114
185122
185125
173967
174790
173649
173810
173897
173777
174518
174545
174643
174677
174740
174670
174663
174665
174732
174730
175201
175216
186025
174706
175292
175281
175290
175279
174287
174288
175288
175294
175280
175304
174744
175236
175239
175238
175243
175209
175391
175397
175237
175403
175227
175433
175441
175703
175709
175744
175742
175738
175645
174985
175512
185793
175511
175542
175624
175629
175677
175683
175637
175646
175689
174441
174448
174467
174526
174456
174465
174541
176356
174442
174464
176382
210846
210857
210974
210910
210912
211040
211044
211094
211099
211765
211775
211048
211073
211077
211091
211788
211806
211808
163508
163526
163531
163545
163619
163740
163499
163745
163744
163768
163678
163713
163677
163684
163803
163685
163804
162972
163453
163464
163023
163454
162769
162976
162953
162771
164014
164285
164102
164092
164047
164173
164031
164076
164206
164279
164191
164202
164196
164276
164101
164110
164112
164153
164122
164127
164124
164130
212372
212375
212378
212388
212389
212396
164137
164146
164149
211816
211820
211821
211825
211966
211968
212137
212143
212147
212312
212313
212161
212329
212330
178714
114610
115389
114635
114591
114455
114463
114462
114481
114581
115199
115202
115218
115038
115145
115140
115214
114873
114869
114895
114874
114880
114988
115063
92081
92092
92125
115126
115123
115108
115323
115351
115657
115659
106812
107001
107017
107172
107310
107312
107004
107300
106869
92917
92923
92936
92937
92946
106883
106717
106719
106881
106487
105755
105759
116039
116040
116063
116104
116120
116121
106235
105739
105741
191523
192019
192128
193853
191928
191930
191584
191585
191899
192111
192835
194219
192854
193023
193026
193966
107597
109833
107707
107710
107681
107717
107736
107705
107723
107652
107679
107654
107598
107626
107627
113639
107584
107674
107642
107690
107714
107715
107735
107839
107849
111017
111011
111136
111131
111936
111947
111960
111967
111994
112096
112104
112017
112021
112028
112277
112125
33612
33626
113430
113437
112346
112347
112452
112451
112465
113153
112460
112462
112461
112455
113116
113121
112393
112907
112920
112936
112952
112956
112957
113112
113114
112683
112938
112983
113000
113163
113172
113106
113268
112662
112661
113488
113099
112973
113243
113170
113221
113222
113225
112975
105716
113500
113496
113505
113512
105299
105306
105291
105341
105346
