546
113583 113584 3661
113583 113585 869
104299 104140 927
104136 104135 1120
104136 104137 1756
104145 104147 1295
104119 104148 661
104122 104120 2909
104122 105736 1008
112881 105736 275
112882 112880 562
112753 112736 452
104311 104142 713
104311 104312 975
104311 104313 1475
104350 104141 1208
104312 104167 1408
104312 104311 975
104312 104342 927
104361 104342 1676
104361 104352 836
104364 104352 1810
104364 104363 806
104363 104364 806
104363 104366 672
50476 39209 243
39224 39204 474
39224 39206 1715
39521 39507 765
39521 39519 452
39511 39509 841
39511 39513 435
39541 39512 1116
39541 39548 581
39548 39541 581
39548 39543 1085
39553 39544 238
39553 39546 1160
39556 39546 1234
39520 39518 1891
39520 39519 708
39522 39189 667
39522 39518 1115
39522 39523 336
39203 39200 511
39203 39202 1482
39203 39204 202
104735 104238 1426
104735 104733 1254
104735 104734 1906
104739 104779 1265
104283 104282 276
104283 104795 511
104285 104286 762
104285 104287 1234
39158 50249 504
39191 39179 1182
39181 39169 2609
39181 39180 893
39200 39201 1304
39200 39203 511
104843 104807 1554
104843 104845 1336
104843 104852 765
104850 104849 672
104850 104851 765
104852 104843 765
104852 104851 1447
104377 104376 1897
104377 109373 2020
104379 104380 778
104379 104849 757
104810 104808 672
104897 104898 975
104899 104900 336
104919 104910 403
104919 104923 418
104922 104856 809
104922 104997 750
104487 104605 1638
104994 104606 536
104994 104924 1585
104924 104602 806
104924 104860 2390
104924 104994 1585
104997 104860 809
104997 104922 750
39545 39542 884
39339 39512 3906
39285 39279 1602
39285 39323 836
39285 39325 373
39328 39331 252
39328 39333 610
39365 39360 2506
39365 39362 939
39365 39396 418
39387 39410 103
39362 39361 2754
39362 39365 939
39362 39367 697
39417 39398 1903
39417 39418 667
39421 39408 2041
39421 39423 677
39432 39426 1115
39430 39431 549
39486 39493 344
40442 40450 1438
40463 40452 2645
40467 40469 556
40467 40470 849
40494 40470 111
40494 40493 841
40603 40602 738
40603 40606 2104
40453 40448 870
40453 40452 905
40473 40471 1447
40473 40474 337
40476 40278 878
40476 40477 788
40562 40563 435
40562 40597 556
40562 40599 878
40564 40599 1188
40564 40602 751
40475 40311 1008
40475 40477 336
40475 40544 673
40374 40293 581
40384 40373 178
50259 40566 958
50407 40437 405
50407 40569 1363
50409 50408 2012
40823 40589 485
40823 40822 2171
40824 40822 354
40824 40826 1221
40827 40825 419
40834 40841 2273
40846 40841 846
40846 40845 1788
40848 40845 771
40848 40850 1887
40856 40850 714
40856 40904 3833
40907 40904 806
40907 40906 801
40909 40906 1335
40577 40575 550
40577 40578 1188
40577 40583 1594
40586 40571 680
40586 40589 2380
40812 40910 2068
40910 40812 2068
40910 40906 2579
55230 55192 1560
48345 48339 677
48366 48357 713
48357 48366 713
48339 48345 677
48885 48846 900
48886 48903 1696
48903 48886 1696
48845 48842 1629
48846 48885 900
48865 48864 713
48864 48865 713
48842 48845 1629
131483 131478 1055
131478 131483 1055
131509 131508 747
131507 131508 713
131508 131507 713
131508 131509 747
54445 54514 2291
54514 54445 2291
54514 54520 2353
54557 54562 3666
54562 54557 3666
54590 54593 404
54590 54595 1903
54593 54590 404
54520 54514 2353
54595 54590 1903
55192 55230 1560
144497 144493 2336
144497 144508 2512
144508 144497 2512
144508 144545 2775
144545 144508 2775
150503 150617 1683
150499 150498 508
150498 150499 508
150617 150503 1683
150617 150622 1695
150622 150617 1695
150655 150648 1367
150648 150655 1367
140273 140365 845
140365 140273 845
140189 140368 1981
140368 140189 1981
141865 141867 2383
144493 144497 2336
141867 141865 2383
142096 142105 825
142105 142096 825
142105 142103 890
142102 142103 856
142103 142102 856
142103 142105 890
142074 142587 1866
142587 142074 1866
142548 142549 319
142549 142548 319
144501 142551 798
142551 144501 798
204847 204855 797
204855 204847 797
204855 204856 756
204856 204855 756
144557 144558 904
144558 144557 904
144712 144717 759
144564 144713 681
144713 144564 681
144717 144712 759
145108 145110 1341
145110 145108 1341
145110 145125 1168
145125 145110 1168
145554 145599 830
145599 145554 830
145605 145619 738
145619 145605 738
145619 145620 756
145620 145619 756
145795 145797 753
145801 145791 865
145791 145801 865
145797 145795 753
151478 151479 751
151479 151478 751
207894 207895 1367
207895 207894 1367
205175 208692 1089
208692 205175 1089
208746 208745 237
208745 208746 237
211176 211331 1477
211331 211176 1477
180461 180459 1254
180459 180461 1254
167109 167214 789
167214 167109 789
166765 166785 1179
166785 166765 1179
166785 166786 933
166786 166785 933
166786 167010 1095
167010 166786 1095
167030 167021 556
167021 167030 556
180377 180376 827
180376 180377 827
179674 179673 2578
179677 179679 2967
179673 179674 2578
179679 179677 2967
182111 182104 445
182095 182104 445
182104 182095 445
182104 182111 445
182179 182197 1496
182197 182179 1496
152951 152980 376
152980 152951 376
152369 152370 427
152370 152369 427
155536 155547 948
155547 155536 948
155595 155598 738
155598 155595 738
177124 177123 1454
177123 177124 1454
177059 177218 765
177215 177214 765
177218 177059 765
176208 176210 1034
176210 176208 1034
177214 177215 765
176814 176819 354
176819 176814 354
165267 165266 1774
165266 165267 1774
167317 167313 683
167313 167317 683
164800 164801 818
164801 164800 818
164801 164809 1531
164809 164801 1531
164821 164822 1426
164822 164821 1426
164756 164748 713
164748 164756 713
211386 211393 511
211393 211386 511
211408 211401 833
211401 211408 833
211506 211513 670
211513 211506 670
211513 211514 751
211514 211513 751
212208 212209 683
212209 212208 683
212244 212255 848
212267 212273 1259
212273 212267 1259
212453 212447 781
212536 212535 342
212535 212536 342
212255 212244 848
212447 212453 781
114320 114321 695
114321 114320 695
92008 92010 251
92010 92008 251
102206 94414 3108
94414 102206 3108
92407 92408 1583
92408 92407 1583
115841 115832 884
115832 115841 884
191681 191658 3314
191658 191681 3314
192738 192769 86
192769 192738 86
114072 114108 946
114108 114072 946
109900 109925 1025
109925 109900 1025
109925 109923 847
109923 109925 847
105187 111021 893
111022 111021 662
111021 105187 893
111021 111022 662
111027 111033 611
111033 111027 611
111316 111329 750
111329 111316 750
111257 111331 1008
111331 111257 1008
103349 103348 704
103348 103349 704
103348 111356 948
111356 103348 948
111524 111522 222
111522 111524 222
113584 113583 3661
113585 113583 869
104140 104141 344
104140 104299 927
104135 104136 1120
104137 104136 1756
104147 104145 1295
104148 104119 661
104120 104122 2909
105736 104122 1008
105736 112881 275
112880 112882 562
112736 112753 452
104142 104141 238
104142 104311 713
104313 104167 927
104313 104311 1475
104141 104140 344
104141 104142 238
104141 104350 1208
104167 104312 1408
104167 104313 927
104342 104312 927
104342 104361 1676
104352 104361 836
104352 104364 1810
104366 104363 672
39209 39206 887
39209 50476 243
39204 39203 202
39204 39224 474
39206 39209 887
39206 39224 1715
39507 39521 765
39519 39520 708
39519 39521 452
39509 39511 841
39509 39512 3010
39513 39511 435
39512 39339 3906
39512 39509 3010
39512 39541 1116
39543 39542 1140
39543 39544 435
39543 39548 1085
39544 39543 435
39544 39553 238
39546 39542 279
39546 39553 1160
39546 39556 1234
39518 39520 1891
39518 39522 1115
39189 39522 667
39523 39522 336
39202 39201 924
39202 39203 1482
104238 104735 1426
104733 104735 1254
104734 104735 1906
104779 104739 1265
104282 104283 276
104795 104283 511
104286 104285 762
104287 104285 1234
50249 39158 504
39179 39180 1114
39179 39191 1182
39169 39181 2609
39180 39179 1114
39180 39181 893
39201 39200 1304
39201 39202 924
104807 104808 536
104807 104843 1554
104845 104843 1336
104845 104851 925
104849 104379 757
104849 104850 672
104851 104845 925
104851 104850 765
104851 104852 1447
104376 104377 1897
109373 104377 2020
104380 104379 778
104808 104807 536
104808 104810 672
104898 104897 975
104900 104899 336
104900 104910 737
104910 104900 737
104910 104919 403
104923 104919 418
104856 104860 750
104856 104922 809
104605 104487 1638
104605 104606 836
104606 104605 836
104606 104994 536
104602 104924 806
104860 104856 750
104860 104924 2390
104860 104997 809
39542 39543 1140
39542 39545 884
39542 39546 279
39279 39285 1602
39323 39285 836
39325 39285 373
39325 39333 2186
39331 39328 252
39333 39325 2186
39333 39328 610
39360 39365 2506
39396 39365 418
39410 39387 103
39361 39362 2754
39367 39362 697
39398 39417 1903
39418 39417 667
39408 39421 2041
39408 39426 738
39423 39421 677
39426 39408 738
39426 39432 1115
39431 39430 549
39493 39486 344
40450 40442 1438
40452 40453 905
40452 40463 2645
40469 40467 556
40470 40467 849
40470 40494 111
40493 40494 841
40602 40564 751
40602 40603 738
40606 40603 2104
40448 40453 870
40448 40471 2138
40471 40448 2138
40471 40473 1447
40474 40473 337
40278 40476 878
40477 40475 336
40477 40476 788
40563 40562 435
40597 40562 556
40599 40562 878
40599 40564 1188
40311 40475 1008
40544 40475 673
40293 40374 581
40373 40384 178
40566 40437 3411
40566 50259 958
40437 40566 3411
40437 50407 405
40569 50407 1363
50408 50409 2012
40589 40586 2380
40589 40823 485
40822 40823 2171
40822 40824 354
40826 40824 1221
40826 40825 1124
40825 40826 1124
40825 40827 419
40841 40834 2273
40841 40846 846
40845 40846 1788
40845 40848 771
40850 40848 1887
40850 40856 714
40904 40856 3833
40904 40907 806
40906 40907 801
40906 40909 1335
40906 40910 2579
40575 40577 550
40578 40571 1602
40578 40577 1188
40583 40577 1594
40571 40578 1602
40571 40586 680
971
113583
104299
104136
104145
104119
104122
112881
112882
112753
104311
104350
104312
104361
104364
104363
50476
39224
39521
39511
39541
39548
39553
39556
39520
39522
39203
104735
104739
104283
104285
39158
39191
39181
39200
104843
104850
104852
104377
104379
104810
104897
104899
104919
104922
104487
104994
104924
104997
39545
39339
39285
39328
39365
39387
39362
39417
39421
39432
39430
39486
40442
40463
40467
40494
40603
40453
40473
40476
40562
40564
40475
40374
40384
50259
50407
50409
40823
40824
40827
40834
40846
40848
40856
40907
40909
40577
40586
40812
40816
40910
55230
55239
55241
55243
55422
55429
41625
40817
50384
48383
48409
48531
48550
48556
48345
48366
48357
48371
48373
41631
48339
48580
48698
48699
48702
48704
50272
48731
48884
48885
48585
48587
48886
48903
48845
48846
48840
48865
48864
48873
48878
48954
48955
48842
48239
48983
48993
48992
49009
49011
49032
48313
131366
131372
48312
48388
131367
131370
131385
131479
131483
131478
131509
131507
131652
131508
131655
131746
131777
131778
131833
131834
131842
131828
54364
54411
54417
54416
54427
54445
54514
54368
54552
54557
54562
54584
54590
54593
52743
52744
53778
54520
54527
54728
54595
53864
53913
53914
53950
53772
56773
53935
55153
55154
55192
144497
144508
144543
144684
144545
144682
150503
150499
150498
150617
150622
150655
150648
140291
150730
150646
140272
140273
140365
140189
140368
140433
140440
140446
141865
142536
142546
144493
141867
141879
141915
141937
141896
141933
141939
141954
151749
142111
142114
142132
142096
142105
142088
142102
142103
150721
142064
142065
142070
142074
142587
142591
142615
142624
142722
142736
142740
142548
142549
144501
142551
142775
142771
142772
142777
144783
56362
56363
204526
204701
204533
204709
196123
204771
204730
204735
204796
204801
204847
204857
204855
204856
204866
144694
144685
144705
144557
144558
144711
144712
144564
144713
144717
145037
145041
145042
145043
145049
145054
145108
145110
145125
145494
145498
145529
145543
145544
145554
145599
145602
145605
145619
145620
145795
145796
145801
145791
145792
145881
145693
145882
145797
145845
145849
145859
145873
145877
146083
146089
146100
151478
151479
151485
149091
151804
150368
151571
146115
151570
204463
204442
207894
207895
208648
208644
213041
214820
208689
208690
208696
208682
208683
208685
205175
205283
208678
208691
208692
208677
208712
208720
208734
208735
208738
208739
211114
211116
208746
208745
211166
211176
211331
211338
185565
180417
180461
180430
180459
180450
166539
166561
166582
166584
166569
166586
166565
167548
167347
167348
166743
166745
166728
162530
167238
152547
162531
162534
167109
167110
167124
167219
167241
167214
166752
166767
166780
166789
166741
166765
166785
166786
167010
167026
167030
167021
167022
167051
167063
167094
152418
152434
162535
152415
152426
152445
180128
180377
180376
180361
180373
179674
179677
179673
179679
180164
180167
182322
173561
185272
182331
182338
182074
182108
182113
182111
182095
182096
182097
182104
182179
182197
182272
182277
182287
182307
152336
152953
152957
152951
152993
153001
152937
152980
152322
152692
152714
152726
152733
152369
152371
152359
152357
152364
152370
152384
152449
152475
152485
153108
153135
155727
155703
155784
155776
155788
155969
155787
155751
153365
153137
153143
153205
153211
173536
175128
173599
173596
173576
173579
173533
173547
173552
173683
173684
173161
173209
173170
173197
185448
173875
185441
185706
152919
153046
153049
153090
153041
153056
155520
155535
155481
155536
155547
176121
176147
176474
156244
176501
176176
176190
176525
176531
176141
176149
176152
176154
155657
155648
155650
155681
156296
156290
156321
156302
156325
156063
156297
156306
155641
155683
155622
155645
155539
155594
155595
155598
155605
155626
176110
177124
177120
177123
177107
177049
177048
177059
177215
177218
177015
177126
177128
177052
177185
177202
177193
177205
177209
176220
176108
176128
176213
176208
176214
176210
176959
177198
176967
177214
177224
175015
176867
175017
176863
174949
175001
175009
174894
174972
176767
176814
176819
165095
165349
165233
165273
165267
165266
165271
165274
165436
165441
167293
167304
167318
167324
167326
166558
167317
167313
167314
165111
165115
165097
165141
165137
165107
165117
165151
165147
164800
164801
164805
164848
164838
165152
157784
165334
165163
165352
165198
165380
165144
164809
164817
164821
164782
164822
164756
164667
164759
164748
211385
211386
211393
211408
211401
195337
211506
211187
211188
211213
211380
211382
211483
211513
211514
211529
211541
211544
211562
211563
211568
211571
211573
212185
212206
212208
212209
212244
212267
212273
211362
211394
212453
212472
212519
161432
160145
164660
161429
172431
212534
212536
212535
212255
212256
212263
212447
114378
114320
114331
114333
114312
114321
113852
114222
114220
114215
114424
113971
114192
114190
114025
119120
119197
119296
118561
118566
119148
119385
119381
114941
115009
114855
115020
92007
92008
92010
92014
92020
92029
92056
92064
92057
92061
92073
102206
94412
94414
92259
92281
92264
92267
92282
94462
115804
115816
115818
92398
92404
92407
92408
92317
92325
105804
107032
107064
107090
93206
107057
107059
107088
107105
107212
107126
107121
107420
107454
107435
107421
107500
107517
109495
92897
92972
93038
93039
93046
92953
92789
92806
92792
116009
115789
115838
115841
115832
191787
191018
190891
190892
191681
191658
192133
191717
191728
191747
192746
191892
194144
191569
191916
191842
191918
191937
191770
193842
192738
194016
192769
192757
194023
194063
190966
192707
192724
194250
192807
114072
114091
114108
114406
114368
114719
114729
109465
109480
113898
109418
109517
109793
109824
113958
109812
109895
109900
109925
109908
109923
111024
111030
110146
105187
111022
109911
109890
109891
111004
111021
111027
111033
110979
111071
111082
111073
111075
111077
111316
111329
111257
111331
111283
111291
103349
111292
111359
111501
111497
103348
111356
111524
111522
111528
111513
111633
111632
111631
111688
111643
111628
111619
111630
111437
111439
111447
111648
110834
111664
104135
104137
104147
104148
104120
105736
112880
112736
104142
104313
104167
104342
104352
104366
39209
39206
39507
39519
39509
39512
39546
39518
39189
39202
104238
104733
104734
104779
104282
104287
39179
39169
39180
39201
104807
104845
104849
104376
104380
104808
104898
104900
104910
104856
104605
104606
104602
104860
39279
39323
39325
39331
39333
39360
39410
39361
39367
39398
39408
39423
39426
39431
39493
40450
40452
40470
40602
40448
40471
40278
40477
40599
40311
40293
40373
40566
40437
40569
50408
40589
40822
40841
40845
40850
40904
40906
40575
40571
