1402
219608 219607 1556
219608 220784 951
220628 220629 1447
220628 220785 697
220791 218185 830
220791 220807 1910
218035 218036 363
218035 218036 363
224320 220848 611
224320 224322 1632
218230 218229 562
218230 218238 681
224319 218229 157
224319 224398 949
220838 220845 750
220848 220842 747
220848 224320 611
224318 220846 1085
224318 224523 756
220844 220805 2445
220844 220846 928
220844 220859 422
220851 220808 2405
220851 220852 775
220851 220859 262
220860 220852 2273
220860 220861 745
221131 220861 4373
221131 221132 805
219131 219127 882
219131 219192 887
219132 224411 202
221134 219192 2505
221134 221136 720
218169 218168 879
220308 224563 724
220324 219078 2565
220324 220295 799
220324 220598 2718
220573 220574 2431
220573 220598 769
220321 220593 823
220321 224565 995
224556 215994 48
215993 215994 1287
215993 220594 645
224500 224499 801
219078 219077 341
219078 220253 3340
219078 220324 2565
220252 220253 903
224009 220910 862
224009 224008 1111
224820 224008 768
224820 224819 328
220326 220325 1406
220326 224810 1876
220348 220347 1195
220348 223933 1271
223933 220348 1271
223933 223938 362
220350 220349 5429
224251 218406 1099
224251 224264 1782
224251 224265 2633
218147 218148 256
218147 220256 441
220275 220274 877
220275 220276 1396
220275 220277 1750
220270 220246 4763
220226 220029 219
220226 220228 1465
220229 220230 2736
220229 220232 503
220229 224580 894
215268 215398 1389
215268 219639 496
219353 219560 241
219353 219639 585
220399 220400 413
220399 220730 1024
220909 220910 1167
220909 224008 842
220225 220029 916
220225 220232 4650
218177 218176 596
216422 224575 387
220592 220591 787
224557 218190 1043
224557 220594 2141
219284 219306 1122
219284 219307 858
219311 219307 1736
219311 219344 844
219345 219344 740
219340 217997 2234
219340 219362 784
219340 219366 2296
219341 219342 665
219341 219342 665
219343 219342 821
219343 219669 822
219343 219671 605
219667 219670 955
219661 219660 755
219362 219340 784
219362 219363 2581
219360 219349 848
219216 219195 1715
219216 219197 1187
219211 221130 2911
219211 221138 482
219211 221175 310
219221 219219 1616
219221 221199 2558
221175 219211 310
221175 221181 1080
221175 221182 824
221178 221138 2069
221178 221177 476
219222 219223 1225
219222 219300 930
219294 219297 1556
219294 219299 792
219295 219297 945
219295 219309 1939
219220 219219 82
219220 219223 2239
216398 216399 568
216398 216400 1100
224175 216383 234
216379 216378 1443
216379 216387 1040
216379 216392 2364
216390 216004 2016
216390 216391 1128
216381 224526 43
215451 215452 529
215461 215595 1046
215461 215603 1571
215606 215512 1308
215606 215607 726
215610 215607 1652
215640 215639 750
215640 215646 1299
215652 215656 950
215652 215781 4275
215608 215550 1325
215608 215607 718
215608 215619 734
215621 215619 1595
215621 215624 742
215626 215624 1581
215881 215888 789
215881 215891 890
215776 215780 1628
215777 215778 1326
215800 215801 1161
215800 224164 1191
215893 215894 494
215893 215936 654
215893 215951 3084
224164 215800 1191
224164 215801 195
224164 215936 1732
215630 215637 1631
215511 215512 2431
215511 215541 727
222364 222365 1175
222414 222406 685
222415 222427 953
222415 222428 1035
222360 222361 323
222360 222367 1211
222367 222360 1211
222367 222371 576
222368 222369 96
222368 222405 1048
222368 222406 1616
216088 216008 927
216088 216108 1405
222425 222426 1647
222342 218471 1712
222342 222343 955
219647 224029 1930
219841 219843 559
219841 219844 1502
219872 219844 663
219872 219875 1534
219848 219843 844
219848 224509 887
219861 219862 792
219861 219867 1538
219866 219865 815
219866 219867 830
219866 222345 1259
219865 219859 165
219865 219866 815
223449 223453 681
215477 215479 1345
215484 215486 677
223469 215480 1796
223469 223732 805
223470 223468 405
223470 223471 794
223463 223462 725
223463 223464 703
223468 218841 804
223468 223470 405
223420 223450 926
223420 223452 1609
223420 223487 830
223421 223486 912
223421 223487 2723
223450 223420 926
223450 223451 1493
224133 215500 1472
224133 219533 606
223351 223355 767
223351 223358 1814
223354 223358 402
223354 223365 1697
223363 223364 568
223375 223364 1950
223375 223376 3448
223375 224472 137
223361 223367 377
223370 223367 824
223370 223373 809
223475 223476 692
223373 223370 809
223373 223372 734
223473 223474 2070
223473 223477 768
149785 149784 346
149841 148041 260
149841 149842 2493
148040 148041 244
148040 151796 379
149838 149839 1725
149838 149845 455
150435 150437 1098
147122 147116 881
147122 147125 1825
147152 147128 1398
151954 147155 1866
151954 151955 3262
147155 147196 1482
147155 151954 1866
147156 151957 3849
147179 147162 861
147179 147202 457
147162 147179 861
147162 147199 270
147020 147019 2347
147020 147021 804
150473 147019 1052
150473 150472 2394
147081 147021 2400
147081 147082 817
150452 150446 2353
150452 150465 813
150467 150465 2394
147085 147082 2359
147085 147096 241
147096 147085 241
147096 147087 499
147118 147117 1535
147118 147119 822
147119 147115 1382
147119 147118 822
147119 147120 731
150464 150462 2278
150464 150465 764
150461 150450 348
150461 150462 927
150450 150440 793
150450 150461 348
147205 147203 1741
147205 147209 1144
142989 151849 167
148000 147999 1022
148000 148002 2538
148005 148002 867
148005 148120 2356
148125 148120 931
148125 148128 1869
148132 148128 388
148132 148131 842
212853 212854 1517
212852 212789 677
212852 212862 2291
212865 212862 790
212860 212789 2289
212860 212861 557
212860 212862 659
212911 212913 348
212911 212916 1619
212919 212917 765
212923 212917 1348
212923 212928 845
212929 212928 2222
212929 212931 756
212931 197453 899
212931 212929 756
212931 212933 674
212956 212933 2216
212956 212960 1433
212956 212982 2103
212971 212992 514
212971 212993 709
212986 212987 98
212970 212992 606
194602 194601 2791
194602 194958 733
194602 212992 494
198649 198647 193
198649 198648 766
198649 198651 772
198650 198648 533
198671 198651 589
171425 171424 675
171425 171578 1357
171579 171576 2578
171579 171576 2578
171527 162365 2068
159272 159271 2445
159272 159278 673
159274 159270 953
162367 162366 1680
162367 171642 633
162366 162365 3261
162366 162367 1680
159178 159179 1181
159178 159266 889
159178 159267 710
159264 159266 1018
159264 159275 889
159275 159167 1036
159275 159264 889
159318 159319 764
159318 159451 905
159451 159318 905
159451 159334 436
159333 159323 1124
159333 159334 778
159454 159452 581
159457 159452 1146
159457 159462 848
159461 159462 2761
159461 159467 650
159461 159479 2799
159479 159461 2799
159479 159480 747
159487 159482 1460
159499 159500 835
159625 159626 678
159625 159633 1000
159686 159621 436
159778 159779 7037
159778 159790 3624
213392 213382 2003
213394 213391 704
213394 214577 157
213395 213383 2801
214575 214660 1457
213419 213420 1539
213026 213030 433
213026 213037 1593
213029 212979 1994
213029 213030 277
213029 213033 680
213017 213013 773
213017 213016 1565
213018 213016 943
213018 213383 955
213020 213013 2131
213020 213033 255
171373 171376 3403
171375 171374 893
171375 171376 778
171375 171391 2954
171370 171389 889
171374 171375 893
171374 171389 2960
170952 170953 889
170952 171377 4073
171390 171389 1018
171390 171393 1675
171390 171404 767
171418 171413 253
170893 170885 2184
170893 170894 355
170893 171040 1696
170896 170895 436
170896 170917 1262
170917 170896 1262
170917 170918 344
171035 170851 713
170947 170958 672
97873 97872 556
97873 97874 2020
97873 97876 3250
97864 97893 511
97864 97902 3308
97866 97865 125
97866 97894 741
95260 95257 697
95261 95243 676
95244 95242 2114
95244 95245 1718
95287 95245 3093
95287 95299 252
95384 95387 403
95398 95393 1827
95398 95399 452
95385 95386 336
95385 95390 1301
95389 95390 238
95435 95390 983
95435 95436 475
95436 95435 475
95436 95439 494
95368 95372 697
95367 95365 1007
95367 95370 418
95369 95371 168
95369 95372 983
95369 95373 747
95364 95365 373
95396 95365 672
95396 95397 641
97910 97876 233
97922 97957 1197
97926 97956 2356
97923 97913 1437
95713 95714 788
49943 49845 806
49943 49945 2430
49944 49945 1884
49949 49954 1437
49949 49959 1428
41985 41986 629
41987 41944 3247
41987 41988 2004
49844 49843 1553
49844 49845 975
49843 49844 1553
49843 49847 865
49854 49853 1548
49854 49857 764
49857 49854 764
49857 49861 598
98863 98862 2742
98885 98882 1142
98886 98887 1107
98864 98862 2706
98875 98873 1642
98888 98887 6299
98839 98835 3326
98839 98840 551
98845 98840 1504
98845 98843 672
98835 93371 1530
98835 98836 681
98835 98839 3326
98968 102029 719
100164 100163 948
100171 100173 4168
98618 98672 1115
98618 98675 2126
98618 98697 1032
98662 98808 818
98662 98809 756
98715 98713 756
98715 98718 2111
98715 98787 840
98701 98698 764
98701 98703 1891
98710 98703 599
98710 98708 1897
98710 98712 848
98711 98712 1891
98711 98713 681
97728 97729 1951
97731 97729 681
97731 97885 1014
97885 97731 1014
97885 98024 1560
97817 97818 504
97888 97887 709
98028 98027 848
98028 98030 402
98033 97850 1027
98033 98030 2413
97904 97905 830
98353 98354 688
98353 98355 452
98353 98356 737
98354 98353 688
98354 98356 475
97341 97342 1772
97341 97350 1620
98067 97973 3211
98067 98070 1222
98091 98082 1714
98091 98092 796
98342 98343 672
98349 98343 893
98355 98353 452
98355 98360 1004
98398 98399 1031
98398 98663 1008
98400 98393 681
98400 98401 473
98605 98672 629
98671 98673 1032
98671 98674 1532
49867 49863 1280
49867 49868 2270
49872 49866 1408
49872 49868 2170
49875 49865 1483
49875 49953 1576
49957 49956 268
49961 49955 610
43482 42445 2926
43482 43490 1817
43486 43487 3458
43484 43485 5729
43484 43508 4285
41991 41988 1884
41991 42001 2087
42354 42357 2170
42354 42362 869
42430 42364 4479
42430 42373 2068
42437 42431 1338
42437 42436 3449
42437 42445 4153
42441 42444 1254
42441 42445 2305
42083 42068 2087
42069 42066 605
42069 42068 1577
43621 43619 610
43621 43622 2778
43624 43622 983
43624 43638 2217
43634 43638 1220
43683 43665 3597
43683 43681 789
43683 43691 1120
43686 43685 1357
43686 43687 872
43687 43686 872
43687 43688 2271
43700 43971 649
43872 43869 1152
43872 43869 1152
43860 43855 276
43860 43861 751
43808 43807 1079
43823 41954 589
43838 43839 2272
43838 43840 1152
43840 43838 1152
43840 43841 2068
43865 43868 3011
43866 43868 2876
42662 42572 8974
42675 42679 1061
42675 44244 1337
43256 43251 3368
43256 43252 2791
43256 43257 2369
44217 44213 709
44217 44228 403
36952 37038 371
36952 42207 790
44203 44205 474
44207 44212 2365
44215 44213 2947
43427 43425 4508
43427 43439 1029
43459 43460 1258
43459 43461 905
43475 43476 610
43475 45228 5884
43705 43659 818
43705 43703 1022
43743 43690 747
43707 43703 333
43707 43704 475
43598 43596 1152
43598 43704 2598
43586 43584 1152
43586 43593 1631
43586 43595 2555
43601 43578 3558
43601 43600 403
43611 43612 2421
43611 43613 612
43738 43735 1672
43738 43817 4837
43738 43819 5989
43814 43813 1636
44510 44495 2440
45565 45460 3387
45565 45475 4640
45573 45581 253
45573 45593 1064
45593 45573 1064
45593 45582 1067
45596 45597 2958
45596 45617 2643
45606 45607 2013
45606 45610 848
45606 45617 933
45628 45597 279
45628 45630 1816
45626 45623 2460
45626 45625 1816
45636 45620 790
45636 45630 1345
44506 44495 5071
44506 44505 1387
125942 125928 1355
125942 125940 1545
125969 125939 752
125938 125937 807
125940 125941 985
125940 125942 1545
125962 125643 3250
125962 125965 437
125966 125967 552
125985 125986 3578
126101 126099 1307
45410 45406 1484
45411 45730 789
45406 45410 1484
45730 45411 789
45400 45396 905
45428 45430 1200
45396 45400 905
45430 45428 1200
45343 45318 893
45318 45343 893
126297 126300 2082
126300 126297 2082
126406 126400 1255
126400 126406 1255
126404 126409 1781
126409 126404 1781
120818 120822 778
120822 120818 778
121047 121048 474
121048 121047 474
120916 121492 333
121492 120916 333
68754 69133 1212
69133 68754 1212
69645 69646 2405
69646 69645 2405
69551 69547 602
69547 69551 602
71842 71838 905
71838 71842 905
72357 72355 1453
72355 72357 1453
70638 70641 818
70641 70638 818
69622 69624 818
69653 69629 1502
69624 69622 818
69629 69653 1502
219195 219216 1715
220783 220794 672
220794 220783 672
219607 219608 1556
220784 219608 951
220784 220785 411
220629 220628 1447
220785 220628 697
220785 220784 411
218185 218036 590
218185 220791 830
218185 224322 964
220807 220791 1910
220807 220805 2227
218036 218035 363
218036 218035 363
218036 218185 590
224322 218185 964
224322 224320 1632
218229 218230 562
218229 224319 157
218238 218230 681
224398 224319 949
220845 220838 750
220845 220842 2642
220845 220846 856
220842 220845 2642
220842 220848 747
220846 220844 928
220846 220845 856
220846 224318 1085
224523 224318 756
220805 220807 2227
220805 220808 832
220805 220844 2445
220859 220844 422
220859 220851 262
220808 220805 832
220808 220851 2405
220852 220851 775
220852 220860 2273
220861 220860 745
220861 221131 4373
221132 221131 805
219127 219131 882
219192 219131 887
219192 221134 2505
224411 219132 202
221136 221134 720
221136 221138 822
218168 218169 879
224563 220308 724
220295 220324 799
220598 220324 2718
220598 220573 769
220574 220573 2431
220593 220321 823
224565 220321 995
215994 215993 1287
215994 224556 48
220594 215993 645
220594 224499 724
220594 224557 2141
224499 218176 335
224499 220594 724
224499 224500 801
219077 219078 341
220253 219078 3340
220253 220252 903
220910 220909 1167
220910 224009 862
224008 220909 842
224008 224009 1111
224008 224820 768
224819 224820 328
220325 220326 1406
224810 220326 1876
224810 220730 591
220347 220348 1195
223938 223933 362
220349 220350 5429
218406 224251 1099
224264 224251 1782
224265 220277 1570
224265 224251 2633
218148 218147 256
220256 218147 441
220274 220275 877
220276 220275 1396
220277 220275 1750
220277 224265 1570
220246 220270 4763
220029 220225 916
220029 220226 219
220228 220226 1465
220230 220229 2736
220232 220225 4650
220232 220229 503
224580 220229 894
215398 215268 1389
215398 220400 328
219639 215268 496
219639 219353 585
219560 219353 241
220400 215398 328
220400 220399 413
220730 220399 1024
220730 224810 591
218176 218177 596
218176 220591 1067
218176 224499 335
224575 216422 387
220591 218176 1067
220591 220592 787
218190 224557 1043
219306 219284 1122
219307 219284 858
219307 219309 847
219307 219311 1736
219344 219309 1718
219344 219311 844
219344 219345 740
217997 219340 2234
219366 219340 2296
219366 219363 794
219342 219341 665
219342 219341 665
219342 219343 821
219669 219343 822
219671 219343 605
219671 219670 1315
219670 219667 955
219670 219671 1315
219660 219661 755
219363 219362 2581
219363 219366 794
219349 219360 848
219197 219216 1187
221130 219211 2911
221130 221181 1808
221138 219211 482
221138 221136 822
221138 221178 2069
219219 219220 82
219219 219221 1616
221199 219221 2558
221181 221130 1808
221181 221175 1080
221182 221175 824
221177 221178 476
219223 219220 2239
219223 219222 1225
219300 219222 930
219297 219294 1556
219297 219295 945
219299 219294 792
219309 219295 1939
219309 219307 847
219309 219344 1718
216399 216398 568
216400 216398 1100
216383 224175 234
216378 216379 1443
216387 216379 1040
216392 216379 2364
216004 216390 2016
216391 216390 1128
224526 216381 43
215452 215451 529
215595 215461 1046
215603 215461 1571
215512 215511 2431
215512 215606 1308
215607 215606 726
215607 215608 718
215607 215610 1652
215639 215640 750
215646 215640 1299
215656 215652 950
215781 215652 4275
215550 215608 1325
215619 215608 734
215619 215621 1595
215624 215621 742
215624 215626 1581
215888 215881 789
215891 215881 890
215891 215894 791
215780 215776 1628
215778 215777 1326
215801 215800 1161
215801 224164 195
215894 215891 791
215894 215893 494
215936 215893 654
215936 224164 1732
215951 215893 3084
215637 215630 1631
215541 215511 727
222365 222364 1175
222406 222368 1616
222406 222414 685
222427 222415 953
222427 222426 1286
222428 222415 1035
222361 222360 323
222371 222367 576
222369 222368 96
222405 222368 1048
216008 216088 927
216108 216088 1405
222426 222425 1647
222426 222427 1286
218471 219859 977
218471 222342 1712
222343 222342 955
224029 219647 1930
219843 219841 559
219843 219848 844
219844 219841 1502
219844 219872 663
219875 219872 1534
224509 219848 887
219862 219861 792
219867 219861 1538
219867 219866 830
222345 219866 1259
219859 218471 977
219859 219865 165
223453 223449 681
223453 223451 261
223453 223462 123
215479 215477 1345
215479 215486 901
215486 215479 901
215486 215484 677
215480 223469 1796
223732 223469 805
223471 223470 794
223462 223451 259
223462 223453 123
223462 223463 725
223464 223463 703
218841 223468 804
223452 223420 1609
223452 223451 858
223487 223420 830
223487 223421 2723
223486 223421 912
223451 223450 1493
223451 223452 858
223451 223453 261
223451 223462 259
215500 224133 1472
219533 224133 606
223355 223351 767
223358 223351 1814
223358 223354 402
223365 223354 1697
223365 223364 1049
223365 223372 1519
223364 223363 568
223364 223365 1049
223364 223375 1950
223376 223375 3448
224472 223375 137
223367 223361 377
223367 223370 824
223476 223474 757
223476 223475 692
223372 223365 1519
223372 223373 734
223474 223473 2070
223474 223476 757
223477 223473 768
149784 149785 346
148041 148040 244
148041 149841 260
149842 149841 2493
151796 148040 379
149839 149838 1725
149845 149838 455
150437 150435 1098
150437 150440 1338
147116 147120 944
147116 147122 881
147125 147122 1825
147125 147128 871
147128 147125 871
147128 147152 1398
151955 151954 3262
147196 147155 1482
151957 147156 3849
147202 147179 457
147202 147203 2508
147199 147162 270
147019 147020 2347
147019 150473 1052
147021 147020 804
147021 147081 2400
150472 150473 2394
147082 147081 817
147082 147085 2359
150446 150452 2353
150465 150452 813
150465 150464 764
150465 150467 2394
147087 147096 499
147087 147117 315
147117 147087 315
147117 147115 701
147117 147118 1535
147115 147117 701
147115 147119 1382
147120 147116 944
147120 147119 731
150462 150461 927
150462 150464 2278
150440 150437 1338
150440 150450 793
147203 147202 2508
147203 147205 1741
147209 147205 1144
151849 142989 167
147999 148000 1022
148002 148000 2538
148002 148005 867
148120 148005 2356
148120 148125 931
148128 148125 1869
148128 148132 388
148131 148132 842
212854 212853 1517
212789 212852 677
212789 212860 2289
212862 212852 2291
212862 212860 659
212862 212865 790
212861 212860 557
212913 212911 348
212916 212911 1619
212916 212917 882
212917 212916 882
212917 212919 765
212917 212923 1348
212928 212923 845
212928 212929 2222
197453 212931 899
212933 212931 674
212933 212956 2216
212960 212956 1433
212982 212956 2103
212992 194602 494
212992 212970 606
212992 212971 514
212993 194958 1158
212993 212971 709
212987 212986 98
194601 194602 2791
194958 194602 733
194958 212993 1158
198647 198649 193
198648 198649 766
198648 198650 533
198651 198649 772
198651 198671 589
171424 171425 675
171578 171425 1357
171576 171579 2578
171576 171579 2578
162365 162366 3261
162365 171527 2068
159271 159270 1081
159271 159272 2445
159278 159272 673
159270 159271 1081
159270 159274 953
171642 162367 633
159179 159178 1181
159266 159178 889
159266 159264 1018
159267 159178 710
159167 159275 1036
159319 159318 764
159319 159334 267
159334 159319 267
159334 159333 778
159334 159451 436
159323 159333 1124
159452 159454 581
159452 159457 1146
159462 159457 848
159462 159461 2761
159467 159461 650
159467 159480 2761
159480 159467 2761
159480 159479 747
159480 159482 111
159482 159480 111
159482 159487 1460
159500 159499 835
159626 159625 678
159633 159621 404
159633 159625 1000
159621 159633 404
159621 159686 436
159779 159778 7037
159790 159778 3624
213382 213383 947
213382 213391 112
213382 213392 2003
213391 213382 112
213391 213394 704
214577 213394 157
213383 213018 955
213383 213382 947
213383 213395 2801
214660 214575 1457
213420 213419 1539
213030 213026 433
213030 213029 277
213037 213026 1593
212979 213029 1994
213033 213020 255
213033 213029 680
213013 213017 773
213013 213020 2131
213016 213017 1565
213016 213018 943
171376 171373 3403
171376 171375 778
171376 171377 667
171391 171375 2954
171391 171389 782
171389 171370 889
171389 171374 2960
171389 171390 1018
171389 171391 782
170953 170952 889
171377 170952 4073
171377 171376 667
171393 171390 1675
171404 171390 767
171413 171418 253
170885 170893 2184
170894 170893 355
171040 170893 1696
170895 170896 436
170918 170917 344
170851 171035 713
170958 170947 672
97872 97873 556
97874 97873 2020
97876 97873 3250
97876 97910 233
97893 97864 511
97893 97865 551
97893 97894 476
97902 97864 3308
97865 97866 125
97865 97893 551
97894 97866 741
97894 97893 476
95257 95260 697
95243 95242 103
95243 95261 676
95242 95243 103
95242 95244 2114
95245 95244 1718
95245 95287 3093
95299 95287 252
95387 95384 403
95387 95386 373
95393 95398 1827
95399 95398 452
95386 95385 336
95386 95387 373
95390 95385 1301
95390 95389 238
95390 95435 983
95439 95436 494
95372 95368 697
95372 95369 983
95365 95364 373
95365 95367 1007
95365 95396 672
95370 95367 418
95370 95371 713
95371 95369 168
95371 95370 713
95373 95369 747
95397 95396 641
97957 97922 1197
97956 97926 2356
97913 97923 1437
95714 95713 788
49845 49844 975
49845 49943 806
49945 49943 2430
49945 49944 1884
49954 49949 1437
49954 49959 1395
49959 49949 1428
49959 49954 1395
49959 49955 1344
41986 41985 629
41944 41987 3247
41944 41988 2791
41988 41944 2791
41988 41987 2004
41988 41991 1884
49847 49843 865
49853 49854 1548
49861 49857 598
98862 98863 2742
98862 98864 2706
98882 98885 1142
98887 98886 1107
98887 98888 6299
98873 98875 1642
98840 98839 551
98840 98845 1504
98843 98845 672
93371 98835 1530
98836 98835 681
102029 98968 719
100163 100164 948
100173 100171 4168
98672 98605 629
98672 98618 1115
98672 98673 2347
98675 98618 2126
98675 98673 1092
98697 98618 1032
98697 98698 1115
98808 98662 818
98809 98662 756
98713 98711 681
98713 98715 756
98718 98715 2111
98787 98715 840
98698 98697 1115
98698 98701 764
98703 98701 1891
98703 98710 599
98708 98710 1897
98712 98710 848
98712 98711 1891
97729 97728 1951
97729 97731 681
98024 97885 1560
97818 97817 504
97887 97888 709
98027 98028 848
98030 98028 402
98030 98033 2413
97850 98033 1027
97905 97904 830
98356 98353 737
98356 98354 475
97342 97341 1772
97350 97341 1620
97973 98067 3211
98070 98067 1222
98082 98091 1714
98092 98091 796
98343 98342 672
98343 98349 893
98360 98355 1004
98399 98398 1031
98663 98398 1008
98393 98400 681
98401 98400 473
98673 98671 1032
98673 98672 2347
98673 98674 1004
98673 98675 1092
98674 98671 1532
98674 98673 1004
49863 49867 1280
49868 49867 2270
49868 49872 2170
49866 49865 3288
49866 49872 1408
49865 49866 3288
49865 49875 1483
49953 49875 1576
49953 49955 2688
49953 49956 268
49956 49953 268
49956 49957 268
49955 49953 2688
49955 49959 1344
49955 49961 610
42445 42437 4153
42445 42441 2305
42445 43482 2926
43490 43482 1817
43487 43486 3458
43485 43484 5729
43508 43484 4285
42001 41991 2087
42357 42354 2170
42362 42354 869
42362 42364 2241
42364 42362 2241
42364 42430 4479
42373 42430 2068
42373 42431 1079
42431 42373 1079
42431 42437 1338
42436 42437 3449
42444 42441 1254
42068 42069 1577
42068 42083 2087
42066 42069 605
43619 43621 610
43622 43621 2778
43622 43624 983
43638 43624 2217
43638 43634 1220
43665 43683 3597
43665 43688 1411
43681 43683 789
43691 43683 1120
43685 43686 1357
43688 43665 1411
43688 43687 2271
43688 43690 2460
43971 43700 649
43869 43868 1063
43869 43872 1152
43869 43872 1152
43855 43860 276
43861 43860 751
43807 43808 1079
41954 43823 589
43839 43838 2272
43839 43841 1534
43841 43839 1534
43841 43840 2068
43868 43865 3011
43868 43866 2876
43868 43869 1063
42572 42662 8974
42679 42675 1061
44244 42675 1337
43251 43256 3368
43252 43256 2791
43257 43256 2369
44213 44212 1143
44213 44215 2947
44213 44217 709
44228 44217 403
37038 36952 371
42207 36952 790
44205 44203 474
44205 44212 3040
44212 44205 3040
44212 44207 2365
44212 44213 1143
43425 43427 4508
43439 43427 1029
43460 43459 1258
43461 43459 905
43476 43475 610
45228 43475 5884
43659 43705 818
43703 43705 1022
43703 43707 333
43690 43688 2460
43690 43743 747
43704 43598 2598
43704 43707 475
43596 43598 1152
43584 43586 1152
43593 43586 1631
43593 43600 418
43595 43586 2555
43578 43601 3558
43600 43593 418
43600 43601 403
43612 43611 2421
43613 43611 612
43735 43738 1672
43817 43738 4837
43819 43738 5989
43819 43813 2417
43813 43814 1636
43813 43819 2417
44495 44506 5071
44495 44510 2440
45460 45565 3387
45475 45565 4640
45581 45573 253
45581 45582 873
45582 45581 873
45582 45593 1067
45597 45596 2958
45597 45628 279
45617 45596 2643
45617 45606 933
45607 45606 2013
45607 45610 1987
45610 45606 848
45610 45607 1987
45630 45628 1816
45630 45636 1345
45623 45626 2460
45625 45620 752
45625 45626 1816
45620 45625 752
45620 45636 790
44505 44506 1387
125928 125939 1675
125928 125942 1355
125939 125928 1675
125939 125969 752
125937 125938 807
125941 125940 985
125643 125962 3250
125965 125962 437
125967 125966 552
125986 125985 3578
126099 126101 1307
897
219608
220628
220791
218035
224320
218230
224319
220838
220848
224318
220844
220851
220860
221131
219131
219132
221134
218169
220308
220324
220573
220321
224556
215993
224500
219078
220252
224009
224820
220326
220348
223933
220350
224251
218147
220275
220270
220226
220229
215268
219353
220399
220909
220225
218177
216422
220592
224557
219284
219311
219345
219340
219341
219343
219667
219661
219362
219360
219216
219211
219221
221175
221178
219222
219294
219295
219220
216398
224175
216379
216390
216381
215451
215461
215606
215610
215640
215652
215608
215621
215626
215881
215776
215777
215800
215893
224164
215630
215511
222364
222414
222415
222360
222367
222368
216088
222425
222342
219647
219841
219872
219848
219861
219866
219865
223449
215477
215484
223469
223470
223463
223468
223420
223421
223450
224133
223351
223354
223363
223375
223361
223370
223475
223373
223473
149785
149841
148040
149838
150435
147122
147152
151954
147155
147156
147179
147162
147020
150473
147081
150452
150467
147085
147096
147118
147119
150464
150461
150450
147205
142989
148000
148005
148125
148132
212853
212852
212865
212860
212911
212919
212923
212929
212931
212956
212971
212986
212970
194602
198649
198650
198671
171425
171579
171527
159272
159274
162367
162366
159178
159264
159275
159318
159451
159333
159454
159457
159461
159479
159487
159499
159625
159686
159778
213392
213394
213395
214575
213419
213026
213029
213017
213018
213020
171373
171375
171370
171374
170952
171390
171418
170893
170896
170917
171035
170947
97873
97864
97866
95260
95261
95244
95287
95384
95398
95385
95389
95435
95436
95368
95367
95369
95364
95396
97910
97922
97926
97923
95713
49943
49944
49949
41985
41987
49844
49843
49854
49857
98863
98885
98886
98864
98875
98888
98839
98845
98835
98968
100164
100171
98618
98662
98715
98701
98710
98711
97728
97731
97885
97817
97888
98028
98033
97904
98353
98354
97341
98067
98091
98342
98349
98355
98398
98400
98605
98671
49867
49872
49875
49957
49961
43482
43486
43484
41991
42354
42430
42437
42441
42083
42069
43621
43624
43634
43683
43686
43687
43700
43872
43860
43808
43823
43838
43840
43865
43866
42662
42675
43256
44217
36952
44203
44207
44215
43427
43459
43475
43705
43743
43707
43598
43586
43601
43611
43738
43814
44510
45565
45573
45593
45596
45606
45628
45626
45636
44506
125942
125969
125938
125940
125962
125966
125985
126101
126104
132342
132496
126452
126438
126444
126448
45275
45410
45411
45406
45408
45730
45743
45395
45400
45428
45396
45430
125170
125186
125168
125173
125180
125182
125188
125156
125157
125159
125244
125261
125293
125296
45343
45313
45316
45318
125298
125305
125913
45489
45490
45542
45641
45497
45514
45538
45651
45690
126443
126440
126275
126297
126300
126528
126401
126526
126406
126400
126389
126404
126409
126363
126354
126364
126366
126413
126426
128796
128811
128812
128910
128969
128979
132371
128889
129013
128897
120654
129056
128932
128961
129023
129007
129029
128954
129217
129228
129548
120767
120838
120839
120843
120847
120850
120856
120835
120859
120818
120822
120866
121047
121048
121496
68638
120928
120929
120916
121489
121492
121500
68723
68737
68740
68728
68754
69133
69136
69130
69212
69216
72138
69175
69189
72593
73057
73056
70595
69638
69645
69646
78768
69384
69437
69539
69435
69543
69487
69551
69547
69508
69511
69496
69488
71629
71792
71813
71543
72050
72074
72075
71842
71860
71838
78587
69085
69088
69090
71827
72326
72328
72332
72438
72357
72355
72364
72529
72534
70034
70631
70638
70641
70597
70610
69267
69258
69622
66311
69653
69692
69624
69629
219195
220783
220794
220796
220784
220785
218185
220807
224322
220845
220842
220846
220805
220808
220852
220861
221132
219127
219192
221136
220295
220598
220574
220593
215994
220594
219077
220253
220910
220325
224810
220347
220349
218406
224264
218148
220256
220274
220276
220246
220029
220228
220232
219639
220400
220730
218190
219307
219344
217997
219366
219669
219671
219670
219660
219363
219349
219197
221130
221138
221199
221181
221182
221177
219223
219300
219297
219299
219309
216400
216383
216378
216387
216392
216004
216391
224526
215595
215603
215512
215607
215639
215646
215656
215781
215550
215619
215624
215888
215891
215780
215778
215801
215894
215936
215951
215637
215541
222406
222427
222428
222361
222371
222405
216008
216108
222426
218471
222343
224029
219843
219844
219875
219862
219867
222345
219859
215479
215486
215480
223732
223471
218841
223452
223487
223486
223451
215500
219533
223358
223376
224472
223367
223372
223474
223477
148041
149842
151796
149839
149845
150437
147116
147125
147128
147196
151957
147019
147021
150472
147082
150446
150465
147087
147117
147115
147120
150462
150440
147203
147209
151849
147999
148002
148120
148128
148131
212789
212917
212928
197453
212933
212960
212982
212993
212987
194958
198647
198648
198651
171424
171578
171576
162365
159271
159278
159270
159179
159266
159167
159319
159323
159452
159462
159467
159482
159626
159633
159621
159790
213391
214577
213030
212979
213033
213013
213016
171376
171391
170953
171377
171393
171404
171413
170885
171040
170851
170958
97872
97874
97893
97902
97894
95257
95243
95242
95245
95299
95387
95393
95399
95386
95390
95439
95372
95365
95370
95371
95373
95397
97957
97956
97913
49845
49945
49954
41944
49847
98862
98882
98873
98840
98843
93371
98836
100163
98675
98697
98808
98713
98718
98787
98698
98703
98708
98712
97729
98024
97887
98027
98030
97850
97905
98356
97342
97350
97973
98070
98082
98092
98343
98360
98663
98393
98401
98674
49863
49866
49865
42445
43490
43485
43508
42357
42362
42364
42373
42436
42068
42066
43619
43622
43638
43665
43681
43855
43807
41954
43839
43841
42572
44244
43251
43252
44213
37038
42207
44212
43425
43439
43460
43461
43476
45228
43659
43703
43690
43704
43596
43584
43593
43595
43578
43600
43612
43613
43735
43817
43819
43813
44495
45460
45475
45581
45582
45597
45617
45610
45630
45623
45625
45620
44505
125928
125939
125937
125643
125965
125967
125986
126099
