1886
124710 124702 2174
124710 124722 474
120230 120231 3295
120230 120232 880
120233 120184 1106
120233 120234 753
120233 120237 1225
120233 120239 1458
120181 120179 2790
120181 124761 3391
120420 120421 3271
120420 124577 309
124707 124697 739
124707 124702 1030
124691 124563 1256
124691 124708 2423
124691 124713 1485
120246 120245 1748
120246 120249 2143
67040 67041 2063
67040 67043 190
77011 77010 2078
77011 77014 4096
77017 66982 932
77017 77018 414
67161 67162 1067
66844 66843 1097
66839 78438 68
66839 78439 1305
67023 77041 2958
67023 77042 3029
67025 67006 935
67025 77723 1165
60575 60571 951
60575 60576 1936
60571 60572 1936
60571 60575 951
60579 60578 2515
60579 60580 1426
60580 60579 1426
60580 60583 678
60593 60592 2384
60595 60592 1439
66884 66885 1334
66884 66901 1945
66904 66908 768
66909 66896 2137
66909 66897 2237
77713 77715 92
77713 77716 1161
70731 70719 1259
70731 70727 954
70731 70732 848
70865 70859 753
70865 70861 1086
70868 70879 1176
70881 70882 880
70867 70732 1535
70867 70743 1103
66933 66922 2335
66933 66924 631
66933 67321 238
67330 67326 1608
67330 67337 1345
67335 67337 1111
67340 67338 1816
70857 67329 1004
70857 70720 768
70857 70858 928
70863 70858 711
70863 70864 711
70871 70872 852
70871 70873 672
70873 70861 2471
70873 70871 672
70698 70699 1002
70698 70733 1889
70698 70736 1334
70755 64562 1556
70755 70753 891
70742 70729 1226
64466 64460 949
64466 64469 1272
64508 64507 613
64562 64563 638
64562 70755 1556
64633 64599 792
64633 64642 830
64767 64642 2283
64767 64769 672
64771 64772 1328
64781 77066 684
70809 70811 438
70809 70812 562
70810 70813 873
64661 64660 3509
64661 64774 955
64775 64770 2840
64775 64770 2840
64658 64648 874
64658 64657 476
64664 64653 1
64728 64727 477
64729 64731 791
64743 64740 1185
64743 64744 1221
64749 64718 2040
64749 64748 1111
64752 64751 802
64752 64753 1531
64753 64752 1531
64753 64760 830
64753 64761 1550
64702 64701 445
64702 64703 769
64708 63502 689
64713 64706 554
64713 64714 1268
63506 63505 769
63506 63508 1014
63507 63501 1272
63507 63505 893
63507 64232 782
64234 64231 1441
64234 64232 782
64234 64235 778
64238 64235 1860
64238 64236 2015
64232 63507 782
64232 64230 1441
64232 64234 782
64164 64184 2047
64830 64831 2347
64830 70830 6608
73146 73145 2893
73146 73148 556
70854 76627 6546
70855 70851 1219
70855 70856 1533
70851 70853 1592
70851 70855 1219
70852 70853 1516
70852 71319 3786
74349 74350 955
74349 74791 1149
73348 73347 3316
73348 74405 602
74409 74410 1011
74409 74793 335
74838 74824 1689
74838 74839 837
74892 74839 3120
74892 74893 698
74903 74893 2992
74903 74906 748
74903 74907 558
74904 74902 202
74898 74901 202
74898 74902 789
74898 74930 2186
74929 74928 611
74929 74930 789
74814 74414 740
74419 74414 1440
74419 74417 838
74824 74838 1689
74824 74844 1964
74824 74849 789
74410 74409 1011
74410 74811 2420
74416 74415 419
74358 74353 1264
74358 74363 1399
74064 74065 1069
74064 74072 696
74112 74113 582
74112 74114 415
74153 74154 464
74153 74155 280
74164 74165 338
74164 74168 655
74245 74243 853
74245 74246 672
74468 74247 519
74468 74471 445
74509 74513 581
74448 74853 2098
74854 78273 487
74855 74856 1117
74855 74859 891
74857 74856 344
74439 74845 3109
74843 74844 337
74412 74411 740
74412 74413 1117
74417 74411 1812
74417 74419 838
74436 74844 202
74858 74856 1817
74858 74947 475
74945 74948 831
74950 74974 636
74961 74962 788
74961 74979 1470
74474 74472 2114
74474 74518 2374
74474 77289 1054
74476 74471 1248
74476 74472 869
74476 74513 769
74518 74474 2374
74518 74535 739
74540 74541 1504
74540 74542 875
74541 74540 1504
74541 74548 523
57800 57801 554
57800 57802 577
75074 75075 678
75074 75081 685
76014 76106 475
76014 76107 602
76110 76111 1293
76110 76116 7550
76104 76013 5925
76104 76114 7282
76115 76118 1486
75023 75020 1359
75023 75022 475
75025 75031 713
75025 75033 956
77297 77298 557
77297 77312 707
77317 77309 546
77317 78286 1168
77318 77312 724
77318 77319 2239
78289 78286 2109
78289 78287 2236
74724 74725 423
74724 74726 1897
74758 74756 893
74579 74578 1585
74579 74580 1012
74579 75296 5919
74598 74596 356
74604 74605 279
74604 74607 1579
74732 74733 740
74678 74677 672
74678 74680 685
74679 74680 1189
74679 74683 984
74675 74676 1111
74675 74677 1012
170987 170988 591
170992 170993 1161
170992 170997 1396
170994 170988 1565
170994 170989 518
170994 170993 672
170997 170992 1396
170997 170996 238
171016 170996 419
171748 171745 338
171748 171747 1266
171745 171744 1000
171745 171748 338
171782 171744 2450
171782 171781 778
171782 171815 2197
171815 171782 2197
171815 171825 2450
171815 171890 667
171824 171825 1000
171824 171877 2363
171876 171877 1000
171876 171887 2447
171886 171887 778
171886 171925 2534
171924 171925 782
171904 171905 3557
171904 171909 422
171928 171926 445
171928 171927 667
171905 171904 3557
171905 171910 422
171905 172227 2445
170983 170965 518
170983 170988 1334
95860 95862 1111
95860 95862 1111
96205 96206 2170
96205 96207 848
96285 96286 333
96780 96781 1692
96780 96782 951
96817 96816 418
96817 96818 3491
97035 96853 3448
100115 100113 1663
100118 95647 223
97337 97330 744
97337 97336 812
100112 100113 1180
103091 101836 194
103091 103092 522
100386 101836 1047
100387 100389 939
100387 100392 165
97039 97037 202
97082 97073 475
97082 97081 252
97084 97085 947
97084 97092 1029
97181 97184 939
97181 97184 939
97182 97188 1079
97182 97189 1673
97182 97195 1585
99630 99626 612
99630 99628 667
99622 99619 599
102377 99683 3911
102377 102378 5611
99785 99786 1483
99785 99787 905
99789 99817 1152
99809 99810 4102
102796 102795 4586
99825 99814 2618
99825 99827 673
99830 99829 333
99842 99839 1210
99820 99817 4507
99820 99846 1221
99845 99847 1730
99845 99849 1063
99857 99852 1027
99857 99996 3026
99857 100430 1152
100431 100430 1027
100431 100433 2791
100436 100505 1695
100436 100511 1027
100530 100525 1677
100530 100569 252
100569 100530 252
100569 100570 2945
100569 100598 5412
100397 100396 650
100397 100398 3692
100397 103093 1124
100401 96484 537
100462 102471 1155
100568 100567 1837
101469 101462 1664
101577 101578 336
101489 101485 1664
101489 101490 435
101581 101856 990
101535 101533 766
101536 101534 1144
101536 101543 818
101485 101478 807
101485 101488 5700
101485 101489 1664
101623 101621 475
101548 101549 1534
101548 101553 1120
101552 101549 1080
101552 101564 1141
91967 91968 142
91967 91969 630
103019 103020 254
91963 91968 359
101737 101738 434
92221 92220 547
101359 101047 1300
101359 101417 7079
101360 121800 445
101370 101340 1883
101370 101350 1303
101370 101364 2910
92031 92089 1471
101525 101960 559
92130 92131 209
92130 92132 248
92131 92130 209
92131 92143 460
101522 101278 3006
101522 101517 1206
101522 101523 2972
101566 101564 1979
101566 101568 476
118005 118003 2182
117677 117630 1759
117677 117675 13232
117841 117795 5174
117638 117635 2486
117638 117639 1163
117806 117799 1349
117806 117807 2069
117861 117859 1934
117861 117860 1868
117887 117888 611
117887 117916 4250
122108 121965 889
122108 122112 1533
122139 121965 2968
121747 121746 3393
121755 121732 2837
117695 117630 1547
117696 117697 222
121781 132458 2957
121782 121783 333
121782 121786 1581
117702 117703 808
122016 122015 1979
122016 122018 1812
122018 122016 1812
122018 122017 374
122223 122222 976
122223 122224 1029
122237 122236 474
122237 122238 697
122241 122240 1255
122241 122242 976
122242 122241 976
122242 122263 2173
121996 121997 1343
121996 121998 3018
122050 121998 874
121981 121980 976
121981 121986 890
121815 121813 254
121815 129931 920
121848 121832 2014
121808 121794 2014
121808 121799 837
121854 121853 713
121854 121856 1941
121862 121858 344
121862 121888 452
121861 122349 1029
121833 121834 677
121833 121835 667
121867 121835 2109
121867 121837 1656
121838 121837 1114
121838 121842 552
121844 121841 1348
121844 121843 1225
121846 121832 2420
121846 121847 2007
121843 121842 893
121843 121844 1225
121856 121854 1941
121856 121855 667
121858 121862 344
121858 121889 1269
121865 121863 1344
121891 121866 139
121891 121894 1018
124114 118264 837
124114 124115 1547
124117 124115 837
124117 124224 1067
124117 124230 3092
124224 124117 1067
124224 124225 1621
124237 124238 1423
118004 118003 4483
118004 118011 523
118040 118041 538
118040 118060 1147
117916 117887 4250
117916 118343 2221
118007 117876 2987
118007 118011 2599
118125 118182 597
118125 118251 2418
118084 118130 808
124278 124281 1781
124282 124280 1023
124282 124281 1748
124282 124284 1030
124286 124287 1087
124399 124398 1892
124399 124401 1781
124399 124402 739
124402 124399 739
124402 124403 2321
124402 124404 811
124412 124404 279
124412 124413 811
124441 124414 2888
124441 124444 1768
124442 123541 1395
124442 124443 907
123543 123541 3427
123543 123544 374
123550 124459 2198
123550 124463 631
123550 124578 344
124459 123550 2198
124459 124443 874
124465 124448 1866
124453 124448 808
124432 124408 890
124432 124423 1936
124432 124424 2092
124433 124424 2351
124433 124431 2285
124433 124437 1211
124437 124433 1211
124437 124439 1798
124481 124477 678
124481 124537 1503
124482 124540 1075
124482 124550 880
124553 124550 811
124553 124551 1814
124555 124552 1813
124681 124680 538
124681 124682 337
124680 124556 2273
124680 124681 538
124702 124699 1029
124702 124706 613
124702 124707 1030
124702 124710 2174
124722 124710 474
120231 120230 3295
120232 120230 880
120184 120183 4464
120184 120192 2762
120184 120233 1106
120234 120233 753
120237 120233 1225
120237 120241 238
120239 120233 1458
120239 120240 452
120179 120169 1448
120179 120180 1211
120179 120181 2790
124761 120181 3391
120421 120420 3271
124577 120420 309
124577 124574 2689
124577 124714 1979
124697 124685 747
124697 124687 1075
124697 124707 739
124563 124562 2495
124563 124566 811
124563 124690 874
124563 124691 1256
124708 124691 2423
124713 124691 1485
120245 120215 5441
120245 120244 3768
120245 120246 1748
120245 120247 2830
120249 120246 2143
120249 120248 928
120249 120250 1776
67041 67040 2063
67043 67040 190
67043 67044 1518
67043 67045 534
77010 67065 727
77010 77011 2078
77010 77014 3107
77014 77010 3107
77014 77011 4096
77014 77015 384
66982 66981 1227
66982 77017 932
66982 77730 2563
77018 66956 1400
77018 77017 414
77018 77728 2410
67162 67161 1067
66843 60468 1697
66843 60569 1391
66843 66844 1097
78438 66839 68
78439 66839 1305
77041 66981 464
77041 67023 2958
77041 77042 1245
77042 67023 3029
77042 77041 1245
77042 77043 2325
67006 66998 312
67006 67025 935
67006 77727 1152
77723 67025 1165
60576 60575 1936
60572 60569 1108
60572 60571 1936
60572 76986 1256
60578 60539 1013
60578 60567 344
60578 60579 2515
60583 60540 2605
60583 60580 678
60583 60584 1849
60592 60593 2384
60592 60595 1439
60592 60603 553
66885 66884 1334
66885 66886 633
66885 66887 1357
66901 66884 1945
66908 66904 768
66896 66889 688
66896 66897 796
66896 66909 2137
66897 66896 796
66897 66899 396
66897 66909 2237
77715 77713 92
77716 77713 1161
70719 70718 1595
70719 70723 679
70719 70726 880
70719 70731 1259
70727 70726 1221
70727 70728 909
70727 70731 954
70727 70743 1968
70732 70731 848
70732 70867 1535
70732 70879 1814
70859 70722 1595
70859 70724 753
70859 70865 753
70861 70860 512
70861 70865 1086
70861 70873 2471
70879 70732 1814
70879 70868 1176
70879 77086 360
70882 70881 880
70743 70727 1968
70743 70729 1440
70743 70867 1103
66922 66923 881
66922 66933 2335
66922 67317 562
66924 66921 930
66924 66925 2666
66924 66933 631
67321 66933 238
67321 67322 778
67326 67324 778
67326 67327 452
67326 67330 1608
67337 67330 1345
67337 67335 1111
67337 67338 768
67338 67337 768
67338 67339 889
67338 67340 1816
67329 67327 452
67329 70857 1004
70720 70714 844
70720 70722 1397
70720 70857 768
70858 70857 928
70858 70860 238
70858 70863 711
70864 70863 711
70872 70871 852
70699 70697 285
70699 70698 1002
70699 77087 1734
70733 70693 1780
70733 70698 1889
70733 77087 962
70736 70698 1334
70753 70700 344
70753 70754 632
70753 70755 891
70729 70730 911
70729 70730 911
70729 70741 1520
70729 70742 1226
70729 70743 1440
64460 64459 538
64460 64466 949
64469 64466 1272
64469 64470 2336
64507 64508 613
64507 64510 475
64563 64549 719
64563 64562 638
64599 64503 3367
64599 64632 713
64599 64633 792
64642 64633 830
64642 64644 1256
64642 64767 2283
64769 64644 1503
64769 64767 672
64769 64770 796
64772 64771 1328
77066 64781 684
70811 70809 438
70812 70809 562
70813 70810 873
64660 64656 1161
64660 64657 740
64660 64661 3509
64774 64646 1114
64774 64656 2047
64774 64661 955
64770 64769 796
64770 64775 2840
64770 64775 2840
64648 64623 3500
64648 64647 2554
64648 64658 874
64657 64655 905
64657 64658 476
64657 64660 740
64653 64652 538
64653 64664 1
64727 64676 3193
64727 64728 477
64731 64729 791
64731 64730 885
64731 77077 1322
64740 64741 452
64740 64742 1185
64740 64743 1185
64744 64743 1221
64718 64707 1621
64718 64719 1908
64718 64749 2040
64748 64734 344
64748 64737 1121
64748 64749 1111
64751 64721 896
64751 64752 802
64751 64760 1596
64760 64722 712
64760 64751 1596
64760 64753 830
64760 77834 1463
64761 64753 1550
64701 63499 1272
64701 64698 782
64701 64702 445
64703 64702 769
63502 63495 769
63502 63503 1357
63502 63504 1124
63502 64708 689
64706 64700 1980
64706 64713 554
64706 64720 632
64714 64713 1268
64714 64716 356
64714 64717 571
64714 64720 1832
63505 63504 222
63505 63506 769
63505 63507 893
63508 63506 1014
63501 63500 1309
63501 63507 1272
63501 64230 818
64231 64228 675
64231 64230 782
64231 64233 667
64231 64234 1441
64235 64233 1454
64235 64234 778
64235 64236 672
64235 64238 1860
64236 64235 672
64236 64238 2015
64236 64239 913
64236 64240 567
64230 63501 818
64230 64231 782
64230 64232 1441
64184 64164 2047
64184 64185 782
64831 64830 2347
70830 64830 6608
70830 70831 2725
70830 70856 283
70830 73145 562
73145 70830 562
73145 73146 2893
73145 73147 2165
73148 73146 556
73148 73150 1127
76627 70854 6546
70856 70830 283
70856 70855 1533
70853 70851 1592
70853 70852 1516
70853 71319 4055
71319 70852 3786
71319 70853 4055
71319 71320 2500
74350 74349 955
74350 74792 613
74350 74793 1260
74791 74349 1149
74791 74792 885
74791 74794 2431
73347 73348 3316
73347 74411 1175
74405 73348 602
74793 74350 1260
74793 74409 335
74839 74838 837
74839 74849 1762
74839 74871 885
74839 74892 3120
74893 74871 3237
74893 74892 698
74893 74894 885
74893 74903 2992
74906 74894 2975
74906 74903 748
74906 74908 554
74906 74910 789
74907 74903 558
74907 74905 169
74902 57731 2186
74902 74898 789
74902 74904 202
74902 74905 747
74901 74898 202
74930 57731 789
74930 74898 2186
74930 74929 789
74928 74929 611
74414 74411 754
74414 74415 1786
74414 74419 1440
74414 74814 740
74844 74436 202
74844 74824 1964
74844 74843 337
74849 74824 789
74849 74839 1762
74849 74850 1634
74849 74851 789
74811 74410 2420
74415 74414 1786
74415 74416 419
74353 74354 554
74353 74357 1810
74353 74358 1264
74363 74358 1399
74065 74064 1069
74072 74064 696
74113 74059 330
74113 74112 582
74114 73236 1333
74114 74102 823
74114 74112 415
74114 74115 475
74154 74153 464
74155 74153 280
74165 74164 338
74165 74166 857
74165 74167 678
74168 74164 655
74243 74244 602
74243 74245 853
74243 74247 3139
74246 74245 672
74247 74243 3139
74247 74468 519
74247 74470 937
74471 74468 445
74471 74475 1441
74471 74476 1248
74513 74476 769
74513 74509 581
74853 74448 2098
74853 74845 752
74853 74859 812
74853 74861 1012
78273 74854 487
74856 74855 1117
74856 74857 344
74856 74858 1817
74859 74853 812
74859 74855 891
74859 74862 1117
74845 74439 3109
74845 74853 752
74845 74860 1068
74845 74870 2155
74411 73347 1175
74411 74412 740
74411 74414 754
74411 74417 1812
74413 74412 1117
74947 74858 475
74947 74862 202
74947 74948 2518
74948 74864 632
74948 74945 831
74948 74947 2518
74948 74963 885
74974 74950 636
74974 74973 195
74962 74961 788
74962 74978 1349
74962 74980 1308
74979 74961 1470
74979 74975 231
74472 74473 289
74472 74474 2114
74472 74476 869
77289 74474 1054
74535 74484 738
74535 74518 739
74535 77287 2310
74542 74540 875
74548 74541 523
74548 74547 699
74548 76483 725
57801 57800 554
57802 57800 577
75075 75069 1183
75075 75074 678
75081 75074 685
75081 75080 676
75081 75082 1565
76106 76014 475
76106 76032 3227
76106 76107 337
76107 76014 602
76107 76106 337
76107 76111 2898
76111 76107 2898
76111 76110 1293
76111 76177 8905
76116 76110 7550
76116 76238 1213
76013 76012 2045
76013 76104 5925
76114 76104 7282
76114 76224 538
76114 76231 5572
76118 76115 1486
76118 76237 1616
75020 75019 478
75020 75021 3805
75020 75023 1359
75022 74766 2298
75022 74768 3169
75022 74984 4448
75022 75023 475
75031 75021 1311
75031 75025 713
75031 75032 2560
75033 75025 956
77298 77297 557
77312 77297 707
77312 77311 3197
77312 77318 724
77309 77310 1200
77309 77311 1571
77309 77317 546
78286 77317 1168
78286 78287 631
78286 78289 2109
77319 77318 2239
78287 78286 631
78287 78288 778
78287 78289 2236
74725 74723 3434
74725 74724 423
74725 74727 3896
74726 74724 1897
74726 74763 1114
74726 74764 1579
74756 74744 1897
74756 74748 1189
74756 74758 893
74578 74577 740
74578 74579 1585
74580 74579 1012
74580 74582 1157
74580 74585 2024
75296 74579 5919
75296 75293 2270
75296 75295 813
74596 74592 1083
74596 74597 748
74596 74598 356
74596 78285 4138
74605 74600 2617
74605 74604 279
74605 74610 2240
74607 74604 1579
74607 74608 2369
74607 74609 613
74733 74676 778
74733 74732 740
74733 74746 4312
74677 74675 1012
74677 74678 672
74677 74745 942
74680 74678 685
74680 74679 1189
74680 74683 874
74680 74745 1111
74683 74679 984
74683 74680 874
74683 74715 984
74676 74675 1111
74676 74733 778
74676 74744 4509
170988 170964 591
170988 170983 1334
170988 170987 591
170988 170994 1565
170993 170989 885
170993 170992 1161
170993 170994 672
170989 170964 1447
170989 170990 675
170989 170993 885
170989 170994 518
170996 170997 238
170996 171016 419
171747 171740 928
171747 171748 1266
171744 171745 1000
171744 171746 2532
171744 171778 667
171744 171782 2450
171781 171778 2447
171781 171782 778
171781 171783 778
171781 171890 2194
171825 171815 2450
171825 171824 1000
171825 171878 2447
171825 171892 782
171890 171781 2194
171890 171815 667
171890 171891 782
171890 171892 2532
171877 171824 2363
171877 171876 1000
171877 171878 1003
171877 171888 2447
171887 171876 2447
171887 171886 778
171887 171888 1000
171887 171926 2534
171925 171886 2534
171925 171924 782
171925 171926 778
171909 171904 422
171909 171910 3557
171909 171930 506
171926 171887 2534
171926 171925 778
171926 171928 445
171927 171888 2532
171927 171928 667
171927 171929 893
171927 171932 2363
171910 171905 422
171910 171909 3557
171910 171931 506
171910 172226 2556
172227 171905 2445
170965 170964 1225
170965 170967 639
170965 170983 518
95862 95860 1111
95862 95860 1111
95862 95863 344
96206 96192 1556
96206 96205 2170
96206 96210 1103
96207 96205 848
96207 96208 1466
96207 96209 202
96286 96285 333
96286 96290 1334
96781 96780 1692
96782 96780 951
96782 96783 1302
96782 96787 1031
96782 96816 1103
96816 96782 1103
96816 96817 418
96816 96819 713
96818 96817 3491
96818 96827 890
96818 96829 605
96853 96832 1209
96853 96852 2282
96853 97035 3448
100113 95648 599
100113 100112 1180
100113 100115 1663
95647 95648 180
95647 100118 223
97330 97308 662
97330 97335 372
97330 97337 744
97336 97337 812
97336 97340 720
97336 102324 865
101836 100386 1047
101836 103091 194
103092 103091 522
100389 100387 939
100389 100393 682
100392 100387 165
100392 103093 2630
100392 103094 2998
97037 97038 788
97037 97039 202
97073 97074 3186
97073 97081 452
97073 97082 475
97081 97073 452
97081 97075 1518
97081 97082 252
97085 97084 947
97092 97076 3478
97092 97084 1029
97092 97137 1209
97184 97181 939
97184 97181 939
97184 97222 476
97188 97151 1307
97188 97182 1079
97188 97194 418
97189 97148 1444
97189 97151 1168
97189 97182 1673
97195 97182 1585
97195 97199 336
97195 97201 612
99626 99627 2429
99626 99628 476
99626 99630 612
99628 99626 476
99628 99630 667
99628 99631 1558
99619 97233 5727
99619 99622 599
99619 99639 1559
99683 99682 7744
99683 102377 3911
102378 102377 5611
99786 99785 1483
99787 99785 905
99817 99789 1152
99817 99820 4507
99817 99821 1477
99810 99809 4102
99810 99812 5071
102795 99973 954
102795 102796 4586
99814 99813 1178
99814 99825 2618
99827 99825 673
99829 99830 333
99839 99822 1698
99839 99840 612
99839 99842 1210
99846 99820 1221
99846 99961 1268
99846 99962 2421
99847 99845 1730
99847 99848 1063
99849 99845 1063
99849 99848 1730
99849 99855 952
99852 99853 1259
99852 99854 1426
99852 99857 1027
99996 99856 517
99996 99857 3026
99996 99997 552
100430 99857 1152
100430 99998 2929
100430 100431 1027
100433 100431 2791
100433 100501 517
100433 100502 612
100505 100436 1695
100505 100502 476
100505 100506 878
100511 100436 1027
100511 100437 610
100511 100506 1769
100525 100514 1975
100525 100528 403
100525 100530 1677
100570 100569 2945
100570 100571 1185
100570 100574 1371
100570 101837 1450
100598 100569 5412
100598 100595 4467
100396 100395 2018
100396 100395 2018
100396 100397 650
100398 100397 3692
100398 100605 216
103093 100392 2630
103093 100397 1124
103093 103094 3025
96484 96485 374
96484 100401 537
96484 100414 1292
102471 100462 1155
100567 100565 2848
100567 100568 1837
101462 101463 395
101462 101469 1664
101578 101577 336
101490 101489 435
101856 101581 990
101533 101488 202
101533 101534 672
101533 101535 766
101534 101532 373
101534 101533 672
101534 101536 1144
101543 101536 818
101543 101540 1221
101478 101473 1074
101478 101485 807
101478 101486 924
101488 101485 5700
101488 101511 1388
101488 101533 202
101621 101622 2621
101621 101623 475
101549 101541 895
101549 101548 1534
101549 101551 3027
101549 101552 1080
101553 101548 1120
101564 101552 1141
101564 101566 1979
101564 101567 505
91968 91963 359
91968 91967 142
91968 101961 352
91969 91967 630
103020 103019 254
101738 101737 434
92220 92144 337
92220 92221 547
92220 92222 204
92220 92224 602
101047 101046 2216
101047 101359 1300
101047 101415 3715
101417 101359 7079
101417 101413 1346
101417 101418 984
121800 101360 445
121800 121801 1558
121800 121825 1520
101340 101336 336
101340 101364 3964
101340 101370 1883
101350 101344 3285
101350 101345 3809
101350 101370 1303
101364 101340 3964
101364 101370 2910
101364 101374 4302
92089 92031 1471
101960 101525 559
92132 92130 248
92132 92140 111
92143 92131 460
92143 92144 455
92143 92210 270
92143 92217 540
101278 101275 3902
101278 101294 1161
101278 101515 1188
101278 101522 3006
101517 101515 3282
101517 101516 1120
101517 101522 1206
101523 101519 3228
101523 101521 2336
101523 101522 2972
101568 101566 476
118003 117875 2019
118003 118004 4483
118003 118005 2182
117630 117631 953
117630 117677 1759
117630 117692 1686
117630 117695 1547
117675 100924 7398
117675 117676 2021
117675 117677 13232
117795 117841 5174
117635 117638 2486
117639 117638 1163
117799 117806 1349
117807 117806 2069
117859 117861 1934
117860 117861 1868
117888 117887 611
121965 122108 889
121965 122139 2968
122112 122108 1533
121746 121747 3393
121732 121755 2837
117697 117696 222
132458 121781 2957
121783 121782 333
121786 121782 1581
117703 117702 808
122015 122016 1979
122015 122017 1284
122017 122015 1284
122017 122018 374
122017 122222 2018
122222 122017 2018
122222 122223 976
122224 122223 1029
122236 121794 1276
122236 122237 474
122238 122237 697
122238 122240 1029
122240 122238 1029
122240 122241 1255
122263 122242 2173
121997 121996 1343
121998 121996 3018
121998 122050 874
121980 121981 976
121986 121981 890
121813 121815 254
129931 121815 920
121832 121846 2420
121832 121848 2014
121794 121808 2014
121794 122236 1276
121799 121808 837
121853 121854 713
121853 121855 1688
121888 121862 452
121888 121866 667
122349 121861 1029
121834 121833 677
121835 121833 667
121835 121837 810
121835 121867 2109
121837 121835 810
121837 121838 1114
121837 121867 1656
121842 121838 552
121842 121843 893
121841 121844 1348
121847 121846 2007
121847 121855 1000
121855 121847 1000
121855 121853 1688
121855 121856 667
121889 121858 1269
121863 121865 1344
121863 121866 953
121866 121863 953
121866 121888 667
121866 121891 139
121894 121891 1018
118264 124114 837
124115 124114 1547
124115 124117 837
124230 124117 3092
124225 124224 1621
124238 124237 1423
124238 124281 418
118011 118004 523
118011 118007 2599
118041 118040 538
118060 118040 1147
118343 117916 2221
117876 117875 2371
117876 118007 2987
118182 118125 597
118251 118125 2418
118130 118084 808
124281 124238 418
124281 124278 1781
124281 124282 1748
124280 124282 1023
124284 124282 1030
124287 124286 1087
124398 124399 1892
124401 124399 1781
124403 124402 2321
124404 124402 811
124404 124412 279
124413 124412 811
124413 124414 558
124414 124413 558
124414 124441 2888
124444 124441 1768
123541 123543 3427
123541 124442 1395
124443 124442 907
124443 124459 874
123544 123543 374
124463 123550 631
124578 123550 344
124448 124453 808
124448 124465 1866
124408 124423 1759
124408 124432 890
124423 124408 1759
124423 124424 1258
124423 124432 1936
124424 124423 1258
124424 124432 2092
124424 124433 2351
124431 124433 2285
124439 124437 1798
124477 124481 678
124537 124481 1503
124537 124540 808
124540 124482 1075
124540 124537 808
124550 124482 880
124550 124553 811
124551 124552 809
124551 124553 1814
124552 124551 809
124552 124555 1813
124552 124556 891
124682 124681 337
124556 124552 891
124556 124680 2273
124699 124702 1029
124706 124702 613
120183 120180 2158
120183 120184 4464
120192 120184 2762
120241 120237 238
120241 120240 606
120240 120239 452
120240 120241 606
120240 120244 4046
120169 120179 1448
120180 120179 1211
120180 120183 2158
124574 124577 2689
124714 124577 1979
124685 124697 747
124687 124697 1075
124562 124563 2495
124566 124563 811
124690 124563 874
120215 120245 5441
120244 120240 4046
120244 120245 3768
120247 120245 2830
120248 120249 928
120250 120249 1776
67044 67043 1518
67045 67043 534
67065 77010 727
77015 77014 384
66981 66982 1227
66981 77041 464
77730 66982 2563
77730 77728 1354
66956 77018 1400
77728 77018 2410
77728 77730 1354
60468 60569 924
60468 66843 1697
60569 60468 924
60569 60572 1108
60569 66843 1391
77043 77042 2325
66998 67006 312
77727 67006 1152
76986 60572 1256
60539 60578 1013
60567 60578 344
60540 60583 2605
60540 60584 3086
60584 60540 3086
60584 60583 1849
60603 60592 553
66886 66885 633
66887 66885 1357
66887 66889 688
66889 66887 688
66889 66896 688
66899 66897 396
70718 70719 1595
70723 70719 679
70723 70724 753
70726 70719 880
70726 70727 1221
70728 70727 909
70728 70730 665
70722 70720 1397
70722 70859 1595
70722 70860 753
70724 70723 753
70724 70859 753
70860 70722 753
70860 70858 238
70860 70861 512
77086 70879 360
66923 66922 881
67317 66922 562
66921 66924 930
66925 66924 2666
67322 67321 778
67322 67324 452
67324 67322 452
67324 67326 778
67327 67326 452
67327 67329 452
67339 67338 889
70714 70720 844
70697 70699 285
70697 70700 1336
77087 70699 1734
77087 70733 962
70693 70733 1780
70700 70697 1336
70700 70753 344
70754 70753 632
70730 70728 665
70730 70729 911
70730 70729 911
70741 70729 1520
64459 64460 538
64470 64469 2336
64510 64507 475
64549 64563 719
64503 64599 3367
64632 64599 713
64644 64642 1256
64644 64769 1503
64656 64660 1161
64656 64774 2047
64646 64774 1114
64623 64648 3500
64647 64648 2554
64647 64655 2021
64655 64647 2021
64655 64657 905
64652 64653 538
64676 64727 3193
64730 64731 885
77077 64731 1322
64741 64740 452
64742 64740 1185
64707 64700 422
64707 64718 1621
64719 64718 1908
64719 64734 1014
64734 64719 1014
64734 64748 344
64737 64748 1121
64721 64720 1229
64721 64722 1595
64721 64751 896
64722 64721 1595
64722 64760 712
77834 64760 1463
63499 64701 1272
64698 64701 782
63495 63500 1086
63495 63502 769
63503 63502 1357
63504 63500 507
63504 63502 1124
63504 63505 222
64700 64706 1980
64700 64707 422
64720 64706 632
64720 64714 1832
64720 64721 1229
64716 64714 356
64717 64714 571
63500 63495 1086
63500 63501 1309
63500 63504 507
64228 64231 675
64233 64231 667
64233 64235 1454
64239 64236 913
64240 64236 567
64185 64184 782
70831 70830 2725
73147 73145 2165
73150 73148 1127
71320 71319 2500
74792 74350 613
74792 74791 885
74794 74791 2431
74871 74839 885
74871 74851 1709
74871 74893 3237
74894 74893 885
74894 74906 2975
74908 74906 554
74910 74906 789
74905 74902 747
74905 74907 169
57731 74902 2186
57731 74930 789
74850 74849 1634
74851 74849 789
74851 74871 1709
74354 74353 554
74357 74353 1810
74059 74113 330
73236 74114 1333
74102 74114 823
74115 74114 475
74166 74165 857
74167 74165 678
74244 74243 602
74470 74247 937
74475 74471 1441
74861 74853 1012
74861 74860 475
74862 74859 1117
74862 74947 202
74860 74845 1068
74860 74861 475
74870 74845 2155
74864 74948 632
74963 74948 885
74973 74974 195
74978 74962 1349
74980 74962 1308
74980 74975 924
74975 74979 231
74975 74980 924
74473 74472 289
74484 74535 738
77287 74535 2310
74547 74548 699
76483 74548 725
75069 75075 1183
75080 75081 676
75082 75081 1565
76032 76106 3227
76177 76111 8905
76238 76116 1213
76238 76237 1114
76012 76013 2045
76224 76114 538
76231 76114 5572
76237 76118 1616
76237 76238 1114
75019 75020 478
75021 75020 3805
75021 75031 1311
74766 74764 1268
74766 75022 2298
74768 75022 3169
74984 74727 1700
74984 75022 4448
75032 75031 2560
77311 77309 1571
77311 77312 3197
77310 77309 1200
78288 78287 778
74723 74725 3434
74727 74725 3896
74727 74764 2454
74727 74984 1700
74763 74726 1114
74764 74726 1579
74764 74727 2454
74764 74766 1268
74744 74676 4509
74744 74746 818
74744 74756 1897
74748 74715 1357
74748 74756 1189
74577 74578 740
74582 74580 1157
74585 74580 2024
75293 75295 2157
75293 75296 2270
75295 75293 2157
75295 75296 813
74592 74596 1083
74597 74596 748
78285 74596 4138
74600 74605 2617
74610 74605 2240
74610 74608 1633
74608 74607 2369
74608 74610 1633
74609 74607 613
74746 74733 4312
74746 74744 818
74745 74677 942
74745 74680 1111
74715 74683 984
74715 74748 1357
170964 170965 1225
170964 170988 591
170964 170989 1447
170990 170989 675
171740 171746 1000
171740 171747 928
171746 171740 1000
171746 171744 2532
171778 171744 667
171778 171781 2447
171783 171781 778
171783 171891 2279
171878 171825 2447
171878 171877 1003
171892 171825 782
171892 171890 2532
171891 171783 2279
171891 171890 782
171888 171877 2447
171888 171887 1000
171888 171927 2532
171930 171909 506
171930 171931 3557
171929 171927 893
171932 171927 2363
171931 171910 506
171931 171930 3557
172226 171910 2556
170967 170965 639
95863 95862 344
96192 96206 1556
96210 96206 1103
96210 96209 2585
96208 96207 1466
96209 96207 202
96209 96210 2585
96290 96286 1334
96783 96782 1302
96787 96782 1031
96819 96816 713
96827 96818 890
96829 96818 605
96832 96853 1209
96852 96853 2282
95648 95647 180
95648 100113 599
97308 97330 662
97335 97330 372
97340 97336 720
102324 97336 865
100393 100389 682
103094 100392 2998
103094 103093 3025
97038 97037 788
97074 97073 3186
97075 97076 1031
97075 97081 1518
97076 97075 1031
97076 97092 3478
97137 97092 1209
97222 97184 476
97151 97188 1307
97151 97189 1168
97194 97188 418
97148 97189 1444
97199 97195 336
97201 97195 612
99627 99626 2429
99631 99628 1558
97233 99619 5727
99639 99619 1559
99682 99683 7744
99821 99817 1477
99812 99810 5071
99973 102795 954
99813 99814 1178
99822 99839 1698
99840 99839 612
99961 99846 1268
99962 99846 2421
99848 99847 1063
99848 99849 1730
99848 99854 1144
99855 99849 952
99855 99854 1716
99855 99856 476
99853 99852 1259
99854 99848 1144
99854 99852 1426
99854 99855 1716
99856 99855 476
99856 99996 517
99997 99996 552
99997 99998 552
99998 99997 552
99998 100430 2929
99998 100501 552
100501 99998 552
100501 100433 517
100502 100433 612
100502 100505 476
100506 100505 878
100506 100511 1769
100437 100511 610
100514 100525 1975
100528 100525 403
100571 100570 1185
100574 100570 1371
101837 100570 1450
100595 100598 4467
100395 100396 2018
100395 100396 2018
100605 100398 216
96485 96484 374
100414 96484 1292
100565 100567 2848
101463 101462 395
101532 101534 373
101540 101543 1221
101473 101478 1074
101486 101478 924
101511 101488 1388
101622 101621 2621
101541 101549 895
101551 101549 3027
101567 101564 505
101961 91968 352
92144 92143 455
92144 92220 337
92222 92220 204
92224 92220 602
101046 101047 2216
101415 101047 3715
101413 101417 1346
101418 101417 984
121801 121800 1558
121825 121800 1520
101336 101340 336
101344 101350 3285
101345 101350 3809
101374 101364 4302
92140 92132 111
92210 92143 270
92217 92143 540
101275 101278 3902
101294 101278 1161
101294 101519 1447
101515 101278 1188
101515 101517 3282
101516 101517 1120
101519 101294 1447
101519 101523 3228
101521 101523 2336
117875 117876 2371
117875 118003 2019
117631 117630 953
117692 117630 1686
100924 117675 7398
117676 117675 2021
596
124710
120230
120233
120181
120420
124707
124691
120246
67040
77011
77017
67161
66844
66839
67023
67025
60575
60571
60579
60580
60593
60595
66884
66904
66909
77713
70731
70865
70868
70881
70867
66933
67330
67335
67340
70857
70863
70871
70873
70698
70755
70742
64466
64508
64562
64633
64767
64771
64781
70809
70810
64661
64775
64658
64664
64728
64729
64743
64749
64752
64753
64702
64708
64713
63506
63507
64234
64238
64232
64164
64830
73146
70854
70855
70851
70852
74349
73348
74409
74838
74892
74903
74904
74898
74929
74814
74419
74824
74410
74416
74358
74064
74112
74153
74164
74245
74468
74509
74448
74854
74855
74857
74439
74843
74412
74417
74436
74858
74945
74950
74961
74474
74476
74518
74540
74541
57800
75074
76014
76110
76104
76115
75023
75025
77297
77317
77318
78289
74724
74758
74579
74598
74604
74732
74678
74679
74675
170987
170992
170994
170997
171016
171748
171745
171782
171815
171824
171876
171886
171924
171904
171928
171905
170983
95860
96205
96285
96780
96817
97035
100115
100118
97337
100112
103091
100386
100387
97039
97082
97084
97181
97182
99630
99622
102377
99785
99789
99809
102796
99825
99830
99842
99820
99845
99857
100431
100436
100530
100569
100397
100401
100462
100568
101469
101577
101489
101581
101535
101536
101485
101623
101548
101552
91967
103019
91963
101737
92221
101359
101360
101370
92031
101525
92130
92131
101522
101566
118005
117677
117841
117638
117806
117861
117887
122108
122139
121747
121755
117695
117696
121781
121782
117702
122016
122018
122223
122237
122241
122242
121996
122050
121981
121815
121848
121808
121854
121862
121861
121833
121867
121838
121844
121846
121843
121856
121858
121865
121891
124114
124117
124224
124237
118004
118040
117916
118007
118125
118084
124278
124282
124286
124399
124402
124412
124441
124442
123543
123550
124459
124465
124453
124432
124433
124437
124481
124482
124553
124555
124681
124680
124702
117675
117795
117635
117639
117799
117859
117860
117888
121965
121746
121732
121783
122015
122222
122224
122236
122238
122240
122263
121997
121998
121980
121986
121813
121832
121794
121799
121853
121888
121842
121841
121847
121863
118264
124115
124230
124238
118011
118041
118060
118343
117876
118182
118251
118130
124280
124284
124287
124398
124401
124403
124404
124413
124414
124444
123541
124443
123544
124448
124408
124423
124424
124431
124439
124477
124537
124540
124550
124551
124552
124682
124556
124699
124706
120183
120192
120241
120169
120180
124574
124685
124687
124562
124566
124690
120215
120244
120248
120250
67044
67045
67065
66981
66956
77728
60468
60569
77043
66998
60539
60567
60540
60584
60603
66886
66887
66889
66899
70718
70723
70726
70728
70722
70724
66921
67322
67324
67327
70714
70697
77087
70693
70700
70741
64459
64470
64510
64549
64503
64632
64644
64656
64646
64623
64647
64655
64652
64676
64730
64742
64707
64719
64734
64737
64722
63499
64698
63495
64700
64228
64240
64185
70831
73147
73150
74792
74794
74871
74894
74908
74910
74905
57731
74851
74059
73236
74102
74167
74861
74862
74860
74870
74864
74963
74973
74978
74980
74975
74473
74484
74547
75069
75080
76032
76238
76224
76237
75019
75021
74766
74768
74984
75032
77311
77310
78288
74723
74727
74748
74577
74582
74585
75293
75295
74592
74597
74600
74610
74608
74609
74746
74745
74715
170964
171740
171746
171778
171783
171878
171892
171891
171888
171930
171929
171932
171931
170967
95863
96192
96210
96209
96290
96787
96819
96827
96832
96852
95648
97308
102324
103094
97038
97074
97075
97076
97137
97151
97194
97148
97199
97201
99627
99631
97233
99639
99682
99821
99973
99822
99961
99856
99997
100501
100502
100506
100437
100514
100528
100571
100574
101837
100595
100395
100605
100414
100565
101532
101540
101473
101511
101541
101961
92144
101046
101415
101413
101418
121801
121825
101336
101344
101345
101374
92140
92210
92217
101275
101294
101515
101516
101519
101521
117875
100924
117676
