580
152481 152480 612
152481 152699 4934
152700 152699 4484
152731 152725 2801
152731 152730 4683
152720 152719 1547
152388 152387 728
152388 172832 337
152372 152376 1413
152372 152989 1263
152988 152987 3496
152988 153147 566
153148 153147 1955
152959 152960 406
152961 152382 126
152961 152960 769
152385 152379 838
152380 152379 1301
152380 152381 666
152448 152447 452
152448 152510 1200
152486 152509 818
153093 153094 4566
153134 153136 1104
153134 155738 940
155737 155733 2033
155737 155741 782
155737 155754 933
155702 155700 683
155702 155786 3372
155778 155779 837
155778 155964 2081
155965 155964 789
155965 155967 2283
155965 155970 751
155692 155691 842
155692 155693 1701
155692 155972 667
155789 155693 1436
155789 155697 667
155970 155965 751
155970 155971 2283
155970 155973 885
155972 155692 667
155972 155973 336
155972 155976 505
155786 155699 1121
155786 155702 3372
155753 155752 187
155753 155754 427
155756 155757 2956
155756 155761 747
153096 153095 602
153098 153097 534
153366 153144 2778
153136 153134 1104
153136 155728 1036
153206 153207 1826
153206 155730 790
153145 153144 672
153145 153182 1044
153145 153191 605
172876 172877 942
172876 172880 1042
153193 153192 1364
153193 153419 537
153193 153482 1505
172879 172878 1097
172879 172880 1042
153210 153208 818
153210 153415 1275
153417 153415 2028
153417 153418 713
173534 186092 1134
173535 173513 1904
173535 173514 1848
175127 175129 678
173544 173539 1098
173544 173545 782
173546 173155 818
173546 173676 2794
173554 173555 951
173554 173556 2162
173681 173680 708
173681 173710 1446
173158 173159 6881
173158 173160 2845
173208 173207 2478
173210 173211 1178
173210 185742 3155
183024 183025 2871
183024 183029 1933
173171 173114 3349
173171 173190 483
185423 173710 2063
185423 186048 1782
174762 174770 5052
174830 174828 2402
185439 185440 1031
185439 185707 1683
185704 185703 1279
185704 185705 3187
186068 186069 643
152920 152921 3467
152920 153113 1879
153109 153110 697
153109 153116 807
153047 153124 1074
153111 153110 837
153111 153123 677
153088 172306 517
153080 153081 537
153080 153082 976
153058 153059 688
153058 153079 751
155479 155478 474
155473 155475 738
176126 176145 2009
176146 176145 1055
156238 156239 556
156245 156243 1184
156245 156256 1688
156253 156254 337
156253 156256 713
156255 156254 333
176175 176174 1095
176175 176541 777
176188 176189 758
176188 176539 933
176189 176188 758
176189 176532 905
156259 156258 373
176534 176535 505
176530 176529 600
176530 176535 1730
176151 176161 506
176153 176179 600
155659 155660 3103
155659 156062 435
156064 172789 240
155647 155654 435
152907 152906 4363
152907 152924 600
155682 155687 2171
155686 155673 789
155686 155687 2306
156295 156341 517
156335 156333 2715
156335 156337 2715
156274 156275 2586
156274 156276 1470
156274 156316 1017
156315 156314 905
156303 156298 738
156303 156412 2791
156326 156314 953
156326 156331 842
156328 156331 1631
156055 156054 1650
156055 172787 514
156307 156308 951
156307 156351 683
156312 156567 984
155643 155644 758
155643 155674 667
155676 155674 2063
155676 155675 818
155688 155675 1035
155688 155687 778
155646 155655 1634
155644 155643 758
155644 155656 3471
155540 155541 752
155540 155589 4125
155597 155602 3495
155601 155602 842
155601 155603 630
155604 155603 1919
177119 177150 677
177237 177223 1009
177223 177237 1009
177204 177203 873
177203 177204 873
177212 177211 2047
177211 177212 2047
176144 176145 222
176816 176818 1578
176818 176816 1578
165276 165275 2007
165275 165276 2007
167386 167322 818
167322 167386 818
165162 165170 752
165170 165162 752
164820 164825 924
164825 164820 924
164755 164754 672
164754 164755 672
211378 211384 612
211384 211378 612
211215 211218 753
211218 211215 753
212207 212211 623
212211 212207 623
114188 114196 835
114196 114188 835
114944 114854 2418
114854 114944 2418
92263 92262 672
92262 92263 672
94476 94477 846
94477 94476 846
107061 107182 2927
107182 107061 2927
109496 109498 2580
109498 109496 2580
115844 115860 818
115833 115860 1031
115860 115833 1031
115860 115844 818
191703 191491 1346
191491 191703 1346
191570 191894 954
191894 191570 954
109928 109937 847
109937 109928 847
111029 111036 194
111036 111029 194
111241 111255 809
111255 111241 809
111256 111282 750
111282 111256 750
111357 111355 2250
111355 111357 2250
111488 111523 1196
111523 111488 1196
111515 111629 672
111629 111515 672
111644 111647 1336
111622 111615 1114
111615 111622 1114
111647 111644 1336
104143 104314 750
104314 104143 750
104343 104358 336
104358 104343 336
39409 39397 1482
39397 39409 1482
39427 39429 709
39429 39427 709
40422 40421 2890
40421 40422 2890
40802 40810 3327
40810 40802 3327
40786 41616 1560
41616 40786 1560
41621 41623 1022
41623 41621 1022
48349 48348 927
48362 48364 848
48364 48362 848
48348 48349 927
48581 48576 951
48581 48582 677
48582 48581 677
48566 48571 818
48576 48581 951
48571 48566 818
48837 48836 256
48839 48850 1032
48850 48839 1032
48836 48837 256
131471 131472 2243
131472 131471 2243
131492 131491 747
131494 131491 688
131495 131498 789
131491 131492 747
131491 131494 688
131498 131495 789
131774 131776 1954
131775 131776 205
131776 131774 1954
131776 131775 205
54468 54473 828
54473 54468 828
54571 54585 2551
54585 54571 2551
54591 54641 1716
54525 54521 650
54521 54525 650
54641 54591 1716
150500 150506 751
150506 150500 751
150697 150708 1390
146929 150708 1677
150708 146929 1677
150708 150697 1390
140276 140279 770
140279 140276 770
140449 141871 2508
141871 140449 2508
141880 141873 717
141873 141880 717
141946 141952 737
141952 141946 737
142649 142648 917
142648 142647 919
142648 142649 917
142077 142076 1034
142647 142648 919
142076 142077 1034
142078 142590 2180
142590 142078 2180
142552 144500 1933
144500 142552 1933
142781 142780 952
142780 142781 952
204527 204462 2037
204862 204863 864
204863 204862 864
204863 204874 784
204874 204863 784
144841 145038 824
145038 144841 824
145056 145105 240
145105 145056 240
145671 145672 780
145672 145671 780
145690 145691 761
145691 145690 761
145694 145703 425
145805 145806 701
145894 145893 684
145893 145894 684
145703 145694 425
145806 145805 701
146092 146106 1646
151593 151659 1934
151659 151593 1934
203843 204446 594
146106 146092 1646
204462 204527 2037
204446 203843 594
213039 214478 1016
208699 208700 659
208700 208699 659
214478 213039 1016
208716 208719 815
208751 208697 1742
208697 208751 1742
208719 208716 815
152579 162528 2245
162528 152579 2245
167125 167234 1773
167234 167125 1773
166791 167044 1941
167044 166791 1941
152431 152432 562
152432 152431 562
180372 180368 877
180368 180372 877
180360 179653 2328
179653 180360 2328
182079 182078 1098
182078 182079 1098
152480 152481 612
152699 152481 4934
152699 152700 4484
152725 152731 2801
152730 152731 4683
152719 152720 1547
152387 152388 728
172832 152388 337
152376 152372 1413
152989 152372 1263
152987 152988 3496
153147 152988 566
153147 153148 1955
152960 152959 406
152960 152961 769
152382 152961 126
152379 152380 1301
152379 152385 838
152381 152380 666
152447 152448 452
152510 152448 1200
152509 152486 818
153094 153093 4566
153094 153095 3448
155738 153134 940
155733 155737 2033
155741 155737 782
155754 155737 933
155754 155752 292
155754 155753 427
155700 155699 2468
155700 155702 683
155779 155778 837
155964 155778 2081
155964 155965 789
155967 155965 2283
155967 155971 751
155691 155692 842
155693 155692 1701
155693 155789 1436
155697 155699 1225
155697 155789 667
155971 155967 751
155971 155970 2283
155973 155970 885
155973 155972 336
155973 155976 336
155976 155972 505
155976 155973 336
155699 155697 1225
155699 155700 2468
155699 155786 1121
155752 155753 187
155752 155754 292
155757 155756 2956
155761 155756 747
153095 153094 3448
153095 153096 602
153097 153098 534
153144 153145 672
153144 153366 2778
155728 153136 1036
153207 153206 1826
153207 153208 766
155730 153206 790
153182 153145 1044
153191 153145 605
172877 172876 942
172877 172878 340
172880 172876 1042
172880 172878 632
172880 172879 1042
153192 153193 1364
153419 153193 537
153419 153418 873
153482 153193 1505
172878 172877 340
172878 172879 1097
172878 172880 632
153208 153207 766
153208 153210 818
153415 153210 1275
153415 153417 2028
153418 153417 713
153418 153419 873
186092 173534 1134
173513 173535 1904
173514 173535 1848
175129 175127 678
173539 173544 1098
173545 173544 782
173155 173546 818
173676 173546 2794
173555 173554 951
173556 173554 2162
173680 173681 708
173710 173681 1446
173710 185423 2063
173159 173158 6881
173160 173158 2845
173207 173208 2478
173207 173211 5070
173211 173207 5070
173211 173210 1178
185742 173210 3155
183025 183024 2871
183029 183024 1933
173114 173171 3349
173190 173171 483
186048 185423 1782
174770 174762 5052
174828 174830 2402
185440 185439 1031
185707 185439 1683
185703 185704 1279
185705 185704 3187
186069 186068 643
152921 152920 3467
153113 152920 1879
153110 153109 697
153110 153111 837
153116 153109 807
153124 153047 1074
153123 153111 677
172306 153088 517
153081 153080 537
153082 153080 976
153059 153058 688
153079 153058 751
155478 155479 474
155475 155473 738
176145 176126 2009
176145 176144 222
176145 176146 1055
156239 156238 556
156239 156243 2208
156243 156239 2208
156243 156245 1184
156256 156245 1688
156256 156253 713
156254 156253 337
156254 156255 333
156254 156258 1268
176174 176175 1095
176541 176175 777
176539 176188 933
176532 176189 905
156258 156254 1268
156258 156259 373
176535 176530 1730
176535 176534 505
176529 176530 600
176161 176151 506
176179 176153 600
155660 155659 3103
156062 155659 435
172789 156064 240
172789 172787 1589
155654 155647 435
155654 155655 1004
155654 155673 1483
152906 152907 4363
152924 152907 600
155687 155682 2171
155687 155686 2306
155687 155688 778
155673 155654 1483
155673 155686 789
156341 156295 517
156341 156351 4337
156333 156335 2715
156333 156337 667
156337 156333 667
156337 156335 2715
156275 156274 2586
156276 156274 1470
156316 156274 1017
156316 156314 933
156314 156315 905
156314 156316 933
156314 156326 953
156298 156303 738
156412 156303 2791
156412 156331 766
156331 156326 842
156331 156328 1631
156331 156412 766
156054 156055 1650
172787 156055 514
172787 172789 1589
156308 156307 951
156351 156307 683
156351 156341 4337
156567 156312 984
155674 155643 667
155674 155656 2798
155674 155676 2063
155675 155676 818
155675 155688 1035
155655 155646 1634
155655 155654 1004
155655 155656 421
155656 155644 3471
155656 155655 421
155656 155674 2798
155541 155540 752
155589 155540 4125
155589 155602 766
155602 155589 766
155602 155597 3495
155602 155601 842
155603 155601 630
155603 155604 1919
177150 177119 677
966
152481
152700
152731
152720
152388
152372
152988
153148
152959
152961
152385
152380
152448
152486
153093
153134
155737
155702
155778
155965
155692
155789
155970
155972
155786
155753
155756
153096
153098
153366
153136
153206
153145
172876
153193
172879
153210
153417
173534
173535
175127
173544
173546
173554
173681
173158
173208
173210
183024
173171
185423
174762
174830
185439
185704
186068
152920
153109
153047
153111
153088
153080
153058
155479
155473
176126
176146
156238
156245
156253
156255
176175
176188
176189
156259
176534
176530
176151
176153
155659
156064
155647
152907
155682
155686
156295
156335
156274
156315
156303
156326
156328
156055
156307
156312
155643
155676
155688
155646
155644
155540
155597
155601
155604
177119
177138
177144
177051
177058
177237
177221
177223
177132
177129
177204
177203
177208
177195
177206
177212
177211
176221
176223
176231
176144
176212
176216
176225
176960
177199
177229
175016
176825
176856
176862
173876
174938
175002
175008
174892
174895
176766
176816
176818
165096
165348
165351
165339
165366
165281
165276
165275
165434
167338
167291
167321
167386
167300
167322
165110
165116
165172
165106
165108
165162
165146
165159
164806
164827
164849
165526
165181
165154
165336
165333
165356
165235
165386
165191
165403
165401
165410
165170
164808
164819
164820
164783
164825
164755
164668
164761
164752
164758
164749
164754
211378
211384
211392
211484
211510
211132
211186
211190
214690
211189
211214
211215
211218
211381
211478
211481
211515
211536
211542
211565
198906
211572
211576
211578
212207
212211
212212
212245
212268
212274
211357
212468
212473
212524
160144
160146
164587
164510
172436
212538
212540
212259
212265
212448
212469
114332
114311
113851
114223
114431
114425
113970
114194
114188
114196
114026
119209
119295
118559
119147
119384
119393
114944
115027
114854
92005
92004
92016
92021
92032
92066
92054
92115
92119
102207
94382
94415
102212
92263
92283
92256
92262
92271
94476
94477
94461
94463
115828
92400
92403
92409
92319
92320
92499
105803
107033
107063
107061
107089
107182
93190
107058
107104
107098
107205
107214
108492
107433
107455
107422
107503
107501
107522
107541
109481
109496
109498
92898
92954
92971
102769
93040
93054
92788
101988
92791
105763
115791
115844
115833
115860
191540
190861
191019
192004
194162
191682
191659
192076
191703
192740
191491
191570
191894
191851
191857
191867
191869
194029
191634
194025
192756
191041
194251
192702
192725
192726
192806
114073
114089
114105
114370
114374
114376
109466
113907
109372
113896
109419
109432
109513
109804
109826
109974
109381
109901
109928
109909
109916
109937
111023
111031
111029
109946
111036
105188
109915
109889
110999
111035
110980
111068
111070
111065
111067
111076
111241
111255
111256
111282
111276
103353
111285
111357
111486
103351
111355
111488
111523
111526
111512
111515
111629
111644
111620
111623
111622
111615
111443
111659
111433
111435
111448
111647
110833
110838
112575
111663
104134
104150
104091
105730
105735
112879
112643
112737
104143
104314
104343
104353
104358
104367
104417
39207
39205
39506
39504
39510
39184
39188
39185
104236
104239
104725
104732
104736
104772
104778
104281
104796
104288
39159
39167
39172
39176
104805
104844
104375
104381
104848
104481
104901
104909
104857
104604
104601
104498
104859
39369
39435
39321
39332
39326
37262
39363
39409
39359
39368
39397
39399
39400
39406
39427
39429
40229
40445
40446
40447
40279
40310
40305
40292
40369
40370
40371
40387
40422
40421
40567
40568
40747
40844
40843
40802
40572
40809
40810
55234
55235
55196
55424
40786
41616
41620
41621
41623
48381
48461
48462
48476
48418
48545
48349
48350
48362
48364
48377
48337
48348
48578
48581
48582
48713
48829
48835
48568
48577
48566
48576
48571
48834
48837
48839
48850
48853
48862
48875
48836
48196
48226
48231
48241
48988
49007
49005
49583
48281
126175
131356
131363
49589
49581
131371
131471
131472
131492
131494
131495
131491
131498
131514
131682
131744
131749
131774
131775
131776
131836
131844
131853
53783
54041
54450
54453
54468
54473
54518
54546
54554
54555
54561
54571
54585
54591
52949
56334
56337
52748
54650
54525
54479
54521
54523
54721
52588
54641
53882
53894
56640
53946
53962
55176
55177
52793
55174
55182
144510
150500
150506
150508
150487
150490
150620
150693
150697
146929
150708
140276
140279
150735
150731
140282
140388
140445
140449
141871
141880
141870
141873
141886
141894
141902
141942
141946
141952
141955
141995
142085
142087
142113
142117
142134
142131
142107
142642
142649
142648
142077
142083
142634
142647
143260
142076
142078
142590
142595
142617
142625
142744
142756
142757
142774
142552
144511
144500
142781
142780
144785
144516
144790
144794
56353
204527
204532
204560
204773
204778
204781
204805
204807
204858
204862
204881
204863
204871
204873
204874
144555
144566
144551
144565
144839
144841
144561
144848
145038
145045
145056
145105
145111
145129
145131
145524
145528
145542
139771
145555
145671
145672
145676
145690
145691
145694
145805
145804
145894
145893
145885
145890
145703
145887
145892
145806
145854
145860
145872
145946
146086
146092
151593
195352
151659
151574
203843
146111
151625
146106
146113
204459
204462
204446
214412
214946
213039
208699
208700
214478
208701
213743
208716
208751
208753
208697
208719
208769
208744
208772
195327
211112
208787
211120
211141
211142
211170
211168
211202
211368
211355
211375
167328
167385
167374
167553
172820
167369
167579
152548
152579
162528
167246
152541
152543
152536
167225
167114
167125
167234
167269
167230
167251
166777
166808
166815
166803
166737
166770
166791
167044
167045
167058
167062
167103
168412
167082
167119
152430
152437
152427
152431
152432
162538
152452
178864
178865
180372
180368
180360
179653
179658
180152
180161
182071
182083
179710
182106
182090
182092
182079
182078
182176
182195
182193
182274
182281
182296
182286
182298
182299
152955
152969
152968
152992
152996
152480
152699
152725
152730
152719
152387
152376
152989
152987
153147
152960
152382
152379
152447
152510
152509
155733
155741
155700
155779
155964
155967
155691
155693
155697
155971
155973
155976
155752
155757
155761
153097
155728
153207
155730
153182
153191
153192
153419
153482
153208
153415
153418
173513
173514
173539
173545
173155
173676
173556
173680
173710
173159
173207
173211
173114
173190
174770
174828
185703
152921
153113
153110
153116
153124
153082
153059
153079
155478
155475
156239
156243
156256
176174
176541
176539
176532
156258
176535
176529
176161
155660
156062
172789
152906
152924
155673
156341
156333
156337
156275
156276
156316
156314
156298
156412
156331
156054
172787
156308
156351
156567
155675
155656
155541
155589
155603
177150
