576
173120 173119 3619
173120 173198 3060
173199 173116 1593
173199 177744 3650
173213 173212 2044
174756 174757 2496
174849 174848 827
174849 174863 1345
174849 174864 944
174862 174861 827
174851 174852 215
174851 185752 525
185768 186013 2209
155501 155503 435
155501 155557 766
153129 153073 677
153129 155552 1410
155502 155503 1772
155502 155555 3292
153131 153128 940
153131 155499 1906
155498 153087 797
155498 172305 862
153067 153069 673
153067 153070 1000
153061 153062 1592
153061 172304 677
153087 153085 1422
153087 155498 797
153077 153128 796
153084 153085 1354
153084 155499 650
155531 153070 3364
155531 155530 810
155533 155530 837
155533 155532 2083
155546 155545 612
155546 155551 2013
156223 156222 667
176173 176187 782
176259 176258 828
176550 176549 952
176550 176551 562
176548 176549 558
176548 176554 418
176538 176194 435
176538 176564 1095
176551 176550 562
176551 176560 892
176194 176193 1221
176194 176538 435
176196 176195 253
176526 176544 2357
156264 156265 517
156263 156262 683
156263 156319 782
176533 156261 445
176533 176566 418
176566 176533 418
176566 176567 952
176158 176157 1469
176158 176184 1446
176180 176181 238
176180 176182 933
176184 176158 1446
176184 176185 751
155662 155663 842
155662 155712 2007
155713 155712 849
155713 155714 374
156241 155714 790
156059 156058 1114
156059 156060 421
156292 156293 842
156292 156294 889
155562 155563 556
156345 156344 790
156345 156428 1055
156360 156361 2483
156360 156428 3217
156360 156433 782
156338 156357 3802
156359 156358 2138
156359 156362 2189
156359 156430 120
156361 156360 2483
156361 156363 1600
156268 156269 435
156268 156270 837
156278 156222 3471
156278 156229 758
156231 156230 334
156231 156232 589
156282 156234 1919
156282 156283 674
156285 156235 1576
156317 156320 1095
156323 156369 905
156332 156329 889
156332 156405 505
156348 156349 2482
156348 156421 667
156420 156419 1345
156420 156421 1782
156410 156409 1100
156410 156419 1344
156329 156332 889
156329 156407 2694
156048 156043 600
156048 156047 581
156309 156310 674
156309 156549 924
156539 156540 3668
156539 156552 1017
156287 156311 1085
156353 156354 905
156353 156440 344
156548 156547 1520
156548 156601 337
156356 156357 842
156310 156309 674
156310 156556 2586
156604 156605 1664
156604 156607 984
156601 156548 337
156601 156615 1004
156623 156624 279
155543 155544 537
155543 155556 1641
155559 155558 2362
155559 155560 1140
155567 155560 1124
155567 155563 333
177149 177152 435
177136 177143 276
177141 177142 789
177141 177453 3683
177454 177455 789
177454 177458 765
177153 177503 893
177500 177501 782
177500 177503 1531
177239 177241 336
177239 177246 1000
177249 177250 782
177249 177256 782
177249 177434 932
177255 177253 757
177255 177257 766
177255 177260 2347
177424 177426 418
177252 177250 796
177252 185512 599
177290 177291 692
177248 177245 610
177248 177258 766
177265 177258 2347
177265 177261 932
177267 177261 2237
177267 177268 766
177269 177270 612
177271 177270 927
177271 177356 2805
177355 177291 1131
177355 177356 3288
176244 176236 890
177241 177239 336
176719 176715 1161
176715 176719 1161
167393 167392 1355
167392 167393 1355
165531 165597 906
165597 165531 906
165413 165412 672
165412 165413 672
208781 208764 916
211252 211154 1458
211254 211260 756
211260 211254 756
211154 211252 1458
211137 211136 1993
211136 211137 1993
211136 211148 228
211148 211136 228
211276 211277 885
211277 211276 885
212218 212220 1774
212220 212218 1774
212542 212545 1817
164860 164859 1121
164859 164860 1121
212545 212542 1817
114319 114318 475
114318 114319 475
114009 114008 2454
114008 114009 2454
94380 94379 1296
94379 94380 1296
107113 107112 475
107112 107113 475
107199 107208 1959
107208 107199 1959
93063 93044 2279
93044 93063 2279
191674 191684 1145
191684 191674 1145
191758 191846 838
191846 191758 838
111044 111049 557
111049 111044 557
110150 110148 1420
110148 110150 1420
111281 111289 672
111289 111281 672
111314 111312 750
111312 111314 750
111419 111420 893
111606 111420 1336
111420 111419 893
111420 111606 1336
111426 111427 1775
111427 111426 1775
112483 112484 983
112484 112483 983
112743 112744 1336
112744 112743 1336
104090 104087 403
104087 104090 403
104246 104230 672
104230 104246 672
39145 39146 238
39146 39145 238
104369 104371 1274
104371 104369 1274
37274 37275 1085
37275 37274 1085
40378 40382 673
40382 40378 673
40799 40800 511
40800 40799 511
56317 55187 1612
40777 40781 2822
40781 40777 2822
47682 47700 1357
48440 48438 276
47700 47682 1357
47700 47701 951
47701 47700 951
48438 48440 276
48514 48515 1064
48819 48108 2967
48515 48514 1064
48108 48124 111
48108 48819 2967
48124 48108 111
48195 48252 593
48252 48195 593
48257 48275 782
48275 48257 782
131433 131435 951
131435 131433 951
131435 131438 2243
131438 131435 2243
131502 131515 1226
131515 131502 1226
131515 131589 1504
131589 131515 1504
131685 131698 1657
131698 131685 1657
131731 131753 958
131753 131731 958
131761 131755 461
131755 131761 461
131858 131860 808
131860 131858 808
54456 54463 2363
54610 54611 1395
54611 54610 1395
54463 54456 2363
53877 53879 1546
53879 53877 1546
53955 53957 238
53957 53955 238
55187 56317 1612
150737 150739 1738
141818 150739 536
150739 141818 536
150739 150737 1738
140466 140507 787
140507 140466 787
141948 141958 801
141958 141948 801
141974 141975 2366
141975 141974 2366
141975 141991 800
141991 141975 800
141715 141725 272
143470 143469 1220
143469 143470 1220
142659 142657 1631
142138 142657 2650
142657 142138 2650
142657 142659 1631
142124 142654 3163
142654 142124 3163
142654 142653 927
142653 142654 927
142688 142687 865
142687 142685 879
142687 142688 865
142673 142680 1170
142680 142673 1170
142685 142687 879
143261 141725 214
141725 141715 272
141725 143261 214
144800 144798 952
144798 144800 952
204464 204465 1810
204465 204464 1810
204549 204451 1808
204553 204548 683
204613 204614 1574
204614 204613 1574
145063 145082 914
145082 145063 914
145682 145684 857
145684 145682 857
145698 145701 832
145701 145698 832
204548 204553 683
204551 203848 1009
203848 204551 1009
204451 204549 1808
208764 208781 916
167360 167359 758
167359 167360 758
167585 167570 202
167570 167585 202
152583 152592 1398
152592 152583 1398
167227 167226 842
168495 168497 374
168497 168495 374
167226 167227 842
152498 152489 2015
152498 152507 1104
152489 152498 2015
180116 180124 778
180085 180149 1796
180149 180085 1796
180146 180134 885
180134 180146 885
180124 180116 778
152695 152701 2216
152701 152695 2216
152704 152713 581
152713 152704 581
152736 152741 1380
152741 152736 1380
152507 152498 1104
155796 155800 558
155800 155796 558
155996 156005 751
156005 155996 751
156032 155983 751
155983 156032 751
173097 173541 1363
173541 173097 1363
173219 173222 1674
173222 173219 1674
173119 173120 3619
173119 173198 869
173198 173119 869
173198 173120 3060
173116 173199 1593
177744 173199 3650
173212 173213 2044
174757 174756 2496
174848 174849 827
174863 174849 1345
174864 174849 944
174861 174862 827
174852 174851 215
185752 174851 525
186013 185768 2209
155503 155501 435
155503 155502 1772
155557 155501 766
155557 155558 2058
153073 153129 677
153073 155551 2283
155552 153129 1410
155552 155545 2685
155552 155555 837
155555 155502 3292
155555 155552 837
153128 153077 796
153128 153131 940
155499 153084 650
155499 153131 1906
172305 155498 862
153069 153067 673
153070 153067 1000
153070 155531 3364
153062 153061 1592
172304 153061 677
153085 153084 1354
153085 153087 1422
155530 155531 810
155530 155533 837
155532 155533 2083
155532 155551 747
155545 155544 697
155545 155546 612
155545 155552 2685
155551 153073 2283
155551 155532 747
155551 155546 2013
156222 156223 667
156222 156270 1457
156222 156278 3471
176187 176173 782
176258 176259 828
176549 176548 558
176549 176550 952
176554 176548 418
176564 176538 1095
176560 176551 892
176193 176194 1221
176193 176195 758
176195 176193 758
176195 176196 253
176544 176526 2357
156265 156264 517
156262 156261 333
156262 156263 683
156319 156263 782
156319 156320 2719
156261 156262 333
156261 176533 445
176567 176566 952
176157 176158 1469
176181 176180 238
176182 176180 933
176185 176184 751
155663 155662 842
155712 155662 2007
155712 155713 849
155714 155713 374
155714 156241 790
156058 156059 1114
156058 156294 766
156060 156059 421
156293 156292 842
156294 156058 766
156294 156292 889
155563 155562 556
155563 155567 333
156344 156345 790
156428 156345 1055
156428 156360 3217
156433 156360 782
156433 156363 842
156357 156338 3802
156357 156354 1017
156357 156356 842
156358 156354 924
156358 156359 2138
156362 156359 2189
156362 156363 688
156430 156359 120
156363 156361 1600
156363 156362 688
156363 156433 842
156269 156268 435
156270 156222 1457
156270 156268 837
156229 156230 462
156229 156278 758
156230 156229 462
156230 156231 334
156232 156231 589
156232 156283 1786
156234 156235 1010
156234 156282 1919
156283 156232 1786
156283 156282 674
156235 156234 1010
156235 156285 1576
156320 156317 1095
156320 156319 2719
156320 156369 758
156369 156320 758
156369 156323 905
156405 156332 505
156349 156348 2482
156421 156348 667
156421 156420 1782
156419 156410 1344
156419 156420 1345
156409 156410 1100
156407 156329 2694
156043 156048 600
156047 156048 581
156549 156309 924
156540 156539 3668
156552 156539 1017
156311 156287 1085
156354 156353 905
156354 156357 1017
156354 156358 924
156440 156353 344
156547 156548 1520
156556 156310 2586
156605 156604 1664
156607 156604 984
156615 156601 1004
156624 156623 279
155544 155543 537
155544 155545 697
155556 155543 1641
155556 155558 789
155558 155556 789
155558 155557 2058
155558 155559 2362
155560 155559 1140
155560 155567 1124
177152 177149 435
177143 177136 276
177143 177142 1000
177143 177426 3142
177142 177141 789
177142 177143 1000
177453 177141 3683
177453 177455 452
177455 177453 452
177455 177454 789
177458 177454 765
177503 177153 893
177503 177500 1531
177501 177500 782
177246 177239 1000
177246 177245 1227
177250 177249 782
177250 177252 796
177256 177249 782
177434 177249 932
177253 177255 757
177257 177255 766
177257 177258 849
177257 177261 2358
177260 177255 2347
177260 177261 682
177260 177268 2248
177426 177143 3142
177426 177424 418
185512 177252 599
177291 177290 692
177291 177355 1131
177245 177246 1227
177245 177248 610
177258 177248 766
177258 177257 849
177258 177265 2347
177261 177257 2358
177261 177260 682
177261 177265 932
177261 177267 2237
177268 177260 2248
177268 177267 766
177270 177269 612
177270 177271 927
177356 177271 2805
177356 177355 3288
176236 176244 890
967
173120
173199
173213
174756
174849
174862
174851
185768
155501
153129
155502
153131
155498
153067
153061
153087
153077
153084
155531
155533
155546
156223
176173
176259
176550
176548
176538
176551
176194
176196
176526
156264
156263
176533
176566
176158
176180
176184
155662
155713
156241
156059
156292
155562
156345
156360
156338
156359
156361
156268
156278
156231
156282
156285
156317
156323
156332
156348
156420
156410
156329
156048
156309
156539
156287
156353
156548
156356
156310
156604
156601
156623
155543
155559
155567
177149
177136
177141
177454
177153
177500
177239
177249
177255
177424
177252
177290
177248
177265
177267
177269
177271
177355
176244
176167
176241
176233
177241
176853
176859
176719
176742
174900
176763
176840
176715
176811
176797
165430
167341
165371
165382
165374
165378
167332
167353
167365
167393
167389
167392
167405
167298
167375
165178
165584
165527
165585
165531
165597
165535
165536
165157
165184
165204
165361
165391
167432
167508
167479
167500
165488
172696
167513
165192
165185
165413
165412
165418
164774
164763
164766
164793
164780
211492
211495
208781
208789
211129
211252
211254
211260
211273
211154
211137
211150
211136
211148
211276
211277
195350
199692
211489
211522
212218
212220
212294
212295
212297
212298
212475
212522
212523
212542
160142
164597
164860
164859
164913
161426
212545
212479
212488
114309
114319
114318
114327
113983
114009
114008
114211
114029
114032
119225
119267
119274
119283
119279
119281
119262
119268
118569
118515
119141
119144
119383
119034
114860
114862
102923
102933
91986
102919
102248
92041
92047
92049
102193
94369
94377
94380
94379
103229
94416
92202
92245
92247
94455
97404
94491
94466
115825
92306
92343
92411
92445
92321
92326
92437
92440
92442
92493
107073
107113
107112
93172
93183
93191
94117
107097
107199
107208
107209
107224
107240
107217
107258
108497
107430
108486
108529
107535
109222
109229
109246
109255
109487
92958
93063
92974
93015
93016
93044
93047
93072
93073
93053
92777
92794
101762
92599
92840
115795
115821
115845
191025
192894
194052
192014
191673
191674
191684
191964
191707
191748
192735
191849
194039
191758
191846
191542
191636
191642
191753
192708
192698
194306
192705
192801
114076
114109
114101
114103
114087
114182
109469
113905
109256
109268
113902
109429
103271
109514
109375
109379
109455
109803
109385
109962
109970
109934
109941
109943
109949
109959
111044
111042
111045
109960
111046
111059
111049
111056
111244
110150
110151
110148
111250
111265
111281
111289
111314
111308
111309
111312
111364
111491
111601
111605
111419
111606
111420
103404
111403
111408
111426
103408
103410
111427
112483
112626
112629
104131
104098
104111
104110
104095
104152
104154
105731
103980
103981
112827
112866
112875
112619
112484
112630
112740
112743
112744
104125
104345
104205
104229
104402
104451
39150
39177
39173
104234
104097
104090
104087
39064
104767
104246
104230
104207
104245
104386
104780
39154
39163
39144
39145
39146
104369
104371
104473
104475
104920
104598
104484
104494
104590
39374
39281
39140
39299
39318
39329
37248
37253
37259
37274
39395
37269
37271
37272
37275
39370
37287
37290
38417
40222
40225
40271
40302
40303
40280
40263
40265
40326
40331
40377
40378
40382
40417
40432
40427
50261
40745
40738
40748
43988
40799
40796
40800
56317
56342
40777
40778
40781
41601
41599
41605
41611
47680
47682
48440
48460
50381
48467
48445
48477
48473
48508
47700
47701
47705
47712
48361
48435
48438
48496
48514
48494
48819
48513
48515
48108
48124
48130
48128
48859
48180
48183
48186
48215
48228
48192
48195
48252
48198
48202
48255
48257
48268
48272
48275
48283
131348
131349
131433
131435
131438
131441
131455
131456
131499
131503
131502
131515
131589
131681
131685
131686
131698
131703
131731
131753
131761
131783
131786
131847
131755
131865
132299
132300
131857
131858
131860
131862
131864
53891
53887
50736
50809
53981
54456
54564
54567
54607
54610
54611
54635
54637
56330
54463
54478
54701
54217
54708
54714
54702
53877
53879
53897
53955
53957
53966
53960
53969
53965
53971
55187
150521
150524
150537
150477
150485
150698
150737
140288
140303
141818
150739
143649
140390
140393
140436
140454
140474
141883
141892
141900
140466
140524
141940
141950
140507
140526
140533
140534
141948
141958
141974
141975
141991
141996
142000
142006
141715
143262
143269
143421
143463
143465
143470
143469
142659
142664
142138
142657
143486
142124
142129
142654
142662
142705
142121
142652
142653
142676
142690
142688
142687
142673
142680
142685
142002
142003
143261
141725
142621
142622
142628
142749
142751
142785
142786
142793
144800
144798
144799
144826
144823
204464
204465
204549
204553
204562
204567
204593
204595
204600
204601
203850
204613
204614
204783
204789
204829
204882
204888
204911
204891
204879
204901
144842
144844
144853
145063
145082
145132
145135
145149
145157
145526
145534
145551
145638
144130
145678
145682
145684
145699
145698
145701
145907
145901
145940
145924
145910
145922
145929
145938
145943
204548
204551
203848
145954
145951
145961
146862
146931
151596
204445
204451
197580
197692
214672
211246
208794
208764
211201
167360
167359
167565
167585
167570
152557
152566
152574
152576
152583
152592
152590
162524
167268
167273
152466
152551
152569
167227
168495
167260
168497
167588
167382
168409
168413
166800
166812
166809
167067
168420
168417
167226
167122
168427
152458
152498
152456
152489
180116
180120
177682
179656
180104
180114
179661
179663
180085
180149
180146
180154
180134
180159
180124
179707
182085
179886
182178
179874
179892
179981
182304
152695
152701
152704
152650
152715
152772
152713
152736
172238
152741
153153
153161
152997
153105
152507
152514
155796
155800
155985
155988
155996
156003
156005
155670
156032
155983
155981
155749
155762
155794
153163
153177
153185
153322
153424
153392
153200
153472
155810
153475
172073
155750
155818
155821
171515
173039
173516
173524
173096
173097
173100
173531
173541
173132
173148
173133
173135
173693
173195
173702
173174
173203
173219
173221
173222
173050
173062
185991
173119
173198
173116
177744
173212
174848
174864
174861
155503
155557
153073
155555
153128
155499
153070
153085
155530
155532
156222
176187
176258
176549
176564
176560
176193
176195
176544
156262
156319
176567
176157
176185
155663
155712
155714
156058
156293
156294
155563
156344
156428
156433
156358
156362
156430
156270
156229
156232
156234
156283
156235
156369
156405
156349
156421
156419
156409
156407
156043
156047
156549
156540
156552
156440
156547
156556
156605
156607
156615
156624
155544
155556
155560
177142
177453
177455
177458
177503
177501
177246
177250
177256
177434
177253
177260
177426
177245
177268
177270
177356
176236
