576
112890 105723 252
104339 104337 1205
104339 104509 1022
104508 104509 551
104334 104325 889
104334 104335 788
104335 104326 1167
104335 104334 788
104335 104337 788
104340 104337 809
104340 104341 809
104340 104509 889
104407 104296 2552
104407 104408 399
104409 104405 4231
104409 104408 1603
39228 39227 1031
39228 39229 1254
39595 39585 1085
39535 39530 905
39535 39564 1266
39574 39555 738
39537 39531 982
39588 39531 1612
39588 39591 1484
39591 39588 1484
39591 39592 1008
39222 39220 1066
39222 39221 750
39222 39776 1715
104756 104742 1484
104756 104757 2246
104756 113700 765
39213 39193 788
39213 39197 1632
39217 39198 2727
39217 39218 581
104748 104749 1140
104751 104749 667
104751 104752 599
104818 104816 751
104818 104828 2180
104837 104835 1201
104837 104838 978
113951 113949 430
113951 113952 352
104872 104882 750
105023 105022 1836
105023 105025 1450
113616 104865 576
113616 113948 1273
113949 113950 283
113949 113951 430
113949 113953 122
104828 104818 2180
104828 104829 931
104828 104830 750
104423 104424 336
104929 104906 2092
104929 104947 606
104876 104877 1025
104876 104883 3573
104915 104906 529
104425 104424 557
104927 104926 2855
105015 105001 557
105010 105003 336
105010 105009 1135
104462 104463 947
104462 104464 737
104462 105005 1724
105026 105005 676
105026 105027 905
105036 105009 484
105036 105037 1254
104668 104669 698
104668 105027 306
39560 39559 476
39560 39562 1672
39562 39345 806
39562 39560 1672
39635 39464 806
39635 39637 511
39636 39463 476
39460 39446 1543
39460 39450 612
39460 39466 818
39467 39463 713
39467 39466 2030
39450 39442 796
39450 39448 1427
39450 39460 612
39470 39442 1732
39470 39473 238
39453 39442 650
39390 39391 836
39390 39451 1345
39392 39391 1809
39392 39416 796
39440 39442 2378
39440 39443 373
39413 39414 2757
39413 39416 889
39477 39475 1205
39481 39482 924
39481 39484 370
39491 39490 254
39499 39497 1350
39499 39500 1031
39683 39498 2915
39683 39698 873
39697 39701 1482
39698 39683 873
39698 40439 848
39704 39705 672
39748 39707 738
39748 39755 505
39748 40460 2068
39755 39748 505
39755 40483 363
40482 40483 847
40482 40484 2068
40487 40484 709
40487 40489 2035
40498 40497 747
40498 40499 1259
40504 40500 878
40504 40505 650
40520 40519 807
40520 40521 927
40520 40526 927
40529 40526 1411
40537 40535 1353
40537 40538 1225
40540 40538 873
40540 40609 1484
40528 40526 1029
40528 40527 677
41026 41027 581
40617 40616 605
41131 41129 517
40561 40558 1955
40549 40390 3041
40549 40552 661
40631 40618 832
40631 40632 1152
40635 40632 642
40831 40625 2372
40831 40828 882
40831 40835 2052
40836 40835 916
40836 40837 2376
40840 40837 709
40840 40851 2541
40853 40851 644
40853 40854 2296
40857 40854 1227
40857 40858 1674
40883 40888 2270
40890 40888 829
40955 40888 1226
40955 40953 699
40955 40957 1732
40959 40921 2773
40959 40957 1075
40959 40962 587
40962 40959 587
40962 41377 749
40964 40963 1769
40964 40966 905
40974 40972 884
40974 40973 789
40620 40585 1323
40620 40592 831
40620 40596 2780
40621 40585 807
40621 40622 324
40625 40596 924
40625 40831 2372
40930 40924 1259
40930 40926 1027
40930 40938 1323
40948 40926 2027
40948 40945 580
40946 40945 1014
40968 40966 2511
40973 40974 789
40940 40938 1255
55223 55224 1080
55224 55223 1080
55224 55390 537
55390 55224 537
48410 48406 884
48406 48410 884
48548 48668 1106
48668 48548 1106
48899 48893 747
48908 49046 948
49046 48908 948
48893 48899 747
48938 48937 1484
48937 48938 1484
49183 49184 671
49184 49183 671
131390 131391 1055
131391 131390 1055
131391 131392 474
131392 131391 474
54349 54354 1635
54354 54349 1635
54492 54497 2353
54497 54492 2353
54574 54577 238
54577 54574 238
144480 142528 2479
144480 144488 2481
144488 144480 2481
144488 144525 2839
144525 144488 2839
144653 144654 775
139787 150609 698
150609 139787 698
146999 147000 508
147000 146999 508
142528 144480 2479
141878 141908 2333
141908 141878 2333
142016 142018 492
142018 142016 492
142044 142052 1160
142052 142044 1160
142564 142578 1223
142578 142564 1223
142727 142729 1754
142729 142727 1754
55466 56106 810
56106 55466 810
204703 195576 213
195576 204703 213
144654 144653 775
144765 144766 1666
144766 144765 1666
145113 145119 897
145119 145113 897
145517 145520 880
145520 145517 880
145593 145595 809
145595 145593 809
145595 145606 776
145606 145595 776
145765 145766 751
145759 145756 792
145756 145759 792
145766 145765 751
145826 145839 690
145839 145826 690
146054 146055 824
146055 146054 824
151580 151577 815
151577 151580 815
151535 151537 851
151537 151535 851
204516 204517 802
204517 204516 802
207868 208558 255
208558 207868 255
208603 208663 363
208663 208603 363
166725 166705 893
166705 166725 893
167193 167192 790
167190 167189 818
167189 167190 818
167192 167193 790
167084 167086 1993
166754 166758 766
166758 166754 766
166758 167002 1011
167002 166758 1011
167086 167084 1993
180387 180388 336
180388 180387 336
182319 182320 629
182320 182319 629
181922 181923 344
181923 181922 344
182216 182310 1268
182310 182216 1268
182336 182354 1814
182354 182336 1814
173641 173643 1132
152464 152465 344
152465 152464 344
173643 173641 1132
173860 173857 3525
173857 173860 3525
152041 155529 948
155529 152041 948
176127 176129 667
176129 176127 667
155616 155615 1837
155615 155616 1837
155572 155591 650
155609 155610 871
155591 155572 650
155610 155609 871
175908 175907 952
175976 175975 924
175975 175976 924
177105 177073 870
177073 177105 870
176938 176939 376
176951 176950 1004
176950 176951 1004
176939 176938 376
177173 177174 873
177158 177156 605
177174 177173 873
175907 175908 952
177156 177158 605
176754 176756 5191
176756 176754 5191
211365 211415 185
211415 211365 185
165310 165320 818
165320 165310 818
164707 164703 2860
164703 164707 2860
164716 164700 1336
164700 164716 1336
211445 211449 449
211449 211445 449
211452 211460 1143
211460 211452 1143
92211 92212 736
92212 92211 736
115722 115723 640
115723 115722 640
106960 106967 930
106967 106960 930
92948 102598 2879
102598 92948 2879
106725 106724 2100
106724 106725 2100
115966 115967 233
115967 115966 233
92723 92722 1504
92722 92723 1504
191789 192011 484
192011 191789 484
191713 191712 409
191712 191713 409
111339 111347 805
103337 103339 411
111475 111478 418
111478 111475 418
103339 103337 411
111477 111347 496
111347 111339 805
111347 111477 496
111596 111597 672
111577 111578 778
111597 111596 672
111578 111577 778
111592 111682 782
111682 111592 782
111726 111727 889
111727 111726 889
112149 112165 1375
111742 111740 756
111653 111652 750
111652 111653 750
111740 111742 756
112165 112149 1375
112668 112656 747
112632 112631 747
112656 112668 747
112631 112632 747
104308 104318 599
104318 104308 599
104320 104325 737
103324 112774 2195
112774 103324 2195
112713 112598 782
112598 112713 782
105723 112890 252
104337 104335 788
104337 104339 1205
104337 104340 809
104509 104339 1022
104509 104340 889
104509 104508 551
104325 104320 737
104325 104326 737
104325 104334 889
104326 104325 737
104326 104335 1167
104341 104340 809
104296 104407 2552
104408 104407 399
104408 104409 1603
104405 104409 4231
39227 39228 1031
39229 39228 1254
39585 39595 1085
39530 39535 905
39564 39535 1266
39555 39574 738
39531 39537 982
39531 39588 1612
39592 39591 1008
39220 39218 418
39220 39222 1066
39221 39222 750
39776 39222 1715
104742 104756 1484
104757 104756 2246
113700 104756 765
39193 39213 788
39197 39198 905
39197 39213 1632
39198 39197 905
39198 39217 2727
39218 39217 581
39218 39220 418
104749 104748 1140
104749 104751 667
104752 104751 599
104816 104818 751
104816 104830 2458
104835 104837 1201
104838 104837 978
113952 113951 352
104882 104872 750
105022 105023 1836
105025 105023 1450
104865 113616 576
113948 113616 1273
113950 113949 283
113953 113949 122
104829 104828 931
104830 104816 2458
104830 104828 750
104424 104423 336
104424 104425 557
104906 104915 529
104906 104929 2092
104947 104929 606
104877 104876 1025
104883 104876 3573
104926 104927 2855
105001 105015 557
105003 105010 336
105009 105010 1135
105009 105036 484
104463 104462 947
104464 104462 737
105005 104462 1724
105005 105026 676
105027 104668 306
105027 105026 905
105037 105036 1254
104669 104668 698
39559 39560 476
39345 39562 806
39464 39635 806
39637 39635 511
39463 39467 713
39463 39636 476
39446 39448 788
39446 39460 1543
39466 39460 818
39466 39467 2030
39442 39440 2378
39442 39450 796
39442 39453 650
39442 39470 1732
39448 39446 788
39448 39450 1427
39473 39470 238
39391 39390 836
39391 39392 1809
39451 39390 1345
39416 39392 796
39416 39413 889
39443 39440 373
39414 39413 2757
39475 39477 1205
39482 39481 924
39484 39481 370
39490 39491 254
39490 39497 111
39497 39490 111
39497 39498 562
39497 39499 1350
39500 39498 1302
39500 39499 1031
39498 39497 562
39498 39500 1302
39498 39683 2915
39701 39697 1482
40439 39698 848
39705 39704 672
39707 39748 738
40460 39748 2068
40483 39755 363
40483 40482 847
40484 40482 2068
40484 40487 709
40489 40487 2035
40497 40498 747
40497 40500 677
40499 40498 1259
40500 40497 677
40500 40504 878
40505 40504 650
40519 40520 807
40521 40520 927
40521 40535 238
40526 40520 927
40526 40528 1029
40526 40529 1411
40535 40521 238
40535 40537 1353
40538 40537 1225
40538 40540 873
40609 40540 1484
40527 40528 677
41027 41026 581
40616 40617 605
41129 41131 517
40558 40561 1955
40390 40549 3041
40552 40549 661
40618 40631 832
40632 40631 1152
40632 40635 642
40828 40596 2357
40828 40831 882
40835 40831 2052
40835 40836 916
40837 40836 2376
40837 40840 709
40851 40840 2541
40851 40853 644
40854 40853 2296
40854 40857 1227
40858 40857 1674
40888 40883 2270
40888 40890 829
40888 40955 1226
40953 40955 699
40957 40955 1732
40957 40959 1075
40921 40959 2773
40921 40963 643
41377 40962 749
40963 40921 643
40963 40964 1769
40966 40964 905
40966 40968 2511
40972 40974 884
40585 40620 1323
40585 40621 807
40592 40620 831
40596 40620 2780
40596 40625 924
40596 40828 2357
40622 40621 324
40924 40930 1259
40926 40930 1027
40926 40948 2027
40938 40930 1323
40938 40940 1255
40945 40946 1014
40945 40948 580
974
112890
104339
104508
104334
104335
104340
104407
104409
39228
39595
39535
39574
39537
39588
39591
39222
104756
39213
39217
104748
104751
104818
104837
113951
104872
105023
113616
113949
104828
104423
104929
104876
104915
104425
104927
105015
105010
104462
105026
105036
104668
39560
39562
39635
39636
39460
39467
39450
39470
39453
39390
39392
39440
39413
39477
39481
39491
39499
39683
39697
39698
39704
39748
39755
40482
40487
40498
40504
40520
40529
40537
40540
40528
41026
40617
41131
40561
40549
40631
40635
40831
40836
40840
40853
40857
40883
40890
40955
40959
40962
40964
40974
40620
40621
40625
40930
40948
40946
40968
40973
40940
55202
55223
55224
55390
55393
55247
55415
55444
41635
48385
40941
41650
48410
48406
48424
48527
48542
48656
48548
48384
48390
48401
48668
48675
48694
48722
48727
48770
48777
48780
49083
48721
49075
48899
48908
48909
48916
48910
49046
49047
49053
48893
48920
48938
48939
48942
48949
48957
48932
48937
48960
48975
48997
48999
49001
50486
50488
49036
49038
49178
49183
49184
49466
49034
49591
49598
48318
48330
131390
131391
131392
131396
131415
131645
131647
131656
131675
131819
49707
131891
131900
54351
53781
54359
54349
54352
54354
54370
54347
54418
54443
54492
54497
54372
54381
54574
54577
54579
52663
52741
54541
54674
54662
54665
49708
53910
53775
53776
53907
53917
53923
53932
55150
55166
55209
55210
144480
144488
144525
144539
144538
144675
144626
144627
144653
139787
150609
150625
150606
150639
146999
147000
150651
139900
139901
139905
140194
140203
140250
140254
140257
140270
141578
141593
142495
142503
142531
142525
142528
141587
141878
141908
141927
142016
142018
142022
142044
142052
142053
142055
142564
142578
142579
142609
142610
142719
142727
142329
142499
142724
142539
142729
142764
55459
55461
55466
56106
55469
56369
56370
204695
204703
195576
204706
204725
204726
204520
204839
207715
207872
207875
144654
144733
144732
144735
144740
144753
144758
144754
145308
144755
144773
144778
144763
144774
144765
144766
145113
145119
145121
145480
145483
145482
145491
145517
145520
145574
145593
145595
145606
145765
145760
145759
145756
145755
145615
145608
145616
145766
145770
145818
145821
145826
145839
145862
145868
146050
146054
146055
146072
151473
151476
142099
151550
151580
151555
151564
151577
151579
151535
151547
151536
151537
151557
149313
151496
204454
204540
203833
204429
204516
204517
204523
204535
208576
208616
208596
208605
207868
208558
208563
214818
208581
208632
208619
208599
208587
207797
207845
207848
207851
214932
208603
208663
208664
208654
208658
208656
208671
208706
208711
208725
208730
211156
211157
180236
180251
176650
180604
180413
166401
166403
166494
166502
166544
166577
166725
166705
167193
167208
167203
167206
167183
167186
167190
167264
167189
167192
167152
167171
167215
167084
166716
166754
166758
166761
167002
167034
167074
167086
167012
162544
152401
152404
162546
180499
180180
180387
180388
180396
180406
180178
180188
177719
186066
169972
169833
182316
182319
182318
182221
182320
179714
181922
181923
182122
182118
182142
182146
182191
182214
182216
182225
182310
182335
182336
182354
173585
173641
152318
152933
152311
152941
152330
152341
152326
152408
152464
152465
152478
152903
153004
152909
152928
185770
185779
174823
173573
173643
173675
173518
173519
173165
173846
173851
173860
173856
173857
152915
153009
153016
153022
153025
152041
155508
155527
155529
155483
176119
176127
176490
176469
176500
176487
176497
176001
176129
176008
176135
176006
176010
155679
152063
155616
155615
176465
155523
155571
155572
155609
155591
155610
175908
175976
175975
175983
177105
177117
177073
177020
177017
176938
176951
176950
176953
176939
177031
177036
177038
177034
177041
176087
177173
177158
177174
176089
175907
175978
176105
176081
176963
177156
176787
176791
176781
176780
176792
176876
176873
176891
176894
176877
173861
185749
174953
174977
175025
176664
176759
176633
176754
176712
176756
211348
211365
211415
211018
211323
211341
211342
166450
166451
165053
165072
165078
165094
167277
165310
165258
165320
165229
165312
165324
167289
167310
166466
166486
167282
166476
166482
166491
166472
165045
165047
165052
165059
165062
165066
164474
165121
164439
164447
164813
164815
165174
165177
164385
164387
161389
161396
164353
164707
164703
164559
164716
164700
164710
164718
164720
164561
161394
164529
164534
164578
164591
211445
211466
211449
211455
211530
211548
211553
212169
211547
212176
212191
212194
212198
212229
211452
211460
211454
211462
212457
212464
161405
161408
212510
212527
212250
212253
212439
114384
114653
114302
114198
114428
114582
114603
114019
119126
119152
119150
119404
119405
114915
114951
114899
114930
91999
92075
92122
92112
92211
92212
115398
115400
115419
115420
115722
115723
115753
115677
115810
92309
115729
92311
115730
105808
106736
107025
107048
107092
106969
106960
106967
107117
107389
107417
107440
107483
107443
116313
107528
113747
107519
107476
109709
92827
103136
92963
93033
93193
102817
92824
92831
102594
92872
92948
102598
106725
106724
106744
106757
106733
115970
115966
115967
115782
115984
115994
92723
92728
92722
115850
115990
191500
191505
191789
192011
190885
191713
191971
191712
191734
194225
194222
191483
191560
191784
191551
191938
191601
191879
191958
192665
192774
194014
192723
192811
114064
114404
194384
107565
109460
109781
113871
109799
109815
109854
105184
110998
110970
110972
111089
111101
111321
111337
111339
103337
111475
111478
103339
111476
111477
111347
111226
111480
111236
111239
111533
111535
111232
111519
105277
111564
111587
111596
111575
111577
111597
111578
111592
111682
111722
111726
111727
111732
112147
111766
112149
111742
111752
111653
111669
111672
111456
111658
111652
112580
112588
111700
111740
112602
112610
111768
112168
112165
112668
112632
112656
112631
112700
112701
112772
104306
104308
104318
104323
104320
103326
103324
112774
112713
112709
112598
112644
105729
112885
112887
112763
105723
104337
104509
104325
104326
104341
104296
104405
39227
39229
39585
39530
39564
39555
39531
39592
39221
104742
104757
113700
39193
39197
39198
39218
104749
104816
104835
104882
105022
105025
104865
104830
104424
104906
104877
104926
105001
105003
105009
104464
105005
105027
104669
39559
39345
39464
39463
39446
39466
39448
39391
39451
39416
39443
39414
39475
39484
39500
39498
39701
40439
39707
40460
40484
40489
40497
40500
40505
40519
40521
40526
40535
40538
40609
40527
40616
41129
40558
40390
40552
40618
40632
40828
40835
40837
40851
40854
40858
40953
40957
40921
40963
40966
40972
40585
40592
40596
40622
40924
40926
40938
40945
