1720
100670 102142 2144
100685 100684 1855
100685 100687 202
100746 100745 431
116735 116737 789
116427 116426 1011
116427 116428 374
116739 116745 2084
116739 116746 3434
116724 116725 1944
58333 58334 1262
58333 58335 1258
58340 58335 1082
58340 58350 436
58357 58359 1032
116810 116805 811
58358 58359 1782
58358 58363 1148
58660 58363 2487
58660 58661 1030
58658 58667 1285
58658 58678 1169
58658 58679 2358
58666 58661 2495
58666 58668 1277
58666 58669 1256
58667 58658 1285
58667 58668 1087
58679 58658 2358
58679 58680 1169
58679 58680 1169
58679 119552 2510
116807 116805 645
116807 116809 703
119511 119550 3795
119511 119556 2274
119520 119518 928
119520 119521 808
119558 119562 808
119558 119563 1578
119563 119556 1749
119563 119558 1578
119568 119569 789
119568 119570 1958
119577 119569 1950
119577 119578 893
119578 58831 3005
119578 119572 1548
119578 119577 893
119579 58833 3122
119579 119581 1030
119580 119581 837
119580 120095 977
120092 120094 789
120092 120095 238
120093 119593 739
120093 120094 811
119591 119592 1148
119591 119605 880
119591 119606 2286
119599 119605 1625
119600 119605 1030
119600 119608 1951
119608 119600 1951
119608 119607 977
119608 119640 1148
119640 119608 1148
119640 119609 1921
119640 119642 941
119642 119640 941
119642 119643 2006
119642 119644 1414
120128 59472 1161
120128 120121 1439
59472 59432 1535
59472 59432 1535
59472 59435 1335
59472 120128 1161
59461 59439 1111
59461 59460 851
59461 59485 1454
59486 59485 935
59486 59489 851
59486 59490 1906
59487 59488 768
59487 59489 1454
59484 59496 452
59794 59496 1941
59794 59797 1271
59794 59814 778
59796 59797 893
119644 119642 1414
119644 120112 2617
59306 59303 2740
120118 120119 667
120118 120120 675
59417 59415 650
59422 59423 558
120119 120118 667
120119 120121 333
59492 59491 1576
59492 59493 768
59504 59493 3092
59504 59533 2618
59556 59533 2457
59507 59500 562
59507 59823 1267
59824 59823 2781
59824 59825 1014
59836 59837 1860
59911 59912 793
59562 59517 109
59562 59563 2171
59580 59577 1136
59580 59583 2354
59585 59583 713
59585 59720 608
59719 59583 3164
59719 76966 775
59733 59706 2849
59821 59820 279
59821 59822 1891
59374 59375 108
59591 59590 1071
59591 59604 1652
77572 59604 650
77572 77577 1473
77578 77571 716
77578 77577 641
77578 77579 506
59679 59614 1285
59679 59678 1008
59612 59611 743
59612 59616 381
59612 77577 958
59614 59611 1452
59614 59613 1016
59614 59679 1285
59693 59706 408
59690 59691 4592
59690 59692 1603
58231 58230 1486
58235 58532 810
58235 58533 1407
58233 58230 4592
58233 58232 1076
58526 56850 674
58526 58525 2017
58534 58538 1233
58221 58219 837
76680 76679 541
76680 77512 1877
56850 56851 1457
56850 58526 674
58528 58228 337
58528 61122 750
58643 58639 651
58643 77501 197
58992 58618 698
58992 58639 3731
58992 58994 926
59006 59007 582
59002 58999 885
59061 58999 1632
59061 59031 796
59061 59066 768
59066 59061 768
59066 59068 684
59069 59068 1686
59069 59071 951
59069 59079 711
59085 59083 2909
59085 59159 1486
60676 60671 2154
60676 60675 837
60676 60677 688
60692 60675 1815
60692 60691 698
60701 60677 2154
60701 60703 747
60713 60699 1358
60713 60704 1486
60699 60713 1358
60699 60716 951
60699 60793 1633
60850 60847 553
60929 60930 1262
77540 60856 1936
77540 77541 649
59158 59157 977
59160 59159 557
59160 79086 667
59134 59132 2884
59134 59156 792
59135 59131 581
59135 59132 1187
59135 59144 768
59164 59145 837
59150 59145 1120
59150 59149 1399
59206 59209 1230
62604 62605 440
62604 62607 1665
62606 62607 785
62606 62609 1687
62609 62606 1687
62609 62620 573
62615 62616 315
60932 60931 672
60932 60934 3201
60934 60932 3201
60934 60933 1612
60944 60933 3057
60944 61007 2721
76921 76919 207
76921 76932 2232
76906 76933 2353
76919 76920 671
76919 76921 207
76927 76924 1260
76927 76933 214
60941 60939 1014
60954 60953 1624
60954 60962 570
60955 60953 616
60965 60962 1213
60871 60866 1083
60871 60867 581
60893 60894 425
60893 60895 1636
60940 60939 2690
60940 60942 359
60957 60964 472
60906 60899 1732
60906 61038 3647
60884 60883 2865
60884 60885 1562
60884 60888 4013
61077 61078 1004
77246 61091 1993
61125 61126 3952
61135 76544 60
78364 61147 34
76944 76936 1031
76944 76936 1031
78050 78045 1001
78050 78049 413
62733 59708 280
62733 62727 943
62830 62831 1545
62830 62835 1849
62836 62798 1884
62836 62800 222
62818 62798 581
62824 62821 2407
62816 62815 1189
62816 63668 1975
62822 62815 1584
62822 62821 1121
63669 63587 2184
63669 63668 1505
63669 63671 924
63679 63671 1148
63679 63680 1612
63681 63684 818
63681 63706 1666
63712 63687 1343
63688 63686 830
63688 63687 796
63685 63676 1148
63685 63683 1956
63686 63684 924
63686 63688 830
63699 63676 818
63699 63694 2076
63695 63694 796
63695 63696 792
63695 63698 688
63701 63698 2103
63701 63704 1575
63600 63601 3049
66095 66105 846
66095 66107 1505
66097 66098 1014
66101 58130 650
66101 66163 769
58130 58132 787
58130 66101 650
64926 58132 1589
64926 64931 1088
64931 64926 1088
64931 64943 2057
64931 66164 1909
64943 64931 2057
64943 66181 846
64944 64960 356
64944 66181 1372
64944 66275 344
64946 64960 344
64968 64963 140
64968 64969 1486
64970 64969 602
64970 64971 1076
64970 64972 452
64965 64963 790
64965 64966 929
64965 64967 1257
64966 64965 929
64966 64974 602
63864 62212 812
63864 63867 1200
63868 63863 1310
63868 63867 807
63861 63858 875
63861 63860 1031
63861 63874 1031
63863 63860 875
63863 63868 1310
63876 63874 881
63854 63855 1979
62214 62211 562
62214 62217 1536
62197 62193 2358
62197 62207 1634
62211 62207 1919
62211 62214 562
63632 63631 1751
63660 63658 652
63609 61888 838
63609 63610 514
63612 61888 1615
63612 63614 838
63612 63615 1686
63615 63612 1686
63615 63630 752
61895 61887 1682
61895 61894 950
63616 61887 752
63616 63610 324
63624 63623 156
63624 63625 1862
63629 63613 1751
63629 63630 977
63828 63826 324
62150 62132 1713
62150 63826 606
61477 62355 1349
61477 62356 675
62329 62350 337
62365 62364 1257
62365 62417 1966
62372 62356 2361
62372 62374 374
62373 62438 1344
62421 62422 1088
62433 62429 3298
62436 62437 1351
62436 62443 2063
76770 62311 1496
76770 62312 1877
76771 76772 94
76771 76773 748
62321 62317 1466
62321 62383 1780
62383 62321 1780
62383 62384 617
62303 62304 715
78865 62306 1608
78865 78875 1372
78877 78876 3329
78877 78884 947
78905 78906 467
78905 78906 467
57043 67739 2809
57043 67740 1903
57075 57074 1702
57075 57127 1158
57075 57134 748
57125 57126 374
57125 57130 768
57120 57121 438
78692 70132 353
57023 57442 4476
57023 57453 1975
57024 57455 1980
57032 57464 3653
57032 57465 6211
57032 76488 2645
56996 56995 826
57013 56999 2549
57013 71153 3482
57015 57014 2817
57015 77959 2945
65871 65870 832
65873 65874 610
65878 65884 344
65878 65888 1118
65888 65878 1118
65888 65889 832
78539 78726 431
78539 78728 622
60971 65928 285
60971 76899 728
77007 77454 1191
78541 78540 815
65696 65697 804
65696 65703 2751
65715 65716 1696
65715 65718 1183
78843 78845 1703
65688 65685 1440
65688 77183 1722
65608 65610 1002
65608 65621 3410
65418 65419 1179
65418 65424 832
65418 65452 751
65438 65439 712
65438 65461 956
65621 65608 3410
65621 77157 929
65651 65652 1014
65651 65722 1476
77154 73568 588
77154 77155 254
60363 60310 310
60363 60364 701
60363 76585 1287
65638 65632 624
65638 65639 465
65638 65646 338
66136 66133 812
66136 66150 1486
66137 66150 679
66137 66155 1579
66145 66155 675
66145 66157 2324
66222 66157 882
65586 65582 3306
65586 65585 1114
66221 65603 1308
66221 66233 344
65461 65438 956
65461 65444 651
65470 64384 370
65470 65472 363
65573 65574 505
65573 65577 1471
66086 66087 1024
66086 66108 698
66110 66109 1207
66110 66121 930
66110 66147 559
66133 66136 812
66133 66148 740
66133 66151 885
66147 66110 559
66147 66148 2118
87433 87434 810
87433 87435 1333
70232 70231 1621
70232 78397 933
69811 70040 1926
69811 70231 1857
87203 87202 2872
87203 87482 8110
87203 87495 1347
88694 86293 907
88694 88693 856
88696 87667 1222
88696 88109 754
86294 86293 1031
88699 88700 611
88699 88787 1765
88788 87698 713
88788 88787 1194
88788 88789 928
76384 76375 2763
76384 76383 697
76384 76385 790
76386 76383 3440
76397 76389 842
76398 76391 607
76398 76401 2559
76401 76391 3116
76401 76398 2559
87449 87435 602
87449 87440 1889
87441 87440 979
87441 87442 3346
87441 87452 607
87443 87444 4398
87443 87445 2971
87562 87479 2116
87562 87563 2411
88204 88205 1635
88213 87480 886
88213 88243 1771
88245 88275 865
83524 83522 1525
83524 83523 1162
89126 88826 3019
89126 89127 1023
89188 89182 1585
89188 89183 1796
89185 89184 356
88687 88691 1845
88687 88707 674
88689 88690 508
84232 84243 794
84232 84245 1448
88977 88975 2129
88977 88976 298
84313 84245 913
88983 88984 2798
88983 89199 989
88983 89203 1029
87633 87632 950
87633 87634 1324
87633 88274 4378
88285 88286 4347
88285 91581 1416
88283 88272 3428
88283 88273 1187
88429 88428 943
88429 88450 1347
88428 88429 943
88428 88445 2343
88441 88432 2706
88441 88440 478
88425 88426 2062
88425 88449 1732
88276 88267 1587
85204 85203 281
85204 88926 1492
85208 85207 512
85208 88426 374
91610 91934 1350
89502 89501 2414
90071 90072 1122
90071 90073 1358
91232 91548 179
88757 88758 1014
88757 88985 433
89462 88760 1801
89462 89461 719
88975 84243 133
88975 88977 2129
88984 88983 2798
88984 89458 875
88919 88920 1220
88919 88921 1395
88963 88964 1992
89085 89080 1952
89085 89086 1440
89085 89109 1359
89073 89074 2177
89073 89075 491
89107 89103 2708
89107 90145 1024
89120 83978 2795
89120 90144 1171
80656 80650 2794
80656 80654 2770
89131 80650 2667
89131 89798 686
80647 80646 5972
80647 80648 680
80692 80691 310
80694 80695 3428
87169 87145 1013
87169 87170 3205
89527 89523 1394
89527 89600 2360
89598 89599 1395
89598 91172 1339
89531 89532 2245
89531 89533 1447
89534 89535 727
89534 89536 1019
90084 90085 1936
90084 90086 2043
89590 83135 6961
89590 89591 4544
89595 89596 3073
89595 89597 1623
89974 89973 406
89974 89975 1024
89999 90000 1301
89995 89993 115
89995 91215 1679
73628 73629 1152
73628 73630 592
78386 78387 3225
78386 78387 3225
73533 66394 478
73533 73534 907
73537 73535 1004
73537 73538 677
73551 66394 222
73551 73541 1186
73553 73542 1724
73553 73633 1455
73543 73540 2991
73543 73547 810
66385 66386 2458
66385 66388 1145
66258 66257 1149
66258 66259 562
66239 66229 893
66239 66234 2709
66262 66263 893
66268 66263 3117
66268 66269 740
66363 66362 1676
66363 66369 1169
65926 65927 182
65926 78936 976
66403 66395 2476
66403 66398 1358
66406 66404 1114
66406 66421 1725
68773 68772 1914
66425 66421 1585
66425 66427 2573
66431 66430 1710
66431 66432 672
66454 66435 333
66454 66455 1186
66452 66435 893
66452 66453 189
66600 66532 520
66609 66606 885
66614 66612 277
66614 66615 929
73610 73609 520
73613 73760 1395
73613 73761 1564
73946 73607 375
73946 78267 217
75752 75751 3471
75752 75753 405
75759 75749 1612
75759 75762 672
75748 75751 762
75749 75757 688
75749 75759 1612
75574 75580 423
75582 75583 2101
75582 75833 562
73960 73952 633
73960 73962 344
73998 73999 14
73998 73999 14
73845 73933 300
73845 73934 187
73934 73845 187
73934 77340 257
73934 78782 1281
77339 77340 811
77339 77621 454
74025 78233 262
74025 78234 1084
64138 73995 646
75730 75731 865
75730 79090 1430
75780 75782 4925
75781 75783 7850
77331 77332 512
77331 77333 1046
75840 75841 3557
75850 75851 476
75850 75853 1359
75853 75850 1359
75853 75854 1222
75913 75910 978
75914 75915 340
63946 63947 682
63818 63819 427
63768 63767 990
63768 63767 990
75941 75940 1608
75941 75944 1334
76350 76351 2835
76350 76352 2161
76356 78107 6400
76357 87482 812
69642 76487 1559
75918 75919 409
75921 75927 1352
75921 75929 598
75940 75941 1608
75940 75942 1189
76699 76487 1133
76699 76701 1660
76701 76699 1660
76701 76703 1337
71782 71781 300
71782 73048 304
75702 69644 924
75702 71519 1413
76060 73665 192
170190 170189 1667
170190 170191 667
170201 170167 338
170189 170167 2335
170189 170187 518
170189 170190 1667
159894 159885 1694
100613 100612 1788
100622 102141 642
102142 100670 2144
102142 102143 1859
100684 100685 1855
100684 102144 1497
100687 100685 202
100687 100686 1593
100745 100746 431
100745 100751 890
116737 116735 789
116737 116748 1558
116737 116764 140
116426 116427 1011
116428 116427 374
116428 116429 2784
116745 116739 2084
116746 116739 3434
116746 116777 4675
116746 116778 3359
116725 116724 1944
58334 58333 1262
58335 58333 1258
58335 58336 1075
58335 58340 1082
58335 58341 613
58350 58340 436
58350 58349 1147
58359 58349 2136
58359 58357 1032
58359 58358 1782
58359 58360 1014
116805 116793 1890
116805 116806 2078
116805 116807 645
116805 116810 811
58363 58358 1148
58363 58360 2488
58363 58660 2487
58363 58662 1116
58661 58660 1030
58661 58662 2558
58661 58666 2495
58661 58670 1169
58678 58658 1169
58678 58668 1211
58678 58680 2358
58678 58682 1169
58668 58666 1277
58668 58667 1087
58668 58678 1211
58669 58666 1256
58669 58670 2422
58669 58682 2558
58669 58684 1030
58680 58678 2358
58680 58679 1169
58680 58679 1169
58680 58681 1148
58680 58681 1148
58680 119550 1535
119552 58679 2510
116809 116807 703
119550 58680 1535
119550 119511 3795
119550 119551 949
119556 119511 2274
119556 119554 2495
119556 119560 811
119556 119563 1749
119518 119516 739
119518 119519 475
119518 119520 928
119521 119520 808
119562 119558 808
119569 119568 789
119569 119571 1749
119569 119572 789
119569 119577 1950
119570 119566 941
119570 119568 1958
119570 119571 674
58831 58828 581
58831 119578 3005
119572 119569 789
119572 119575 1749
119572 119578 1548
58833 58834 1004
58833 119579 3122
119581 119579 1030
119581 119580 837
119581 120096 1412
120095 119580 977
120095 120092 238
120095 120100 753
120094 120092 789
120094 120093 811
120094 120098 276
119593 119592 1148
119593 120093 739
119593 120097 1382
119592 119591 1148
119592 119593 1148
119592 119594 2487
119605 119591 880
119605 119599 1625
119605 119600 1030
119605 119607 2020
119606 119591 2286
119606 119594 1256
119606 119607 891
119606 119609 1087
119607 119605 2020
119607 119606 891
119607 119608 977
119609 119606 1087
119609 119640 1921
119609 119643 1011
119609 120106 2116
119643 119609 1011
119643 119642 2006
119643 120111 2234
120121 120119 333
120121 120122 452
120121 120128 1439
59432 59433 1124
59432 59472 1535
59432 59472 1535
59432 120122 796
59435 59433 1434
59435 59472 1335
59435 59473 452
59439 59436 1266
59439 59461 1111
59439 59473 1357
59460 59438 768
59460 59457 1558
59460 59461 851
59485 59457 928
59485 59458 562
59485 59461 1454
59485 59486 935
59489 59486 851
59489 59487 1454
59489 59495 759
59489 59495 759
59490 59486 1906
59490 59491 1013
59490 59494 710
59488 59487 768
59488 59495 1344
59488 59497 601
59496 59484 452
59496 59497 445
59496 59794 1941
59797 59794 1271
59797 59796 893
59797 59820 2016
59814 59794 778
59814 59815 1011
59814 59816 1396
120112 59302 2878
120112 119644 2617
120112 120113 1075
59303 59258 2286
59303 59305 1010
59303 59306 2740
120120 120118 675
59415 59305 4042
59415 59416 1448
59415 59417 650
59423 59422 558
59491 59459 672
59491 59466 436
59491 59490 1013
59491 59492 1576
59493 59467 873
59493 59492 768
59493 59504 3092
59533 59469 711
59533 59504 2618
59533 59556 2457
59500 59494 1664
59500 59499 1124
59500 59507 562
59823 59507 1267
59823 59822 1827
59823 59824 2781
59825 59822 768
59825 59824 1014
59837 59836 1860
59912 59911 793
59912 78810 263
59517 59518 482
59517 59524 1608
59517 59562 109
59563 59562 2171
59577 59554 753
59577 59580 1136
59577 59581 1225
59583 59580 2354
59583 59584 1034
59583 59585 713
59583 59719 3164
59720 59585 608
76966 59707 421
76966 59719 775
76966 76967 1736
59706 59693 408
59706 59707 309
59706 59733 2849
59820 59797 2016
59820 59816 675
59820 59821 279
59822 59821 1891
59822 59823 1827
59822 59825 768
59375 58961 1539
59375 58963 759
59375 59374 108
59590 59372 1177
59590 59591 1071
59590 59602 1646
59604 59591 1652
59604 59602 1208
59604 59603 1476
59604 77572 650
77577 59603 703
77577 59612 958
77577 77572 1473
77577 77578 641
77571 59617 227
77571 77578 716
77579 77578 506
59678 59677 1350
59678 59679 1008
59611 59603 962
59611 59610 1034
59611 59612 743
59611 59614 1452
59616 59612 381
59616 59617 269
59613 59610 1514
59613 59614 1016
59691 59690 4592
59691 77689 1015
59691 77690 199
59692 59690 1603
58230 58229 558
58230 58231 1486
58230 58233 4592
58532 58235 810
58533 58235 1407
58232 58224 1547
58232 58226 475
58232 58233 1076
58525 58226 553
58525 58228 279
58525 58526 2017
58538 58534 1233
58219 58218 2732
58219 58220 1066
58219 58221 837
76679 58484 624
76679 76680 541
76679 77506 1289
77512 76519 299
77512 76680 1877
77512 77511 1452
56851 56850 1457
58228 58525 279
58228 58528 337
61122 58528 750
58639 58643 651
58639 58992 3731
77501 58643 197
58618 58992 698
58994 58992 926
59007 59006 582
58999 59002 885
58999 59061 1632
59031 59061 796
59068 59066 684
59068 59069 1686
59071 59069 951
59079 59069 711
59083 59085 2909
59159 59085 1486
59159 59160 557
60671 60676 2154
60675 60676 837
60675 60692 1815
60677 60676 688
60677 60701 2154
60691 60692 698
60703 60701 747
60703 60704 1396
60704 60703 1396
60704 60713 1486
60716 60699 951
60793 60699 1633
60847 60850 553
60930 60929 1262
60930 60931 837
60930 60933 3434
60856 77540 1936
77541 77540 649
59157 59156 713
59157 59158 977
79086 59160 667
59132 59134 2884
59132 59135 1187
59156 59134 792
59156 59157 713
59131 59135 581
59144 59135 768
59144 59145 1454
59144 59149 851
59145 59144 1454
59145 59150 1120
59145 59164 837
59149 59144 851
59149 59150 1399
59209 59206 1230
62605 62604 440
62607 62604 1665
62607 62606 785
62620 62609 573
62616 62615 315
60931 60930 837
60931 60932 672
60933 60930 3434
60933 60934 1612
60933 60944 3057
61007 60944 2721
76932 76921 2232
76933 76906 2353
76933 76927 214
76920 76919 671
76924 76927 1260
60939 60940 2690
60939 60941 1014
60953 60942 673
60953 60954 1624
60953 60955 616
60962 60954 570
60962 60964 208
60962 60965 1213
60866 60871 1083
60867 60871 581
60894 60893 425
60895 60893 1636
60942 60940 359
60942 60953 673
60964 60957 472
60964 60962 208
60899 60888 1232
60899 60906 1732
61038 60906 3647
60883 60884 2865
60885 60884 1562
60888 60884 4013
60888 60899 1232
61078 61077 1004
61091 77246 1993
61126 61125 3952
76544 61135 60
61147 78364 34
76936 76944 1031
76936 76944 1031
78045 78050 1001
78049 78050 413
59708 62733 280
62727 62733 943
62831 62830 1545
62835 62800 1484
62835 62830 1849
62798 62818 581
62798 62836 1884
62800 62835 1484
62800 62836 222
62821 62822 1121
62821 62824 2407
62815 62816 1189
62815 62822 1584
63668 62816 1975
63668 63669 1505
63587 63669 2184
63671 63669 924
63671 63679 1148
63680 63679 1612
63680 63683 476
63680 63684 874
63684 63680 874
63684 63681 818
63684 63686 924
63684 63687 874
63706 63681 1666
63687 63684 874
63687 63688 796
63687 63712 1343
63676 63685 1148
63676 63699 818
63683 63680 476
63683 63685 1956
63694 63695 796
63694 63699 2076
63696 63695 792
63698 63695 688
63698 63701 2103
63704 63701 1575
63601 63600 3049
66105 66095 846
66107 66095 1505
66098 66097 1014
66163 58132 680
66163 66101 769
66163 66164 538
58132 58130 787
58132 64926 1589
58132 66163 680
66164 64931 1909
66164 66163 538
66181 64943 846
66181 64944 1372
64960 64944 356
64960 64946 344
64960 64971 295
66275 64944 344
64963 64965 790
64963 64968 140
64969 64968 1486
64969 64970 602
64971 64960 295
64971 64970 1076
64972 64970 452
64967 64965 1257
64974 64966 602
62212 63864 812
63867 63864 1200
63867 63868 807
63858 63861 875
63860 63861 1031
63860 63863 875
63874 63861 1031
63874 63876 881
63855 63854 1979
62217 62214 1536
62193 62197 2358
62207 62197 1634
62207 62211 1919
63631 63632 1751
63658 63660 652
61888 63609 838
61888 63612 1615
63610 63609 514
63610 63616 324
63614 63612 838
63614 63613 698
63614 63630 1761
63630 63614 1761
63630 63615 752
63630 63629 977
61887 61895 1682
61887 63616 752
61894 61895 950
63623 63624 156
63625 63624 1862
63613 63614 698
63613 63629 1751
63826 62150 606
63826 63828 324
62132 62150 1713
62355 61477 1349
62355 62350 881
62356 61477 675
62356 62372 2361
62350 62329 337
62350 62355 881
62364 62365 1257
62417 62365 1966
62374 62372 374
62438 62373 1344
62422 62421 1088
62429 62433 3298
62437 62436 1351
62443 62436 2063
62311 62312 1314
62311 76770 1496
62312 62311 1314
62312 76770 1877
76772 76771 94
76773 76771 748
62317 62321 1466
62384 62383 617
62304 62303 715
62306 78865 1608
62306 78875 1623
78875 62306 1623
78875 78865 1372
78876 78877 3329
78884 78877 947
78906 78905 467
78906 78905 467
67739 57043 2809
67739 67740 1915
67740 57043 1903
67740 67739 1915
57074 57075 1702
57127 57075 1158
57127 57126 1259
57134 57075 748
57126 57125 374
57126 57127 1259
57130 57125 768
57121 57120 438
57121 70132 720
70132 57121 720
70132 78692 353
57442 57023 4476
57453 57023 1975
57455 57024 1980
57464 57032 3653
57465 57032 6211
76488 57032 2645
56995 56996 826
56999 57013 2549
71153 57013 3482
57014 57015 2817
77959 57015 2945
65870 65871 832
65874 65873 610
65884 65878 344
65889 65888 832
78726 78539 431
78728 78539 622
65928 60971 285
76899 60971 728
77454 77007 1191
77454 78540 204
78540 77454 204
78540 78541 815
65697 65696 804
65703 65696 2751
65716 65715 1696
65718 65715 1183
78845 78843 1703
65685 65688 1440
77183 65688 1722
65610 65608 1002
65419 65418 1179
65424 65418 832
65452 65418 751
65439 65438 712
77157 65621 929
65652 65651 1014
65722 65651 1476
73568 77154 588
77155 77154 254
60310 60363 310
60364 60363 701
60364 76585 1356
76585 60363 1287
76585 60364 1356
65632 65638 624
65639 65638 465
65646 65638 338
66150 66136 1486
66150 66137 679
66155 66137 1579
66155 66145 675
66157 66145 2324
66157 66222 882
65582 65586 3306
65585 65586 1114
65603 66221 1308
66233 66221 344
66233 66229 3063
66233 66234 713
65444 65461 651
64384 65470 370
65472 65470 363
65574 65573 505
65577 65573 1471
66087 66086 1024
66108 66086 698
66109 66110 1207
66121 66110 930
66148 66133 740
66148 66147 2118
66151 66133 885
87434 87433 810
87435 87433 1333
87435 87449 602
70231 69811 1857
70231 70232 1621
78397 70232 933
70040 69811 1926
87202 87203 2872
87482 76357 812
87482 87203 8110
87495 87203 1347
86293 86294 1031
86293 88694 907
88693 88694 856
87667 88696 1222
88109 88696 754
88700 88691 610
88700 88699 611
88700 88707 1775
88787 88699 1765
88787 88707 615
88787 88788 1194
87698 88788 713
88789 88788 928
76375 76384 2763
76383 76384 697
76383 76386 3440
76385 76384 790
76385 76389 1690
76389 76385 1690
76389 76397 842
76391 76398 607
76391 76401 3116
87440 87441 979
87440 87449 1889
87442 87441 3346
87452 87441 607
87444 87443 4398
87445 87443 2971
87479 87480 1822
87479 87562 2116
87563 87562 2411
88205 88204 1635
87480 87479 1822
87480 88213 886
88243 88213 1771
88275 88245 865
88275 88274 1077
83522 83523 1984
83522 83524 1525
83523 83522 1984
83523 83524 1162
88826 89126 3019
89127 89126 1023
89182 89188 1585
89183 89188 1796
89184 89185 356
88691 88687 1845
88691 88690 368
88691 88700 610
88707 88687 674
88707 88700 1775
88707 88787 615
88690 88689 508
88690 88691 368
84243 84232 794
84243 88975 133
84245 84232 1448
84245 84313 913
88976 88977 298
89199 88983 989
89203 88983 1029
87632 87633 950
87634 87633 1324
88274 87633 4378
88274 88273 1988
88274 88275 1077
88286 88285 4347
91581 88285 1416
88272 88273 2688
88272 88283 3428
88273 88272 2688
88273 88274 1988
88273 88283 1187
88450 88429 1347
88450 88449 831
88445 88428 2343
88445 88432 279
88432 88441 2706
88432 88445 279
88440 88441 478
88426 85208 374
88426 88425 2062
88449 85207 2175
88449 88425 1732
88449 88450 831
88267 88276 1587
85203 85204 281
88926 85204 1492
85207 85208 512
85207 88449 2175
91934 91610 1350
89501 89502 2414
90072 90071 1122
90073 90071 1358
91548 91232 179
88758 88757 1014
88758 88760 265
88985 88757 433
88760 88758 265
88760 89462 1801
89461 89462 719
89458 88984 875
88920 88919 1220
88921 88919 1395
88964 88963 1992
89080 89085 1952
89086 89085 1440
89109 89085 1359
89074 89073 2177
89075 89073 491
89103 89107 2708
90145 89107 1024
83978 89120 2795
90144 89120 1171
80650 80656 2794
80650 89131 2667
80654 80656 2770
89798 89131 686
80646 80647 5972
80648 80647 680
80691 80692 310
80695 80694 3428
87145 87169 1013
87170 87169 3205
89523 89527 1394
89600 89527 2360
89599 89598 1395
91172 89598 1339
89532 89531 2245
89533 89531 1447
89535 89534 727
89536 89534 1019
90085 90084 1936
90086 90084 2043
83135 89590 6961
89591 89590 4544
89596 89595 3073
89597 89595 1623
89973 89974 406
89975 89974 1024
90000 89999 1301
89993 89995 115
91215 89995 1679
73629 73628 1152
73630 73628 592
78387 78386 3225
78387 78386 3225
66394 66386 4230
66394 73533 478
66394 73551 222
73534 66369 7266
73534 73533 907
73535 73537 1004
73538 73537 677
73541 73540 1230
73541 73542 1347
73541 73551 1186
73542 73541 1347
73542 73553 1724
73633 73553 1455
73540 66388 1488
73540 73541 1230
73540 73543 2991
73547 73543 810
66386 66385 2458
66386 66388 1902
66386 66394 4230
66388 66385 1145
66388 66386 1902
66388 73540 1488
66257 66258 1149
66257 66362 337
66259 66258 562
66229 66233 3063
66229 66239 893
66234 66233 713
66234 66239 2709
66263 66262 893
66263 66268 3117
66269 66268 740
66362 66257 337
66362 66363 1676
66369 66363 1169
66369 73534 7266
65927 65926 182
78936 65926 976
66395 66403 2476
66398 66403 1358
66404 66406 1114
66421 66406 1725
66421 66425 1585
68772 68773 1914
66427 66425 2573
66430 66431 1710
66430 66435 4268
66432 66431 672
66435 66430 4268
66435 66452 893
66435 66454 333
66455 66454 1186
66453 66452 189
66532 66600 520
66606 66609 885
66606 66612 2020
66612 66606 2020
66612 66614 277
66615 66614 929
73609 73610 520
73760 73613 1395
73761 73613 1564
73607 73946 375
78267 73946 217
75751 75748 762
75751 75752 3471
75753 75752 405
75762 75759 672
75757 75749 688
75580 75574 423
75580 75583 1122
75583 75580 1122
75583 75582 2101
75833 75582 562
73952 73960 633
73962 73960 344
73999 73998 14
73999 73998 14
73933 73845 300
77340 73934 257
77340 77339 811
78782 73934 1281
77621 77339 454
78233 74025 262
78234 74025 1084
73995 64138 646
75731 75730 865
79090 75730 1430
75782 75780 4925
75783 75781 7850
77332 77331 512
77332 77333 534
77333 77331 1046
77333 77332 534
75841 75840 3557
75851 75850 476
75851 75854 1360
75854 75851 1360
75854 75853 1222
75910 75913 978
75915 75914 340
63947 63946 682
63819 63818 427
63767 63768 990
63767 63768 990
75944 75941 1334
76351 76350 2835
76352 76350 2161
78107 76356 6400
76487 69642 1559
76487 76699 1133
75919 75918 409
75927 75921 1352
75929 75921 598
75942 75940 1189
76703 76701 1337
71781 71782 300
73048 71782 304
69644 75702 924
71519 75702 1413
73665 76060 192
170191 170190 667
170167 170189 2335
170167 170201 338
170187 170189 518
159885 159894 1694
100612 100613 1788
102141 100622 642
102143 102142 1859
102143 102144 2287
102144 100684 1497
102144 102143 2287
100686 100687 1593
100751 100745 890
116748 116737 1558
116764 116737 140
116429 116428 2784
116777 116746 4675
116778 116746 3359
58336 58335 1075
58341 58335 613
58349 58350 1147
58349 58359 2136
58360 58359 1014
58360 58363 2488
116793 116805 1890
116806 116805 2078
58662 58363 1116
58662 58661 2558
58670 58661 1169
58670 58669 2422
58682 58669 2558
58682 58678 1169
58682 58681 2495
58684 58669 1030
58681 58680 1148
58681 58680 1148
58681 58682 2495
58681 119551 1535
119551 58681 1535
119551 119550 949
119554 119556 2495
119560 119556 811
119516 119518 739
119519 119518 475
119571 119569 1749
119571 119570 674
119571 119575 789
119566 119570 941
58828 58831 581
119575 119571 789
119575 119572 1749
58834 58833 1004
120096 119581 1412
120100 120095 753
120098 120094 276
120097 119593 1382
119594 119592 2487
119594 119606 1256
120106 119609 2116
120111 119643 2234
120122 59432 796
120122 120121 452
59433 59432 1124
59433 59435 1434
59473 59435 452
59473 59439 1357
59436 59439 1266
59438 59460 768
59457 59460 1558
59457 59485 928
59458 59459 778
59458 59485 562
59495 59488 1344
59495 59489 759
59495 59489 759
59494 59490 710
59494 59500 1664
59497 59488 601
59497 59496 445
59815 59814 1011
59815 59816 1716
59816 59814 1396
59816 59815 1716
59816 59820 675
59302 59258 512
59302 120112 2878
120113 120112 1075
59258 59302 512
59258 59303 2286
59305 59303 1010
59305 59415 4042
59416 59415 1448
59459 59458 778
59459 59491 672
59466 59491 436
59467 59469 2113
59467 59493 873
59469 59467 2113
59469 59533 711
59499 59500 1124
78810 59912 263
59518 59517 482
59524 59517 1608
59554 59577 753
59581 59577 1225
59581 59584 1676
59584 59581 1676
59584 59583 1034
59584 76967 1295
59707 59706 309
59707 76966 421
76967 59584 1295
76967 76966 1736
58961 58963 1232
58961 59375 1539
58963 58961 1232
58963 59375 759
59372 59590 1177
59602 59590 1646
59602 59604 1208
59603 59604 1476
59603 59611 962
59603 77577 703
59617 59616 269
59617 77571 227
59677 59678 1350
59610 59611 1034
59610 59613 1514
77689 59691 1015
77690 59691 199
58229 58230 558
58224 58232 1547
58226 58232 475
58226 58525 553
58218 58219 2732
58220 58219 1066
58484 76679 624
77506 76679 1289
76519 77512 299
77511 77512 1452
747
100670
100685
100746
116735
116427
116739
116724
58333
58340
58357
116810
58358
58660
58658
58666
58667
58679
116807
119511
119520
119558
119563
119568
119577
119578
119579
119580
120092
120093
119591
119599
119600
119608
119640
119642
120128
59472
59461
59486
59487
59484
59794
59796
119644
59306
120118
59417
59422
120119
59492
59504
59556
59507
59824
59836
59911
59562
59580
59585
59719
59733
59821
59374
59591
77572
77578
59679
59612
59614
59693
59690
58231
58235
58233
58526
58534
58221
76680
56850
58528
58643
58992
59006
59002
59061
59066
59069
59085
60676
60692
60701
60713
60699
60850
60929
77540
59158
59160
59134
59135
59164
59150
59206
62604
62606
62609
62615
60932
60934
60944
76921
76906
76919
76927
60941
60954
60955
60965
60871
60893
60940
60957
60906
60884
61077
77246
61125
61135
78364
76944
78050
62733
62830
62836
62818
62824
62816
62822
63669
63679
63681
63712
63688
63685
63686
63699
63695
63701
63600
66095
66097
66101
58130
64926
64931
64943
64944
64946
64968
64970
64965
64966
63864
63868
63861
63863
63876
63854
62214
62197
62211
63632
63660
63609
63612
63615
61895
63616
63624
63629
63828
62150
61477
62329
62365
62372
62373
62421
62433
62436
76770
76771
62321
62383
62303
78865
78877
78905
57043
57075
57125
57120
78692
57023
57024
57032
56996
57013
57015
65871
65873
65878
65888
78539
60971
77007
78541
65696
65715
78843
65688
65608
65418
65438
65621
65651
77154
60363
65638
66136
66137
66145
66222
65586
66221
65461
65470
65573
66086
66110
66133
66147
87433
70232
69811
87203
88694
88696
86294
88699
88788
76384
76386
76397
76398
76401
87449
87441
87443
87562
88204
88213
88245
83524
89126
89188
89185
88687
88689
84232
88977
84313
88983
87633
88285
88283
88429
88428
88441
88425
88276
85204
85208
91610
89502
90071
91232
88757
89462
88975
88984
88919
88963
89085
89073
89107
89120
80656
89131
80647
80692
80694
87169
89527
89598
89531
89534
90084
89590
89595
89974
89999
89995
73628
78386
73533
73537
73551
73553
73543
66385
66258
66239
66262
66268
66363
65926
66403
66406
68773
66425
66431
66454
66452
66600
66609
66614
73610
73613
73946
75752
75759
75748
75749
75574
75582
73960
73998
73845
73934
77339
74025
64138
75730
75780
75781
77331
75840
75850
75853
75913
75914
63946
63818
63768
75941
76350
76356
76357
69642
75918
75921
75940
76699
76701
71782
75702
76060
170190
170201
170189
159894
100613
100622
58228
58639
58618
58999
59031
59068
59079
59083
59159
60671
60675
60677
60691
60703
60704
60716
60847
60856
59157
59132
59156
59131
59149
62607
60931
61007
76933
76920
76924
60866
60867
60894
60899
61038
60883
60885
60888
61078
61091
76544
61147
76936
78045
78049
59708
62727
62831
62835
62798
62800
62821
62815
63668
63587
63671
63676
63683
63694
63696
63601
66105
66098
66164
66181
66275
64963
64969
64971
64972
64967
64974
62212
63858
63860
63874
63855
62193
62207
63631
63658
61888
63614
61887
61894
63623
63613
63826
62132
62355
62356
62350
62364
62417
62429
62437
62443
62311
62312
62317
62306
78875
78876
78884
67739
67740
57127
57134
57126
57130
57121
70132
57442
57453
57455
57464
57465
76488
56995
56999
71153
57014
77959
65870
65874
65884
78726
65928
76899
77454
65703
65716
65718
65685
65610
65419
65424
77157
65652
65722
73568
77155
60310
60364
76585
65632
65639
65646
66150
66155
66157
65582
65585
65603
65444
64384
65574
66109
66121
66148
66151
87435
70231
87202
87482
87495
86293
88693
87667
88109
88700
87698
88789
76375
76383
76385
76389
76391
87440
87452
87444
87445
87479
87563
88243
88275
83522
83523
88826
89127
89182
89183
89184
88690
84243
84245
89199
89203
87632
87634
88286
88272
88450
88445
88432
88440
88267
85203
89501
90073
91548
88758
89461
89458
88921
89080
89109
89075
89103
83978
80650
80654
80646
80648
80691
80695
87145
87170
89523
89536
83135
89591
89973
89993
73629
78387
73534
73535
73542
66257
66229
66234
66263
66362
66369
78936
66395
66398
66404
66421
68772
66427
66430
66432
66453
66532
66606
66612
66615
73609
73760
73761
73607
75751
75753
75762
75757
75580
73952
73962
73999
77340
78233
73995
75731
75782
75783
77332
77333
75841
75854
75910
63947
63767
75944
76351
76352
76487
75927
75942
69644
71519
73665
170167
170187
159885
100686
116748
116764
116429
116777
116778
58336
58341
58349
58360
116793
58662
58670
58682
58684
58681
119551
119554
119560
119516
119571
119566
58828
119575
58834
120096
120100
120097
119594
120106
120111
120122
59433
59436
59438
59457
59458
59495
59494
59497
59258
59305
59416
59459
59466
59467
59469
59499
59518
59554
59581
59584
59707
58961
58963
59372
59602
59617
59677
59610
77689
58224
58226
58218
58484
77506
76519
77511
