1338
203217 203218 433
203217 203218 433
203217 203222 1339
203217 203223 485
203224 203223 482
203225 203368 523
203372 203297 1227
203372 203373 731
203409 203400 275
203409 203503 197
203409 203507 821
203416 203417 764
203517 203401 261
203517 203518 439
203517 203519 2997
203517 205673 2907
203503 203409 197
203503 203504 744
202525 202521 2015
202525 202522 445
202527 202521 1210
202527 202528 1013
202527 202531 892
202631 202630 938
202634 202534 744
202634 202630 1936
202645 202647 846
202645 202648 1684
202646 202636 900
202646 202648 710
202646 202666 2665
202649 202647 1559
202649 202652 870
197055 197050 1150
197055 197054 751
197059 197050 802
197059 197052 395
197059 197060 673
197075 197076 907
214828 214827 695
202494 197163 1616
202494 202173 694
202495 197127 1610
202495 197163 881
202495 202497 749
202497 202495 749
202497 202499 750
202497 202501 815
202518 202501 1436
202518 202520 804
202519 202520 1150
202519 202522 360
205668 205672 1339
205668 215012 352
205830 205842 2087
205672 205668 1339
205672 205834 885
205672 205839 1065
205833 205834 1269
205833 205835 1028
205832 205843 836
205832 205845 2104
205835 205833 1028
205835 205836 1328
205835 205837 1142
205844 205842 828
205844 205845 744
205844 205888 1827
214383 203417 342
205691 204483 139
205691 205692 214
205691 205695 1074
205691 214380 1951
214386 205745 2064
214386 215110 1275
214386 215111 1276
205748 205745 337
205761 202540 489
205761 214378 1271
205824 205842 745
205867 205842 1799
205867 205872 1713
205867 205888 706
205872 205867 1713
205872 205882 1444
205872 205894 793
205881 205882 774
205886 205882 1367
205886 205887 787
205886 206555 2110
206554 206555 342
206557 206568 833
206557 206581 817
206557 206593 1595
206566 206568 1675
206571 206568 876
206571 206597 1771
206573 206597 624
206573 206630 1533
206816 206649 1332
206816 206817 605
206829 206825 573
206820 206823 961
206820 206824 683
206822 206821 110
206822 206824 1101
206822 215150 499
206837 206838 220
209186 209190 1973
209186 209191 1098
209186 209192 353
209190 209186 1973
209190 209195 916
206883 206838 2612
206883 206886 2243
181020 181004 3562
181020 181019 893
181041 180978 932
181053 181047 1719
181053 181049 238
181046 180996 818
181046 181047 765
181046 181052 505
181070 181071 1146
181257 181249 276
181269 181270 421
181265 181250 476
181265 181263 1267
179467 179468 1181
179467 179470 887
179472 179469 1008
179446 179444 2718
179446 179469 1009
181007 181001 131
180997 180995 1715
180997 180996 452
180997 181036 688
181035 181036 1985
181050 181051 1034
181050 181136 1004
181050 181256 765
180987 180938 818
180987 180986 1684
181181 181185 1891
181189 181190 667
181189 181312 1555
181311 181309 1855
181311 181314 789
181264 181260 475
181264 181261 1565
181264 181263 421
184243 184247 713
184248 184246 1719
184170 184171 2015
184170 184210 796
184239 184240 1479
184239 184241 766
184253 184249 709
184253 184252 782
184249 184247 1225
184249 184253 709
184174 184173 677
184174 184175 279
184174 184214 890
184209 184208 677
184209 184215 476
184209 184221 697
184192 184196 697
184194 184193 1059
184194 184199 3596
184197 184196 605
184197 184198 1014
214114 214106 872
214114 214186 2332
214116 214186 796
214116 214190 2183
214254 214190 825
214254 214257 231
184193 184194 1059
184193 184201 733
184202 184200 466
181853 181851 1357
181853 184401 905
181853 184420 2069
184403 184402 373
184406 184246 849
184406 184404 871
184406 184410 1979
181850 181851 683
181850 184411 842
184411 181850 842
184411 184421 758
181884 181863 672
181884 181883 933
181892 181891 3833
181892 181900 435
181830 181828 1346
181830 181865 610
181816 181815 2966
181816 181845 1034
181829 181828 890
181829 181837 673
181793 181796 570
181793 181797 822
181840 181841 4103
181840 183026 1803
185615 177696 3024
185615 185614 1299
183021 183016 712
185858 177709 1197
185858 185959 183
185858 185964 716
186076 186080 502
182683 182682 1085
182727 182724 1848
182727 182735 932
182727 182777 1818
182777 182727 1818
182777 182776 1099
182792 182793 1902
182792 182815 475
182761 182762 562
182761 182772 929
181759 181760 705
181759 182684 983
182918 182786 252
182918 182787 341
182963 182962 738
182973 182977 612
182973 183512 190
183511 183518 1675
183511 183535 1645
183512 182973 190
183512 183513 1426
183534 183598 3956
182989 182988 1199
182989 185394 197
182991 182987 1551
183569 183570 2692
183569 183605 841
183600 183599 599
183600 183604 924
183001 183002 4016
183001 183205 672
183220 183221 377
183220 183557 1798
183220 185866 344
183223 183207 778
183223 183222 1282
183566 183567 1716
183224 183195 1034
183224 183199 610
183066 183067 1161
183066 183184 3075
183183 183184 766
183183 183194 354
183194 183183 354
183194 183195 1103
183201 183195 3152
214132 214139 2060
214136 214138 2418
214136 214139 751
214135 214174 797
214135 214176 2060
214140 214139 773
214140 214176 825
214140 214180 2059
214106 214114 872
214106 214185 2315
214178 214185 709
214178 214187 2183
214174 214135 797
214174 214177 2078
214179 214177 866
214179 214183 1486
214179 214187 774
210312 210313 590
210312 210315 1143
210314 210315 790
210314 210365 776
210365 210314 776
210365 210368 1611
210301 210302 786
210301 210319 212
210316 210311 993
210316 210317 1516
210319 210301 212
210319 210317 630
210311 210316 993
210311 210318 1506
198782 209230 726
198782 209399 1279
198782 209403 1460
209479 209477 741
209479 209489 1954
209484 209489 805
209484 209502 2512
209503 209504 750
209503 209506 238
209503 209507 626
209504 209503 750
209504 210014 508
209399 198782 1279
209399 209400 534
209399 209403 1328
209440 209438 751
209440 209441 1907
209477 209441 927
209477 209479 741
209477 209486 1857
209408 209404 419
210016 210014 987
210016 210020 1767
210019 210036 209
210021 210022 1090
210021 210037 623
210038 210039 1230
210038 210115 95
210039 210038 1230
210039 210041 944
210076 210122 802
210076 210175 255
210175 210076 255
210175 210176 752
210179 210176 665
161322 161318 785
161322 161318 785
161322 161320 222
161322 161320 222
162578 161320 489
162578 161320 489
210371 161303 833
210371 210369 1628
210371 210372 1270
161318 161304 891
161318 161304 891
161318 161316 1046
161318 161322 785
161318 161322 785
162616 162619 1774
162616 162620 688
162619 162616 1774
162619 162625 818
162632 162795 253
162638 162637 279
162638 162646 276
162793 162794 508
162793 162802 685
162793 162802 685
161312 161311 476
161323 161319 709
161323 161321 1398
162577 161321 631
162630 162623 1153
162630 162631 276
162630 162641 355
162622 162623 2049
162621 162620 238
162621 162624 337
214137 214138 883
214137 214163 1615
214159 214169 1045
214159 214246 1237
214158 214168 780
214158 214169 1693
214162 214163 797
214162 214168 1848
214246 214159 1237
214246 214247 885
179188 179186 1578
179188 179371 1281
179188 179373 1009
179375 179376 976
179378 179400 1780
179384 179382 650
179384 179385 1446
179387 179392 1074
179387 179414 1559
179387 179432 517
179434 179435 333
180976 180977 677
180982 180979 421
180981 180980 147
181000 180980 336
181000 181005 1008
181009 181008 870
174967 174968 227
174967 174969 287
105862 105863 556
105862 105864 2010
105866 105867 1462
105866 105868 2578
105873 105868 1428
105873 105874 351
105856 105857 1198
115881 115882 1071
115913 115912 1178
115913 115922 473
115904 115882 3321
115904 115905 883
106051 105861 3250
106068 106104 627
106444 106443 535
106444 106445 1083
105927 105928 1030
106293 106274 1709
106293 106292 1220
106274 106273 1139
106274 106293 1709
106274 106297 867
106297 106274 867
106297 106296 1031
106422 106423 929
106785 106762 2432
106785 106784 983
106766 106767 825
106766 106787 847
106784 106785 983
106784 106787 1177
105678 105709 4265
105678 106187 7194
105681 105682 4742
105681 105685 1569
105686 105687 3296
105691 105692 611
105691 105693 2554
103546 103547 1356
103546 105012 2135
106064 106065 1149
106064 106066 2169
106049 106050 782
106049 106087 1137
106087 106049 1137
106087 106088 278
106179 105693 2245
106179 106180 1556
105876 105875 1848
105876 105877 1842
115883 115884 1014
115883 115885 353
115885 115883 353
115885 115886 353
115931 115886 452
115931 116211 2901
114601 114677 5641
114683 114682 3744
114683 114789 13821
115018 115016 7223
193265 193261 847
193265 193276 2498
193267 193234 5486
192226 192561 27
192566 192202 3068
192566 194485 415
192567 192568 182
192567 192568 182
192315 192595 621
192315 194126 955
192595 192315 621
192595 192596 738
192307 192298 2248
192307 192300 2061
192307 192309 2381
192555 192419 1559
194493 192473 105
194042 194484 844
29451 29452 3103
30248 30255 1548
30248 30258 683
30269 35069 2304
30257 30253 1620
30257 30278 556
30290 30262 2819
30290 30291 1301
30287 30280 5084
30287 30313 206
30315 30317 4785
30304 30308 133
30305 30306 1724
30466 29659 1665
30466 30467 1372
30472 30446 578
30487 30488 542
30489 24391 1767
30489 30461 1763
30458 30451 571
30458 30462 2148
30464 30463 967
30464 30465 993
30842 30843 475
30855 30857 1557
30855 30866 824
30753 31055 175
30753 34829 674
30868 30869 1436
30868 31065 978
30543 30425 740
30543 30540 337
30543 30550 1359
6766 6573 1615
6807 30376 2472
31067 31064 1217
31067 31066 2958
31069 31071 2065
31069 31072 4164
31271 31272 733
17294 29736 2378
31116 31115 491
31123 31121 767
31123 31124 2832
29441 29442 132
29441 29446 145
34437 31840 406
34437 31841 2977
31135 31081 612
31179 31152 905
31179 34916 1134
31182 31185 1235
31512 31513 2261
31510 31535 796
31515 31500 1167
31515 31516 776
31537 31538 870
31537 31539 1449
31867 31868 2021
31867 31877 233
34443 31869 319
34443 34444 878
31883 31857 1278
31883 31884 379
31886 31869 1729
31886 31885 915
31892 31890 2088
31902 31903 640
31902 31904 472
31902 32936 1250
32940 31891 671
32940 32936 557
32942 32943 2080
32942 33006 3300
33015 33009 344
33019 33009 580
33019 33014 580
33011 32972 278
33011 33013 750
33014 33013 1222
33014 33019 580
33030 32973 868
33030 33032 1635
33032 33028 562
33032 33030 1635
33047 33048 688
33047 33049 344
33052 33051 1065
33052 33053 1072
33294 33301 2368
33168 33166 1340
33168 33343 1425
33344 33343 1531
33179 33177 903
33179 33189 5117
33369 33364 2358
33368 33366 139
33374 33193 1622
33374 33367 2214
33374 33377 675
33379 33381 1532
33379 33384 2324
14546 14545 1547
14550 14551 1900
14550 14552 344
33416 33411 610
33481 33468 847
14552 14550 344
14552 14665 746
14664 14665 1383
14664 14672 818
14668 14667 818
14672 14664 818
14672 14667 1414
14669 14553 788
14669 14670 2278
14691 14692 1622
14729 14735 903
14735 14729 903
17543 17542 1028
17542 17543 1028
17573 17574 1061
17574 17573 1061
17597 17602 764
17602 17597 764
18082 18084 667
18084 18082 667
18086 18089 649
18089 18086 649
20328 20338 2490
20338 20328 2490
20413 20417 788
20417 20413 788
20756 20770 672
20770 20756 672
19035 20758 599
20758 19035 599
20758 20757 511
20757 20758 511
25435 25438 788
25438 25435 788
26803 26801 697
26981 26982 336
26982 26981 336
26984 26946 1811
26946 26945 788
26946 26984 1811
26945 26946 788
26801 26803 697
27096 27097 697
27097 27096 697
26955 26957 806
26957 26955 806
27139 27146 1578
27146 27139 1578
55493 55524 1428
55524 55493 1428
55506 55498 612
55495 54861 878
55498 55506 612
51434 52836 1227
54861 55495 878
195027 195026 736
140564 140798 1362
140798 140564 1362
140798 140808 2888
140808 140798 2888
140833 140829 1253
140829 140833 1253
186427 186428 599
186428 186427 599
186464 186470 786
186470 186464 786
186758 187111 2326
187111 186758 2326
187145 187144 289
187144 187145 289
52836 51434 1227
52841 52838 747
52838 52841 747
55739 55740 276
55740 55739 276
55769 55770 850
55770 55769 850
55787 55788 871
55788 55787 871
56559 56558 849
56558 56559 849
190153 189796 620
189794 189795 1384
189796 190153 620
189795 189794 1384
190176 190175 772
190176 190185 689
190185 190176 689
190237 190238 376
190237 190251 973
190238 190237 376
190251 190237 973
190175 190176 772
195026 195027 736
195294 195292 461
195294 195727 944
195292 195294 461
198889 195727 876
195727 195294 944
195727 198889 876
195732 195751 942
195751 195732 942
195790 195791 771
195791 195790 771
202734 202737 285
202737 202734 285
203138 203149 2105
203149 203138 2105
203218 203217 433
203218 203217 433
203222 203217 1339
203223 203217 485
203223 203224 482
203368 203225 523
203297 203372 1227
203373 203372 731
203400 203401 2578
203400 203409 275
203507 203409 821
203417 203416 764
203417 214383 342
203401 203400 2578
203401 203517 261
203401 203518 406
203518 203401 406
203518 203517 439
203519 203517 2997
205673 203517 2907
203504 203503 744
202521 202520 1253
202521 202525 2015
202521 202527 1210
202522 202519 360
202522 202525 445
202528 202527 1013
202531 202527 892
202630 202631 938
202630 202634 1936
202534 202634 744
202534 202636 2171
202647 202645 846
202647 202649 1559
202648 202645 1684
202648 202646 710
202636 202534 2171
202636 202646 900
202666 202646 2665
202652 202649 870
197050 197055 1150
197050 197059 802
197054 197055 751
197052 197059 395
197060 197059 673
197060 197076 451
197076 197060 451
197076 197075 907
214827 214828 695
197163 202494 1616
197163 202495 881
202173 202494 694
197127 202495 1610
202499 202497 750
202501 202497 815
202501 202518 1436
202520 202518 804
202520 202519 1150
202520 202521 1253
215012 205668 352
205842 205824 745
205842 205830 2087
205842 205844 828
205842 205867 1799
205834 205672 885
205834 205833 1269
205834 205836 901
205839 205672 1065
205843 205832 836
205843 205837 1020
205845 205832 2104
205845 205844 744
205836 205834 901
205836 205835 1328
205837 205835 1142
205837 205843 1020
205888 205844 1827
205888 205867 706
205888 205894 1529
204483 205691 139
205692 205691 214
205695 205691 1074
214380 205691 1951
205745 205748 337
205745 214386 2064
215110 214386 1275
215111 214386 1276
202540 205761 489
214378 205761 1271
205882 205872 1444
205882 205881 774
205882 205886 1367
205894 205872 793
205894 205888 1529
205887 205886 787
206555 205886 2110
206555 206554 342
206568 206557 833
206568 206566 1675
206568 206571 876
206581 206557 817
206593 206557 1595
206597 206571 1771
206597 206573 624
206630 206573 1533
206649 206816 1332
206817 206816 605
206817 206825 608
206825 206817 608
206825 206829 573
206823 206820 961
206824 206820 683
206824 206822 1101
206821 206822 110
215150 206822 499
206838 206837 220
206838 206883 2612
209191 209186 1098
209191 209192 996
209192 209186 353
209192 209191 996
209195 209190 916
206886 206883 2243
181004 180978 1000
181004 181005 2450
181004 181020 3562
181019 181020 893
180978 180979 1114
180978 180980 3562
180978 181004 1000
180978 181041 932
181047 181046 765
181047 181053 1719
181049 181053 238
180996 180997 452
180996 181046 818
181052 181046 505
181052 181051 1116
181071 181070 1146
181071 181249 1421
181249 181071 1421
181249 181250 757
181249 181257 276
181270 181269 421
181250 181249 757
181250 181265 476
181263 181264 421
181263 181265 1267
179468 179444 561
179468 179467 1181
179468 179470 309
179470 179467 887
179470 179468 309
179470 179469 2273
179469 179446 1009
179469 179470 2273
179469 179472 1008
179444 179446 2718
179444 179468 561
181001 181007 131
181001 181008 1227
180995 180997 1715
181036 180997 688
181036 181035 1985
181051 181050 1034
181051 181052 1116
181136 181050 1004
181256 181050 765
180938 180987 818
180986 180987 1684
181185 181181 1891
181190 181189 667
181312 181189 1555
181309 181311 1855
181314 181311 789
181260 181261 1161
181260 181264 475
181261 181260 1161
181261 181264 1565
184247 184243 713
184247 184246 751
184247 184249 1225
184246 184247 751
184246 184248 1719
184246 184406 849
184171 184170 2015
184171 184173 848
184210 184170 796
184210 184173 1854
184240 184239 1479
184241 184239 766
184241 184252 709
184252 184241 709
184252 184253 782
184173 184171 848
184173 184174 677
184173 184210 1854
184175 184174 279
184214 184174 890
184208 184196 928
184208 184209 677
184215 184209 476
184221 184209 697
184196 184192 697
184196 184197 605
184196 184208 928
184199 184194 3596
184199 184198 752
184198 184197 1014
184198 184199 752
214186 214114 2332
214186 214116 796
214186 214185 867
214190 214116 2183
214190 214254 825
214257 214254 231
184201 184193 733
184201 184200 1791
184200 184201 1791
184200 184202 466
181851 181850 683
181851 181853 1357
184401 181853 905
184401 184402 1579
184401 184420 2282
184420 181853 2069
184420 184401 2282
184420 184421 778
184402 184401 1579
184402 184403 373
184404 184406 871
184410 184406 1979
184421 184411 758
184421 184420 778
181863 181884 672
181883 181884 933
181891 181892 3833
181900 181892 435
181828 181829 890
181828 181830 1346
181865 181830 610
181815 181816 2966
181845 181816 1034
181837 181829 673
181796 181793 570
181797 181793 822
181841 181840 4103
183026 181840 1803
183026 183016 243
177696 185615 3024
185614 185615 1299
183016 183021 712
183016 183026 243
177709 185858 1197
185959 185858 183
185964 185858 716
186080 186076 502
182682 182683 1085
182724 182727 1848
182735 182727 932
182776 182777 1099
182793 182792 1902
182815 182792 475
182762 182761 562
182772 182761 929
181760 181759 705
182684 181759 983
182786 182918 252
182787 182918 341
182962 182963 738
182977 182973 612
183518 183511 1675
183535 183511 1645
183513 183512 1426
183598 183534 3956
183598 183599 445
182988 182987 558
182988 182989 1199
185394 182989 197
182987 182988 558
182987 182991 1551
183570 183569 2692
183605 183569 841
183605 183604 1822
183599 183598 445
183599 183600 599
183604 183600 924
183604 183605 1822
183002 183001 4016
183205 183001 672
183221 183220 377
183221 183222 406
183557 183220 1798
185866 183220 344
183207 183223 778
183222 183221 406
183222 183223 1282
183567 183566 1716
183195 183194 1103
183195 183201 3152
183195 183224 1034
183199 183224 610
183067 183066 1161
183184 183066 3075
183184 183183 766
214139 214132 2060
214139 214136 751
214139 214140 773
214138 214136 2418
214138 214137 883
214176 214135 2060
214176 214140 825
214176 214177 867
214180 214140 2059
214185 214106 2315
214185 214178 709
214185 214186 867
214187 214178 2183
214187 214179 774
214177 214174 2078
214177 214176 867
214177 214179 866
214183 214179 1486
210313 210312 590
210315 210312 1143
210315 210314 790
210368 210365 1611
210368 210369 198
210302 210301 786
210317 210316 1516
210317 210318 901
210317 210319 630
210318 210311 1506
210318 210317 901
209230 198782 726
209403 198782 1460
209403 209399 1328
209403 209404 846
209489 209479 1954
209489 209484 805
209489 209486 867
209502 209484 2512
209502 209507 200
209506 209503 238
209506 209507 559
209506 210014 750
209507 209502 200
209507 209503 626
209507 209506 559
210014 209504 508
210014 209506 750
210014 210016 987
209400 209399 534
209438 209440 751
209441 209440 1907
209441 209477 927
209486 209477 1857
209486 209489 867
209404 209403 846
209404 209408 419
210020 210016 1767
210020 210022 594
210036 210019 209
210022 210020 594
210022 210021 1090
210037 210021 623
210115 210038 95
210041 210039 944
210041 210122 744
210122 210041 744
210122 210076 802
210176 210175 752
210176 210179 665
161320 161321 1109
161320 161322 222
161320 161322 222
161320 162578 489
161320 162578 489
161303 210371 833
210369 210368 198
210369 210371 1628
210372 210371 1270
161304 161318 891
161304 161318 891
161316 161318 1046
161316 161321 752
162620 162616 688
162620 162621 238
162625 162619 818
162625 162631 1530
162625 162637 1580
162795 162632 253
162795 162794 309
162637 162625 1580
162637 162638 279
162646 162638 276
162794 162793 508
162794 162795 309
162802 162793 685
162802 162793 685
162802 214247 1007
161311 161312 476
161319 161323 709
161321 161316 752
161321 161320 1109
161321 161323 1398
161321 162577 631
162623 162622 2049
162623 162624 828
162623 162630 1153
162631 162625 1530
162631 162630 276
162641 162630 355
162624 162621 337
162624 162623 828
214163 214137 1615
214163 214162 797
214169 214158 1693
214169 214159 1045
214168 214158 780
214168 214162 1848
214247 162802 1007
214247 214246 885
179186 179188 1578
179371 179188 1281
179373 179188 1009
179376 179375 976
179400 179378 1780
179382 179384 650
179385 179384 1446
179392 179387 1074
179414 179387 1559
179432 179387 517
179435 179434 333
180977 180976 677
180977 180979 889
180979 180977 889
180979 180978 1114
180979 180982 421
180980 180978 3562
180980 180981 147
180980 181000 336
181005 181000 1008
181005 181004 2450
181008 174968 1636
181008 181001 1227
181008 181009 870
174968 174967 227
174968 181008 1636
174969 174967 287
105863 105862 556
105864 105862 2010
105867 105866 1462
105868 105866 2578
105868 105873 1428
105874 105873 351
105874 105875 631
105857 105856 1198
115882 115881 1071
115882 115904 3321
115912 115913 1178
115922 115913 473
115905 115904 883
105861 103547 1425
105861 106051 3250
106104 106068 627
106443 106444 535
106445 106444 1083
105928 105927 1030
106292 106293 1220
106273 106274 1139
106273 106296 845
106296 106273 845
106296 106297 1031
106423 106422 929
106762 106785 2432
106767 106766 825
106787 106766 847
106787 106784 1177
105709 105678 4265
106187 105678 7194
105682 105681 4742
105685 105681 1569
105687 105686 3296
105692 105691 611
105693 105691 2554
105693 106179 2245
103547 103546 1356
103547 105861 1425
105012 103546 2135
106065 106064 1149
106066 106064 2169
106050 106049 782
106088 106087 278
106180 106179 1556
105875 105874 631
105875 105876 1848
105877 105876 1842
115884 115883 1014
115886 115885 353
115886 115931 452
116211 115931 2901
114677 114601 5641
114682 114683 3744
114789 114683 13821
115016 115018 7223
193261 193265 847
193276 193265 2498
193234 193267 5486
192561 192226 27
192202 192566 3068
194485 192566 415
192568 192567 182
192568 192567 182
194126 192315 955
192596 192595 738
192298 192300 1275
192298 192307 2248
192300 192298 1275
192300 192307 2061
192309 192307 2381
192419 192555 1559
192473 194493 105
194484 194042 844
29452 29451 3103
30255 30248 1548
30255 30253 868
30258 30248 683
35069 30269 2304
30253 30255 868
30253 30257 1620
30278 30257 556
30262 30290 2819
30291 30290 1301
30280 30287 5084
30313 30287 206
30317 30315 4785
30308 30304 133
30306 30305 1724
29659 30466 1665
30467 30466 1372
30446 30472 578
30488 30487 542
24391 30462 970
24391 30489 1767
30461 30462 343
30461 30489 1763
30451 30458 571
30462 24391 970
30462 30458 2148
30462 30461 343
30463 30464 967
30465 30464 993
30843 30842 475
30857 30855 1557
30866 30855 824
31055 30753 175
34829 30753 674
30869 30868 1436
31065 30868 978
31065 31066 935
30425 30543 740
30540 30543 337
30550 30543 1359
6573 6766 1615
30376 6807 2472
31064 31067 1217
31066 31065 935
31066 31067 2958
31071 31069 2065
31072 31069 4164
31272 31271 733
29736 17294 2378
31115 31116 491
31121 31123 767
31124 31123 2832
29442 29441 132
29446 29441 145
31840 31841 2637
31840 34437 406
31841 31840 2637
31841 34437 2977
31081 31135 612
31152 31179 905
34916 31179 1134
31185 31182 1235
31513 31512 2261
31535 31510 796
31500 31515 1167
31516 31515 776
31538 31537 870
31539 31537 1449
31868 31867 2021
31877 31867 233
31869 31886 1729
31869 34443 319
34444 34443 878
31857 31883 1278
31884 31883 379
31885 31886 915
31890 31891 2030
31890 31892 2088
31903 31902 640
31904 31902 472
32936 31902 1250
32936 32940 557
31891 31890 2030
31891 32940 671
32943 32942 2080
33006 32942 3300
33009 33015 344
33009 33019 580
32972 33011 278
33013 33011 750
33013 33014 1222
32973 33030 868
33028 33032 562
33048 33047 688
33049 33047 344
33051 33052 1065
33053 33052 1072
33301 33166 1523
33301 33294 2368
33166 33168 1340
33166 33301 1523
33343 33168 1425
33343 33177 2428
33343 33344 1531
33177 33179 903
33177 33343 2428
33189 33179 5117
33364 33366 825
33364 33369 2358
33366 33364 825
33366 33367 1322
33366 33368 139
33193 33374 1622
33367 33366 1322
33367 33374 2214
33377 33374 675
33377 33381 876
33381 33377 876
33381 33379 1532
33384 33379 2324
14545 14546 1547
14551 14550 1900
33411 33416 610
33468 33481 847
14665 14552 746
14665 14664 1383
14665 14667 924
14667 14665 924
14667 14668 818
14667 14672 1414
14553 14669 788
14670 14669 2278
14692 14691 1622
895
203217
203224
203225
203372
203409
203416
203517
203503
202525
202527
202631
202634
202645
202646
202649
197055
197059
197075
214828
202494
202495
202497
202518
202519
205668
205830
205672
205833
205832
205835
205844
214383
205691
214386
205748
205761
205824
205867
205872
205881
205886
206554
206557
206566
206571
206573
206816
206829
206820
206822
206837
209186
209190
206883
181020
181041
181053
181046
181070
181257
181269
181265
179467
179472
179446
181007
180997
181035
181050
180987
181181
181189
181311
181264
184243
184248
184170
184239
184253
184249
184174
184209
184192
184194
184197
214114
214116
214254
184193
184202
181853
184403
184406
181850
184411
181884
181892
181830
181816
181829
181793
181840
185615
183021
185858
186076
182683
182727
182777
182792
182761
181759
182918
182963
182973
183511
183512
183534
182989
182991
183569
183600
183001
183220
183223
183566
183224
183066
183183
183194
183201
214132
214136
214135
214140
214106
214178
214174
214179
210312
210314
210365
210301
210316
210319
210311
198782
209479
209484
209503
209504
209399
209440
209477
209408
210016
210019
210021
210038
210039
210076
210175
210179
161322
162578
210371
161318
162616
162619
162632
162638
162793
161312
161323
162577
162630
162622
162621
214137
214159
214158
214162
214246
179188
179375
179378
179384
179387
179434
180976
180982
180981
181000
181009
174967
105862
105866
105873
105856
115881
115913
115904
106051
106068
106444
105927
106293
106274
106297
106422
106785
106766
106784
105678
105681
105686
105691
103546
106064
106049
106087
106179
105876
115883
115885
115931
114601
114683
115018
193265
193267
192226
192566
192567
192315
192595
192307
192555
194493
194042
29451
30248
30269
30257
30290
30287
30315
30304
30305
30466
30472
30487
30489
30458
30464
30842
30855
30753
30868
30543
6766
6807
31067
31069
31271
17294
31116
31123
29441
34437
31135
31179
31182
31512
31510
31515
31537
31867
34443
31883
31886
31892
31902
32940
32942
33015
33019
33011
33014
33030
33032
33047
33052
33294
33168
33344
33179
33369
33368
33374
33379
14546
14550
33416
33481
14552
14664
14668
14672
14669
14691
14704
14729
14735
14752
14754
17150
17543
17542
17573
17574
17633
17507
17510
17512
17531
17597
17604
17602
17629
17841
18003
18016
18009
18024
18029
18030
18082
18084
18086
18089
18092
18126
17976
18104
18103
18108
18255
18550
20336
20328
20338
20348
18787
20343
18883
20413
20417
20419
20352
20750
18914
18918
18922
20756
18887
20770
25465
19035
19037
20758
25461
20757
20773
20796
25434
25435
25400
25431
25438
25457
25468
25476
25488
26803
26806
26823
26826
26829
26831
26875
26878
26888
26981
26982
26984
26946
26944
26945
26801
26965
26973
26768
26778
27096
27097
27095
27105
27120
26955
26957
27080
27089
27109
27091
27139
27146
27259
27161
27162
27180
27199
27204
27191
27221
50644
50647
55490
55493
55524
55525
55526
55491
55492
55506
55495
55498
52807
52817
52819
52812
52823
52810
52826
52824
51433
51434
51430
54856
54857
54861
52771
52772
54839
140859
195027
195031
195094
195308
140564
140798
140808
140833
140814
140828
140829
186252
186283
186412
186427
186428
186464
186470
186665
186666
186741
186747
186758
187111
187125
187145
187085
187136
140628
187144
52836
52837
52850
51435
51441
52833
52841
55713
52838
55732
55731
55739
55740
55755
55769
55770
55787
55788
55793
55888
55893
56536
56539
56553
56552
56513
52756
56559
56558
190155
190153
189794
189796
189795
186256
190176
190185
190237
190238
190251
190175
195026
195086
214453
214454
214807
195254
195114
214772
215129
195256
195294
195285
195292
195730
198889
195727
196016
195749
195724
195732
195751
195754
195783
195790
195797
195791
196012
195815
195816
196075
196080
196085
214619
196099
196125
202709
202728
202734
202737
203138
203149
203160
203198
203204
203218
203222
203223
203368
203297
203373
203400
203507
203518
203519
205673
203504
202522
202528
202531
202630
202534
202647
202648
202636
202666
202652
197050
197054
197052
197060
214827
197163
202173
197127
202499
202501
215012
205839
205843
205845
205836
205837
205888
204483
205692
205695
214380
205745
202540
214378
205882
205894
205887
206555
206568
206581
206593
206597
206630
206649
206825
206823
206824
206838
209191
209192
209195
206886
181004
181019
181047
181049
180996
181052
181071
181250
181263
179444
181001
180995
181051
181136
181256
180938
180986
181185
181190
181312
181309
181314
181260
181261
184247
184246
184171
184210
184240
184241
184252
184214
184208
184215
184221
184199
184198
214186
214190
214257
184201
184200
181851
184401
184420
184402
184404
184421
181863
181883
181891
181900
181828
181865
181815
181845
181797
181841
183026
177696
183016
177709
185959
182682
182724
182735
182776
182793
182815
182762
182772
182684
182786
182787
182962
182977
183518
183535
183598
182987
183570
183605
183599
183604
183002
183205
183557
183207
183222
183567
183195
183199
183067
183184
214139
214138
214176
214180
214185
214187
214177
214183
210313
210315
210368
210302
210318
209230
209489
209502
209506
210014
209400
209438
209441
209486
210020
210022
210115
210041
210122
210176
161303
210369
210372
161304
161316
162620
162625
162795
162637
162646
162794
162802
161311
161319
162631
162641
162624
214163
214169
214168
214247
179186
179371
179373
179382
179392
179414
179432
179435
180977
180979
181005
105868
105874
105857
115882
115912
115922
106104
106443
106273
106296
106423
106762
106787
106187
105682
105693
105012
106050
106088
105875
105877
115884
115886
116211
114677
114682
115016
193261
193276
193234
192202
194485
192568
192298
192300
192309
192419
192473
29452
30255
30253
30262
30291
30280
30313
30317
30308
30306
29659
30467
30446
24391
30461
30451
30463
30857
30866
31055
30869
30425
30540
30550
6573
30376
31064
31066
31071
31072
31115
31121
31840
31841
31081
31152
31185
31500
31539
31869
31857
31884
31890
32936
31891
33006
33009
32972
33013
32973
33028
33048
33049
33051
33166
33343
33177
33189
33364
33193
33367
33377
33381
33411
33468
14665
14667
14553
14692
