4792
240854 261853 1903
240854 261854 1107
241577 241576 275
241577 241578 749
241578 241535 746
241578 241577 749
240353 240351 1692
240353 240374 750
241594 241603 749
241595 240385 1971
241595 241596 983
241595 241597 1263
240356 240354 1221
240356 240357 201
241555 241554 418
241555 241560 335
241562 241560 1022
241557 241514 680
241557 241556 763
241563 241560 434
241573 241514 419
241573 241576 550
241612 241601 1180
241612 241613 1257
241773 236650 445
241773 241767 434
238894 238895 376
238894 240388 344
238894 241758 2262
240169 240433 7429
240257 240264 13
241876 241827 763
241876 241834 1796
241833 241832 1124
241833 241835 354
241836 241835 2138
241836 241857 787
241836 241862 1224
241834 241832 707
241834 241876 1796
241895 241873 846
241895 241873 846
241895 241894 1897
241901 241899 787
241901 241902 1556
249358 249362 2111
249358 261587 1371
241907 241908 903
241907 241909 1558
242038 242036 1357
242038 242055 2237
242037 242036 698
242039 242072 2002
242047 242078 336
249366 249367 667
249366 249369 796
249368 249367 1278
249372 249369 787
249373 249369 1669
249382 249383 452
249388 249415 847
249388 249420 2561
249388 249421 755
249512 249421 847
249512 249513 3011
242075 242072 420
242073 242055 434
242073 242072 924
249513 249512 3011
249513 249531 930
249534 249532 1794
249534 249535 893
249534 249554 2361
241989 241990 451
249554 249534 2361
249554 249555 562
249717 249715 438
249720 249713 884
249720 249721 826
249737 249736 654
249734 249732 611
249734 249736 368
250286 250287 848
250286 250288 1234
238156 249987 1803
250031 250019 1593
250031 250030 713
250031 250032 747
250044 250041 1854
250044 250045 238
250044 250049 1161
250007 250001 950
250011 250016 562
250013 241992 1357
250014 250021 2010
250292 250291 1111
250292 250293 2013
250292 250301 2944
249687 249686 950
249687 249688 1500
249700 249689 3290
249700 249701 475
249674 249673 924
249674 249675 403
249691 249602 809
249691 249690 201
249677 249676 1444
250295 250301 580
250336 250302 168
250626 250627 201
251578 251580 847
251578 251582 1351
251595 251593 777
251595 251597 651
251595 251598 1497
251507 251512 589
251500 251501 580
251500 251518 604
263904 261745 449
261744 261594 153
261744 261745 895
250590 261594 871
250590 261745 441
236699 236700 484
250610 250611 730
250610 261242 804
250642 250499 1120
250642 250646 1850
250645 250646 924
250652 250646 1061
250652 250653 1161
250652 250657 707
250631 250634 750
250633 250639 737
250633 250640 923
250633 250656 1161
250340 250341 475
250340 250727 2242
250355 250728 1085
250355 250729 2320
250748 250741 1207
250748 250750 681
250556 250750 279
250548 250549 1671
250548 250575 536
250548 250577 1395
250560 250563 511
250562 250551 649
250562 250565 1007
250575 250548 536
250575 250576 884
250575 250579 434
250577 250548 1395
250577 250551 604
250934 250932 354
250935 250921 1398
250935 250930 1420
250650 244824 446
250936 250939 238
251633 251634 713
251633 251637 834
251639 241975 1608
251635 251550 1395
251635 251634 1431
236683 236676 3643
236683 251647 2414
251601 241976 672
251601 251597 966
251850 251851 755
251850 251853 924
251853 251850 924
251853 251855 950
251858 251855 1699
251549 251550 747
251571 236674 893
251675 251672 1114
251675 251676 1055
251675 251679 1124
251689 251676 1531
251689 251683 905
251679 251675 1124
251679 251678 1032
251679 251990 1357
251874 251859 2229
251871 251687 1816
251871 251872 222
251989 251988 1066
251990 251679 1357
251990 251987 923
251990 251988 1532
251995 251994 475
252038 251999 1014
252042 252040 847
252042 252043 2370
252355 252354 1795
252355 252359 672
252356 252353 275
252356 252358 1906
252382 252379 496
252365 252364 3536
252372 252373 688
252374 252375 688
251980 251979 869
251980 251982 344
251980 252023 418
252029 252027 1466
252029 252030 688
252043 252034 788
252043 252042 2370
252049 252248 1897
252049 252249 336
252037 252025 826
252037 252034 1906
252131 252078 1466
252131 252133 688
252136 252133 681
252140 252135 1032
252140 252141 2514
252140 252148 788
252144 252148 1901
252144 252149 788
252147 252149 848
252147 252348 373
252410 252409 750
252410 252412 750
252410 252413 2644
252412 252410 750
252412 252414 2585
252412 252415 1303
252422 252415 1299
252862 252864 1120
252424 252415 473
252424 252426 238
252427 252429 1730
252427 252853 884
252865 252922 1807
252830 252922 1004
252928 252923 1849
252928 252938 818
252929 252926 847
252932 252873 1737
252932 252927 667
252878 252875 903
252878 252877 562
252877 252874 344
252877 252878 562
252876 252875 1248
252876 252908 516
252967 252968 826
252967 252971 1161
252967 252973 847
252962 252973 681
252974 252971 708
252974 252973 1014
252974 252975 1292
253762 254996 766
253762 254996 766
253763 253768 386
253763 253809 3
252975 252972 788
252975 252974 1292
252975 253618 1248
253623 253591 847
253623 253592 1223
253626 253606 877
253626 253639 536
253638 253612 154
253642 253644 536
253643 253646 195
253658 253659 507
253658 253660 557
253663 253739 676
253663 253769 750
253737 253739 1357
253741 253739 139
253741 253771 721
253742 253774 950
253742 253775 747
253765 253766 1028
253765 253767 604
253765 254996 594
253784 253788 696
253784 253789 826
254869 254871 139
254870 254872 1408
254870 254876 1208
253811 253809 756
253811 253831 327
253841 253840 403
253841 253842 2503
253854 253855 1205
253860 253855 1066
253860 253858 975
254851 253865 2515
254851 254852 924
254855 254856 1682
254855 254882 201
254860 254857 809
254860 254877 836
236350 236335 383
236350 236351 405
236364 236362 632
236368 236369 986
236374 236447 750
261453 261454 807
244869 244870 528
261426 244915 275
261426 263129 2242
263566 236544 3566
236557 236556 191
236557 236558 1442
245094 244952 4457
245094 245281 1018
236469 236421 3286
236469 236462 1080
236470 236462 1647
237192 237193 2551
236420 236421 3535
236420 263268 3314
236935 236933 1713
236935 236939 1209
237187 254769 503
237187 254770 481
236932 236905 4652
237039 237038 1623
237039 262177 606
254504 254692 356
254743 254744 443
254505 254562 862
237026 237027 751
237026 237028 1841
237020 237021 1269
237020 261966 2842
237049 237081 3400
237049 261468 1002
237081 237049 3400
237081 237078 311
237071 237070 5095
237087 237073 1077
237087 237089 575
237408 237160 920
237408 237409 520
237408 237410 1432
237410 237408 1432
237410 237411 631
263741 262048 260
237146 237156 805
237146 237158 1505
237147 237158 1115
237147 237168 1060
237147 262164 459
237413 237412 974
237413 237417 550
237418 237417 332
237418 237420 1095
237177 237176 712
237177 263364 4245
237174 237171 1718
237174 237175 743
233172 233167 630
233172 233168 762
233172 233175 353
234441 234442 924
233173 233174 2119
233173 233334 530
233424 233348 1977
233424 233389 1827
233458 233476 9829
233458 235469 665
233469 233467 838
233469 233483 2966
233355 233353 1256
233356 233353 2681
233356 233354 672
233356 233376 597
233375 233373 1193
233375 233374 1014
233376 233356 597
233376 233373 1000
233326 233317 1139
233326 233318 867
233326 233430 980
240661 240658 434
240661 240663 452
240661 240665 905
240666 240814 2203
240666 263972 718
255662 262257 518
255662 262257 518
262245 262244 964
240659 240660 105
240833 240834 580
240833 240862 749
240859 240817 2198
240859 240841 570
240860 240829 568
240753 240751 871
240753 240756 1222
240753 261810 775
240757 240756 604
240758 240754 1007
240758 240766 1071
240793 240792 1346
240793 240795 1004
240793 240796 419
240729 240727 2096
240709 240707 1452
240709 240707 1452
240709 240727 2153
240713 240710 3119
240821 240725 1456
240821 240822 1229
240823 240822 578
240823 241274 615
261853 240854 1903
261853 240855 1193
261853 261855 1198
261854 240854 1107
241576 241513 3000
241576 241573 550
241576 241577 275
241535 241518 924
241535 241578 746
241535 241580 937
240351 240350 671
240351 240352 796
240351 240353 1692
240351 240354 1466
240374 240353 750
240374 240366 587
240374 240369 884
241603 241594 749
241603 241605 1692
241603 241608 1014
240385 238896 414
240385 240384 5808
240385 241595 1971
241596 241595 983
241596 241598 1124
241596 241600 1762
241597 241595 1263
241597 241600 782
241597 241607 336
240354 240330 1426
240354 240348 562
240354 240351 1466
240354 240356 1221
240357 240345 445
240357 240355 749
240357 240356 201
241554 240346 750
241554 241555 418
241554 241559 707
241560 241555 335
241560 241562 1022
241560 241563 434
241514 241502 3334
241514 241557 680
241514 241573 419
241556 241551 1140
241556 241557 763
241601 241598 1443
241601 241602 1891
241601 241612 1180
241613 241602 2048
241613 241612 1257
241613 241614 983
236650 236651 209
236650 239118 286
236650 241773 445
241767 241759 787
241767 241768 1558
241767 241773 434
238895 238894 376
238895 240384 1470
238895 240388 479
240388 238894 344
240388 238895 479
240388 241761 3018
241758 238894 2262
241758 241756 778
241758 241759 2268
240433 240169 7429
240433 240412 1152
240433 263898 2111
240264 240257 13
241827 241826 707
241827 241832 1454
241827 241876 763
241832 241827 1454
241832 241831 671
241832 241833 1124
241832 241834 707
241835 241830 354
241835 241833 354
241835 241836 2138
241857 241829 1031
241857 241836 787
241857 241858 452
241862 241836 1224
241873 241861 1072
241873 241863 1891
241873 241895 846
241873 241895 846
241894 241863 763
241894 241895 1897
241899 241874 707
241899 241901 787
241899 249303 4441
241902 241901 1556
241902 249353 2169
249362 249315 1419
249362 249358 2111
249362 249363 1114
261587 249358 1371
261587 261589 1469
241908 241907 903
241908 241913 893
241908 241914 1124
241908 241915 750
241909 241907 1558
241909 241914 763
241909 241919 1061
242036 242037 698
242036 242038 1357
242055 242038 2237
242055 242073 434
242055 242074 1483
242072 242039 2002
242072 242073 924
242072 242075 420
242078 242047 336
249367 241921 796
249367 249366 667
249367 249368 1278
249369 249366 796
249369 249372 787
249369 249373 1669
249383 249382 452
249383 249384 1622
249383 249385 333
249415 249385 587
249415 249388 847
249415 249416 2561
249420 249388 2561
249420 249416 847
249420 249422 671
249420 249423 2779
249421 249388 755
249421 249422 2557
249421 249512 847
249531 249422 452
249531 249513 930
249531 249532 778
249532 249531 778
249532 249534 1794
249532 249536 667
249535 249534 893
249535 249536 1850
249535 249539 782
249535 249560 2110
241990 241989 451
241990 246606 299
241990 248695 319
249555 249554 562
249555 249560 344
249555 249584 2063
249715 249705 190
249715 249717 438
249713 249712 826
249713 249719 344
249713 249720 884
249721 249720 826
249736 249734 368
249736 249737 654
249732 249722 788
249732 249733 1565
249732 249734 611
250287 250286 848
250287 250290 2688
250287 250291 681
250288 250286 1234
250288 250670 420
249987 238156 1803
249987 249986 826
249987 249988 336
250019 250017 1124
250019 250020 1357
250019 250031 1593
250030 250004 1695
250030 250005 1780
250030 250025 750
250030 250031 713
250030 264149 353
250032 250025 1160
250032 250031 747
250032 250033 610
250041 250039 1008
250041 250042 354
250041 250044 1854
250045 236633 475
250045 250022 1635
250045 250044 238
250049 250044 1161
250049 250051 818
250049 250052 475
250001 249999 354
250001 250007 950
250016 250011 562
250016 250017 2126
241992 241991 3283
241992 250013 1357
250021 250014 2010
250021 250678 354
250291 250287 681
250291 250292 1111
250291 250672 2679
250291 250674 805
250293 250292 2013
250293 250302 3482
250293 250681 1004
250301 250292 2944
250301 250295 580
250301 250302 1929
249686 249687 950
249688 249681 1072
249688 249687 1500
249688 249689 3310
249689 249688 3310
249689 249700 3290
249689 249703 1085
249701 249700 475
249673 249672 946
249673 249674 924
249673 249690 550
249675 249666 938
249675 249674 403
249675 249676 201
249602 249598 1935
249602 249601 2132
249602 249691 809
249690 249599 1004
249690 249673 550
249690 249691 201
249676 249670 1376
249676 249675 201
249676 249677 1444
250302 250293 3482
250302 250301 1929
250302 250336 168
250627 250626 201
250627 250628 1124
250627 251579 868
251580 251578 847
251580 251579 1335
251580 251587 1205
251582 251578 1351
251582 251592 796
251582 251593 671
251593 251582 671
251593 251583 1622
251593 251594 475
251593 251595 777
251597 251595 651
251597 251599 725
251597 251600 3322
251597 251601 966
251598 251583 1025
251598 251595 1497
251598 251602 1504
251598 251603 2535
251512 251507 589
251512 251508 475
251512 251513 750
251501 251500 580
251501 251509 1830
251501 251521 707
251518 251500 604
261745 250590 441
261745 261744 895
261745 263904 449
261594 250590 871
261594 250622 441
261594 261744 153
236700 236699 484
250611 250610 730
250611 250612 516
250611 250622 574
261242 250610 804
250499 244823 621
250499 250642 1120
250499 250654 1775
250646 250642 1850
250646 250645 924
250646 250652 1061
250646 250654 1085
250653 250652 1161
250653 250654 950
250653 250658 1584
250657 250652 707
250657 250656 747
250657 250658 681
250634 250628 604
250634 250631 750
250634 250635 1408
250639 250633 737
250639 250638 557
250639 250640 557
250640 250633 923
250640 250639 557
250640 250656 1257
250640 251589 1303
250656 250633 1161
250656 250640 1257
250656 250657 747
250341 250340 475
250727 250340 2242
250727 250686 2590
250727 250728 1495
250728 250355 1085
250728 250727 1495
250728 250730 556
250729 250355 2320
250729 250731 672
250729 250745 279
250729 250749 1671
250741 250742 434
250741 250748 1207
250741 250749 373
250750 250556 279
250750 250748 681
250750 250749 2145
250549 250548 1671
250563 250560 511
250563 250564 818
250563 250565 279
250551 250550 287
250551 250562 649
250551 250577 604
250565 250562 1007
250565 250563 279
250565 250568 696
250576 250575 884
250579 250575 434
250932 250569 649
250932 250921 1124
250932 250934 354
250921 250919 788
250921 250932 1124
250921 250935 1398
250930 250922 336
250930 250935 1420
244824 244823 1793
244824 250509 504
244824 250650 446
250939 250936 238
250939 250938 1139
251634 251550 1344
251634 251633 713
251634 251635 1431
251637 241976 59
251637 251633 834
241975 241976 154
241975 251639 1608
251550 251549 747
251550 251634 1344
251550 251635 1395
236676 236677 663
236676 236683 3643
236676 251600 260
251647 236683 2414
251647 251645 1013
251647 251648 1344
251647 251658 1179
241976 241975 154
241976 251601 672
241976 251637 59
251851 251661 787
251851 251850 755
251851 251852 1375
251855 251853 950
251855 251858 1699
251855 251859 983
236674 236675 565
236674 251571 893
236674 251650 282
251672 251673 796
251672 251675 1114
251672 251677 628
251672 251678 1139
251676 251675 1055
251676 251689 1531
251683 251682 511
251683 251687 1849
251683 251689 905
251678 251672 1139
251678 251679 1032
251678 251985 336
251859 251855 983
251859 251870 877
251859 251874 2229
251859 251875 707
251687 251683 1849
251687 251688 1120
251687 251871 1816
251872 251871 222
251988 251939 826
251988 251989 1066
251988 251990 1532
251987 251935 1900
251987 251990 923
251994 251939 3152
251994 251995 475
251994 251996 2643
251994 251997 778
251999 252000 399
251999 252021 893
251999 252038 1014
252040 252034 2027
252040 252039 847
252040 252042 847
252354 252349 681
252354 252351 688
252354 252353 818
252354 252355 1795
252359 252351 1712
252359 252355 672
252359 252362 475
252353 252156 765
252353 252354 818
252353 252356 275
252358 252356 1906
252379 252182 2503
252379 252382 496
252364 252365 3536
252364 252380 1980
252364 252381 323
252373 252372 688
252373 252386 556
252375 252374 688
252375 252377 1060
252375 252378 708
252375 252416 665
251979 251972 473
251979 251978 403
251979 251980 869
251982 251972 1114
251982 251980 344
251982 252027 201
252023 251980 418
252023 252024 201
252027 251982 201
252027 252028 747
252027 252029 1466
252030 252028 1630
252030 252029 688
252030 252036 796
252034 252033 847
252034 252037 1906
252034 252040 2027
252034 252043 788
252248 252049 1897
252249 252049 336
252025 252024 1532
252025 252032 1004
252025 252037 826
252078 252036 796
252078 252077 2043
252078 252130 796
252078 252131 1466
252133 252130 1445
252133 252131 688
252133 252135 1897
252133 252136 681
252135 252088 869
252135 252133 1897
252135 252139 2623
252135 252140 1032
252141 252138 1500
252141 252139 434
252141 252140 2514
252141 252142 950
252148 252140 788
252148 252142 2440
252148 252144 1901
252148 252151 628
252149 252144 788
252149 252147 848
252149 252152 1220
252348 252147 373
252409 252370 2747
252409 252371 708
252409 252410 750
252409 252411 1767
252413 252370 708
252413 252410 2644
252413 252414 903
252414 252412 2585
252414 252413 903
252414 252417 1663
252415 252412 1303
252415 252418 4322
252415 252422 1299
252415 252424 473
252864 252862 1120
252864 252863 893
252864 252866 1528
252426 252420 3898
252426 252424 238
252426 252429 806
252429 252426 806
252429 252427 1730
252429 252428 3696
252429 252430 628
252853 252427 884
252853 252430 1160
252853 262276 67
252922 252830 1004
252922 252865 1807
252922 252923 238
252923 252922 238
252923 252924 893
252923 252928 1849
252938 252928 818
252926 252924 279
252926 252927 672
252926 252929 847
252873 252872 475
252873 252874 562
252873 252932 1737
252927 252926 672
252927 252931 1114
252927 252932 667
252875 252870 1032
252875 252876 1248
252875 252878 903
252874 252859 1982
252874 252873 562
252874 252877 344
252908 252876 516
252968 252919 681
252968 252967 826
252968 252969 924
252971 252967 1161
252971 252969 847
252971 252972 1268
252971 252974 708
252973 252962 681
252973 252967 847
252973 252974 1014
254996 253762 766
254996 253762 766
254996 253765 594
254996 253767 868
253768 253763 386
253768 253767 1228
253768 253810 70
253809 253763 3
253809 253810 393
253809 253811 756
252972 252970 788
252972 252971 1268
252972 252975 788
252972 253617 796
253618 252975 1248
253591 253590 1014
253591 253592 778
253591 253623 847
253592 253591 778
253592 253603 1000
253592 253605 950
253592 253623 1223
253606 253603 1092
253606 253608 796
253606 253626 877
253639 253626 536
253612 253611 723
253612 253613 233
253612 253638 154
253644 253642 536
253644 253655 676
253646 253643 195
253646 253645 1440
253659 253655 870
253659 253658 507
253659 263393 692
253660 253658 557
253660 253661 315
253660 253662 241
253739 253663 676
253739 253737 1357
253739 253741 139
253769 253663 750
253769 253770 604
253769 253772 354
253771 253741 721
253771 253774 1041
253774 253664 2358
253774 253742 950
253774 253771 1041
253775 253665 3234
253775 253742 747
253775 253785 649
253766 253765 1028
253766 253810 1347
253767 253765 604
253767 253768 1228
253767 254996 868
253788 253784 696
253788 253786 1410
253788 253789 403
253788 253790 649
253789 253784 826
253789 253788 403
253789 253790 778
253789 253833 475
254871 254867 796
254871 254869 139
254871 254872 1223
254872 254870 1408
254872 254871 1223
254872 254874 461
254876 254870 1208
253831 253811 327
253831 253837 648
253831 253838 879
253840 253837 354
253840 253839 580
253840 253841 403
253842 253841 2503
253842 253855 877
253842 253857 201
253855 253842 877
253855 253854 1205
253855 253860 1066
253858 253856 1114
253858 253857 1445
253858 253860 975
253865 253864 750
253865 253866 873
253865 254851 2515
254852 254851 924
254856 254855 1682
254882 254855 201
254882 254873 562
254882 254878 1565
254857 254858 750
254857 254860 809
254857 254862 975
254877 254860 836
254877 254880 696
254877 254887 403
236335 236350 383
236351 236350 405
236362 236337 2401
236362 236363 1382
236362 236364 632
236369 236368 986
236447 236371 260
236447 236374 750
236447 236445 1306
261454 261453 807
261454 264010 394
244870 244869 528
244870 244916 1912
244870 245211 1044
244915 244853 1641
244915 261426 275
263129 245210 531
263129 261426 2242
236544 236331 963
236544 263566 3566
236556 236557 191
236558 236557 1442
244952 244951 698
244952 245094 4457
244952 245148 1743
245281 245094 1018
236421 236420 3535
236421 236461 2977
236421 236469 3286
236462 236463 1488
236462 236469 1080
236462 236470 1647
237193 236971 909
237193 237192 2551
237193 237194 5866
263268 236420 3314
236933 236934 297
236933 236934 297
236933 236935 1713
236939 236935 1209
254769 237187 503
254770 237187 481
254770 254781 34
236905 236904 2297
236905 236932 4652
236905 263276 2015
237038 237039 1623
262177 237039 606
254692 254504 356
254692 254693 1475
254692 254693 1475
254744 254743 443
254562 254505 862
254562 254677 342
237027 237026 751
237028 237026 1841
237021 237020 1269
261966 237006 157
261966 237020 2842
261468 237049 1002
261468 261467 162
237078 237075 346
237078 237077 3121
237078 237081 311
237070 237062 301
237070 237071 5095
237073 237072 1117
237073 237087 1077
237073 237094 1488
237089 237087 575
237160 237157 1072
237160 237161 1575
237160 237163 2052
237160 237408 920
237409 237408 520
237411 237163 841
237411 237410 631
237411 237412 398
262048 262049 423
262048 263741 260
237156 237146 805
237156 237157 1510
237158 237146 1505
237158 237147 1115
237158 237157 871
237158 237159 2124
237168 237147 1060
237168 237169 728
237168 237170 1038
262164 237147 459
237412 237411 398
237412 237413 974
237412 237414 1713
237417 237413 550
237417 237414 2141
237417 237418 332
237420 237418 1095
237420 237421 793
237420 237426 1720
237176 237167 317
237176 237177 712
263364 237177 4245
263364 263365 521
237171 237169 1044
237171 237170 734
237171 237173 417
237171 237174 1718
237175 237170 1662
237175 237174 743
237175 237425 4008
233167 233152 1732
233167 233172 630
233168 232053 275
233168 233158 511
233168 233172 762
233168 234442 5057
233175 233170 1889
233175 233172 353
233175 233177 706
234442 233168 5057
234442 234441 924
234442 234509 996
233174 233173 2119
233174 233329 274
233334 233171 4121
233334 233173 530
233334 233337 1000
233348 233346 2002
233348 233423 3682
233348 233424 1977
233389 233347 1300
233389 233391 1906
233389 233424 1827
233476 233458 9829
233476 233475 863
233476 233477 539
235469 233458 665
233467 233468 1030
233467 233469 838
233467 233470 2742
233483 233469 2966
233483 233470 1198
233483 233486 2700
233353 233352 687
233353 233355 1256
233353 233356 2681
233354 233351 2247
233354 233356 672
233354 233358 2223
233373 233372 1000
233373 233375 1193
233373 233376 1000
233374 233318 1357
233374 233372 1358
233374 233375 1014
233317 233268 948
233317 233319 817
233317 233326 1139
233318 233268 1124
233318 233326 867
233318 233371 1652
233318 233374 1357
233430 233326 980
240658 240655 168
240658 240661 434
240658 261856 555
240663 240661 452
240665 240661 905
240814 240666 2203
240814 240670 1262
240814 240815 889
263972 240666 718
262257 255662 518
262257 255662 518
262257 262258 1917
262244 262243 1450
262244 262245 964
262244 263965 2146
240660 240659 105
240834 240833 580
240862 240833 749
240817 240815 221
240817 240859 2198
240817 242653 261
240841 240842 1202
240841 240859 570
240829 240670 1574
240829 240860 568
240751 240743 871
240751 240752 2033
240751 240753 871
240756 240753 1222
240756 240755 750
240756 240757 604
261810 240753 775
240754 240755 611
240754 240758 1007
240766 240758 1071
240766 240762 2416
240766 240767 323
240792 240765 419
240792 240793 1346
240792 240795 1678
240795 240792 1678
240795 240793 1004
240795 241521 1344
240796 240793 419
240796 240797 1526
240727 240709 2153
240727 240728 2873
240727 240729 2096
240707 240708 1991
240707 240709 1452
240707 240709 1452
240710 240702 419
240710 240712 905
240710 240713 3119
240725 240724 1680
240725 240818 454
240725 240821 1456
240822 240821 1229
240822 240823 578
240822 261857 237
241274 240819 134
241274 240823 615
241274 240827 143
240855 240856 888
240855 261853 1193
240855 261861 1082
261855 261853 1198
241513 241502 929
241513 241509 1111
241513 241576 3000
241518 241516 671
241518 241528 2839
241518 241535 924
241580 241535 937
241580 241541 1375
241580 241618 983
240350 240329 503
240350 240347 1814
240350 240351 671
240352 240351 796
240352 240360 579
240352 240366 755
240366 240352 755
240366 240367 672
240366 240374 587
240369 240367 275
240369 240372 562
240369 240374 884
241605 241603 1692
241605 241604 1375
241605 241606 847
241608 241603 1014
241608 241609 353
238896 238897 536
238896 240385 414
238896 254865 520
240384 238895 1470
240384 240381 903
240384 240385 5808
241598 241596 1124
241598 241599 2622
241598 241601 1443
241600 241596 1762
241600 241597 782
241600 241609 336
241607 241597 336
240330 240328 931
240330 240329 1437
240330 240354 1426
240348 240343 893
240348 240349 839
240348 240354 562
240348 240355 180
240345 240344 2347
240345 240357 445
240345 241564 503
240355 240348 180
240355 240357 749
240355 264135 728
240346 240344 846
240346 241551 278
240346 241554 750
241559 241554 707
241502 241503 653
241502 241513 929
241502 241514 3334
241551 240342 649
241551 240346 278
241551 241556 1140
241602 241601 1891
241602 241613 2048
241602 241757 778
241614 241613 983
236651 236650 209
239118 236650 286
241759 241758 2268
241759 241766 905
241759 241767 787
241768 241767 1558
241761 240388 3018
241761 240394 672
241756 241599 818
241756 241758 778
241756 241766 2109
240412 240404 1019
240412 240405 2419
240412 240433 1152
263898 240430 1553
263898 240433 2111
263898 263899 1558
241826 241827 707
241826 241828 2881
241831 241830 905
241831 241832 671
241830 241828 763
241830 241831 905
241830 241835 354
241829 241825 1278
241829 241828 2747
241829 241857 1031
241858 241857 452
241858 241859 1334
241858 241860 868
241861 241859 950
241861 241860 1556
241861 241864 1778
241861 241873 1072
241863 241860 826
241863 241873 1891
241863 241894 763
241874 241868 826
241874 241899 707
241874 241900 2510
249303 241899 4441
249303 249301 611
249303 249313 809
249353 241902 2169
249353 249352 672
249353 249354 1114
249315 249314 610
249315 249316 1097
249315 249362 1419
249363 249362 1114
249363 249389 696
249363 249391 1078
261589 261587 1469
261589 261588 506
241913 241908 893
241914 241908 1124
241914 241909 763
241914 241922 905
241915 241908 750
241915 242050 1447
241915 242051 2631
241915 242052 755
241919 241909 1061
241919 241918 1175
242074 242055 1483
241921 241918 796
241921 249367 796
241921 249371 1180
249384 249383 1622
249385 249383 333
249385 249412 1114
249385 249415 587
249416 249415 2561
249416 249417 755
249416 249419 2672
249416 249420 847
249422 249420 671
249422 249421 2557
249422 249531 452
249423 249419 755
249423 249420 2779
249423 249431 778
249423 249537 598
249536 249532 667
249536 249535 1850
249536 249537 782
249539 249535 782
249539 249537 2017
249539 249540 782
249539 249556 1693
249560 249535 2110
249560 249555 344
249560 249556 847
249560 249561 1161
246606 241990 299
248695 241990 319
249584 249555 2063
249584 249585 434
249584 249586 1437
249705 249659 1768
249705 249704 950
249705 249706 1464
249705 249715 190
249712 249710 275
249712 249713 826
249712 249716 986
249719 249711 868
249719 249713 344
249719 249722 562
249722 249719 562
249722 249723 336
249722 249724 1897
249722 249732 788
249733 249732 1565
249733 249996 672
249733 250006 707
250290 250287 2688
250290 250671 1066
250290 250672 764
250670 250288 420
249986 249981 473
249986 249987 826
249986 250067 5370
249986 250071 373
249988 249987 336
249988 250037 536
249988 250071 950
249988 250091 312
250017 250016 2126
250017 250019 1124
250020 250018 467
250020 250019 1357
250004 250002 950
250004 250003 750
250004 250005 628
250004 250030 1695
250005 250000 1780
250005 250004 628
250005 250018 359
250005 250030 1780
250025 250003 1695
250025 250024 826
250025 250030 750
250025 250032 1160
264149 250030 353
250033 250029 275
250033 250032 610
250033 250035 1160
250039 250037 1207
250039 250040 1113
250039 250041 1008
250042 250040 1503
250042 250041 354
250042 250052 1181
236633 236632 748
236633 250045 475
236633 250050 115
250022 241991 418
250022 250045 1635
250051 250049 818
250052 249360 672
250052 250042 1181
250052 250043 2513
250052 250049 475
250052 250053 974
249999 249996 893
249999 250000 2458
249999 250001 354
249999 261593 766
241991 237040 1052
241991 241992 3283
241991 250022 418
250678 250021 354
250678 250679 3150
250672 250290 764
250672 250291 2679
250672 250671 796
250672 250675 681
250674 250291 805
250674 250680 782
250674 250681 1078
250681 250293 1004
250681 250674 1078
250681 250683 975
249681 249679 1025
249681 249683 1055
249681 249688 1072
249703 249684 847
249703 249689 1085
249703 249704 1066
249672 249592 557
249672 249593 927
249672 249673 946
249666 249664 1028
249666 249669 1008
249666 249675 938
249598 249594 598
249598 249601 764
249598 249602 1935
249601 249598 764
249601 249602 2132
249601 249603 672
249599 249593 787
249599 249594 1530
249599 249690 1004
249670 249617 903
249670 249669 562
249670 249671 796
249670 249676 1376
250628 250627 1124
250628 250634 604
250628 250635 1356
250628 250636 676
251579 250627 868
251579 250636 1085
251579 251580 1335
251587 250637 504
251587 251580 1205
251587 251585 557
251592 251582 796
251592 251594 750
251583 244826 1188
251583 251584 354
251583 251593 1622
251583 251598 1025
251594 251592 750
251594 251593 475
251599 251597 725
251599 251636 610
251600 236676 260
251600 251597 3322
251600 251602 1066
251600 251607 2002
251602 251598 1504
251602 251600 1066
251602 251605 747
251603 251589 1679
251603 251598 2535
251603 251604 1085
251603 251605 826
251508 251509 1483
251508 251512 475
251508 251513 516
251513 251508 516
251513 251512 750
251513 251514 201
251509 251501 1830
251509 251508 1483
251509 251510 671
251521 251501 707
251521 251510 2035
250622 250611 574
250622 261594 441
250612 250611 516
244823 244824 1793
244823 250499 621
244823 250649 356
250654 250499 1775
250654 250646 1085
250654 250653 950
250654 250655 827
250658 250653 1584
250658 250657 681
250658 251608 946
250635 250628 1356
250635 250634 1408
250635 250638 275
250638 250635 275
250638 250639 557
250638 251586 418
251589 250640 1303
251589 251590 1298
251589 251591 747
251589 251603 1679
250686 250297 276
250686 250687 403
250686 250727 2590
250730 250728 556
250730 250731 1408
250730 250732 1611
250731 250729 672
250731 250730 1408
250731 250732 1652
250745 250729 279
250749 250729 1671
250749 250741 373
250749 250750 2145
250742 250741 434
250564 250563 818
250564 250566 2948
250564 250567 1398
250550 250551 287
250550 250552 797
250550 250568 650
250568 250550 650
250568 250565 696
250568 250569 1066
250569 250568 1066
250569 250931 409
250569 250932 649
250919 250918 756
250919 250920 1398
250919 250921 788
250919 250933 950
250922 250920 1530
250922 250923 336
250922 250930 336
250509 244824 504
250509 250648 373
250509 250651 778
250938 250939 1139
250938 250940 1483
236677 236676 663
236677 251644 1906
236677 251645 1013
251645 236677 1013
251645 251646 1796
251645 251647 1013
251648 251647 1344
251648 251659 1454
251648 251668 688
251658 251647 1179
251658 251656 750
251658 251659 1292
251661 251656 707
251661 251662 1292
251661 251851 787
251852 251662 681
251852 251851 1375
236675 236674 565
251650 236674 282
251673 251672 796
251677 251672 628
251682 251669 1032
251682 251680 452
251682 251683 511
251985 251632 923
251985 251678 336
251985 251986 580
251870 251859 877
251870 251868 551
251875 251859 707
251688 251687 1120
251939 251935 1139
251939 251936 1743
251939 251988 826
251939 251994 3152
251935 251931 1671
251935 251938 424
251935 251939 1139
251935 251987 1900
251996 251943 462
251996 251994 2643
251997 251994 778
251997 251998 1225
251997 252000 1490
252000 251997 1490
252000 251999 399
252021 251999 893
252021 252019 795
252021 252039 1032
252039 252021 1032
252039 252033 1808
252039 252040 847
252349 252156 848
252349 252350 1398
252349 252354 681
252351 252352 475
252351 252354 688
252351 252359 1712
252362 252359 475
252156 252154 551
252156 252157 1830
252156 252349 848
252156 252353 765
252182 252178 448
252182 252180 744
252182 252379 2503
252380 252192 409
252380 252192 409
252380 252364 1980
252380 252381 1693
252381 252364 323
252381 252380 1693
252386 252373 556
252386 252388 3475
252377 252375 1060
252377 252376 296
252378 252375 708
252378 252392 1322
252378 252417 788
252416 252370 1076
252416 252375 665
251972 251971 1078
251972 251974 1160
251972 251979 473
251972 251982 1114
251978 251949 1725
251978 251979 403
252024 251977 604
252024 252023 201
252024 252025 1532
252028 251981 279
252028 252027 747
252028 252030 1630
252036 251983 1877
252036 252030 796
252036 252078 796
252036 252134 434
252033 252022 930
252033 252032 672
252033 252034 847
252033 252039 1808
252032 252025 1004
252032 252031 950
252032 252033 672
252077 251983 847
252077 252076 713
252077 252078 2043
252130 252078 796
252130 252079 937
252130 252133 1445
252088 252073 1611
252088 252135 869
252088 252137 2948
252139 252135 2623
252139 252137 847
252139 252141 434
252138 252137 924
252138 252141 1500
252138 252158 473
252138 252159 2299
252142 252141 950
252142 252148 2440
252142 252150 809
252142 252180 3030
252151 252148 628
252151 252152 747
252151 252154 475
252152 252149 1220
252152 252151 747
252152 252153 598
252370 252371 2798
252370 252409 2747
252370 252413 708
252370 252416 1076
252371 252370 2798
252371 252408 1830
252371 252409 708
252411 252409 1767
252417 252378 788
252417 252393 1356
252417 252414 1663
252417 252418 598
252418 252415 4322
252418 252417 598
252418 252419 1530
252418 252420 826
252863 252864 893
252863 252867 1712
252863 252868 354
252866 252864 1528
252866 252867 344
252420 252418 826
252420 252426 3898
252420 252428 708
252420 252436 1457
252428 252420 708
252428 252429 3696
252428 252434 788
252428 252439 1530
252430 252429 628
252430 252431 1186
252430 252432 676
252430 252853 1160
262276 252853 67
262276 262277 456
252924 252923 893
252924 252925 1611
252924 252926 279
252872 252867 905
252872 252869 2010
252872 252873 475
252931 252927 1114
252870 252859 1031
252870 252871 1061
252870 252875 1032
252870 252902 1592
252859 252858 2111
252859 252869 924
252859 252870 1031
252859 252874 1982
252919 252917 764
252919 252920 924
252919 252968 681
252969 252920 681
252969 252968 924
252969 252970 1398
252969 252971 847
253810 253766 1347
253810 253768 70
253810 253809 393
252970 252969 1398
252970 252972 788
252970 253616 475
253617 252972 796
253590 253588 420
253590 253591 1014
253603 253592 1000
253603 253601 336
253603 253606 1092
253605 253592 950
253608 253604 1260
253608 253606 796
253608 253610 1120
253608 253637 756
253611 253610 373
253611 253612 723
253611 253615 1139
253613 253612 233
253655 253644 676
253655 253659 870
253645 253646 1440
253645 253648 2411
263393 253649 2515
263393 253659 692
263393 253661 310
253661 253660 315
253661 253662 363
253661 263393 310
253662 253660 241
253662 253661 363
253662 253664 1016
253770 253769 604
253772 253769 354
253664 253662 1016
253664 253665 788
253664 253774 2358
253665 253664 788
253665 253773 836
253665 253775 3234
253785 253773 3153
253785 253775 649
253785 253786 1022
253786 253779 1955
253786 253785 1022
253786 253787 927
253786 253788 1410
253790 253788 649
253790 253789 778
253790 253791 2875
253833 253789 475
253833 253832 1008
253833 253834 681
254867 254868 1495
254867 254871 796
254867 254873 580
254874 254872 461
254874 254888 235
254874 264338 2342
253837 253831 648
253837 253838 373
253837 253840 354
253838 253831 879
253838 253832 629
253838 253837 373
253838 253839 354
253839 253838 354
253839 253840 580
253839 253843 1031
253857 253842 201
253857 253858 1445
253856 253844 1863
253856 253858 1114
253856 253862 927
253864 253863 1622
253864 253865 750
253864 253897 418
253866 253865 873
254873 254867 580
254873 254882 562
254873 254883 1532
254878 254879 847
254878 254880 983
254878 254882 1565
254858 254857 750
254862 254853 938
254862 254853 938
254862 254857 975
254880 254877 696
254880 254878 983
254880 254881 750
254887 254877 403
254887 254891 5947
254887 255229 883
236337 236336 297
236337 236362 2401
236337 263549 2036
236363 236362 1382
236371 236349 1077
236371 236372 2080
236371 236447 260
236445 236434 1116
236445 236446 584
236445 236447 1306
264010 261454 394
244916 244870 1912
244916 244920 1597
244916 263128 1155
245211 236518 678
245211 244870 1044
245211 245210 1643
244853 236292 237
244853 244915 1641
245210 245211 1643
245210 263129 531
236331 236291 796
236331 236418 268
236331 236544 963
244951 244952 698
244951 261542 502
245148 244952 1743
245148 245042 235
236461 236421 2977
236461 236426 1249
236461 236463 1429
236463 236461 1429
236463 236462 1488
236463 245327 1800
236971 236972 799
236971 237193 909
237194 237193 5866
236934 236476 2122
236934 236933 297
236934 236933 297
254781 254770 34
236904 236905 2297
236904 236912 282
236904 254713 2617
263276 236905 2015
254693 254692 1475
254693 254692 1475
254677 254562 342
237006 237001 324
237006 261966 157
261467 261468 162
237075 237074 638
237075 237076 3157
237075 237078 346
237077 237076 1898
237077 237078 3121
237077 237094 1509
237062 237057 428
237062 237059 1229
237062 237070 301
237072 237066 1454
237072 237073 1117
237072 237076 1433
237094 237073 1488
237094 237077 1509
237157 237156 1510
237157 237158 871
237157 237160 1072
237157 237162 2076
237161 237160 1575
237163 237160 2052
237163 237162 952
237163 237411 841
237163 237424 1840
262049 262048 423
237159 237158 2124
237159 237162 920
237159 237170 1033
237159 237172 1967
237169 237168 728
237169 237171 1044
237170 237159 1033
237170 237168 1038
237170 237171 734
237170 237175 1662
237414 237412 1713
237414 237417 2141
237414 237427 105
237421 237420 793
237421 237422 603
237421 237430 1670
237426 237420 1720
237426 237427 1689
237426 237430 791
237426 237431 399
237167 237166 2104
237167 237176 317
263365 263364 521
237173 237171 417
237425 237175 4008
233152 233150 2505
233152 233157 562
233152 233162 452
233152 233167 1732
232053 232054 4010
232053 233158 333
232053 233168 275
232053 233171 3446
233158 232053 333
233158 233157 950
233158 233168 511
233170 233164 679
233170 233165 762
233170 233175 1889
233177 233165 2002
233177 233175 706
233177 233179 433
234509 234442 996
234509 234510 9
233329 233174 274
233171 232053 3446
233171 233330 2995
233171 233334 4121
233171 233335 2428
233337 233334 1000
233337 233336 1472
233337 233339 1055
233346 233345 2856
233346 233347 1219
233346 233348 2002
233423 232741 410
233423 233348 3682
233423 233425 12783
233423 235306 1223
233347 233346 1219
233347 233389 1300
233347 233390 1267
233391 233389 1906
233475 233474 811
233475 233476 863
233475 233480 988
233477 233476 539
233477 233478 680
233477 233480 1374
233468 233467 1030
233470 233467 2742
233470 233483 1198
233470 233485 2054
233486 233483 2700
233486 233488 1686
233486 233495 1162
233352 233351 515
233352 233353 687
233351 233350 1124
233351 233352 515
233351 233354 2247
233358 233242 1111
233358 233243 667
233358 233354 2223
233372 233371 1556
233372 233373 1000
233372 233374 1358
233268 233267 627
233268 233315 905
233268 233317 948
233268 233318 1124
233319 233315 1059
233319 233316 905
233319 233317 817
233319 233325 515
233371 233243 679
233371 233318 1652
233371 233372 1556
240655 240654 168
240655 240656 580
240655 240658 168
261856 240658 555
261856 263401 97
240670 240671 1627
240670 240814 1262
240670 240829 1574
240815 240814 889
240815 240816 222
240815 240817 221
262258 262257 1917
262258 262259 203
262258 262260 1143
262243 262244 1450
263965 262244 2146
242653 240817 261
242653 241278 1972
240842 240841 1202
240743 240744 1925
240743 240745 2193
240743 240751 871
240752 240751 2033
240755 240747 1166
240755 240754 611
240755 240756 750
240762 240760 336
240762 240764 201
240762 240766 2416
240767 240759 348
240767 240766 323
240767 264136 410
240765 240764 2225
240765 240792 419
241521 240795 1344
241521 241522 846
241521 241523 1139
240797 240796 1526
240728 240727 2873
240728 261505 611
240708 240707 1991
240708 261505 1984
240702 240492 1090
240702 240710 419
240702 240711 843
240712 240710 905
240724 240721 1095
240724 240725 1680
240818 240725 454
240818 240813 2305
240818 241277 1326
261857 240820 510
261857 240822 237
240819 240820 395
240819 240827 49
240819 240831 350
240819 241274 134
240827 240819 49
240827 240828 876
240827 241274 143
240856 240855 888
261861 240855 1082
241509 241508 1114
241509 241511 1084
241509 241513 1111
241516 241512 2679
241516 241517 750
241516 241518 671
241528 241518 2839
241528 241527 515
241528 241529 562
241541 241539 344
241541 241548 929
241541 241580 1375
241618 241548 2350
241618 241548 2350
241618 241580 983
240329 239071 2440
240329 240330 1437
240329 240350 503
240347 238898 424
240347 240350 1814
240360 240352 579
240360 240359 986
240367 240366 672
240367 240368 252
240367 240369 275
240372 240369 562
240372 240370 434
240372 240373 782
241604 241605 1375
241606 241605 847
241609 241600 336
241609 241608 353
238897 238896 536
254865 238896 520
240381 240380 949
240381 240383 4226
240381 240384 903
241599 241598 2622
241599 241756 818
241599 241757 763
240328 240326 536
240328 240330 931
240328 240338 888
240343 240338 763
240343 240340 1809
240343 240348 893
240349 240348 839
240344 240340 755
240344 240345 2347
240344 240346 846
241564 240345 503
264135 240355 728
241503 241501 1465
241503 241502 653
240342 240341 788
240342 241551 649
240342 241553 1060
241757 241599 763
241757 241602 778
241757 241765 1514
241766 241756 2109
241766 241759 905
241766 241765 782
240394 240392 1629
240394 241761 672
240394 241775 571
240404 240395 243
240404 240405 2540
240404 240412 1019
240405 240404 2540
240405 240412 2419
240405 240423 233
240430 240423 1462
240430 240428 1473
240430 241825 4722
240430 263898 1553
263899 263898 1558
263899 263900 1079
263899 263901 2774
241828 241826 2881
241828 241829 2747
241828 241830 763
241825 240430 4722
241825 241829 1278
241825 241839 688
241859 241854 2535
241859 241858 1334
241859 241861 950
241860 241858 868
241860 241861 1556
241860 241863 826
241864 241861 1778
241868 241867 1928
241868 241874 826
241868 241875 2665
241900 236467 579
241900 241874 2510
241900 241875 598
249301 236467 1056
249301 249296 983
249301 249300 516
249301 249303 611
249313 249303 809
249313 249307 809
249313 249314 610
249313 249352 672
249352 249313 672
249352 249353 672
249352 249359 836
249354 249353 1114
249314 249313 610
249314 249315 610
249314 249359 826
249316 249312 681
249316 249315 1097
249316 249317 562
249389 249338 809
249389 249363 696
249389 249390 1139
249391 249363 1078
249391 249390 788
249391 249393 373
261588 261589 506
261588 261590 1322
241922 241914 905
241922 241925 787
241922 241926 875
242050 241915 1447
242051 241915 2631
242051 242058 1161
242051 242066 1222
242051 242071 1853
242052 241915 755
242052 242053 1225
242052 242057 1212
241918 241919 1175
241918 241920 680
241918 241921 796
249371 241921 1180
249412 249385 1114
249412 249413 1344
249412 249414 1114
249417 249414 333
249417 249416 755
249417 249418 3560
249419 249416 2672
249419 249423 755
249419 249428 778
249431 249423 778
249431 249429 252
249431 249432 516
249537 249423 598
249537 249432 782
249537 249536 782
249537 249539 2017
249540 249539 782
249540 249541 764
249540 249543 672
249540 249557 1264
249556 249539 1693
249556 249557 950
249556 249560 847
249556 249562 1343
249561 249560 1161
249561 249586 254
249585 249584 434
249586 249561 254
249586 249584 1437
249586 249587 475
249659 249657 826
249659 249705 1768
249659 249707 884
249704 249653 1395
249704 249703 1066
249704 249705 950
249706 249705 1464
249710 249707 788
249710 249711 818
249710 249712 275
249716 249712 986
249711 249708 847
249711 249710 818
249711 249714 688
249711 249719 868
249723 249714 516
249723 249722 336
249724 249722 1897
249724 249991 1279
249724 249996 681
249996 249724 681
249996 249733 672
249996 249999 893
250006 249733 707
250671 250290 1066
250671 250672 796
250671 250676 756
249981 249964 1204
249981 249978 872
249981 249985 950
249981 249986 473
250067 249904 2763
250067 249986 5370
250071 249986 373
250071 249988 950
250071 250068 5960
250071 250072 3432
250037 249988 536
250037 250038 829
250037 250039 1207
250091 249988 312
250091 250038 736
250091 250093 2334
250018 250005 359
250018 250020 467
250018 264148 789
250002 249995 1395
250002 249997 1234
250002 250004 950
250003 249946 1671
250003 250004 750
250003 250025 1695
250000 249997 681
250000 249999 2458
250000 250005 1780
250000 250015 588
250024 250023 1593
250024 250025 826
250024 250027 750
250024 250029 1576
250029 250024 1576
250029 250028 809
250029 250033 275
250035 250028 418
250035 250033 1160
250035 250036 836
250040 250039 1113
250040 250042 1503
250040 250043 788
236632 236633 748
236632 250046 147
250050 236633 115
250050 238681 566
249360 249361 223
249360 250052 672
249360 250054 667
249360 250055 598
250043 250040 788
250043 250052 2513
250043 250059 1061
250043 250095 847
250053 250052 974
250053 250058 279
250053 250059 1932
261593 249992 732
261593 249999 766
237040 236961 1107
237040 237878 3286
237040 241991 1052
250679 250678 3150
250679 250688 788
250675 250672 681
250675 250676 672
250675 250677 336
250675 250680 1565
250680 250674 782
250680 250675 1565
250680 250682 516
250683 250298 976
250683 250681 975
249679 249678 344
249679 249680 373
249679 249681 1025
249683 249647 1409
249683 249681 1055
249683 249684 1809
249684 249683 1809
249684 249702 551
249684 249703 847
249592 249588 580
249592 249665 598
249592 249672 557
249593 249588 707
249593 249599 787
249593 249672 927
249664 249663 676
249664 249666 1028
249664 249667 750
249669 249621 801
249669 249666 1008
249669 249670 562
249594 249588 2174
249594 249597 580
249594 249598 598
249594 249599 1530
249603 249601 672
249617 249607 3450
249617 249619 1415
249617 249670 903
249671 249626 610
249671 249670 796
249671 249685 434
250636 250628 676
250636 250637 672
250636 251579 1085
250637 250636 672
250637 251585 475
250637 251587 504
251585 250637 475
251585 251586 475
251585 251587 557
244826 244825 331
244826 251583 1188
244826 251588 903
251584 251583 354
251636 251599 610
251607 251600 2002
251607 251627 676
251607 251628 1675
251607 251644 1097
251605 251602 747
251605 251603 826
251605 251606 925
251604 251603 1085
251604 251610 418
251604 251625 868
251514 251511 83
251514 251513 201
251510 251509 671
251510 251511 1400
251510 251521 2035
250649 244823 356
250649 250648 1164
250655 250654 827
250655 250663 1311
250655 261746 1024
251608 250658 946
251608 251591 1022
251608 251609 1575
251586 250638 418
251586 251585 475
251586 251588 1300
251590 244825 416
251590 251588 604
251590 251589 1298
251591 251589 747
251591 251608 1022
251591 251610 1499
250297 250298 1237
250297 250684 319
250297 250686 276
250687 250686 403
250687 250733 826
250732 250730 1611
250732 250731 1652
250732 250733 649
250566 250564 2948
250566 250757 889
250566 250917 696
250567 250564 1398
250567 250918 1055
250552 250550 797
250931 250569 409
250931 261596 66
250918 250567 1055
250918 250917 1139
250918 250919 756
250920 250917 628
250920 250919 1398
250920 250922 1530
250933 250919 950
250923 250922 336
250923 250924 1161
250923 250927 1695
250648 250509 373
250648 250649 1164
250648 250659 628
250651 250509 778
250651 250661 106
250940 250938 1483
250940 250941 847
251644 236677 1906
251644 251607 1097
251644 251646 1032
251644 251666 1375
251646 251644 1032
251646 251645 1796
251646 251668 1097
251646 251669 2535
251659 251648 1454
251659 251658 1292
251659 251660 1558
251659 251663 628
251668 251646 1097
251668 251648 688
251668 251670 688
251656 251657 562
251656 251658 750
251656 251661 707
251656 251663 1375
251662 251661 1292
251662 251663 826
251662 251665 713
251662 251852 681
251669 251646 2535
251669 251671 877
251669 251682 1032
251680 251670 1055
251680 251682 452
251680 251686 2043
251632 251631 1007
251632 251984 667
251632 251985 923
251986 251985 580
251868 251686 1282
251868 251686 1282
251868 251870 551
251936 251932 805
251936 251939 1743
251936 251940 1755
251936 251944 905
251931 251624 1028
251931 251934 1356
251931 251935 1671
251938 251935 424
251938 251937 127
251943 251942 877
251943 251946 946
251943 251996 462
251998 251946 1225
251998 251968 3152
251998 251997 1225
252019 252020 1256
252019 252021 795
252019 252022 672
252350 252349 1398
252352 252351 475
252154 252151 475
252154 252155 1809
252154 252156 551
252157 252155 750
252157 252156 1830
252157 252178 2486
252178 252150 1609
252178 252157 2486
252178 252182 448
252180 252142 3030
252180 252159 930
252180 252179 146
252180 252182 744
252192 252184 557
252192 252380 409
252192 252380 409
252388 252386 3475
252388 252387 270
252376 252377 296
252376 252389 2035
252376 252392 788
252392 252376 788
252392 252378 1322
252392 252390 2035
252392 252393 708
251971 251958 877
251971 251960 1257
251971 251972 1078
251974 251960 1025
251974 251972 1160
251974 251976 667
251974 251981 1032
251949 251063 2475
251949 251978 1725
251977 251969 2280
251977 252024 604
251977 252031 344
251981 251974 1032
251981 251983 610
251981 252028 279
251983 251981 610
251983 252036 1877
251983 252077 847
252134 252036 434
252022 251970 222
252022 252019 672
252022 252033 930
252031 251970 344
252031 251977 344
252031 252032 950
252076 252074 336
252076 252075 713
252076 252077 713
252076 252079 1208
252079 252076 1208
252079 252130 937
252073 252072 1694
252073 252088 1611
252073 252132 1124
252137 252088 2948
252137 252090 1008
252137 252138 924
252137 252139 847
252158 252092 516
252158 252138 473
252158 252161 2002
252159 252138 2299
252159 252161 847
252159 252180 930
252150 252142 809
252150 252155 927
252150 252178 1609
252153 252152 598
252408 252371 1830
252393 252392 708
252393 252394 2138
252393 252417 1356
252393 252419 750
252419 252393 750
252419 252397 2035
252419 252418 1530
252419 252436 708
252867 252863 1712
252867 252866 344
252867 252872 905
252868 252854 1982
252868 252863 354
252868 252869 1031
252436 252419 708
252436 252420 1457
252436 252437 2035
252436 252439 826
252434 252428 788
252434 252435 2111
252434 252440 1530
252434 252456 750
252439 252428 1530
252439 252436 826
252439 252438 2035
252439 252440 788
252431 252430 1186
252432 252430 676
252432 252459 2747
252432 252854 252
262277 262276 456
252925 252924 1611
252869 252856 2064
252869 252859 924
252869 252868 1031
252869 252872 2010
252871 252870 1061
252871 252888 434
252871 252889 1220
252902 252870 1592
252902 252889 847
252858 252859 2111
252858 252883 504
252858 252888 275
252917 252895 1114
252917 252901 628
252917 252918 1055
252917 252919 764
252920 252918 708
252920 252919 924
252920 252921 1504
252920 252969 681
253616 252970 475
253588 253584 275
253588 253587 2714
253588 253590 420
253601 253602 504
253601 253603 336
253601 253604 778
253604 253601 778
253604 253607 893
253604 253608 1260
253610 253607 681
253610 253608 1120
253610 253611 373
253637 253608 756
253615 253611 1139
253615 253614 676
253648 253645 2411
253648 253647 337
253649 253650 1695
253649 253651 1500
253649 263393 2515
253773 253665 836
253773 253776 610
253773 253785 3153
253779 253777 1209
253779 253780 4951
253779 253786 1955
253787 253786 927
253787 253793 1496
253787 253794 649
253791 253790 2875
253791 253850 516
253791 253851 889
253832 253833 1008
253832 253834 562
253832 253838 629
253832 255073 312
253834 253832 562
253834 253833 681
253834 253835 924
254868 254867 1495
254888 254874 235
254888 254889 2999
254888 263253 443
264338 254874 2342
253843 253835 1151
253843 253839 1031
253843 253844 1120
253844 253836 1151
253844 253843 1120
253844 253856 1863
253862 253849 354
253862 253856 927
253862 253863 557
253863 253853 1139
253863 253862 557
253863 253864 1622
253897 253852 1982
253897 253864 418
253897 253898 1167
253897 253899 1398
254883 254873 1532
254883 254884 1225
254883 254890 1279
254879 254878 847
254853 254854 950
254853 254861 672
254853 254862 938
254853 254862 938
254881 254880 750
254881 254885 750
254881 254886 4024
254891 254887 5947
254891 254892 604
254891 254893 3059
255229 254887 883
236336 236337 297
236336 236339 2934
236336 236340 1152
263549 236337 2036
263549 236338 1715
263549 263550 555
236349 236347 1630
236349 236371 1077
236349 236433 684
236372 236371 2080
236434 236435 1705
236434 236437 1270
236434 236445 1116
236446 236445 584
244920 244916 1597
244920 245041 488
263128 244916 1155
236518 236519 646
236518 245211 678
236518 261542 252
236292 236291 1054
236292 244853 237
236291 236292 1054
236291 236295 767
236291 236331 796
236418 236331 268
236418 236419 395
236418 238449 49
261542 236518 252
261542 244951 502
245042 245041 628
245042 245148 235
245042 245225 1008
236426 236425 4402
236426 236460 1403
236426 236461 1249
245327 236463 1800
236972 236970 1139
236972 236971 799
236476 236477 2689
236476 236934 2122
236476 236940 1145
236912 236904 282
236912 236913 2861
236912 236915 2448
254713 236904 2617
237001 236980 1027
237001 236999 988
237001 237006 324
237074 237063 1536
237074 237075 638
237074 237080 2344
237076 237072 1433
237076 237075 3157
237076 237077 1898
237057 237058 2241
237057 237062 428
237059 237060 830
237059 237061 594
237059 237062 1229
237066 237065 503
237066 237067 12
237066 237072 1454
237162 237157 2076
237162 237159 920
237162 237163 952
237162 237423 1998
237424 237163 1840
237424 237423 854
237424 237427 246
237172 237159 1967
237172 237423 889
237427 237414 105
237427 237424 246
237427 237426 1689
237422 237421 603
237430 237421 1670
237430 237426 791
237430 237432 546
237431 237426 399
237166 237167 2104
237166 237185 3883
233150 232043 627
233150 233149 557
233150 233151 627
233150 233152 2505
233157 233152 562
233157 233154 808
233157 233158 950
233162 233152 452
233162 233155 924
233162 233164 1005
232054 232053 4010
232054 234933 1527
233164 233162 1005
233164 233169 889
233164 233170 679
233165 233163 1111
233165 233170 762
233165 233177 2002
233165 233178 901
233179 233177 433
233179 233180 817
233179 233233 474
234510 234509 9
233330 232115 217
233330 233171 2995
233335 233171 2428
233335 233333 3820
233335 233336 1292
233336 233335 1292
233336 233337 1472
233336 233338 1248
233339 233337 1055
233339 233338 1422
233339 233384 475
233345 233340 371
233345 233346 2856
233345 234799 594
232741 232740 4694
232741 233423 410
233425 233423 12783
233425 235223 3874
235306 233423 1223
235306 235305 4402
233390 233347 1267
233474 233456 3810
233474 233475 811
233480 233465 2022
233480 233475 988
233480 233477 1374
233478 233477 680
233478 233479 1447
233478 233489 597
233485 233470 2054
233485 233484 1529
233485 234714 400
233488 233484 1160
233488 233486 1686
233488 233496 671
233488 233497 671
233495 233486 1162
233495 233494 635
233495 233512 767
233350 233349 786
233350 233351 1124
233350 233357 353
233242 233183 1572
233242 233240 782
233242 233358 1111
233243 233240 1219
233243 233241 1111
233243 233358 667
233243 233371 679
233267 233261 1111
233267 233262 796
233267 233268 627
233315 233262 597
233315 233268 905
233315 233312 905
233315 233319 1059
233316 233312 1059
233316 233319 905
233316 233320 238
233325 233319 515
240654 240507 515
240654 240655 168
240654 240657 796
240656 240655 580
263401 261856 97
240671 240670 1627
240671 240674 139
240671 240830 222
240816 240813 418
240816 240815 222
262259 262258 203
262259 262261 771
262260 262258 1143
241278 241277 1047
241278 241343 330
241278 242653 1972
240744 240743 1925
240745 240743 2193
240745 240746 750
240745 240748 601
240745 261433 1173
240747 240741 2001
240747 240748 345
240747 240755 1166
240747 240759 736
240760 240740 902
240760 240762 336
240764 240762 201
240764 240763 278
240764 240765 2225
240759 240747 736
240759 240767 348
264136 240767 410
241522 241521 846
241523 241519 1375
241523 241521 1139
241523 241524 6731
241523 241525 2927
261505 240708 1984
261505 240728 611
240492 240490 6704
240492 240700 597
240492 240701 1375
240492 240702 1090
240711 240702 843
240711 261506 161
240721 240722 2118
240721 240723 922
240721 240724 1095
240813 240812 1493
240813 240816 418
240813 240818 2305
241277 240818 1326
241277 241278 1047
241277 241343 890
240820 240819 395
240820 240825 303
240820 261857 510
240831 240819 350
240831 240828 823
240831 240835 251
240828 240827 876
240828 240831 823
240828 240836 1758
241508 241506 1592
241508 241509 1114
241511 241509 1084
241511 241510 419
241512 241510 452
241512 241516 2679
241512 241527 550
241517 241516 750
241527 241512 550
241527 241528 515
241529 241524 452
241529 241528 562
241529 241530 515
241539 241538 1160
241539 241541 344
241539 241547 2332
241548 241541 929
241548 241549 787
241548 241618 2350
241548 241618 2350
239071 238899 252
239071 240329 2440
239071 240331 895
238898 238899 153
238898 240347 424
240359 240360 986
240359 240361 905
240359 240370 598
240368 240367 252
240370 240359 598
240370 240371 778
240370 240372 434
240373 240371 353
240373 240372 782
240380 240378 2568
240380 240381 949
240383 240381 4226
240326 240314 252
240326 240328 536
240338 240328 888
240338 240336 2371
240338 240343 763
240340 240337 562
240340 240343 1809
240340 240344 755
241501 241496 557
241501 241503 1465
241501 241504 336
240341 240325 649
240341 240342 788
240341 241552 1060
241553 240342 1060
241765 241757 1514
241765 241766 782
240392 240393 812
240392 240394 1629
241775 240394 571
241775 240396 2207
240395 240396 2932
240395 240404 243
240395 240432 1272
240423 240405 233
240423 240427 1442
240423 240428 216
240423 240430 1462
240428 240423 216
240428 240427 1399
240428 240430 1473
240428 240434 4079
263900 263899 1079
263901 263899 2774
241839 241825 688
241839 241840 1221
241839 241841 688
241854 241852 1306
241854 241859 2535
241854 241867 418
241867 241854 418
241867 241856 835
241867 241866 1114
241867 241868 1928
241875 241868 2665
241875 241900 598
241875 249296 847
236467 236468 922
236467 241900 579
236467 249301 1056
249296 241875 847
249296 249297 788
249296 249301 983
249300 249298 750
249300 249301 516
249300 249302 918
249307 249308 1208
249307 249312 871
249307 249313 809
249359 249314 826
249359 249352 836
249312 249307 871
249312 249311 2789
249312 249316 681
249317 249316 562
249338 249337 788
249338 249339 1279
249338 249389 809
249390 249339 696
249390 249389 1139
249390 249391 788
249390 249392 275
249393 249391 373
261590 249396 914
261590 261588 1322
241925 241922 787
241926 241922 875
241926 242059 1036
242058 242051 1161
242066 242051 1222
242066 242067 496
242066 242071 1061
242071 242051 1853
242071 242066 1061
242053 242052 1225
242053 242056 755
242053 261512 46
242057 242052 1212
241920 241918 680
249413 249412 1344
249414 249400 1257
249414 249412 1114
249414 249417 333
249418 249417 3560
249418 249424 336
249418 249426 434
249428 249419 778
249428 249426 336
249428 249429 504
249429 249428 504
249429 249430 1234
249429 249431 252
249432 249431 516
249432 249433 1454
249432 249537 782
249432 249538 671
249541 249538 755
249541 249540 764
249541 249542 1786
249543 249540 672
249543 249544 782
249543 249558 1348
249557 249540 1264
249557 249556 950
249557 249558 688
249562 249556 1343
249587 249586 475
249657 249653 452
249657 249656 750
249657 249658 1457
249657 249659 826
249707 249658 950
249707 249659 884
249707 249661 1066
249707 249708 688
249707 249710 788
249653 249651 1454
249653 249657 452
249653 249704 1395
249708 249661 788
249708 249707 688
249708 249709 818
249708 249711 847
249714 249709 788
249714 249711 688
249714 249723 516
249991 249724 1279
249991 249935 562
249991 249989 279
250676 250671 756
250676 250675 672
249964 249962 1208
249964 249980 699
249964 249981 1204
249978 249968 708
249978 249979 1021
249978 249981 872
249985 249981 950
249985 249984 611
249985 250036 1879
249904 249903 3621
249904 250067 2763
250068 249915 254
250068 250071 5960
250072 250071 3432
250072 250092 983
250072 250093 1188
250038 250037 829
250038 250091 736
250038 250094 1539
250093 250072 1188
250093 250091 2334
250093 250094 610
250093 250097 869
264148 250018 789
249995 249943 750
249995 249993 1780
249995 249997 840
249995 250002 1395
249997 249995 840
249997 249998 2002
249997 250000 681
249997 250002 1234
249946 249941 836
249946 249945 1160
249946 250003 1671
250015 250000 588
250023 249945 1114
250023 250024 1593
250027 249972 847
250027 249974 1061
250027 250024 750
250027 250028 1809
250028 249975 805
250028 250027 1809
250028 250029 809
250028 250035 418
250036 249985 1879
250036 250034 201
250036 250035 836
250046 236632 147
238681 238682 448
238681 249364 869
238681 250048 480
238681 250050 566
249361 249360 223
250054 249360 667
250055 249360 598
250055 250056 201
250055 250058 1219
250059 250043 1061
250059 250053 1932
250059 250062 750
250059 250096 950
250095 250043 847
250095 250094 418
250095 250096 1101
250058 250053 279
250058 250055 1219
250058 250060 557
249992 249935 544
249992 261593 732
236961 236960 1772
236961 237040 1107
236961 237444 3382
237878 237040 3286
237878 237444 1271
237878 239628 2181
250688 237877 2281
250688 250679 788
250688 250734 336
250677 250675 336
250682 250680 516
250298 250297 1237
250298 250673 301
250298 250683 976
249678 249626 562
249678 249679 344
249680 249623 1114
249680 249679 373
249680 249682 557
249647 249646 279
249647 249683 1409
249647 249702 847
249702 249647 847
249702 249651 1767
249702 249684 551
249588 249589 403
249588 249592 580
249588 249593 707
249588 249594 2174
249665 249592 598
249663 249664 676
249667 249664 750
249621 249620 2222
249621 249669 801
249597 249594 580
249597 249596 403
249597 249600 1073
249607 249605 750
249607 249611 1084
249607 249617 3450
249607 249618 927
249619 249610 628
249619 249612 1837
249619 249617 1415
249626 249610 2707
249626 249671 610
249626 249678 562
249685 249671 434
244825 244826 331
244825 244827 516
244825 251590 416
251588 244826 903
251588 251586 1300
251588 251590 604
251627 251606 1010
251627 251607 676
251627 251615 649
251628 251607 1675
251628 251626 847
251628 251666 1335
251606 251605 925
251606 251627 1010
251610 251591 1499
251610 251604 418
251610 251609 983
251625 251604 868
251511 251510 1400
251511 251514 83
250663 250655 1311
250663 250659 877
250663 250664 1576
250663 250665 750
261746 250655 1024
251609 251608 1575
251609 251610 983
251609 251611 279
250684 250297 319
250684 250673 701
250684 250685 482
250733 250687 826
250733 250732 649
250733 250735 238
250757 250566 889
250757 250756 2813
250757 250916 333
250917 250566 696
250917 250918 1139
250917 250920 628
261596 250931 66
250924 250923 1161
250927 250740 2484
250927 250923 1695
250927 250925 551
250927 250928 676
250659 250648 628
250659 250660 2186
250659 250663 877
250661 250651 106
250661 250662 511
250941 250940 847
250941 250958 275
250941 250959 649
250941 250961 275
251666 251628 1335
251666 251644 1375
251666 251667 1504
251660 251659 1558
251660 251670 983
251660 251681 556
251660 251684 788
251663 251656 1375
251663 251659 628
251663 251662 826
251663 251664 667
251670 251660 983
251670 251668 688
251670 251680 1055
251657 251656 562
251665 251662 713
251665 251664 1061
251665 251854 598
251671 251667 201
251671 251669 877
251671 251674 950
251686 251680 2043
251686 251868 1282
251686 251868 1282
251631 251624 1303
251631 251630 1543
251631 251632 1007
251984 251632 667
251932 251933 932
251932 251936 805
251932 251937 1205
251940 251924 557
251940 251936 1755
251940 251941 836
251940 251942 1483
251944 251936 905
251944 251945 1114
251944 251992 1066
251624 251623 1809
251624 251631 1303
251624 251929 788
251624 251931 1028
251934 251931 1356
251937 251932 1205
251937 251938 127
251942 251927 649
251942 251940 1483
251942 251943 877
251946 251943 946
251946 251966 2203
251946 251998 1225
251968 251966 826
251968 251969 817
251968 251970 2249
251968 251998 3152
252020 252019 1256
252155 252150 927
252155 252154 1809
252155 252157 750
252179 252180 146
252184 252183 1611
252184 252190 604
252184 252192 557
252387 252384 475
252387 252388 270
252389 252376 2035
252389 252390 788
252389 252391 1906
252390 252389 788
252390 252392 2035
252390 252394 750
252390 252395 2005
251958 251957 877
251958 251959 1457
251958 251971 877
251960 251959 788
251960 251971 1257
251960 251973 818
251960 251974 1025
251976 251973 1222
251976 251974 667
251976 252070 1004
251063 251061 2334
251063 251068 344
251063 251948 747
251063 251949 2475
251969 251968 817
251969 251977 2280
251970 251968 2249
251970 252022 222
251970 252031 344
252074 252070 562
252074 252075 672
252074 252076 336
252075 252074 672
252075 252076 713
252075 252080 573
252072 252071 764
252072 252073 1694
252072 252080 749
252072 252082 1592
252132 252073 1124
252090 252083 950
252090 252091 580
252090 252092 1398
252090 252137 1008
252092 252089 950
252092 252090 1398
252092 252158 516
252161 252118 869
252161 252158 2002
252161 252159 847
252394 252390 750
252394 252393 2138
252394 252396 1901
252394 252397 708
252397 252394 708
252397 252402 2005
252397 252419 2035
252397 252437 708
252854 252432 252
252854 252855 672
252854 252868 1982
252437 252397 708
252437 252403 2005
252437 252436 2035
252437 252438 826
252435 252434 2111
252440 252434 1530
252440 252439 788
252440 252457 511
252440 252458 869
252456 252434 750
252456 252458 950
252456 252459 847
252456 252461 756
252438 252437 826
252438 252439 2035
252459 252432 2747
252459 252456 847
252459 252460 708
252856 252460 1932
252856 252869 2064
252888 252858 275
252888 252871 434
252888 252887 1344
252889 252871 1220
252889 252902 847
252883 252858 504
252883 252881 434
252895 252896 1150
252895 252917 1114
252901 252898 1680
252901 252912 708
252901 252914 1031
252901 252917 628
252918 252914 708
252918 252917 1055
252918 252920 708
252918 253586 688
252921 252920 1504
253584 253581 1062
253584 253582 1014
253584 253588 275
253584 253589 60
253587 253577 452
253587 253581 2559
253587 253588 2714
253602 253601 504
253607 253604 893
253607 253609 336
253607 253610 681
253614 253589 4668
253614 253599 1279
253614 253615 676
253647 253648 337
253647 253685 3109
253650 253649 1695
253651 253649 1500
253651 253666 676
253776 253666 2280
253776 253773 610
253776 253777 279
253777 253776 279
253777 253778 511
253777 253779 1209
253780 253779 4951
253780 253886 1776
253793 253787 1496
253794 253787 649
253794 253795 1474
253794 253796 1120
253850 253791 516
253850 253848 336
253850 253851 927
253850 253853 1344
253851 253791 889
253851 253850 927
253851 253852 2004
255073 253832 312
253835 253834 924
253835 253836 1120
253835 253843 1151
254889 254888 2999
263253 254888 443
263253 254890 623
253836 253835 1120
253836 253844 1151
253836 253847 1114
253849 253847 947
253849 253848 764
253849 253862 354
253853 253850 1344
253853 253863 1139
253852 253851 2004
253852 253884 1025
253852 253897 1982
253898 253897 1167
253899 253897 1398
254884 254883 1225
254884 254885 649
254884 254890 1863
254890 254883 1279
254890 254884 1863
254890 254886 1092
254890 263253 623
254854 254853 950
254861 254853 672
254885 254881 750
254885 254884 649
254885 254886 3283
254886 254881 4024
254886 254885 3283
254886 254890 1092
254892 254891 604
254893 254891 3059
236339 236336 2934
236339 236341 400
236340 236336 1152
236340 236345 1305
236340 236346 1771
236340 236370 1202
236338 236329 1360
236338 263549 1715
263550 263549 555
263550 263551 527
263550 263552 977
263550 263553 1313
236347 236342 727
236347 236349 1630
236433 236348 117
236433 236349 684
236433 263266 910
236435 236434 1705
236435 263462 58
236437 236434 1270
236437 236436 768
236437 236438 1038
245041 244920 488
245041 245042 628
245041 245149 1811
236519 236518 646
236519 261493 327
236295 236287 337
236295 236291 767
236295 261455 479
236419 236287 202
236419 236418 395
236419 263404 948
238449 236416 213
238449 236418 49
245225 245042 1008
245225 261697 207
236425 236422 2184
236425 236426 4402
236425 261452 2361
236460 236426 1403
236970 236964 5000
236970 236972 1139
236477 236476 2689
236940 236476 1145
236913 236912 2861
236913 263272 1088
236915 236912 2448
236915 236914 2306
236915 264009 4162
236980 236981 3024
236980 236982 1797
236980 237001 1027
236999 236998 3749
236999 237001 988
237063 237016 3404
237063 237074 1536
237063 263695 1712
237080 237074 2344
237058 236898 12964
237058 237057 2241
237060 237059 830
237061 237059 594
237065 237064 289
237065 237066 503
237067 237066 12
237067 237068 518
237423 237162 1998
237423 237172 889
237423 237424 854
237423 237428 1023
237432 237430 546
237185 237166 3883
237185 237182 10977
232043 232029 706
232043 233150 627
232043 233153 924
233149 232042 936
233149 233150 557
233151 233135 1576
233151 233150 627
233151 233155 1333
233154 232052 1462
233154 233153 1776
233154 233156 1114
233154 233157 808
233155 233151 1333
233155 233159 950
233155 233162 924
233155 233163 2085
234933 232054 1527
233169 233164 889
233163 233155 2085
233163 233161 1004
233163 233165 1111
233163 233166 838
233178 233165 901
233178 233221 556
233178 233229 597
233178 233230 1000
233180 233179 817
233180 233181 353
233180 233182 1139
233180 233183 1111
233233 233179 474
233233 233230 1004
233233 233234 597
232115 232114 562
232115 233330 217
233333 233331 197
233333 233335 3820
233338 233336 1248
233338 233339 1422
233338 233340 3779
233384 233339 475
233384 235239 1489
233340 233338 3779
233340 233345 371
234799 233345 594
232740 232739 653
232740 232739 653
232740 232741 4694
235223 233425 3874
235223 235308 4324
235305 233344 1109
235305 235306 4402
233456 233455 6666
233456 233474 3810
233456 234795 1716
233465 233466 280
233465 233480 2022
233479 233478 1447
233489 233478 597
233489 233490 1113
233489 233493 546
233484 233485 1529
233484 233487 1000
233484 233488 1160
234714 233485 400
233496 233453 1776
233496 233488 671
233496 233498 680
233497 233488 671
233497 233494 251
233497 233498 561
233494 233453 2027
233494 233495 635
233494 233497 251
233494 233673 606
233512 233495 767
233512 233540 882
233512 233673 602
233349 233182 679
233349 233183 1014
233349 233350 786
233357 233350 353
233183 233180 1111
233183 233234 687
233183 233242 1572
233183 233349 1014
233240 233236 515
233240 233239 1055
233240 233242 782
233240 233243 1219
233241 233239 867
233241 233243 1111
233241 233259 1000
233261 233260 889
233261 233267 1111
233262 233260 1300
233262 233267 796
233262 233311 672
233262 233315 597
233312 233265 445
233312 233266 627
233312 233315 905
233312 233316 1059
233320 233313 344
233320 233316 238
233320 233321 627
240507 240502 680
240507 240511 1014
240507 240654 515
240657 240511 515
240657 240654 796
240674 240671 139
240830 240671 222
262261 262259 771
262261 262262 366
262261 262263 806
241343 241277 890
241343 241278 330
241343 241459 394
240746 240745 750
240748 240745 601
240748 240747 345
261433 240739 2091
261433 240745 1173
240741 240738 1007
240741 240742 1006
240741 240747 2001
240740 240738 867
240740 240760 902
240740 240761 1248
240763 240761 604
240763 240764 278
240763 241476 946
241519 241477 1220
241519 241520 796
241519 241523 1375
241524 241523 6731
241524 241529 452
241524 241531 680
241525 241523 2927
241525 241526 3326
240490 240487 782
240490 240491 515
240490 240492 6704
240700 240492 597
240701 240492 1375
240701 240703 1248
240701 240706 846
261506 240711 161
240722 240721 2118
240723 240721 922
240812 240720 434
240812 240813 1493
240825 240820 303
240825 240826 489
240825 240838 1957
240835 240831 251
240836 240828 1758
240836 240837 641
240836 240839 1407
240836 244828 961
241506 241505 336
241506 241507 1700
241506 241508 1592
241510 241511 419
241510 241512 452
241530 241529 515
241530 241531 672
241530 241532 344
241538 241537 782
241538 241539 1160
241538 241540 1624
241547 241539 2332
241547 241540 671
241547 241546 556
241549 241548 787
238899 238898 153
238899 239071 252
240331 239071 895
240331 240358 4125
240331 240361 763
240361 240331 763
240361 240359 905
240361 240362 778
240361 240371 787
240371 240361 787
240371 240370 778
240371 240373 353
240378 240376 1375
240378 240380 2568
240314 240315 4004
240314 240326 252
240314 240327 889
240336 240334 344
240336 240337 763
240336 240338 2371
240337 240325 1357
240337 240336 763
240337 240340 562
241496 241481 597
241496 241483 2085
241496 241501 557
241504 241501 336
241504 241505 1694
240325 240323 511
240325 240337 1357
240325 240339 839
240325 240341 649
240325 241499 1195
241552 240341 1060
240393 240386 185
240393 240392 812
240393 263610 1545
240396 240395 2932
240396 241775 2207
240432 240395 1272
240432 240427 1767
240427 240423 1442
240427 240426 905
240427 240428 1399
240427 240432 1767
240434 240428 4079
241840 241839 1221
241841 241839 688
241841 241842 1013
241841 241843 950
241852 241845 981
241852 241853 796
241852 241854 1306
241856 241850 467
241856 241867 835
241866 241851 1688
241866 241867 1114
241866 241869 139
236468 236467 922
249297 249291 252
249297 249296 788
249298 249293 1635
249298 249299 593
249298 249300 750
249302 249294 612
249302 249300 918
249308 249307 1208
249311 249310 610
249311 249312 2789
249311 249320 1457
249337 249336 746
249337 249338 788
249337 249340 1279
249339 249338 1279
249339 249340 788
249339 249390 696
249392 249390 275
249396 249395 2942
249396 261590 914
242059 241926 1036
242059 242060 610
242059 242061 598
242067 242061 211
242067 242066 496
242067 249505 426
242056 242053 755
242056 261513 965
261512 242053 46
249400 249399 2779
249400 249414 1257
249424 249399 336
249424 249418 336
249424 249425 1694
249426 249418 434
249426 249427 2561
249426 249428 336
249430 249427 1576
249430 249429 1234
249430 249433 764
249433 249430 764
249433 249432 1454
249433 249487 1906
249433 249489 764
249538 249432 671
249538 249489 1558
249538 249541 755
249542 249489 1031
249542 249493 2735
249542 249541 1786
249542 249605 787
249544 249543 782
249544 249559 1348
249544 249605 667
249558 249543 1348
249558 249557 688
249558 249559 782
249656 249652 604
249656 249654 1932
249656 249657 750
249658 249654 847
249658 249657 1457
249658 249660 782
249658 249707 950
249661 249660 275
249661 249662 475
249661 249707 1066
249661 249708 788
249651 249648 796
249651 249649 536
249651 249653 1454
249651 249702 1767
249709 249708 818
249709 249714 788
249709 249932 1141
249709 249989 924
249935 249933 1208
249935 249934 884
249935 249991 562
249935 249992 544
249989 249709 924
249989 249990 336
249989 249991 279
249962 249957 877
249962 249961 884
249962 249964 1208
249980 249964 699
249980 249965 653
249968 249965 1219
249968 249967 877
249968 249978 708
249979 249978 1021
249984 249977 649
249984 249983 1025
249984 249985 611
249903 249904 3621
249903 249905 275
249903 249918 2203
249915 249914 1618
249915 250068 254
250092 250072 983
250092 250098 884
250092 250101 2568
250094 250038 1539
250094 250093 610
250094 250095 418
250097 250093 869
250097 250098 1085
250097 250099 354
249943 249941 1022
249943 249942 1022
249943 249995 750
249993 249934 805
249993 249994 344
249993 249995 1780
249998 249997 2002
249941 249938 1576
249941 249940 872
249941 249943 1022
249941 249946 836
249945 249938 826
249945 249946 1160
249945 249969 3536
249945 250023 1114
249972 249973 713
249972 250026 950
249972 250027 847
249974 249970 826
249974 249975 2089
249974 250027 1061
249975 249974 2089
249975 250028 805
249975 250034 511
250034 249975 511
250034 249983 877
250034 250036 201
238682 238681 448
249364 238681 869
249364 249365 1181
249364 250056 1004
249364 250057 836
249364 250690 496
250048 238681 480
250048 250047 132
250056 249364 1004
250056 250055 201
250056 250057 676
250062 250059 750
250062 250060 1560
250062 250106 750
250096 250059 950
250096 250095 1101
250096 250099 847
250096 250104 750
250060 250058 557
250060 250061 201
250060 250062 1560
236960 236961 1772
236960 237877 3118
237444 236961 3382
237444 237877 1551
237444 237878 1271
239628 237878 2181
239628 250695 837
239628 250704 1228
237877 236960 3118
237877 237444 1551
237877 250688 2281
250734 250688 336
250734 250735 580
250734 250737 418
250734 250739 628
250673 250298 301
250673 250684 701
250673 250685 282
249623 249613 2612
249623 249624 1361
249623 249680 1114
249682 249641 1639
249682 249646 1248
249682 249680 557
249646 249645 1139
249646 249647 279
249646 249682 1248
249589 249588 403
249620 249565 747
249620 249618 536
249620 249621 2222
249596 249591 839
249596 249591 839
249596 249597 403
249600 249597 1073
249605 249542 787
249605 249544 667
249605 249606 610
249605 249607 750
249611 249607 1084
249611 249608 946
249611 249612 980
249618 249559 373
249618 249607 927
249618 249620 536
249610 249609 2155
249610 249619 628
249610 249626 2707
249612 249611 980
249612 249619 1837
249612 249668 1204
244827 244825 516
251615 251611 2125
251615 251613 344
251615 251627 649
251626 251613 1234
251626 251619 2152
251626 251628 847
251626 251629 1493
250664 250663 1576
250664 250667 557
250664 251620 617
250665 250663 750
250665 250666 847
250665 251616 1225
251611 251609 279
251611 251612 884
251611 251615 2125
250685 250673 282
250685 250684 482
250735 250733 238
250735 250734 580
250735 250736 2043
250756 250752 1010
250756 250753 2248
250756 250757 2813
250916 250757 333
250740 250739 2489
250740 250927 2484
250925 250771 5482
250925 250914 2253
250925 250926 950
250925 250927 551
250928 250927 676
250928 250929 475
250660 250659 2186
250660 251028 72
250662 250661 511
250958 250941 275
250958 250957 275
250959 250941 649
250959 250955 403
250959 250963 403
250959 250969 418
250961 250941 275
250961 250962 343
251667 251629 1900
251667 251666 1504
251667 251671 201
251681 251660 556
251684 251660 788
251684 251664 893
251684 251685 562
251664 251663 667
251664 251665 1061
251664 251684 893
251854 251665 598
251674 251671 950
251630 251621 1150
251630 251629 1761
251630 251631 1543
251933 251932 932
251924 251925 1356
251924 251926 1120
251924 251940 557
251941 251940 836
251945 251944 1114
251945 251947 222
251945 251992 707
251992 251944 1066
251992 251945 707
251992 251993 275
251623 251621 927
251623 251622 1357
251623 251624 1809
251929 251622 923
251929 251624 788
251929 251930 1334
251927 251926 1007
251927 251942 649
251927 251961 1611
251966 251946 2203
251966 251965 354
251966 251968 826
252183 252170 1181
252183 252184 1611
252183 252185 2010
252190 252184 604
252190 252185 836
252190 252193 279
252190 252195 3088
252384 252383 1344
252384 252387 475
252391 252389 1906
252391 252395 403
252395 252390 2005
252395 252391 403
252395 252396 708
251957 251950 877
251957 251953 1560
251957 251958 877
251959 251953 826
251959 251956 1593
251959 251958 1457
251959 251960 788
251973 251960 818
251973 251975 847
251973 251976 1222
252070 251976 1004
252070 252069 708
252070 252074 562
251061 251045 756
251061 251060 445
251061 251062 333
251061 251063 2334
251068 251063 344
251068 251064 1495
251068 251074 982
251068 251950 675
251948 251063 747
251948 251066 764
251948 251928 1322
252080 252072 749
252080 252075 573
252080 261241 1324
252071 252057 434
252071 252069 2840
252071 252072 764
252082 252072 1592
252082 252081 679
252082 252083 2044
252083 252082 2044
252083 252084 756
252083 252089 1398
252083 252090 950
252091 252090 580
252089 252083 1398
252089 252092 950
252089 252110 764
252089 252118 2005
252118 252089 2005
252118 252117 708
252118 252160 562
252118 252161 869
252396 252394 1901
252396 252395 708
252396 252402 750
252402 252396 750
252402 252397 2005
252402 252403 708
252855 252854 672
252855 252857 982
252403 252402 708
252403 252437 2005
252403 252441 373
252403 252442 1061
252403 252446 1032
252457 252440 511
252458 252440 869
252458 252456 950
252458 252462 764
252461 252456 756
252461 252460 610
252461 252462 847
252461 252881 950
252460 252459 708
252460 252461 610
252460 252856 1932
252887 252886 562
252887 252888 1344
252881 252461 950
252881 252882 1014
252881 252883 434
252896 252891 1003
252896 252895 1150
252898 252897 279
252898 252900 373
252898 252901 1680
252912 252899 516
252912 252901 708
252912 252913 924
252914 252901 1031
252914 252913 681
252914 252918 708
252914 253585 562
253586 252918 688
253581 253578 826
253581 253584 1062
253581 253587 2559
253582 253580 1014
253582 253584 1014
253582 253595 66
253589 253584 60
253589 253614 4668
253577 253574 788
253577 253576 1700
253577 253587 452
253609 253607 336
253599 253597 904
253599 253598 3140
253599 253600 2213
253599 253614 1279
253685 253647 3109
253685 253684 2194
253666 253651 676
253666 253667 743
253666 253776 2280
253778 253668 2250
253778 253777 511
253778 253781 1533
253886 253780 1776
253795 253794 1474
253796 253794 1120
253848 253847 562
253848 253849 764
253848 253850 336
253847 253836 1114
253847 253848 562
253847 253849 947
253884 253852 1025
236341 236339 400
236341 236342 779
236345 236340 1305
236346 236340 1771
236346 236342 696
236370 236340 1202
236329 236338 1360
263551 263550 527
263552 263550 977
263553 263550 1313
236342 236341 779
236342 236346 696
236342 236347 727
236342 236348 2002
236348 236342 2002
236348 236433 117
263266 236433 910
263462 236435 58
236436 236437 768
236438 236437 1038
245149 245041 1811
261493 236519 327
236287 236295 337
236287 236419 202
261455 236295 479
263404 236419 948
236416 238449 213
261697 245225 207
236422 236425 2184
261452 236425 2361
236964 236970 5000
263272 236913 1088
236914 236915 2306
264009 236915 4162
236981 236980 3024
236982 236980 1797
236998 236999 3749
237016 237063 3404
263695 237063 1712
263695 237068 1367
236898 237058 12964
237064 237065 289
237068 237067 518
237068 263695 1367
237428 237423 1023
237182 237185 10977
232029 232043 706
233153 232043 924
233153 232052 1031
233153 233154 1776
232042 233149 936
233135 233151 1576
232052 233153 1031
232052 233154 1462
233156 233154 1114
233159 233155 950
233159 233161 1814
233161 233159 1814
233161 233163 1004
233166 233163 838
233166 233221 889
233221 233166 889
233221 233178 556
233229 233178 597
233230 233178 1000
233230 233233 1004
233181 233180 353
233182 233180 1139
233182 233349 679
233234 233183 687
233234 233233 597
233234 233236 786
232114 232115 562
232114 233331 344
233331 232114 344
233331 233333 197
235239 233384 1489
232739 232740 653
232739 232740 653
235308 235223 4324
233344 235305 1109
233455 233456 6666
234795 233456 1716
233466 233465 280
233490 233489 1113
233493 233487 304
233493 233489 546
233487 233484 1000
233487 233493 304
233453 233494 2027
233453 233496 1776
233498 233496 680
233498 233497 561
233673 233494 606
233673 233512 602
233540 233512 882
233236 233234 786
233236 233240 515
233239 233240 1055
233239 233241 867
233259 233241 1000
233259 233260 786
233260 233259 786
233260 233261 889
233260 233262 1300
233311 233262 672
233311 233266 344
233265 233312 445
233265 233313 1193
233266 233311 344
233266 233312 627
233313 233265 1193
233313 233320 344
233321 233320 627
240502 240507 680
240511 240507 1014
240511 240657 515
262262 262261 366
262263 262261 806
241459 241343 394
240739 240738 550
240739 261433 2091
240738 240739 550
240738 240740 867
240738 240741 1007
240742 240741 1006
240761 240740 1248
240761 240763 604
241476 240763 946
241477 241519 1220
241520 241519 796
241531 241524 680
241531 241526 2987
241531 241530 672
241526 241525 3326
241526 241531 2987
240487 240490 782
240491 240490 515
240703 240701 1248
240706 240701 846
240720 240812 434
240826 240825 489
240838 240825 1957
240837 240836 641
240839 240836 1407
244828 240836 961
241505 241504 1694
241505 241506 336
241507 241506 1700
241532 241530 344
241537 241538 782
241537 241540 1342
241540 241537 1342
241540 241538 1624
241540 241547 671
241546 241547 556
240358 240331 4125
240362 240361 778
240376 240378 1375
240315 240314 4004
240327 240314 889
240334 240336 344
241481 241496 597
241483 241496 2085
240323 240325 511
240339 240325 839
241499 240325 1195
240386 240393 185
263610 240393 1545
240426 240427 905
241842 241841 1013
241843 241841 950
241845 241852 981
241853 241852 796
241850 241856 467
241851 241866 1688
241869 241866 139
249291 249297 252
249293 249294 707
249293 249298 1635
249299 249298 593
249294 249293 707
249294 249302 612
249310 249311 610
249320 249311 1457
249336 249337 746
249340 249337 1279
249340 249339 788
249395 249396 2942
249395 249399 420
242060 242059 610
242061 242059 598
242061 242067 211
249505 242067 426
261513 242056 965
249399 249395 420
249399 249400 2779
249399 249424 336
249425 249424 1694
249427 249426 2561
249427 249430 1576
249427 249487 805
249487 249427 805
249487 249433 1906
249489 249433 764
249489 249538 1558
249489 249542 1031
249493 249542 2735
249559 249544 1348
249559 249558 782
249559 249618 373
249652 249649 1114
249652 249656 604
249654 249656 1932
249654 249658 847
249660 249658 782
249660 249661 275
249660 249662 344
249662 249660 344
249662 249661 475
249662 249932 452
249648 249645 778
249648 249651 796
249649 249651 536
249649 249652 1114
249932 249662 452
249932 249709 1141
249933 249934 1560
249933 249935 1208
249934 249933 1560
249934 249935 884
249934 249942 884
249934 249993 805
249990 249989 336
249957 249962 877
249961 249962 884
249965 249968 1219
249965 249980 653
249967 249968 877
249977 249984 649
249983 249984 1025
249983 250034 877
249905 249903 275
249918 249903 2203
249914 249915 1618
250098 250092 884
250098 250097 1085
250101 250092 2568
250099 250096 847
250099 250097 354
249942 249934 884
249942 249940 1395
249942 249943 1022
249994 249993 344
249938 249941 1576
249938 249945 826
249940 249941 872
249940 249942 1395
249969 249945 3536
249969 249970 628
249973 249972 713
250026 249972 950
249970 249969 628
249970 249974 826
249365 249364 1181
249365 250057 872
249365 250695 475
250057 249364 836
250057 249365 872
250057 250056 676
250057 250061 2241
250690 249364 496
250047 250048 132
250106 250062 750
250104 250096 750
250061 250057 2241
250061 250060 201
250695 239628 837
250695 249365 475
250704 239628 1228
250737 250734 418
250739 250734 628
250739 250740 2489
249613 249623 2612
249624 249623 1361
249624 249641 737
249641 249624 737
249641 249682 1639
249645 249646 1139
249645 249648 778
249565 249620 747
249591 249596 839
249591 249596 839
249606 249605 610
249608 249609 562
249608 249611 946
249609 249608 562
249609 249610 2155
249668 249612 1204
251613 251612 2716
251613 251615 344
251613 251626 1234
251619 251621 818
251619 251626 2152
251629 251626 1493
251629 251630 1761
251629 251667 1900
250667 250664 557
251620 250664 617
250666 250665 847
251616 250665 1225
251612 251611 884
251612 251613 2716
250736 250735 2043
250752 250756 1010
250753 250756 2248
250771 250925 5482
250914 250925 2253
250926 250925 950
250926 250955 872
250929 250928 475
250929 250957 201
251028 250660 72
250957 250929 201
250957 250958 275
250955 250926 872
250955 250959 403
250963 250959 403
250969 250959 418
250962 250961 343
251685 251684 562
251621 251619 818
251621 251623 927
251621 251630 1150
251925 251924 1356
251925 251926 238
251925 251928 1457
251926 251924 1120
251926 251925 238
251926 251927 1007
251947 251945 222
251993 251992 275
251622 251623 1357
251622 251929 923
251930 251929 1334
251961 251927 1611
251965 251966 354
252170 252183 1181
252185 252183 2010
252185 252190 836
252193 252190 279
252195 252190 3088
252383 252384 1344
251950 251068 675
251950 251957 877
251953 251957 1560
251953 251959 826
251956 251959 1593
251956 251975 903
251975 251956 903
251975 251973 847
251975 252069 826
252069 251975 826
252069 252070 708
252069 252071 2840
251045 251061 756
251060 251061 445
251060 251066 1860
251062 251061 333
251062 251064 764
251064 251062 764
251064 251068 1495
251074 251068 982
251066 251060 1860
251066 251948 764
251928 251925 1457
251928 251948 1322
261241 252080 1324
252057 252071 434
252081 252082 679
252084 252083 756
252110 252089 764
252117 252118 708
252160 252118 562
252857 252855 982
252441 252403 373
252442 252403 1061
252442 252446 556
252446 252403 1032
252446 252442 556
252462 252458 764
252462 252461 847
252462 252882 1092
252886 252887 562
252882 252462 1092
252882 252881 1014
252891 252896 1003
252897 252898 279
252900 252898 373
252899 252912 516
252913 252912 924
252913 252914 681
253585 252914 562
253578 253574 2858
253578 253580 713
253578 253581 826
253580 253578 713
253580 253582 1014
253595 253582 66
253595 253598 2060
253574 253576 1504
253574 253577 788
253574 253578 2858
253576 253574 1504
253576 253577 1700
253597 253599 904
253598 253595 2060
253598 253599 3140
253600 253599 2213
253684 253685 2194
253667 253666 743
253668 253778 2250
253781 253778 1533
429
240854
241577
241578
240353
241594
241595
240356
241555
241562
241557
241563
241573
241612
241773
238894
240169
240257
241876
241833
241836
241834
241895
241901
249358
241907
242038
242037
242039
242047
249366
249368
249372
249373
249382
249388
249512
242075
242073
249513
249534
241989
249554
249717
249720
249737
249734
250286
238156
250031
250044
250007
250011
250013
250014
250292
249687
249700
249674
249691
249677
250295
250336
250626
251578
251595
251507
251500
263904
261744
250590
236699
250610
250642
250645
250652
250631
250633
250340
250355
250748
250556
250548
250560
250562
250575
250577
250934
250935
250650
250936
251633
251639
251635
236683
251601
251850
251853
251858
251549
251571
251675
251689
251679
251874
251871
251989
251990
251995
252038
252042
252355
252356
252382
252365
252372
252374
251980
252029
252043
252049
252037
252131
252136
252140
252144
252147
252410
252412
252422
252862
252424
252427
252865
252830
252928
252929
252932
252878
252877
252876
252967
252962
252974
253762
253763
252975
253623
253626
253638
253642
253643
253658
253663
253737
253741
253742
253765
253784
254869
254870
253811
253841
253854
253860
254851
254855
254860
236350
236364
236368
236374
261453
244869
261426
263566
236557
245094
236469
236470
237192
236420
236935
237187
236932
237039
254504
254743
254505
237026
237020
237049
237081
237071
237087
237408
237410
263741
237146
237147
237413
237418
237177
237174
233172
234441
233173
233424
233458
233469
233355
233356
233375
233376
233326
240661
240666
255662
262245
240659
240833
240859
240860
240753
240757
240758
240793
240729
240709
240713
240821
240823
253886
253796
253884
236341
236370
236329
263551
263553
236348
236436
236287
236416
236422
261452
236964
236914
236981
236982
236998
237016
236898
237064
237068
237182
232029
233153
232042
233135
232052
233156
233159
233161
233166
233221
233229
233230
233234
232114
233331
232739
235308
233344
233455
233466
233490
233493
233453
233673
233540
233236
233239
233259
233265
233266
233313
233321
240502
240511
262262
240739
240738
240761
241476
241477
241526
240487
240491
240703
240720
241505
241532
241537
241546
240362
240376
240334
241481
241483
240323
240339
241499
240386
240426
241845
241850
241851
241869
249291
249293
249294
249310
249320
249336
249340
249395
249425
249427
249487
249489
249493
249652
249654
249662
249648
249649
249932
249933
249957
249961
249965
249967
249977
249983
249905
249918
249914
250098
250101
249938
249940
249969
249970
249365
250690
250106
250104
250061
250695
250704
250737
249613
249624
249641
249645
249565
249591
249608
249609
251619
250667
251620
251616
251612
250752
250753
250771
250914
251028
250963
250969
250962
251622
251930
251961
251965
252170
252185
252193
252195
252383
251950
251953
251956
251975
251045
251060
251062
251064
251074
251066
251928
252057
252081
252084
252110
252117
252160
252441
252442
252446
252462
252886
252882
252891
252897
252900
252899
253578
253580
253574
253576
253597
253598
253600
253684
253667
253668
253781
