1372
217233 217234 6655
217233 217470 1207
217233 217475 1232
217692 217698 817
217692 217699 426
217692 224476 901
217717 217718 608
217729 217722 719
217766 217769 3018
217766 217773 760
217768 217769 832
217768 217793 859
217768 217796 2266
224390 217771 349
217770 217771 679
217770 217773 719
217770 217782 3125
217783 217782 750
217783 217788 2168
217783 217850 834
217473 217472 775
217473 217477 1817
217479 217478 1039
217479 217524 1277
217536 217538 1008
217536 217542 220
217535 217523 663
217535 217539 175
217602 217523 1214
217602 217603 557
217525 217524 653
217530 217607 711
217530 217609 704
217606 217605 734
217606 217607 1531
217850 217783 834
217850 217851 701
217850 217853 1464
217853 217850 1464
217853 217854 619
217857 217859 614
217857 217875 290
217870 217871 1653
217874 217880 294
217883 217884 2057
217929 217930 931
217538 217536 1008
217538 224288 354
217623 217621 863
217623 217624 482
217623 217641 2300
217547 217622 197
217629 217628 433
217629 217643 1472
217644 217643 245
217675 220353 493
217932 217954 800
217932 217956 870
217932 217961 689
217934 217948 689
217934 217957 229
217947 217948 880
217951 217950 468
217952 217974 1812
224216 224219 587
224216 224221 646
224218 224220 1540
223839 223852 765
223839 223883 325
224424 224425 178
223867 223868 1814
223867 223883 675
223844 223843 669
223844 223849 1303
223851 223855 377
223852 223839 765
223852 223856 1805
223842 223841 791
223842 223843 879
223842 223845 744
223843 223842 879
223843 223844 669
223843 223846 1034
223884 223892 1281
223875 223877 718
223881 223901 1426
223881 223973 1841
223893 223891 1540
223893 223899 1055
223876 223877 477
216241 216084 710
216241 216930 1979
216246 216930 852
216246 216932 2055
216938 216932 716
216082 216084 2076
216082 216086 853
216937 216939 1130
217589 216293 738
216288 216289 742
216288 216290 1158
216288 216292 807
222547 216289 1708
222547 222543 816
215526 215591 1235
215526 222527 178
222534 215591 1216
222534 222533 696
222534 222543 2262
216300 216306 1124
216300 216309 869
216304 216309 1202
216304 216326 789
216327 216326 1184
216327 216330 893
216332 216347 924
216332 216348 600
216332 216349 1722
216347 216332 924
216347 216351 2695
216350 217022 749
216350 217023 1492
216953 216273 2249
216953 216955 705
216273 216950 2054
216273 216952 730
216273 216953 2249
219988 219984 1458
219988 219991 326
224334 222469 118
222475 217989 990
222475 222476 775
222492 222476 1142
222492 222494 805
222498 222494 972
222498 222499 716
222527 215526 178
222527 222526 469
222529 222538 337
223804 223805 566
223804 223807 625
223810 223807 848
223810 223811 2738
223812 223818 254
223812 223820 870
223819 223820 382
223819 224771 1201
223815 223817 1735
223788 223786 937
223788 223792 681
223788 223847 2132
223840 223841 714
223823 223841 2471
223786 223785 829
223786 223788 937
224012 223785 462
224012 224013 555
223781 223782 1005
223789 223790 337
223789 223805 332
139798 151614 2563
147742 147748 525
147742 147751 666
147753 147750 639
147753 147757 1639
147770 147771 794
147770 147772 1121
147772 147770 1121
147772 151742 1667
198701 198702 888
198737 198704 87
171705 171703 2046
171705 171708 1544
171709 171708 1532
171709 171711 1075
159534 159535 811
159540 159536 1785
159540 159539 848
159548 159535 753
171402 171401 789
171402 171403 808
171388 171382 808
171388 171653 1811
171670 171183 2367
171670 171186 631
171670 171401 808
171674 171673 1004
171677 171673 2384
171045 171046 1336
171045 171047 337
95931 95921 1120
95932 95921 929
95932 102562 1888
95467 95470 1115
95472 95471 1447
95472 95474 2635
96011 96014 809
95290 95288 2003
95290 95306 1265
95284 95285 1034
95284 95288 1444
95306 95290 1265
95306 95317 3891
95469 95470 445
95469 95490 3453
94762 94763 5437
94762 95829 1115
95832 95831 1434
95832 102573 3480
102563 95922 453
102571 102572 1489
96344 96345 1901
96344 96346 403
96336 96345 1145
96336 96349 4109
96349 96336 4109
96349 96353 1219
96349 96355 1527
96351 96350 238
96248 96247 18959
96248 101968 1621
96339 96028 248
96339 96043 2459
96358 96356 980
96358 96359 2370
96363 96359 1002
96373 96372 651
96423 96437 1014
96423 96438 588
96441 96438 276
95992 96047 571
95992 96455 533
96440 96437 848
96440 96438 893
101921 102585 765
96457 96456 1019
96457 102585 422
98994 98995 688
99000 98995 765
99000 99001 1493
99003 99001 751
99020 99023 1577
99020 99029 1000
99410 99411 2176
99410 99412 1810
99424 99422 1223
99424 99425 1820
99438 99430 939
99438 99440 2441
99439 99440 1115
99439 99441 1248
100213 100212 982
100213 103011 1043
101734 100187 2893
101734 101936 2865
99360 99359 2943
99360 99365 806
102885 102866 14
99365 99360 806
99365 99389 1008
99406 99407 1302
99406 99408 809
99112 99111 475
99112 99119 672
99119 99112 672
99119 99120 649
99158 99157 1031
99158 102857 3767
99159 99160 1371
99159 99178 1627
99173 99174 778
99173 99175 1033
99175 99173 1033
99175 99176 796
99380 102860 395
99380 102861 768
99367 102656 2366
99370 99376 2224
99370 99377 4256
102860 99380 395
102860 103050 828
99130 99131 508
42385 42384 1337
42385 42386 1447
42395 42388 629
42395 42518 1929
42520 42516 1501
42419 42416 403
42268 42266 1293
42268 42267 1093
42228 42220 3879
42834 42833 1183
42834 42837 374
42841 42844 2118
42312 42306 947
42312 42811 2280
42861 42852 782
42861 42859 2106
42861 42876 1004
42869 42864 841
42869 42872 333
42873 42868 3237
42873 42874 562
42878 42876 688
42878 42879 841
42926 42925 905
42926 42928 778
42931 42928 3110
42931 42950 1502
42874 42873 562
42874 42875 1351
42933 42927 1199
42950 42931 1502
42950 42952 951
43172 42955 672
42808 43188 939
42809 42907 355
42917 42907 626
43191 43192 713
43189 43188 1254
43189 44465 523
43038 43033 1146
43038 43035 1682
43038 43036 1283
43039 43026 2354
43039 43035 279
43025 43017 1949
43025 43026 2567
43025 43027 1482
43030 43027 1994
43030 43028 1746
43069 43058 2197
43069 50314 2998
41691 41693 745
41691 41693 745
41440 41503 1219
41440 43875 504
41441 41442 349
41441 41502 2083
43068 43058 948
43057 43002 1655
43063 43061 558
43067 43065 2149
43067 43066 1725
44942 43065 1255
44942 44943 948
44945 44944 1067
44962 44943 403
44939 44883 1009
44939 44938 1029
44939 44944 2017
44955 44954 2104
44955 44956 1100
44954 44951 1268
44954 44955 2104
44959 44957 933
44959 44999 1897
44999 44959 1897
44999 44993 3544
44994 44993 1758
45011 44931 1853
44923 44924 3877
44923 44925 1694
44924 44921 1933
44924 44923 3877
125456 125457 890
125484 125457 2417
125484 125485 751
125491 125490 558
125497 125496 1116
125497 125498 474
132535 123951 517
125544 125543 1343
125674 125675 1495
125674 125678 848
125680 125677 940
125680 125682 2281
125680 125685 518
125761 125759 1023
125761 125762 518
125762 125759 1000
125762 125761 518
125684 125685 586
125684 125770 1300
41878 41875 3365
41878 41875 3365
41878 41883 202
123057 122850 2181
123057 123034 3022
123060 123059 2253
123060 123059 2253
123060 123062 1502
41883 41878 202
41883 41881 1919
41883 41907 435
41921 41917 2306
41921 41920 1323
41926 41924 1467
41926 45066 1684
45069 45066 2143
123054 123047 2131
123054 123053 5050
123067 123066 5123
123067 123073 1153
123018 123013 2620
123018 123016 738
122990 122895 238
122990 122989 766
122990 122991 2192
122992 122991 1275
122992 122996 940
122994 122895 1225
122940 122939 556
123006 122996 928
123006 123010 683
123085 123010 1742
123085 123086 713
123625 123624 1093
123625 123627 1074
123627 123625 1074
123627 123695 1641
123631 123485 5913
132385 132384 2303
132385 132473 426
132473 132320 2358
132473 132385 426
123656 123643 2719
123656 123657 1011
123742 123747 1161
123742 123749 1484
123746 123717 1147
123746 123747 2536
122467 122470 985
122467 122514 774
122467 122516 337
122463 122462 1780
122463 122464 3000
123235 122465 1903
123235 123236 1664
122471 122469 337
122473 128107 2148
122473 128107 2148
123633 123313 865
45067 45059 1483
45067 45068 1375
45071 45066 1684
44930 44929 1260
44930 44932 796
44932 44930 796
44932 44931 1483
125781 132352 107
125731 125730 940
125731 125735 2198
125820 125817 2232
125823 125815 1276
125825 125828 1484
125703 125702 3785
125703 125705 631
125716 125726 697
125728 125726 739
125728 125730 1578
125706 124099 948
125706 124102 1534
125705 124099 2144
125705 125692 1075
125705 125703 631
124100 124090 2220
124100 124096 2042
124100 124102 1225
124094 124060 276
124094 124092 1534
124096 124092 2173
124096 124100 2042
124977 124975 1285
124977 124980 837
124980 124977 837
124980 124978 1118
124983 124948 1617
124983 124984 1534
124986 124984 1356
125002 124987 477
125002 125001 418
125002 125010 3431
125010 125002 3431
125010 125012 1977
125010 128384 1075
128389 128387 1010
128389 128390 1953
128389 128397 1211
128398 128440 4245
128439 128437 811
128439 128440 1169
128431 128441 418
128566 128565 1147
128566 128568 1503
128568 128560 660
128568 128566 1503
128654 128650 613
128645 128641 837
128645 128650 697
128659 128640 837
128659 128641 1211
128661 128640 1011
128661 128662 452
128661 128663 2632
128738 128473 1010
128680 128676 1276
128683 128682 2090
128683 128684 1778
120436 120438 1285
128662 128661 452
128662 128665 2338
128670 128671 2477
120515 120512 1030
120515 120516 3024
120516 120514 1116
120516 120515 3024
120511 120490 1535
120511 120509 851
120541 120545 977
120548 120546 1207
120548 120625 1155
120456 120447 1866
120456 120448 2372
120458 120481 1590
120458 128375 547
120485 120484 553
120485 120486 611
120489 120486 1768
120489 120490 1308
67642 67628 675
67642 67643 2043
67646 67636 2112
67646 67637 2535
120440 120432 1448
120440 120438 1658
120451 120450 984
120451 120452 475
120452 120447 891
120452 120451 475
68017 68008 1285
68017 68018 844
68017 68019 6045
68018 68017 844
68018 68022 667
68433 68033 2446
68436 68033 601
68436 68446 2518
120640 120644 511
66955 66954 1447
68004 77786 1434
68047 76873 1054
68049 67909 631
68055 68050 1659
68055 68056 1222
68071 68069 672
68071 68072 1954
68077 68068 672
68077 68069 955
68086 68068 1860
68086 68085 581
68260 68261 1037
68148 67486 1376
68148 68147 2533
68148 68152 893
68177 68174 768
68177 68175 1576
68177 68176 768
68182 68179 1355
68182 68191 1344
68182 68192 1351
68184 68183 587
68269 68271 479
68270 68303 606
68298 68309 640
68300 68311 818
68332 68333 2614
68332 68334 728
68332 68766 597
68346 68777 337
68346 68778 1810
68446 68436 2518
68446 68445 954
68446 68448 2968
68576 68575 1147
68576 68577 474
68579 68816 891
68818 68816 1412
68818 68817 837
68818 68828 1423
68828 68818 1423
68828 68826 752
68828 68834 474
68833 68834 882
68859 68860 512
68863 68862 782
72625 72876 422
72625 72881 464
73090 72881 746
73090 73091 240
72841 72834 1370
72841 72839 924
72841 72840 688
72883 72840 685
72883 72879 782
72886 72839 874
72886 72887 796
72930 72928 475
72930 72937 632
72937 72930 632
72937 73107 452
73103 73105 2036
73103 73106 1186
71182 71180 364
71182 76879 192
71176 71170 685
71176 71180 2481
71176 71185 796
71250 71246 1701
71423 71254 338
71423 71256 2880
71423 71424 685
71425 71424 338
71425 71426 437
71366 68235 4119
71366 77023 1370
76880 76879 1794
76880 77023 4767
71394 71393 1358
71394 71396 1617
71427 71426 437
71427 71429 437
71429 71427 437
68304 68271 1193
68304 68309 708
71532 71546 1212
71546 71532 1212
72006 72007 562
72007 72006 562
72263 72264 1018
72264 72263 1018
72648 72657 337
72657 72648 337
72805 72806 1120
72806 72805 1120
72876 72625 422
221094 221052 1268
221052 221094 1268
220076 220147 695
220147 220076 695
220154 220179 212
220179 220154 212
221697 221723 367
221723 221697 367
221670 221671 919
221670 221686 172
221686 221670 172
221671 221670 919
221935 221810 929
221810 221935 929
221789 221793 362
221793 221789 362
220983 220985 794
220985 220983 794
221312 221321 686
224329 221321 820
221321 221312 686
221321 224329 820
216717 216743 666
216743 216717 666
216795 216804 730
216804 216795 730
216806 216822 945
216822 216806 945
216763 216782 760
216782 216763 760
216086 216082 853
216559 216519 219
216519 216559 219
217152 217154 898
217154 217152 898
217168 217169 671
217169 217168 671
217699 217692 426
217460 217475 872
217472 217473 775
217234 217233 6655
217470 217233 1207
217470 217475 323
217475 217233 1232
217475 217460 872
217475 217470 323
217698 217692 817
224476 217692 901
217718 217717 608
217718 217722 2094
217722 217718 2094
217722 217729 719
217769 217766 3018
217769 217768 832
217773 217766 760
217773 217770 719
217793 217768 859
217796 217768 2266
217771 217770 679
217771 224390 349
217782 217770 3125
217782 217783 750
217788 217783 2168
217477 217473 1817
217477 217478 853
217478 217477 853
217478 217479 1039
217524 217479 1277
217524 217525 653
217542 217536 220
217523 217535 663
217523 217602 1214
217539 217535 175
217603 217602 557
217607 217530 711
217607 217606 1531
217609 217530 704
217605 217606 734
217851 217850 701
217854 217853 619
217859 217857 614
217875 217857 290
217875 217871 820
217871 217870 1653
217871 217875 820
217871 217880 653
217880 217871 653
217880 217874 294
217884 217883 2057
217884 217930 1321
217930 217884 1321
217930 217929 931
224288 217538 354
224288 217622 429
217621 217622 618
217621 217623 863
217624 217623 482
217641 217623 2300
217622 217547 197
217622 217621 618
217622 224288 429
217628 217629 433
217643 217629 1472
217643 217644 245
220353 217675 493
217954 217932 800
217956 217932 870
217961 217932 689
217961 217957 420
217948 217934 689
217948 217947 880
217948 217950 811
217957 217934 229
217957 217961 420
217950 217948 811
217950 217951 468
217974 217952 1812
224219 224216 587
224219 224221 391
224221 224216 646
224221 224219 391
224220 224218 1540
223883 223839 325
223883 223867 675
223883 223868 2060
224425 224424 178
223868 223867 1814
223868 223883 2060
223849 223844 1303
223849 223846 408
223855 223851 377
223855 223856 324
223856 223852 1805
223856 223855 324
223841 223823 2471
223841 223840 714
223841 223842 791
223845 223842 744
223845 223846 849
223845 223847 387
223846 223843 1034
223846 223845 849
223846 223849 408
223892 223884 1281
223892 223891 776
223877 223875 718
223877 223876 477
223901 223881 1426
223973 223881 1841
223891 223892 776
223891 223893 1540
223899 223893 1055
216084 216082 2076
216084 216241 710
216930 216241 1979
216930 216246 852
216932 216246 2055
216932 216938 716
216939 216937 1130
216293 217589 738
216289 216288 742
216289 222547 1708
216290 216288 1158
216292 216288 807
222543 222534 2262
222543 222547 816
215591 215526 1235
215591 222534 1216
222533 222534 696
216306 216300 1124
216309 216300 869
216309 216304 1202
216326 216304 789
216326 216327 1184
216330 216327 893
216348 216332 600
216349 216332 1722
216351 216347 2695
216351 217022 712
217022 216350 749
217022 216351 712
217023 216350 1492
216955 216952 2242
216955 216953 705
216950 216273 2054
216952 216273 730
216952 216955 2242
219984 219988 1458
219991 219988 326
222469 224334 118
217989 222475 990
222476 222475 775
222476 222492 1142
222494 222492 805
222494 222498 972
222499 222498 716
222499 222538 831
222526 222527 469
222538 222499 831
222538 222529 337
223805 223789 332
223805 223804 566
223807 223804 625
223807 223810 848
223811 223810 2738
223818 223812 254
223818 223820 716
223820 223812 870
223820 223818 716
223820 223819 382
224771 223817 2260
224771 223819 1201
223817 223815 1735
223817 224771 2260
223792 223782 1896
223792 223788 681
223847 223788 2132
223847 223845 387
223785 223782 801
223785 223786 829
223785 224012 462
224013 224012 555
223782 223781 1005
223782 223785 801
223782 223790 788
223782 223792 1896
223790 223782 788
223790 223789 337
151614 139798 2563
147748 147742 525
147751 147742 666
147751 147750 660
147750 147751 660
147750 147753 639
147757 147753 1639
147771 147770 794
151742 147772 1667
198702 198701 888
198704 198737 87
171703 171705 2046
171703 171711 791
171708 171705 1544
171708 171709 1532
171711 171703 791
171711 171709 1075
159535 159534 811
159535 159536 445
159535 159548 753
159536 159535 445
159536 159540 1785
159539 159540 848
171401 171402 789
171401 171670 808
171403 171402 808
171382 171388 808
171653 171388 1811
171183 171670 2367
171186 171670 631
171673 171047 713
171673 171674 1004
171673 171677 2384
171046 171045 1336
171047 171045 337
171047 171673 713
95921 95922 855
95921 95931 1120
95921 95932 929
102562 95932 1888
95470 95467 1115
95470 95469 445
95470 95471 796
95471 95470 796
95471 95472 1447
95474 95472 2635
96014 96011 809
95288 95284 1444
95288 95290 2003
95285 95284 1034
95317 95306 3891
95490 95469 3453
94763 94762 5437
95829 94762 1115
95831 95832 1434
102573 95832 3480
95922 95921 855
95922 102563 453
102572 102571 1489
96345 96336 1145
96345 96344 1901
96346 96344 403
96353 96349 1219
96355 96349 1527
96350 96351 238
96247 96248 18959
101968 96248 1621
96028 96339 248
96043 96339 2459
96356 96358 980
96359 96358 2370
96359 96363 1002
96372 96373 651
96437 96423 1014
96437 96440 848
96438 96423 588
96438 96440 893
96438 96441 276
96047 95992 571
96455 95992 533
102585 96457 422
102585 101921 765
96456 96457 1019
96456 98995 354
98995 96456 354
98995 98994 688
98995 99000 765
99001 99000 1493
99001 99003 751
99023 99020 1577
99029 99020 1000
99411 99410 2176
99412 99408 3347
99412 99410 1810
99422 99424 1223
99425 99424 1820
99430 99438 939
99440 99438 2441
99440 99439 1115
99441 99439 1248
100212 100213 982
103011 100213 1043
100187 101734 2893
101936 101734 2865
99359 99360 2943
102866 102885 14
99389 99365 1008
99407 99406 1302
99408 99406 809
99408 99412 3347
99111 99112 475
99120 99119 649
99157 99158 1031
102857 99158 3767
99160 99159 1371
99178 99159 1627
99174 99173 778
99176 99175 796
102861 99380 768
102656 99367 2366
99376 99370 2224
99377 99370 4256
103050 102860 828
99131 99130 508
42384 42385 1337
42384 42386 1676
42386 42384 1676
42386 42385 1447
42388 42395 629
42518 42395 1929
42516 42520 1501
42416 42419 403
42266 42268 1293
42267 42268 1093
42220 42228 3879
42833 42834 1183
42837 42834 374
42844 42841 2118
42844 42852 2106
42844 42859 782
42306 42312 947
42811 42312 2280
42852 42844 2106
42852 42861 782
42859 42844 782
42859 42861 2106
42876 42861 1004
42876 42878 688
42864 42868 238
42864 42869 841
42872 42869 333
42868 42864 238
42868 42873 3237
42879 42878 841
42925 42926 905
42925 42927 1447
42928 42926 778
42928 42931 3110
42875 42874 1351
42927 42925 1447
42927 42933 1199
42952 42950 951
42952 42955 3384
42955 42952 3384
42955 43172 672
43188 42808 939
43188 43189 1254
42907 42809 355
42907 42917 626
43192 43191 713
44465 43189 523
43033 43038 1146
43035 43038 1682
43035 43039 279
43036 43038 1283
43026 43025 2567
43026 43039 2354
43017 43025 1949
43027 43025 1482
43027 43030 1994
43028 43030 1746
43058 43068 948
43058 43069 2197
50314 43069 2998
41693 41503 448
41693 41691 745
41693 41691 745
41503 41440 1219
41503 41502 444
41503 41693 448
43875 41440 504
41442 41441 349
41502 41441 2083
41502 41503 444
43002 43057 1655
43061 43063 558
43065 43067 2149
43065 44942 1255
43066 43067 1725
44943 44942 948
44943 44962 403
44944 44939 2017
44944 44945 1067
44883 44939 1009
44938 44939 1029
44956 44955 1100
44951 44954 1268
44957 44959 933
44993 44921 1343
44993 44994 1758
44993 44999 3544
44931 44932 1483
44931 45011 1853
44925 44923 1694
44921 44924 1933
44921 44993 1343
125457 125456 890
125457 125484 2417
125485 125484 751
125490 125491 558
125496 125497 1116
125498 125497 474
123951 132535 517
125543 125544 1343
125675 125674 1495
125678 125674 848
125677 125680 940
125682 125680 2281
125685 125680 518
125685 125684 586
125759 125761 1023
125759 125762 1000
125770 125684 1300
41875 41878 3365
41875 41878 3365
122850 123057 2181
123034 123057 3022
123059 123060 2253
123059 123060 2253
123062 123060 1502
41881 41883 1919
41907 41883 435
41917 41920 2529
41917 41921 2306
41917 41924 1552
41920 41917 2529
41920 41921 1323
41924 41917 1552
41924 41926 1467
41924 45059 1699
45066 41926 1684
45066 45059 1248
45066 45069 2143
45066 45071 1684
123047 123054 2131
123053 123054 5050
123053 123066 926
123066 123053 926
123066 123067 5123
123073 123067 1153
123013 123018 2620
123016 123018 738
122895 122990 238
122895 122994 1225
122989 122990 766
122991 122990 2192
122991 122992 1275
122996 122992 940
122996 123006 928
122939 122940 556
123010 123006 683
123010 123085 1742
123086 123085 713
123624 123625 1093
123695 123627 1641
123485 123631 5913
132384 132385 2303
132320 132473 2358
123643 123656 2719
123657 123656 1011
123747 123742 1161
123747 123746 2536
123749 123742 1484
123717 123746 1147
122470 122467 985
122470 122469 1381
122514 122467 774
122516 122467 337
122462 122463 1780
122462 122464 2092
122464 122462 2092
122464 122463 3000
122465 123235 1903
123236 123235 1664
122469 122470 1381
122469 122471 337
128107 122473 2148
128107 122473 2148
123313 123633 865
45059 41924 1699
45059 45066 1248
45059 45067 1483
45068 45067 1375
44929 44930 1260
132352 125781 107
125730 125728 1578
125730 125731 940
125735 125731 2198
125817 125815 418
125817 125820 2232
125815 125817 418
125815 125823 1276
125828 125825 1484
125702 125703 3785
125726 125716 697
125726 125728 739
124099 125705 2144
124099 125706 948
124102 124100 1225
124102 125706 1534
125692 125705 1075
124090 124092 1856
124090 124100 2220
124060 124094 276
124092 124090 1856
124092 124094 1534
124092 124096 2173
124975 124977 1285
124978 124980 1118
124948 124983 1617
124984 124983 1534
124984 124986 1356
124984 124987 2379
124987 124984 2379
124987 125001 581
124987 125002 477
125001 124987 581
125001 125002 418
125012 125010 1977
128384 125010 1075
128384 128387 1154
128387 128384 1154
128387 128389 1010
128390 128389 1953
128397 128389 1211
128440 128398 4245
128440 128439 1169
128437 128439 811
128437 128441 1364
128441 128431 418
128441 128437 1364
128565 128566 1147
128560 128568 660
128650 128645 697
128650 128654 613
128641 128645 837
128641 128659 1211
128640 128659 837
128640 128661 1011
128663 128661 2632
128473 128738 1010
128676 128680 1276
128682 128683 2090
128684 128683 1778
120438 120436 1285
120438 120440 1658
128665 128662 2338
128671 128670 2477
120512 120514 3091
120512 120515 1030
120514 120512 3091
120514 120516 1116
120490 120489 1308
120490 120511 1535
120509 120511 851
120545 120541 977
120545 120546 1663
120546 120545 1663
120546 120548 1207
120625 120548 1155
120447 120452 891
120447 120456 1866
120448 120456 2372
120481 120458 1590
120481 120484 837
128375 120458 547
120484 120481 837
120484 120485 553
120486 120485 611
120486 120489 1768
67628 67642 675
67643 67642 2043
67636 67637 1014
67636 67646 2112
67637 67636 1014
67637 67646 2535
120432 120440 1448
120432 120450 951
120450 120432 951
120450 120451 984
68008 68017 1285
68019 68017 6045
68022 68018 667
68033 68433 2446
68033 68436 601
68033 68445 2556
120644 120640 511
66954 66955 1447
77786 68004 1434
76873 68047 1054
67909 68049 631
68050 68055 1659
68056 68055 1222
68069 68071 672
68069 68077 955
68072 68071 1954
68068 68077 672
68068 68086 1860
68085 68086 581
68261 68260 1037
67486 68148 1376
67486 68179 1523
68147 68148 2533
68152 68148 893
68174 68177 768
68175 68176 1764
68175 68177 1576
68176 68175 1764
68176 68177 768
68179 67486 1523
68179 68182 1355
68191 68182 1344
68192 68182 1351
68183 68184 587
68271 68269 479
68271 68304 1193
68303 68270 606
68309 68298 640
68309 68304 708
68311 68300 818
68333 68332 2614
68334 68332 728
68766 68332 597
68777 68346 337
68778 68346 1810
68445 68033 2556
68445 68446 954
68448 68446 2968
68575 68576 1147
68577 68576 474
68577 68816 1364
68816 68577 1364
68816 68579 891
68816 68818 1412
68817 68818 837
68817 68826 1348
68826 68817 1348
68826 68828 752
68834 68828 474
68834 68833 882
68860 68859 512
68860 68862 2698
68862 68860 2698
68862 68863 782
72881 72625 464
72881 73090 746
73091 73090 240
72834 72841 1370
72839 72841 924
72839 72886 874
72840 72841 688
72840 72883 685
72879 72883 782
72887 72886 796
72928 72930 475
73107 72937 452
73107 73105 987
73105 73103 2036
73105 73107 987
73106 73103 1186
71180 71176 2481
71180 71182 364
76879 71182 192
76879 76880 1794
71170 71176 685
71185 71176 796
71246 71250 1701
71254 71423 338
71256 71423 2880
71424 71423 685
71424 71425 338
71426 71425 437
71426 71427 437
68235 71366 4119
77023 71366 1370
77023 76880 4767
71393 71394 1358
71396 71394 1617
903
217233
217692
217717
217729
217766
217768
224390
217770
217783
217473
217479
217536
217535
217602
217525
217530
217606
217850
217853
217857
217870
217874
217883
217929
217538
217623
217547
217629
217644
217675
217932
217934
217947
217951
217952
224216
224218
223839
224424
223867
223844
223851
223852
223842
223843
223884
223875
223881
223893
223876
216241
216246
216938
216082
216937
217589
216288
222547
215526
222534
216300
216304
216327
216332
216347
216350
216953
216273
219988
224334
222475
222492
222498
222527
222529
223804
223810
223812
223819
223815
223788
223840
223823
223786
224012
223781
223789
139798
147742
147753
147770
147772
198701
198737
171705
171709
159534
159540
159548
171402
171388
171670
171674
171677
171045
95931
95932
95467
95472
96011
95290
95284
95306
95469
94762
95832
102563
102571
96344
96336
96349
96351
96248
96339
96358
96363
96373
96423
96441
95992
96440
101921
96457
98994
99000
99003
99020
99410
99424
99438
99439
100213
101734
99360
102885
99365
99406
99112
99119
99158
99159
99173
99175
99380
99367
99370
102860
99130
42385
42395
42520
42419
42268
42228
42834
42841
42312
42861
42869
42873
42878
42926
42931
42874
42933
42950
43172
42808
42809
42917
43191
43189
43038
43039
43025
43030
43069
41691
41440
41441
43068
43057
43063
43067
44942
44945
44962
44939
44955
44954
44959
44999
44994
45011
44923
44924
125456
125484
125491
125497
132535
125544
125674
125680
125761
125762
125684
41878
123057
123060
41883
41921
41926
45069
123054
123067
123018
122990
122992
122994
122940
123006
123085
123625
123627
123631
132385
132473
123656
123742
123746
122467
122463
123235
122471
122473
123633
45067
45071
44930
44932
125781
125731
125820
125823
125825
125703
125716
125728
125706
125705
124100
124094
124096
124977
124980
124983
124986
125002
125010
128389
128398
128439
128431
128566
128568
128654
128645
128659
128661
128738
128680
128683
120436
128662
128670
120515
120516
120511
120541
120548
120456
120458
120485
120489
67642
67646
120440
120451
120452
68017
68018
68433
68436
120640
66955
68004
68047
68049
68055
68071
68077
68086
68260
68148
68177
68182
68184
68269
68270
68298
68300
68332
68346
68446
68576
68579
68818
68828
68833
68859
68863
72625
73090
72841
72883
72886
72930
72937
73103
71182
71176
71250
71423
71425
71366
76880
71394
71427
71429
71456
71515
76564
71678
78174
71463
71455
71579
68304
68868
68381
68392
68411
68412
68421
71532
71529
71546
71547
71697
71704
71731
71753
71908
72006
72084
72065
71932
71938
71987
71997
72010
72007
72189
72187
72240
72246
72197
72231
72237
72242
72253
72263
72264
68929
72638
72647
72648
72657
72660
57893
72715
72668
72707
72720
72722
72805
72806
72811
72827
72876
220942
220943
220944
221045
221024
221038
224650
224648
224310
220937
223300
221094
224656
224657
221052
221065
220067
220075
220076
220147
220154
220179
220182
224422
220477
224533
220485
220504
224690
220507
221695
221697
221723
221817
221933
221722
221727
221725
218541
221669
221670
221686
221685
221936
221671
221935
221810
219965
224343
221824
221693
221827
221831
221840
219967
219968
221806
221931
221789
221793
221803
221431
221436
221501
221505
221521
221523
221525
221741
221743
221748
221760
221764
221796
224309
220978
220983
220984
220991
220985
221266
224524
220660
221312
221316
224329
221321
221285
221310
221463
221464
221474
221385
216717
216741
216743
216535
216537
216587
216792
216795
216804
216806
216822
216882
216763
216745
216749
216762
216782
216896
216889
216086
216549
216554
216541
216546
216559
216519
216529
215722
217152
217154
217168
217169
217171
217227
217235
216773
224192
217696
217699
217460
217463
217472
217468
217469
217234
217470
217718
217722
217769
217773
217793
217796
217782
217788
217477
217478
217524
217542
217523
217539
217607
217609
217605
217851
217854
217859
217875
217871
217880
217884
217621
217641
217643
217954
217961
217948
217957
217950
224219
224221
224220
223849
223855
223856
223892
223877
223901
223973
223891
223899
216084
216930
216932
216939
216293
216289
216290
222543
215591
222533
216306
216309
216326
216330
216348
216349
216351
217022
217023
216955
216950
216952
219984
222469
217989
222476
222494
222499
222538
223805
223807
223811
223818
223820
223792
223847
223790
151614
147748
147751
147750
198704
171703
171708
171711
159536
159539
171401
171382
171183
171186
171047
95471
95474
96014
95288
95317
95490
94763
102573
95922
96345
96353
96355
96350
96247
96028
96043
96356
96359
96372
96437
96438
96047
96455
102585
96456
98995
99001
99023
99029
99412
99422
99430
99440
99441
100212
100187
101936
99359
102866
99389
99408
99111
99120
99157
99160
99178
99376
99377
99131
42384
42386
42388
42518
42516
42416
42266
42267
42220
42833
42306
42811
42852
42859
42876
42864
42872
42868
42925
42928
42875
42927
42952
42955
43188
42907
44465
43033
43035
43036
43026
43017
43027
43028
43058
41442
41502
43002
43061
43065
43066
44943
44944
44883
44938
44951
44957
44993
44931
44925
44921
125457
125485
125496
123951
125543
125675
125677
125682
125685
125759
41875
122850
123034
123059
123062
41881
41907
41917
41920
123047
123053
123066
123073
123013
123016
122895
122989
122991
122996
122939
123010
123086
123624
123485
132384
132320
123643
123657
123747
123749
123717
122514
122516
122462
122464
122465
123236
128107
123313
45059
45068
44929
125730
125735
125815
125702
125726
124099
124102
125692
124090
124060
124092
124975
124978
124948
125001
125012
128384
128387
128390
128397
128440
128437
128441
128560
128650
128641
128640
128663
128473
128676
128682
120438
128665
128671
120512
120514
120490
120509
120545
120546
120625
120447
120448
120481
120486
67628
67643
67636
67637
120432
120450
68008
68019
68022
68033
67909
68050
68056
68069
68068
68085
67486
68147
68152
68174
68175
68179
68191
68183
68303
68311
68334
68777
68778
68445
68448
68575
68577
68816
68817
68826
68834
68860
68862
72881
72834
72839
72840
72879
72887
72928
73107
73105
73106
71180
71170
71246
71254
71256
71424
71426
68235
77023
71393
71396
