1048
35496 36948 268
35496 46647 2750
46652 46650 3567
36961 46814 683
36961 46831 5659
46818 46811 827
46818 46814 2348
46874 46871 1577
38804 38803 548
38804 46759 1079
38804 46885 129
46873 46759 2322
46873 46871 752
46884 46881 1587
46884 46886 98
46887 46881 879
46887 46890 1811
46900 46890 828
46900 46909 924
46900 46910 1545
46930 46927 747
46928 46929 597
46928 46936 1907
46922 46920 476
46922 46925 3760
47233 46925 517
47059 47057 985
47059 47058 1768
47060 47046 1009
47060 47057 1811
47068 47069 605
47108 47063 337
47108 47113 1577
47114 47112 1380
127855 127853 650
127855 127862 388
127853 127849 253
127853 127855 650
127856 127851 2340
127873 127261 476
127873 127852 1979
127876 127886 836
127876 127887 933
127852 127237 1234
127852 127259 850
127852 127873 1979
127251 127245 1432
127251 127246 1010
127251 127254 688
127309 127254 418
127309 127304 1888
127325 127326 558
126914 126911 612
126947 126913 202
126910 126904 673
126910 126909 1028
126910 126911 1855
129568 129567 90
126922 126920 672
126924 126920 985
126924 126921 984
126950 46218 738
126950 126944 337
126953 46264 1121
126953 126952 1275
129937 129936 775
129937 132538 525
127857 127847 1718
127857 127858 1283
127859 127846 111
127859 127858 796
127867 127863 168
46438 46436 2751
46438 46447 558
46439 46435 1477
46439 46489 2092
46493 46491 1343
46493 46500 1146
46447 46438 558
46447 46443 276
46512 46511 1029
46512 47046 2966
46532 46526 238
46527 46525 1614
46527 46526 810
46263 46226 1105
46263 46264 2092
46263 46525 2412
129938 129936 864
128001 127991 1967
128001 128000 782
128114 127682 1700
128114 127991 796
128114 128115 344
124458 124457 1280
124458 128119 1147
127679 127678 673
127679 127682 1035
127999 127992 1452
127710 127684 1000
127710 127705 850
127710 127711 1467
128146 127711 1269
128147 127684 1056
128153 128154 688
127977 127975 1467
127977 127976 953
128006 128002 1234
128006 128005 1011
128162 128154 2970
128162 128165 1248
128165 128162 1248
128165 128166 1065
128165 128167 1467
128167 128165 1467
128167 128168 934
128167 128169 1447
128207 128169 953
130376 130375 941
130376 130377 1285
130387 130378 752
130387 130388 650
130387 130390 811
130395 130390 1225
130395 131947 808
131948 131947 613
128247 128237 2508
128247 128246 452
128247 128248 1686
128248 128238 2652
128248 128247 1686
128249 127835 2672
128249 128238 1161
128249 128250 1576
128255 128250 2568
128255 128256 1357
128260 128169 2824
128260 128243 337
128290 128256 2651
128253 127839 2590
128253 128252 1454
128253 129573 1467
128257 128252 2718
128257 128256 1505
129573 128253 1467
129573 129571 2486
129573 129585 1483
129587 129585 2672
129587 129636 1447
129587 129638 1450
129638 129587 1450
129638 129639 1357
129649 129650 1357
129649 129651 506
129658 129655 791
129656 129652 791
129656 129655 984
129656 129657 1561
129660 129657 752
129660 129849 2036
129850 129849 941
129850 129855 1055
129854 130299 601
129855 129850 1055
129855 129857 558
129867 129857 811
129867 129866 837
129867 130308 1211
130312 130313 337
130314 130313 890
130314 130315 1169
130314 130320 752
130319 130320 1087
130319 130352 808
130353 130352 1255
130353 130356 751
130357 130356 1225
130357 130375 673
121468 121465 752
121468 121467 2357
121453 121452 674
121453 121464 928
121465 121464 2494
121465 121468 752
121432 121430 436
121433 121439 3112
121614 121625 782
70254 70255 284
70254 70256 562
70254 70263 355
70255 70253 138
70255 70254 284
121459 121469 474
121448 121454 419
121460 121454 1283
121460 121462 142
121466 121467 891
121466 121469 337
121586 121587 169
129832 129819 1142
129832 129829 3089
129832 129887 4258
129834 129830 202
129834 129835 1227
129888 129887 1169
129888 129891 279
129915 129914 928
129915 129916 1183
129917 129916 374
129921 129922 1781
129921 129923 1212
130428 129923 1742
130428 130430 1748
218011 218010 268
218968 218966 1333
218968 218987 439
218972 218103 1878
218972 218973 867
215926 218077 1759
215926 218078 1122
215926 218102 659
218102 215926 659
218102 218047 72
218102 218100 440
218089 218096 643
218089 218109 764
218094 218095 955
218094 218096 1910
218103 218104 941
218103 218972 1878
218095 218094 955
218095 218098 1397
218100 218099 828
218100 218102 440
218100 218863 2638
218397 218396 1163
218397 224061 1499
218961 218299 854
218961 218962 1229
218990 218991 7301
218367 218365 2383
218547 218549 1781
218554 218555 1516
218557 218555 750
218656 219052 2365
218658 224767 422
223174 218577 195
218366 218365 830
218366 218414 1436
218366 218416 588
218430 218419 810
218430 218436 420
218499 218590 284
218433 218432 1885
218433 218435 1801
218587 218591 1802
218588 218435 597
218588 218591 952
218600 218601 1187
218600 218602 1184
218525 218637 1047
218525 220646 409
218525 224767 915
218633 218634 635
218633 224059 399
218602 218600 1184
218602 224057 825
224431 218615 148
218551 220951 1320
218561 218714 1266
218561 222299 491
220907 218714 710
220907 220951 651
217045 216251 372
217045 217481 1612
217843 217481 157
217843 218534 372
222718 222719 665
222771 222772 585
222771 222774 590
222970 217988 744
222735 222734 3345
222735 222740 3252
222735 222741 956
222738 224453 1334
222745 222740 528
222759 222758 925
222759 222778 686
222774 222771 590
222774 222776 2042
222775 222781 1078
222775 222788 420
222780 222755 423
222780 222781 1379
222809 219190 2875
222809 222798 1116
222809 222799 1805
218529 222867 1756
222859 222862 386
222819 222861 806
222815 222816 584
222795 222796 683
222795 222805 1330
222802 222799 451
222869 222871 1660
222869 222879 1059
222871 222869 1660
222871 222872 612
222871 222878 1705
222870 222926 661
222870 222928 1341
222890 222888 348
222890 222894 595
222894 222890 595
222894 222895 849
222927 222928 880
222927 222929 1600
222887 222888 1228
222887 222889 792
222907 222906 1993
222907 222914 807
222907 222915 968
222910 222889 912
222910 222911 1226
222910 222914 838
223010 223013 1517
223010 223018 784
223028 222908 622
222906 222907 1993
222906 222908 1353
148951 148952 3331
150981 150838 767
150981 150982 2390
150985 150982 805
150985 150986 2381
150986 150985 2381
150986 150987 777
151023 151020 787
151023 151024 1954
151026 151024 635
151646 150987 188
151646 151020 222
151646 151647 763
149117 149118 715
149133 149118 1406
149133 149134 897
149138 149136 1158
149138 149148 2006
149148 149138 2006
149148 149433 431
149429 149431 2574
149429 151920 407
149428 149432 737
149428 149433 837
149428 149437 2395
149431 149429 2574
149431 149432 2395
149644 149646 1543
149645 149646 812
149645 149649 2555
149472 149649 762
149472 149650 2456
149474 149486 2407
149474 149650 717
149485 149486 708
149485 149489 2350
149487 149483 905
149487 149488 728
149487 149489 759
149483 149487 905
149483 149601 209
149590 149588 884
149590 149591 2150
149590 149601 744
149588 149585 1016
149588 149589 1949
149588 149590 884
146955 146956 637
146948 146956 66
149447 146954 215
149448 146952 758
149448 149519 1038
149448 149533 809
149533 149448 809
149533 149534 905
149585 149534 986
149585 149586 1837
149585 149588 1016
148809 148813 845
148809 148818 2578
148811 148807 834
148811 148812 498
148811 148813 2678
148817 148818 787
148817 149659 2402
149656 149657 2130
149648 149646 780
149648 149653 2590
149648 149657 842
148807 148811 834
148807 148812 974
148815 148814 260
148815 148840 1312
146346 146516 3786
146347 146516 786
146347 146518 2515
146352 146518 1003
151062 151024 2457
151062 151061 816
151070 151061 2455
151070 151069 777
151078 151069 2436
151078 151077 665
151158 151077 2289
151158 151160 717
151248 151160 2385
151248 151252 777
151256 151252 2125
151256 151254 808
151256 151264 264
151264 151256 264
151264 151265 843
151285 151265 2344
151285 151286 884
151289 151286 2352
151289 151290 898
142978 142979 279
142978 151290 2298
143149 143148 264
139790 139789 2049
139790 143145 757
139790 143148 217
143147 143145 968
143147 147409 933
147573 147411 630
147424 147411 2363
147424 147423 991
147577 147423 2636
147577 147595 867
147603 147595 2444
147603 147597 910
147603 147605 2268
147605 147603 2268
147605 147604 819
147632 147604 2333
147632 147634 793
147635 147634 2418
147635 147704 2407
147704 147635 2407
148254 148255 905
148235 148236 771
148255 148254 905
148236 148235 771
148313 148318 887
148318 148313 887
149052 149057 812
149057 149052 812
149113 149118 2063
146589 146518 2509
149998 149999 1068
149999 149998 1068
149999 150003 1827
150003 149999 1827
150059 150028 852
150028 150059 852
148843 148840 1125
148843 148845 497
148845 148843 497
149815 149812 238
149812 149815 238
205031 205000 332
204994 204999 1364
204999 204994 1364
205000 205031 332
168679 168680 1856
168684 168685 238
168693 168694 928
168685 168684 238
168694 168693 928
168700 168699 1023
168699 168700 1023
168370 166832 1534
166832 168370 1534
168797 168798 672
168798 168797 672
168651 168650 829
168680 168679 1856
168689 168710 879
168710 168689 879
168650 168651 829
154106 154384 850
154384 154106 850
154382 154387 1036
154387 154382 1036
157509 157511 222
157511 157509 222
155041 155040 818
155040 155041 818
155174 155173 1140
155173 155174 1140
157722 157944 488
157944 157722 488
157843 157903 1293
157903 157843 1293
178132 177931 222
177931 178132 222
157564 158221 713
158208 158210 667
158210 158208 667
158305 158268 759
158221 157564 713
158268 158305 759
157934 158664 1796
159057 159041 600
158961 158979 1004
158979 158961 1004
159041 159057 600
158664 157934 1796
168320 168168 747
161495 161509 581
161509 161495 581
161850 161870 590
161870 161850 590
162177 162175 710
162175 162177 710
170491 170485 2059
168168 168320 747
170509 170506 1099
170506 170509 1099
170056 170055 808
170485 170491 2059
170055 170056 808
169202 169239 949
169239 169202 949
191411 191363 1406
191363 191411 1406
191358 191382 405
191382 191358 405
118745 118744 556
118744 118745 556
109088 109086 2838
110557 110556 475
110556 110557 475
109086 109088 2838
105831 110519 2103
110519 105831 2103
37464 37468 1458
37468 37464 1458
36392 36390 1484
36390 36392 1484
36435 36407 1210
36405 36407 1033
36407 36405 1033
36407 36435 1210
37497 37773 1412
37773 37497 1412
37780 37779 2142
37786 37788 788
37779 37780 2142
37788 37786 788
37811 37795 1534
37811 37818 1153
37818 37811 1153
46655 46650 709
46655 46657 630
46657 46655 630
46811 46818 827
37749 37740 344
37740 37749 344
37758 37845 1978
37795 37811 1534
37845 37758 1978
37967 37826 562
37826 37967 562
37899 37905 2227
37905 37899 2227
36948 35496 268
46647 35496 2750
46650 46652 3567
46650 46655 709
46814 36961 683
46814 46818 2348
46831 36961 5659
46831 46871 752
46871 46831 752
46871 46873 752
46871 46874 1577
38803 38804 548
38803 46886 182
46759 38804 1079
46759 46873 2322
46885 38804 129
46881 46884 1587
46881 46887 879
46886 38803 182
46886 46884 98
46890 46887 1811
46890 46900 828
46909 46900 924
46910 46900 1545
46910 46927 373
46927 46910 373
46927 46929 746
46927 46930 747
46929 46927 746
46929 46928 597
46936 46928 1907
46920 46922 476
46925 46922 3760
46925 47233 517
47057 47059 985
47057 47060 1811
47058 47059 1768
47046 46512 2966
47046 47060 1009
47069 47068 605
47063 47108 337
47113 47108 1577
47113 47112 421
47112 47113 421
47112 47114 1380
127862 127855 388
127849 127851 1004
127849 127853 253
127851 127849 1004
127851 127856 2340
127261 127873 476
127886 127876 836
127887 127876 933
127237 127852 1234
127259 127852 850
127245 127251 1432
127246 127251 1010
127254 127251 688
127254 127309 418
127304 127309 1888
127326 127325 558
126911 126910 1855
126911 126914 612
126913 126947 202
126904 126909 984
126904 126910 673
126909 126904 984
126909 126910 1028
129567 129568 90
126920 126922 672
126920 126924 985
126921 126924 984
46218 126950 738
126944 126950 337
46264 46263 2092
46264 126953 1121
126952 126953 1275
129936 129937 775
129936 129938 864
132538 129937 525
127847 127857 1718
127847 127858 436
127858 127847 436
127858 127857 1283
127858 127859 796
127846 127859 111
127863 127867 168
46436 46435 943
46436 46438 2751
46435 46436 943
46435 46439 1477
46489 46439 2092
46489 46491 738
46491 46489 738
46491 46493 1343
46500 46493 1146
46500 46511 1284
46443 46447 276
46511 46500 1284
46511 46512 1029
46526 46527 810
46526 46532 238
46525 46263 2412
46525 46527 1614
46226 46263 1105
127991 128001 1967
127991 128114 796
128000 128001 782
127682 127679 1035
127682 128114 1700
128115 128114 344
124457 124458 1280
128119 124458 1147
127678 127679 673
127992 127999 1452
127684 127710 1000
127684 128147 1056
127705 127710 850
127711 127710 1467
127711 128146 1269
128154 128153 688
128154 128162 2970
127975 127977 1467
127976 127977 953
128002 128006 1234
128005 128006 1011
128166 128165 1065
128166 128168 1268
128168 128166 1268
128168 128167 934
128169 128167 1447
128169 128207 953
128169 128260 2824
130375 130357 673
130375 130376 941
130377 130376 1285
130378 130387 752
130388 130387 650
130390 130387 811
130390 130395 1225
131947 130395 808
131947 131948 613
128237 128238 1558
128237 128247 2508
128246 128247 452
128238 128237 1558
128238 128248 2652
128238 128249 1161
127835 128249 2672
128250 128249 1576
128250 128255 2568
128256 128255 1357
128256 128257 1505
128256 128290 2651
128243 128260 337
127839 128253 2590
127839 129571 1375
128252 128253 1454
128252 128257 2718
129571 127839 1375
129571 129573 2486
129585 129573 1483
129585 129587 2672
129636 129587 1447
129639 129638 1357
129650 129649 1357
129650 129652 678
129651 129649 506
129651 129652 1055
129651 129655 684
129655 129651 684
129655 129656 984
129655 129658 791
129652 129650 678
129652 129651 1055
129652 129656 791
129657 129656 1561
129657 129660 752
129849 129660 2036
129849 129850 941
130299 129854 601
129857 129855 558
129857 129867 811
129866 129867 837
130308 129867 1211
130308 130313 418
130313 130308 418
130313 130312 337
130313 130314 890
130315 130314 1169
130320 130314 752
130320 130319 1087
130352 130319 808
130352 130353 1255
130356 130353 751
130356 130357 1225
121467 121462 647
121467 121464 739
121467 121466 891
121467 121468 2357
121452 121453 674
121464 121453 928
121464 121465 2494
121464 121467 739
121430 121432 436
121439 121433 3112
121625 121614 782
70256 70254 562
70263 70254 355
70253 70255 138
121469 121459 474
121469 121466 337
121454 121448 419
121454 121460 1283
121462 121460 142
121462 121467 647
121587 121586 169
129819 129832 1142
129829 129830 1305
129829 129832 3089
129887 129832 4258
129887 129888 1169
129830 129829 1305
129830 129834 202
129835 129834 1227
129891 129888 279
129914 129915 928
129916 129915 1183
129916 129917 374
129922 129921 1781
129923 129921 1212
129923 130428 1742
130430 130428 1748
218010 218011 268
218966 218962 2157
218966 218968 1333
218987 218968 439
218973 218972 867
218077 215926 1759
218078 215926 1122
218047 218102 72
218096 218089 643
218096 218094 1910
218096 218098 867
218109 218089 764
218104 218103 941
218098 218095 1397
218098 218096 867
218099 218100 828
218863 218100 2638
218396 218397 1163
224061 218397 1499
218299 218961 854
218962 218961 1229
218962 218966 2157
218991 218990 7301
218365 218366 830
218365 218367 2383
218549 218547 1781
218555 218554 1516
218555 218557 750
219052 218577 5585
219052 218656 2365
224767 218525 915
224767 218658 422
218577 219052 5585
218577 223174 195
218414 218366 1436
218416 218366 588
218419 218430 810
218436 218430 420
218590 218499 284
218432 218433 1885
218432 218435 801
218435 218432 801
218435 218433 1801
218435 218588 597
218591 218587 1802
218591 218588 952
218591 218601 810
218601 218591 810
218601 218600 1187
218637 218525 1047
218637 224059 651
220646 218525 409
218634 218633 635
224059 218633 399
224059 218637 651
224057 218602 825
224057 218615 793
218615 224057 793
218615 224431 148
220951 218551 1320
220951 220907 651
218714 218561 1266
218714 220907 710
222299 218561 491
216251 217045 372
217481 217045 1612
217481 217843 157
218534 217843 372
222719 222718 665
222772 222771 585
217988 222970 744
222734 222735 3345
222740 222735 3252
222740 222745 528
222741 222735 956
224453 222738 1334
222758 222759 925
222778 222759 686
222776 222774 2042
222781 222775 1078
222781 222780 1379
222788 222775 420
222755 222780 423
219190 222809 2875
222798 222809 1116
222799 222802 451
222799 222809 1805
222867 218529 1756
222862 222859 386
222862 222861 1407
222861 222819 806
222861 222862 1407
222816 222815 584
222796 222795 683
222805 222795 1330
222879 222869 1059
222872 222871 612
222878 222871 1705
222926 222870 661
222928 222870 1341
222928 222927 880
222888 222887 1228
222888 222890 348
222895 222894 849
222929 222927 1600
222889 222887 792
222889 222910 912
222914 222907 807
222914 222910 838
222915 222907 968
222915 222908 2043
222911 222910 1226
223013 223010 1517
223018 223010 784
222908 222906 1353
222908 222915 2043
222908 223028 622
148952 148951 3331
150838 150981 767
150982 150981 2390
150982 150985 805
150982 150987 2358
150987 150982 2358
150987 150986 777
150987 151646 188
151020 151023 787
151020 151646 222
151024 151023 1954
151024 151026 635
151024 151062 2457
151647 151646 763
149118 149113 2063
149118 149117 715
149118 149133 1406
149134 149133 897
149136 149138 1158
149433 149148 431
149433 149428 837
151920 149429 407
149432 146954 762
149432 149428 737
149432 149431 2395
149437 149428 2395
149646 149644 1543
149646 149645 812
149646 149648 780
149649 149472 762
149649 149645 2555
149650 149472 2456
149650 149474 717
149486 149474 2407
149486 149485 708
149489 149485 2350
149489 149487 759
149488 149487 728
149488 149601 180
149601 149483 209
149601 149488 180
149601 149590 744
149591 149589 849
149591 149590 2150
149589 149586 1163
149589 149588 1949
149589 149591 849
146956 146948 66
146956 146955 637
146954 149432 762
146954 149447 215
146952 149448 758
149519 149448 1038
149519 149534 802
149534 149519 802
149534 149533 905
149534 149585 986
149586 149585 1837
149586 149589 1163
148813 148809 845
148813 148811 2678
148818 148809 2578
148818 148817 787
148812 148807 974
148812 148811 498
148812 148814 440
149659 148817 2402
149659 149657 809
149657 149648 842
149657 149656 2130
149657 149659 809
149653 149648 2590
148814 148812 440
148814 148815 260
148840 148815 1312
148840 148843 1125
146516 146346 3786
146516 146347 786
146518 146347 2515
146518 146352 1003
146518 146589 2509
151061 151062 816
151061 151070 2455
151069 151070 777
151069 151078 2436
151077 151078 665
151077 151158 2289
151160 151158 717
151160 151248 2385
151252 151248 777
151252 151256 2125
151254 151256 808
151254 151265 376
151265 151254 376
151265 151264 843
151265 151285 2344
151286 151285 884
151286 151289 2352
151290 142978 2298
151290 151289 898
142979 142978 279
143148 139790 217
143148 143149 264
139789 139790 2049
143145 139790 757
143145 143147 968
147409 143147 933
147409 147411 939
147411 147409 939
147411 147424 2363
147411 147573 630
147423 147424 991
147423 147577 2636
147595 147577 867
147595 147603 2444
147597 147603 910
147597 147604 2269
147604 147597 2269
147604 147605 819
147604 147632 2333
147634 147632 793
147634 147635 2418
953
35496
46652
36961
46818
46874
38804
46873
46884
46887
46900
46930
46928
46922
47233
47059
47060
47068
47108
47114
127855
127853
127856
127873
127876
127852
127251
127309
127325
126914
126947
126910
129568
126922
126924
126950
126953
129937
127857
127859
127867
46438
46439
46493
46447
46512
46532
46527
46263
129938
128001
128114
124458
127679
127999
127710
128146
128147
128153
127977
128006
128162
128165
128167
128207
130376
130387
130395
131948
128247
128248
128249
128255
128260
128290
128253
128257
129573
129587
129638
129649
129658
129656
129660
129850
129854
129855
129867
130312
130314
130319
130353
130357
121468
121453
121465
121432
121433
121614
70254
70255
121459
121448
121460
121466
121586
129832
129834
129888
129915
129917
129921
130428
218011
218968
218972
215926
218102
218089
218094
218103
218095
218100
218397
218961
218990
218367
218547
218554
218557
218656
218658
223174
218366
218430
218499
218433
218587
218588
218600
218525
218633
218602
224431
218551
218561
220907
217045
217843
222718
222771
222970
222735
222738
222745
222759
222774
222775
222780
222809
218529
222859
222819
222815
222795
222802
222869
222871
222870
222890
222894
222927
222887
222907
222910
223010
223028
222906
148951
150981
150985
150986
151023
151026
151646
149117
149133
149138
149148
149429
149428
149431
149644
149645
149472
149474
149485
149487
149483
149590
149588
146955
146948
149447
149448
149533
149585
148809
148811
148817
149656
149648
148807
148815
146346
146347
146352
151062
151070
151078
151158
151248
151256
151264
151285
151289
142978
143149
139790
143147
147573
147424
147577
147603
147605
147632
147635
147704
148209
148220
148254
148235
148255
148236
148291
148298
148304
148312
148313
148318
148441
149046
149100
149052
149057
149061
149113
212682
146589
149983
149987
149998
149999
150003
150059
150025
150028
148843
148845
148849
148851
149700
149704
150187
149818
149816
149742
149749
149751
149815
149812
149813
149730
150304
150311
150313
198851
205031
198909
214922
214859
198838
198842
198840
215044
204994
204999
205000
152112
152116
162465
168681
168679
168684
168703
168693
168685
168694
168700
168699
168280
168381
168370
168379
166832
168740
168755
168757
168797
168718
168798
168651
168680
168689
168710
168570
168836
168650
153999
154022
154051
154079
154104
154313
154310
154106
154384
154382
154387
157474
152011
157566
157517
157487
157509
157511
157520
157490
157514
155254
157592
154407
154412
154401
154421
154971
154974
154976
155011
155014
155041
155040
155068
155174
157827
157823
157825
157831
155173
155224
155078
155138
155322
155330
155344
155418
155350
157707
157722
157907
157944
157832
157841
157843
157903
155382
155398
155451
157694
155392
155462
157698
157700
157708
157754
157761
157746
157734
178261
177939
178259
177920
178132
177931
178214
178215
178309
178305
178515
178507
178509
178425
157564
158208
158210
158307
158305
158201
158221
158213
158224
158259
158268
157934
157936
158681
158682
158697
158800
158846
158858
158887
159057
159064
158961
158979
159032
159041
159066
159069
159071
158952
158616
158640
158612
158619
158664
158646
161087
161125
161135
161268
168330
168353
168318
168385
168313
168315
168383
168320
161498
161500
161495
161509
161492
161519
161846
161850
161870
161887
161935
161944
161946
162117
162153
162168
162177
161966
162103
162111
162175
162183
169587
169617
169584
161819
169585
169599
169175
169178
169190
169247
169268
169264
169293
170491
168168
170509
170506
168167
168339
170513
170060
170056
170443
170449
170452
170483
170485
172575
170055
169970
170052
169553
169879
169889
169870
169517
169524
169964
169960
169910
169912
169899
169906
169904
169042
169045
169043
169147
169216
169237
169231
169229
169202
169258
169453
169454
169447
169239
118530
118532
94707
94969
95011
95016
102090
102077
97367
97369
97510
94278
108378
108750
108912
108768
102508
94166
102298
94039
93691
102426
94197
94233
94198
95814
94181
94185
94191
102899
97456
97466
97499
102513
97634
97636
93293
93294
94637
95578
95929
102023
93343
93632
93653
93659
93668
93236
98530
98545
98123
98497
191290
194318
191411
194240
191363
191358
191382
191234
191406
190905
191268
191269
118686
118747
118745
118744
118518
118522
118693
118695
118555
119504
118557
108977
108992
108999
109005
109056
109071
109088
110491
110505
110488
109186
109157
110353
110557
110495
110556
109086
36088
36137
36152
36161
36170
36307
36324
36091
36032
36035
105831
110484
110519
105796
106348
106345
110497
36360
36354
35706
35710
35713
35724
37318
37325
37335
37371
37346
37382
37381
37462
37464
37468
37470
37498
37499
36392
36393
36390
36421
36419
36435
36397
36400
36405
36407
37495
37497
37773
37777
37613
37780
37786
37778
37779
37788
37811
37818
46655
46657
46808
46811
37749
37792
37740
37752
37796
37758
37795
37845
37880
37895
37967
37826
37899
37905
37911
37916
37921
41446
41455
41460
46631
41465
46635
36948
46647
46650
46814
46871
46759
46885
46881
46890
46909
46910
46936
46920
46925
47057
47058
47046
47063
47113
47112
127862
127849
127851
127261
127237
127259
127245
127246
127254
127304
127326
126911
126913
126904
129567
126920
126921
46218
126944
126952
132538
127847
127846
127863
46436
46435
46489
46491
46500
46443
46511
46526
46525
46226
127991
128000
127682
127678
127992
127684
127705
127711
128154
127975
127976
128002
128005
128166
128168
128169
130375
130377
130378
130388
130390
131947
128237
128246
128238
127835
128250
128256
128243
127839
128252
129571
129585
129636
129639
129650
129652
129657
129849
129857
129866
130308
130315
130320
130352
130356
121452
121430
70256
70263
70253
121454
129819
129829
129887
129830
129891
129914
129916
129922
129923
218966
218987
218973
218077
218078
218047
218096
218109
218104
218098
218099
218863
218396
218299
218962
218991
218365
218549
218555
219052
218577
218414
218416
218419
218436
218590
218432
218601
218637
218634
224057
218615
218714
222299
216251
217481
222772
217988
222741
224453
222758
222778
222776
222781
222755
219190
222798
222799
222867
222862
222861
222816
222796
222805
222879
222878
222926
222888
222895
222929
222889
222914
222915
222911
223013
223018
222908
150838
150982
150987
151020
151024
151647
149118
149134
149136
149433
149432
149437
149646
149649
149650
149486
149489
149488
149601
149591
149589
146956
146954
146952
149519
149534
149586
148813
148818
149659
149657
149653
148814
148840
146516
146518
151061
151069
151077
151160
151252
151254
151265
151286
151290
142979
139789
143145
147409
147411
147423
147595
147597
147604
147634
