1402
68536 68132 1285
68536 68538 1344
68135 68108 1721
68135 68122 893
68135 68131 713
68136 68131 1886
68136 68134 667
68122 68115 1909
68122 68123 562
68122 68135 893
68143 68123 955
68143 68144 1143
68138 68124 253
68138 68125 688
68138 68144 698
68312 68288 279
68312 68314 688
68486 68482 1578
68486 68490 1906
68486 68493 1669
68490 68485 1103
68490 68486 1906
68571 68583 126
68653 68659 1760
68654 68656 279
68654 68662 2339
68655 68584 1898
68655 68657 837
68643 68645 874
68643 68661 1081
68494 68495 674
68494 68497 2281
68504 68497 556
68504 68508 929
68508 68504 929
68508 68610 698
68658 68656 436
68676 68674 891
68675 68674 1030
68675 68677 752
68675 68678 2036
68696 68680 674
68696 68697 1500
68686 68681 1169
68702 68687 419
68702 68908 1155
68908 68702 1155
68908 68893 713
68915 68910 851
68915 68914 1812
68915 68917 553
68917 68915 553
68917 68964 818
68917 68965 684
68984 68983 1162
68986 68976 1162
68979 68987 2113
68981 69345 452
68981 78482 1659
69355 69357 1620
72629 72628 356
72629 72630 333
72899 72894 591
73067 73076 452
73067 73077 688
73067 73078 711
73068 73072 782
73068 73073 1263
76645 73070 582
67217 69001 420
69366 69367 1524
69366 77800 889
69002 69050 365
71388 71385 2789
71388 71390 713
71406 71404 3247
71406 71417 688
71473 71467 830
71473 71481 1701
71473 71484 1592
71483 71481 753
71483 71486 688
71483 71487 830
71563 71421 1228
71563 71562 811
71573 71567 3837
71573 71570 602
71649 71651 1531
71649 71652 792
71650 71652 1742
71650 71654 955
71653 71654 1612
71653 71658 601
71508 71507 818
71508 71509 1038
71487 71483 830
71487 71488 987
71487 71489 1006
71488 71487 987
71488 71492 740
71610 71597 374
71610 71609 929
71790 71791 796
71790 71800 1936
71617 71620 601
71617 71797 255
71620 71617 601
71620 71621 818
71659 71655 3161
71659 71658 1338
71659 71695 2512
71699 71700 591
71713 71700 1787
71713 71722 562
71689 71690 1056
68401 68398 5597
68401 68878 2369
68878 68401 2369
68878 68405 1716
68429 68424 2017
71722 71713 562
71722 71715 562
71875 71725 1859
71875 71876 452
71945 71946 792
71945 71959 1565
71968 71969 2700
71948 71903 711
71948 71949 984
71948 71950 1032
71951 71946 553
71951 71952 713
71951 71957 951
71953 71950 477
71953 71955 611
71889 71890 611
71889 77894 621
71892 71896 437
71892 71900 2409
71901 71898 553
71901 71902 2957
71970 71969 591
72107 72091 1309
72108 72092 1484
72095 72092 631
72095 72213 2262
72214 72216 1827
72214 72217 437
72215 72219 222
72157 72156 1669
72157 72159 1056
72145 72113 893
72145 72159 1862
72111 72114 672
72111 72146 685
72112 72113 1605
68886 68887 1916
68957 68956 752
68957 68958 2219
68957 68959 333
68958 68957 2219
68958 69016 692
76683 69018 715
76683 69024 545
69038 69037 1093
72162 72159 2291
72162 72171 892
72395 72397 1233
72395 72398 1909
72396 72415 848
72396 72418 476
72418 72396 476
72418 72421 1698
72461 72421 1520
72466 72462 955
72466 72472 1701
72466 72482 1144
72466 72484 845
72540 72488 1014
72540 72493 1263
72540 72542 778
72546 72545 216
72547 72552 713
72547 72572 1660
72573 72572 344
72573 72579 1461
72604 72605 753
72612 72605 951
72612 72614 753
220622 220669 728
220622 224273 2771
220648 220669 2855
220648 220710 817
220667 220710 2195
220667 220724 717
220728 220724 2151
220728 220892 775
220831 220892 2180
220831 220903 776
220832 220903 2169
220832 220906 770
224273 220609 792
224273 220622 2771
220358 220356 2445
220358 220380 3637
220384 220380 1245
220345 220346 470
220345 224266 294
220682 224278 608
220682 224955 1132
220702 220700 1599
220702 220706 1204
221008 221009 1380
221008 221010 1825
220541 220542 748
220541 220997 1109
220895 220893 734
220895 220904 2223
220905 220904 840
220905 220908 521
220888 220889 824
220902 220901 613
220742 220739 1269
220742 220744 741
220762 220758 769
220763 220764 671
220763 220925 1096
220695 220696 297
220695 220697 419
220695 224281 388
220739 220737 788
220739 220742 1269
224278 220682 608
224278 224280 1439
220673 220671 808
220673 220711 3017
220712 220711 712
220712 220727 2146
220725 220727 845
220725 224939 394
220436 220456 2077
220437 220456 744
220437 220465 1522
220527 220545 3463
220527 220546 780
220528 220544 3023
220568 220567 156
220534 220546 5111
220534 220550 3813
220543 220542 1364
220543 220998 860
220537 220542 1659
219007 219008 4134
219007 220078 258
220103 220097 2646
220103 220406 2174
220414 220408 853
220414 220415 1092
220427 220416 335
220427 220428 1026
220451 220456 833
220451 220457 1522
220453 220454 604
220453 220455 1380
220793 221625 2343
221618 221660 780
221608 221609 3682
221623 221613 816
221623 221624 1500
219748 218538 552
219748 219912 1582
218483 218482 574
218483 219907 861
218539 218538 365
219769 219780 856
219769 219782 969
219766 219765 1678
219766 219770 796
219766 224938 519
219765 219766 1678
219765 219935 724
219776 219781 778
219780 219769 856
219780 219781 805
221352 221353 282
221352 221374 1008
221416 221417 1005
221416 221447 2490
221416 221609 228
221438 221439 784
221443 221632 1830
221443 224608 450
220906 220832 770
220906 220904 2093
220950 218198 1782
220953 220918 2037
220953 220954 632
221342 221360 1748
221343 221360 874
221403 221353 634
221162 221172 2307
221162 221248 731
221162 221253 1724
224316 221255 435
221172 221162 2307
221172 221173 679
221172 221218 2351
221217 221218 370
221217 221222 678
221357 222565 645
221236 221237 1306
221236 221240 629
222120 222564 422
222444 222564 235
216440 216441 1000
216491 216477 2673
216491 216492 432
216460 216637 996
216640 216638 895
216640 216641 1167
216640 216648 1335
216641 216640 1167
216641 216655 1149
224791 216673 298
224791 224792 337
216487 216488 1732
216487 216673 536
216443 224812 260
216443 224813 414
216444 224177 414
216444 224605 1054
215433 215434 740
215433 215445 768
216457 216456 1353
216457 216463 905
216492 216491 432
216492 216494 934
216492 216495 596
216493 216495 786
216493 216501 1853
216490 216488 826
216490 216489 1337
216490 216679 1794
216502 216501 775
216502 216679 1136
216502 216685 2142
216474 216441 1228
216474 216478 1519
216047 216065 2755
216514 216516 4478
216512 216516 863
215729 215735 931
215729 215736 483
215721 215720 2958
215721 215734 873
215767 217191 906
215767 217194 663
217194 215767 663
217194 217199 274
217194 224549 103
215768 215759 704
215768 215769 956
215818 215665 1195
215818 215819 758
215832 215831 298
215859 215829 753
215859 215862 1678
215863 216645 1155
215863 216646 2134
215868 215945 1083
215868 216654 2225
217218 217200 1028
217206 217205 727
217206 217215 1107
217206 217221 840
215945 215868 1083
215945 216708 1722
215945 216709 1770
215946 215963 1363
215946 215966 1409
215946 216709 902
215964 215963 375
215966 215946 1409
215966 215963 980
217682 216727 1420
217682 217319 959
215465 215466 509
215465 217160 934
215465 217258 1791
217355 217270 998
217355 224291 972
217334 217331 433
217334 217335 1296
217346 217345 1268
217346 217347 1048
217345 217346 1268
217345 217347 606
217319 217323 401
217319 217682 959
217354 217352 1805
217354 217404 1855
217410 217721 2390
217410 217755 476
217410 217759 1485
217362 217360 719
217362 217363 715
217362 217364 434
217380 217379 963
217380 217383 1322
217385 217391 380
217385 224489 1217
217422 217423 805
217422 217504 629
220519 217394 508
217391 217384 1721
217391 217385 380
217391 217392 873
217418 217419 2458
217418 217430 751
217604 217866 2193
217604 217917 318
217565 217562 1468
217565 217564 633
217977 217596 1010
217593 217568 1576
217594 217860 391
217571 217582 1043
217571 217583 992
217580 217577 273
217580 217582 456
217583 217571 992
217583 217655 838
217657 217656 1068
217599 217666 431
217653 217665 460
217653 217667 822
217668 224204 5525
216480 216479 249
215712 215682 683
215712 215717 1935
223742 215718 1532
223706 223701 2025
223710 223709 674
223710 223711 1344
223648 223649 735
223648 223661 404
223663 223661 1335
223663 223664 1951
223664 223663 1951
223664 223705 859
216207 216211 337
216208 216209 221
216153 216154 548
216153 216209 1228
216147 216129 856
216147 216148 854
216149 216154 1761
216149 216156 939
222452 222449 1964
222452 222453 2004
222457 216100 1514
222457 216176 892
222457 222459 1239
222458 216100 698
222458 216163 750
216163 216173 2004
216163 222458 750
216164 216173 410
216164 216180 1530
216171 216180 715
216171 216196 2404
216170 216131 877
216170 216187 1603
216189 216187 794
216189 216192 840
216193 216192 897
216193 216200 730
216129 216131 1785
216129 216147 856
222449 222452 1964
222449 222453 1913
216048 216049 1198
216048 216050 753
216053 216049 756
216053 216054 1980
216206 216054 763
217275 217276 2004
217275 219925 721
219900 217276 720
219926 219930 537
219926 219932 1021
219926 219978 457
224779 224784 116
224786 224785 281
219811 219812 559
219811 219820 310
219821 219820 91
219821 219893 891
219893 219821 891
219893 219983 663
218536 222477 988
218536 222478 1557
222478 218536 1557
222478 222482 853
223632 223636 1117
223632 223645 602
223636 223632 1117
223636 223642 124
223569 223637 1393
223569 223639 944
223574 223575 591
223602 223603 2478
223602 223604 424
223598 223599 989
223592 223601 1200
223592 223604 1561
223592 223608 990
223600 223599 894
223600 223601 2348
223612 223599 532
223612 223616 2549
223585 223586 719
223585 223587 1949
223743 223587 697
223743 223747 3386
223617 223616 1018
223617 223621 627
223759 223754 523
223759 223760 463
139840 147033 2060
224224 217677 955
224224 224204 2227
224224 224209 1836
224225 217677 464
224226 223012 2245
224226 224227 665
151681 147838 952
151681 151682 2171
147857 147850 903
147857 147858 2552
147861 147858 888
147861 148093 2146
148093 147861 2146
148093 148091 906
148094 148091 1111
148094 148097 1008
198633 198632 530
198638 198635 106
198638 198639 819
198664 198696 375
198664 214648 1332
198691 198689 1092
198691 198693 464
171445 171446 1914
171445 171447 518
171624 171622 553
171624 171698 1561
171611 171610 713
171611 171612 2035
171610 171611 713
171610 171613 977
171614 171612 1082
171512 171513 924
162350 162349 1030
159249 159250 445
159343 159348 556
159349 159348 3460
159349 159516 344
159508 159509 344
159508 159520 553
159528 159530 300
159528 159712 1902
172124 159715 1395
159512 159513 848
159512 159523 2051
159523 159512 2051
159523 159513 2157
159526 159525 747
159526 159532 553
170971 170972 558
170971 170973 674
171661 171659 1140
171661 171662 2834
171667 170973 874
171667 171666 374
97745 97746 879
97745 102452 833
95292 95294 2382
95292 95295 957
95696 95697 1375
95696 95700 1612
95702 95703 5651
96033 96026 675
102634 102635 168
95710 95709 3166
95482 95481 2458
95677 95676 840
95682 95680 1222
95682 95691 259
101925 101922 1009
101925 101926 918
101925 101927 992
95752 95690 6346
95762 95763 2006
95762 95764 975
95770 95769 233
95770 95773 826
95772 95773 536
95772 95776 3223
95787 95790 806
95803 96447 475
95803 97935 1022
95804 97934 629
95804 97935 1222
95788 95789 1808
95788 95802 1696
95802 95788 1696
95802 97932 1877
95802 97944 499
97995 99042 2004
99041 99042 904
99041 99044 1560
99004 98989 557
99004 98990 751
99004 99009 1560
99010 99009 877
99010 99014 1458
99043 99014 827
99043 99044 599
99043 99049 1022
100070 100069 536
100070 100071 983
100077 100084 893
100077 100085 1142
42247 42251 697
42247 42252 697
42247 42263 1484
99352 99353 3250
102968 100069 1341
102968 103233 1011
102969 102970 192
102969 102975 319
103233 102968 1011
103233 103234 855
102974 102973 109
102974 102978 294
102979 102978 368
97996 99045 1560
99046 99045 580
99046 99047 1161
42612 42610 3971
42610 42612 3971
43138 43140 2666
43140 43138 2666
43274 43282 1412
43282 43274 1412
45208 45211 1592
45211 45208 1592
45167 45170 1782
45170 45167 1782
125529 125613 697
125613 125529 697
125786 125787 985
125787 125786 985
123134 123137 751
123134 123139 928
123139 123134 928
123139 123140 890
123140 123139 890
123137 123134 751
125554 125556 1521
45137 45136 2142
45136 45137 2142
45085 45107 2407
45107 45085 2407
125556 125554 1521
125878 125880 976
125880 125878 976
128402 128403 1212
128403 128402 1212
128584 128585 796
128585 128584 796
68132 68536 1285
68538 68536 1344
68108 68115 818
68108 68135 1721
68131 68135 713
68131 68136 1886
68134 68136 667
68115 68108 818
68115 68122 1909
68123 68122 562
68123 68125 818
68123 68143 955
68144 68125 277
68144 68138 698
68144 68143 1143
68124 68138 253
68125 68123 818
68125 68138 688
68125 68144 277
68288 68312 279
68314 68312 688
68482 68486 1578
68493 68486 1669
68485 68490 1103
68583 68571 126
68659 68645 752
68659 68653 1760
68656 68654 279
68656 68657 1365
68656 68658 436
68662 68654 2339
68584 68655 1898
68657 68655 837
68657 68656 1365
68645 68643 874
68645 68659 752
68661 68643 1081
68495 68494 674
68497 68494 2281
68497 68504 556
68610 68508 698
68674 68675 1030
68674 68676 891
68677 68675 752
68677 68680 404
68678 68675 2036
68680 68677 404
68680 68696 674
68697 68696 1500
68681 68686 1169
68687 68702 419
68893 68908 713
68893 68910 808
68910 68893 808
68910 68915 851
68914 68915 1812
68964 68917 818
68965 68917 684
68983 68984 1162
68976 68986 1162
68976 68987 452
68987 68976 452
68987 68979 2113
69345 68981 452
78482 68981 1659
78482 69357 277
69357 69355 1620
69357 78482 277
72628 72629 356
72630 72629 333
72894 72899 591
73076 73067 452
73077 73067 688
73078 73067 711
73072 73068 782
73073 73068 1263
73070 76645 582
69001 67217 420
69367 69366 1524
77800 69366 889
69050 69002 365
71385 71388 2789
71385 71404 1023
71390 71388 713
71404 71385 1023
71404 71406 3247
71417 71406 688
71467 71473 830
71481 71473 1701
71481 71483 753
71484 71473 1592
71486 71483 688
71421 71563 1228
71562 71563 811
71567 71573 3837
71570 71573 602
71651 71507 768
71651 71649 1531
71652 71649 792
71652 71650 1742
71654 71650 955
71654 71653 1612
71654 71655 1161
71658 71653 601
71658 71659 1338
71507 71508 818
71507 71651 768
71509 71508 1038
71489 71487 1006
71492 71488 740
71597 71610 374
71609 71610 929
71791 71790 796
71800 71790 1936
71797 71617 255
71621 71620 818
71655 71654 1161
71655 71659 3161
71695 71659 2512
71700 71699 591
71700 71713 1787
71690 71689 1056
68398 68401 5597
68405 68878 1716
68424 68429 2017
71715 71722 562
71715 71725 344
71725 71715 344
71725 71875 1859
71876 71875 452
71946 71945 792
71946 71951 553
71959 71945 1565
71969 71968 2700
71969 71970 591
71903 71898 818
71903 71948 711
71949 71948 984
71950 71948 1032
71950 71953 477
71952 71951 713
71957 71951 951
71955 71953 611
71890 71889 611
71890 71896 632
77894 71889 621
71896 71890 632
71896 71892 437
71900 71892 2409
71900 71902 404
71898 71901 553
71898 71903 818
71902 71900 404
71902 71901 2957
72091 72107 1309
72092 72095 631
72092 72108 1484
72213 72095 2262
72216 72214 1827
72217 72214 437
72219 72215 222
72156 72157 1669
72159 72145 1862
72159 72157 1056
72159 72162 2291
72113 72112 1605
72113 72145 893
72114 72111 672
72146 72111 685
68887 68886 1916
68956 68957 752
68959 68957 333
69016 68958 692
69018 76683 715
69024 76683 545
69037 69038 1093
72171 72162 892
72397 72395 1233
72398 72395 1909
72415 72396 848
72421 72418 1698
72421 72461 1520
72462 72466 955
72472 72466 1701
72482 72466 1144
72482 72484 672
72484 72466 845
72484 72482 672
72488 72493 476
72488 72540 1014
72493 72488 476
72493 72540 1263
72542 72540 778
72545 72546 216
72545 72552 1461
72552 72545 1461
72552 72547 713
72572 72547 1660
72572 72573 344
72579 72573 1461
72605 72604 753
72605 72612 951
72614 72612 753
220669 220622 728
220669 220648 2855
220669 220671 790
220710 220648 817
220710 220667 2195
220710 220671 2884
220710 220711 754
220724 220667 717
220724 220711 2151
220724 220727 828
220724 220728 2151
220892 220727 2169
220892 220728 775
220892 220831 2180
220892 220893 822
220903 220831 776
220903 220832 2169
220903 220893 2158
220903 220904 721
220609 224273 792
220356 220358 2445
220380 220358 3637
220380 220384 1245
220346 220345 470
224266 220345 294
224955 220682 1132
220700 220702 1599
220706 220702 1204
221009 221008 1380
221010 221008 1825
220542 220537 1659
220542 220541 748
220542 220543 1364
220997 220541 1109
220997 220998 367
220893 220892 822
220893 220895 734
220893 220903 2158
220904 220895 2223
220904 220903 721
220904 220905 840
220904 220906 2093
220908 220905 521
220889 220888 824
220901 220764 1807
220901 220902 613
220744 220742 741
220758 220762 769
220758 220764 1616
220764 220758 1616
220764 220763 671
220764 220901 1807
220925 220763 1096
220696 220695 297
220697 220695 419
220697 220737 1538
224281 220695 388
220737 220697 1538
220737 220739 788
224280 224278 1439
220671 220669 790
220671 220673 808
220671 220710 2884
220711 220673 3017
220711 220710 754
220711 220712 712
220711 220724 2151
220727 220712 2146
220727 220724 828
220727 220725 845
220727 220892 2169
224939 220725 394
220456 220436 2077
220456 220437 744
220456 220451 833
220465 220437 1522
220545 220527 3463
220545 220544 225
220546 220527 780
220546 220534 5111
220544 220528 3023
220544 220545 225
220567 220568 156
220550 220534 3813
220998 220543 860
220998 220997 367
219008 219007 4134
220078 219007 258
220097 220103 2646
220406 220103 2174
220408 220414 853
220415 220414 1092
220415 220416 2176
220416 220415 2176
220416 220427 335
220428 220427 1026
220457 220451 1522
220454 220453 604
220455 220453 1380
221625 220793 2343
221625 221624 654
221660 221618 780
221609 221416 228
221609 221608 3682
221613 221623 816
221624 221623 1500
221624 221625 654
218538 218539 365
218538 219748 552
219912 219748 1582
218482 218483 574
219907 217276 1774
219907 218483 861
219782 219769 969
219770 219766 796
224938 219766 519
219935 219765 724
219781 219776 778
219781 219780 805
221353 221352 282
221353 221403 634
221374 221352 1008
221417 221416 1005
221447 221416 2490
221447 221632 821
221439 221438 784
221632 221443 1830
221632 221447 821
224608 221443 450
218198 220950 1782
220918 220953 2037
220954 220953 632
221360 221342 1748
221360 221343 874
221248 221162 731
221253 221162 1724
221255 224316 435
221173 221172 679
221218 221172 2351
221218 221217 370
221222 221217 678
222565 221357 645
222565 222564 1087
221237 221236 1306
221240 221236 629
222564 222120 422
222564 222444 235
222564 222565 1087
216441 216440 1000
216441 216474 1228
216477 216478 2577
216477 216491 2673
216637 216460 996
216637 216463 403
216638 215862 3206
216638 216640 895
216648 216640 1335
216655 216641 1149
216673 216487 536
216673 224791 298
224792 224791 337
216488 216487 1732
216488 216490 826
224812 216443 260
224813 216443 414
224177 215434 858
224177 216444 414
224605 216444 1054
215434 215433 740
215434 215445 191
215434 224177 858
215445 215433 768
215445 215434 191
216456 216457 1353
216463 216457 905
216463 216637 403
216494 216492 934
216495 216492 596
216495 216493 786
216501 216493 1853
216501 216502 775
216489 216490 1337
216679 216490 1794
216679 216502 1136
216685 216502 2142
216478 216474 1519
216478 216477 2577
216478 216516 2392
216065 216047 2755
216516 216478 2392
216516 216512 863
216516 216514 4478
215735 215729 931
215736 215729 483
215720 215721 2958
215734 215721 873
217191 215767 906
217191 215769 620
217199 217194 274
224549 217194 103
215759 215768 704
215769 215768 956
215769 217191 620
215665 215818 1195
215819 215818 758
215819 215831 1246
215831 215819 1246
215831 215832 298
215829 215859 753
215862 215859 1678
215862 216638 3206
215862 216645 832
216645 215862 832
216645 215863 1155
216645 216646 1790
216646 215863 2134
216646 216645 1790
216646 216654 859
216654 215868 2225
216654 216646 859
216654 216708 260
217200 217218 1028
217205 217206 727
217215 217206 1107
217221 217206 840
216708 215945 1722
216708 216654 260
216709 215945 1770
216709 215946 902
215963 215946 1363
215963 215964 375
215963 215966 980
216727 217682 1420
215466 215465 509
217160 215465 934
217258 215465 1791
217270 217355 998
224291 217355 972
217331 217334 433
217335 217334 1296
217347 217345 606
217347 217346 1048
217323 217319 401
217352 217354 1805
217404 217354 1855
217721 217410 2390
217755 217410 476
217759 217410 1485
217360 217362 719
217363 217362 715
217364 217362 434
217379 217380 963
217383 217380 1322
217383 217384 1074
224489 217385 1217
217423 217422 805
217504 217422 629
217394 217392 437
217394 220519 508
217384 217383 1074
217384 217391 1721
217392 217391 873
217392 217394 437
217419 217418 2458
217430 217418 751
217866 217604 2193
217917 217604 318
217917 217667 821
217562 217565 1468
217564 217565 633
217596 217568 440
217596 217977 1010
217568 217593 1576
217568 217596 440
217860 217594 391
217582 217571 1043
217582 217580 456
217577 217580 273
217655 217583 838
217656 216479 405
217656 217657 1068
217666 217599 431
217666 217667 396
217665 217653 460
217667 217653 822
217667 217666 396
217667 217917 821
224204 217668 5525
224204 224224 2227
216479 216480 249
216479 217656 405
215682 215712 683
215717 215712 1935
215717 215718 1815
215718 215717 1815
215718 223711 5180
215718 223742 1532
223701 223705 930
223701 223706 2025
223701 223709 1190
223709 223701 1190
223709 223710 674
223711 215718 5180
223711 223710 1344
223649 223648 735
223661 223648 404
223661 223663 1335
223705 223664 859
223705 223701 930
216211 216207 337
216209 216153 1228
216209 216208 221
216154 216149 1761
216154 216153 548
216148 216147 854
216156 216149 939
222453 222449 1913
222453 222452 2004
216100 222457 1514
216100 222458 698
216176 222457 892
222459 222457 1239
216173 216163 2004
216173 216164 410
216180 216164 1530
216180 216171 715
216196 216171 2404
216131 216129 1785
216131 216170 877
216187 216170 1603
216187 216189 794
216192 216189 840
216192 216193 897
216200 216193 730
216049 216048 1198
216049 216053 756
216050 216048 753
216054 216053 1980
216054 216206 763
217276 217275 2004
217276 219900 720
217276 219907 1774
219925 217275 721
219925 219930 1393
219930 219925 1393
219930 219926 537
219932 219926 1021
219978 219926 457
224784 224779 116
224784 224785 64
224785 224784 64
224785 224786 281
219812 219811 559
219820 219811 310
219820 219821 91
219983 219893 663
222477 218536 988
222482 222478 853
223645 223632 602
223642 223636 124
223637 223569 1393
223639 223569 944
223639 223575 549
223639 223603 774
223575 223574 591
223575 223639 549
223603 223602 2478
223603 223639 774
223604 223592 1561
223604 223602 424
223599 223598 989
223599 223600 894
223599 223612 532
223601 223592 1200
223601 223600 2348
223601 223616 683
223608 223592 990
223616 223601 683
223616 223612 2549
223616 223617 1018
223586 223585 719
223587 223585 1949
223587 223743 697
223747 223743 3386
223621 223617 627
223754 223759 523
223760 223759 463
147033 139840 2060
217677 224224 955
217677 224225 464
224209 223012 2899
224209 224224 1836
223012 224209 2899
223012 224226 2245
224227 224226 665
147838 151681 952
151682 151681 2171
147850 147857 903
147858 147857 2552
147858 147861 888
147858 148091 1853
148091 147858 1853
148091 148093 906
148091 148094 1111
148097 148094 1008
198632 198633 530
198632 198635 752
198635 198632 752
198635 198638 106
198639 198638 819
198696 198664 375
214648 198664 1332
198689 198691 1092
198693 198691 464
171446 171445 1914
171447 171445 518
171622 171624 553
171698 171624 1561
171612 171611 2035
171612 171614 1082
171613 171610 977
171513 171512 924
162349 162350 1030
159250 159249 445
159348 159343 556
159348 159349 3460
159516 159349 344
159509 159508 344
159520 159508 553
159530 159528 300
159712 159528 1902
159715 172124 1395
159513 159512 848
159513 159523 2157
159525 159526 747
159532 159526 553
170972 170971 558
170973 170971 674
170973 171667 874
171659 171661 1140
171659 171666 954
171662 171661 2834
171666 171659 954
171666 171667 374
97746 97745 879
102452 97745 833
95294 95292 2382
95295 95292 957
95697 95696 1375
95700 95696 1612
95703 95702 5651
96026 96033 675
102635 102634 168
95709 95710 3166
95481 95482 2458
95676 95677 840
95680 95682 1222
95691 95682 259
95691 95690 1771
95691 101927 978
101922 101925 1009
101926 101925 918
101927 95691 978
101927 101925 992
95690 95691 1771
95690 95752 6346
95763 95762 2006
95764 95762 975
95769 95770 233
95773 95770 826
95773 95772 536
95776 95772 3223
95790 95787 806
96447 95803 475
97935 95803 1022
97935 95804 1222
97935 97934 1160
97934 95804 629
97934 97935 1160
95789 95788 1808
97932 95802 1877
97944 95802 499
99042 97995 2004
99042 99041 904
99042 99045 677
99042 99047 1398
99044 99041 1560
99044 99043 599
99044 99047 807
98989 99004 557
98990 99004 751
99009 99004 1560
99009 99010 877
99014 99010 1458
99014 99043 827
99049 99043 1022
100069 100070 536
100069 102968 1341
100071 100070 983
100084 100077 893
100085 100077 1142
42251 42247 697
42252 42247 697
42263 42247 1484
99353 99352 3250
102970 102969 192
102975 102969 319
103234 103233 855
102973 102974 109
102978 102974 294
102978 102979 368
99045 97996 1560
99045 99042 677
99045 99046 580
99047 99042 1398
99047 99044 807
99047 99046 1161
892
68536
68135
68136
68122
68143
68138
68312
68486
68490
68571
68653
68654
68655
68643
68494
68504
68508
68658
68676
68675
68696
68686
68702
68908
68915
68917
68984
68986
68979
68981
69355
72629
72899
73067
73068
76645
67217
69366
69002
71388
71406
71473
71483
71563
71573
71649
71650
71653
71508
71487
71488
71610
71790
71617
71620
71659
71699
71713
71689
68401
68878
68429
71722
71875
71945
71968
71948
71951
71953
71889
71892
71901
71970
72107
72108
72095
72214
72215
72157
72145
72111
72112
68886
68957
68958
76683
69038
72162
72395
72396
72418
72461
72466
72540
72546
72547
72573
72604
72612
220622
220648
220667
220728
220831
220832
224273
220358
220384
220345
220682
220702
221008
220541
220895
220905
220888
220902
220742
220762
220763
220695
220739
224278
220673
220712
220725
220436
220437
220527
220528
220568
220534
220543
220537
219007
220103
220414
220427
220451
220453
220793
221618
221608
221623
219748
218483
218539
219769
219766
219765
219776
219780
221352
221416
221438
221443
220906
220950
220953
221342
221343
221403
221162
224316
221172
221217
221357
221236
222120
222444
216440
216491
216460
216640
216641
224791
216487
216443
216444
215433
216457
216492
216493
216490
216502
216474
216047
216514
216512
215729
215721
215767
217194
215768
215818
215832
215859
215863
215868
217218
217206
215945
215946
215964
215966
217682
215465
217355
217334
217346
217345
217319
217354
217410
217362
217380
217385
217422
220519
217391
217418
217604
217565
217977
217593
217594
217571
217580
217583
217657
217599
217653
217668
216480
215712
223742
223706
223710
223648
223663
223664
216207
216208
216153
216147
216149
222452
222457
222458
216163
216164
216171
216170
216189
216193
216129
222449
216048
216053
216206
217275
219900
219926
224779
224786
219811
219821
219893
218536
222478
223632
223636
223569
223574
223602
223598
223592
223600
223612
223585
223743
223617
223759
139840
224224
224225
224226
151681
147857
147861
148093
148094
198633
198638
198664
198691
171445
171624
171611
171610
171614
171512
162350
159249
159343
159349
159508
159528
172124
159512
159523
159526
170971
171661
171667
97745
95292
95696
95702
96033
102634
95710
95482
95677
95682
101925
95752
95762
95770
95772
95787
95803
95804
95788
95802
97995
99041
99004
99010
99043
100070
100077
42247
99352
102968
102969
103233
102974
102979
97996
99046
99090
99097
99145
99151
99342
99140
102779
42396
42406
42468
42612
42610
42634
42543
42668
42638
42639
46242
47644
50596
36722
42278
36665
42329
42551
43108
43138
42571
42574
43140
43142
43129
43131
43161
43174
43148
43195
43203
43205
43273
43274
43282
43283
43286
42960
43301
43303
43312
41975
43321
43337
43329
43399
43400
43411
43386
43387
41690
43372
43090
43360
45191
44987
45208
45211
45235
45048
45050
45238
45046
45045
45167
45058
45170
125566
125563
125596
125475
125529
124395
125626
125613
125619
125622
125786
125787
45074
125108
125113
125114
123134
123139
123140
125088
125092
123146
122414
125115
123127
123126
123135
123137
123699
123692
123618
123116
123287
125552
125554
45137
45136
45085
45121
45117
45107
45147
45163
125556
125881
125813
126234
125886
125878
125755
125846
125855
132353
125880
125745
128410
128400
128402
128403
128416
128420
128535
128545
128584
128585
128563
128617
128629
128630
128773
128776
128790
128851
128856
128693
128740
121653
128727
128845
120569
120572
120573
120470
120471
120776
67691
67707
67710
67730
68491
67714
67731
67715
67721
68477
68523
69717
68132
68108
68131
68134
68115
68123
68124
68125
68288
68314
68482
68485
68583
68659
68584
68657
68661
68497
68610
68674
68677
68678
68680
68681
68687
68893
68910
68914
68964
68983
68976
68987
69345
69357
72628
72630
72894
73078
73072
73073
73070
69001
77800
71385
71390
71404
71417
71467
71481
71562
71567
71570
71651
71652
71654
71658
71507
71489
71492
71597
71609
71800
71797
71621
71655
71695
71700
68398
68405
68424
71715
71725
71876
71946
71959
71969
71903
71957
71955
71890
77894
71896
71900
71898
71902
72091
72092
72213
72216
72217
72219
72159
72113
72114
72146
68887
68956
68959
69016
69018
69024
69037
72171
72397
72398
72415
72421
72462
72472
72482
72484
72488
72493
72545
72552
72572
72579
72605
72614
220669
220609
220356
220380
220346
220700
220706
221010
220997
220893
220908
220889
220901
220744
220758
220764
220697
220671
220456
220465
220546
220544
220567
220550
220998
219008
220078
220097
220406
220408
220415
220416
220428
220457
220455
221625
221660
221609
221613
221624
219912
219907
219782
219770
219935
219781
221374
221447
221439
221632
224608
218198
220918
220954
221360
221248
221253
221255
221173
221218
221222
222565
221237
221240
216441
216477
216637
216638
216648
216655
216673
216488
224177
224605
215434
215445
216456
216463
216494
216495
216501
216679
216685
216065
215735
215736
215720
215734
217191
217199
215759
215769
215665
215819
215831
215829
215862
216645
216654
217200
217205
217215
217221
216708
216709
216727
215466
217160
217258
217270
224291
217331
217335
217347
217323
217352
217721
217755
217759
217360
217363
217379
217383
217504
217394
217384
217392
217430
217866
217917
217562
217564
217596
217568
217860
217582
217577
217655
217656
217665
224204
215682
215717
215718
223701
223709
223711
223661
223705
216211
216209
216154
216148
216156
216100
216176
222459
216173
216180
216196
216131
216187
216192
216200
216049
216050
216054
217276
219925
219930
219932
219820
222477
222482
223645
223642
223637
223639
223603
223604
223599
223601
223608
223616
223586
223587
223747
223621
223754
147033
217677
224209
223012
147838
151682
147850
147858
148091
148097
198632
198639
198696
198689
198693
171447
171622
171698
171612
162349
159348
159530
159712
159715
159513
159525
159532
170973
171659
171666
95295
95697
95700
95703
96026
95709
95481
95680
101922
101927
95690
95763
95769
95773
95776
95790
96447
97935
97934
98989
98990
99009
99014
99049
100071
42251
42252
42263
99353
102970
102973
102978
