1022
168076 168074 1423
168076 168077 1364
168085 168089 818
168085 168130 1118
168087 168089 850
168082 168078 1624
168082 168088 1081
168056 168057 948
168056 170429 202
170426 170425 238
170426 170427 139
168057 168056 948
168057 170419 811
170026 170416 260
170029 170014 739
170029 170035 477
170418 170035 789
170418 170417 1308
169925 169926 1882
169925 169927 474
170007 170006 1395
170007 170036 890
170005 170004 558
170005 170006 1010
170004 170003 279
170004 170005 558
170013 170014 1818
170001 170003 558
169753 169754 2092
169770 169852 1884
169826 169754 2841
169826 169824 1581
169826 169859 2143
169847 169830 527
169853 169838 631
169853 169854 893
169421 169422 789
169423 169422 813
169423 172834 334
169498 169499 404
169501 169754 1276
169070 169074 1087
169304 169090 983
169072 169073 678
169111 169055 907
169112 169113 874
169112 169141 837
169112 169211 673
169210 169211 1687
169210 169222 202
169235 169234 924
169235 169331 791
169075 169047 934
169075 169076 1467
169092 169077 767
169341 169337 1616
169341 169342 713
169426 169333 337
169426 169359 1300
169359 169358 941
169359 169426 1300
169364 172834 200
169344 169343 688
169344 169347 1344
118550 118551 664
118548 118552 847
118548 119357 442
118922 118923 409
118791 118794 342
118791 118797 139
94774 102909 76
94777 94778 971
94777 103258 773
94797 94798 1097
94797 94805 672
94804 94967 3575
94807 94805 2503
94807 94808 2118
102085 102087 969
97504 97505 115
97504 102057 916
97515 97514 1007
94579 94580 940
94579 103156 852
108245 108246 689
108245 108247 891
108248 108249 931
108320 108275 1181
108320 108334 1576
108385 108384 462
108385 108386 2652
108385 108778 1309
108781 108778 865
108781 108779 1865
108342 108337 2988
108342 108341 463
108342 108384 438
108366 108334 168
108784 108785 1782
108784 108786 1372
94160 102500 791
94028 94032 1154
94028 94035 1990
94023 94024 2219
94023 94029 1197
94023 102449 636
93680 93679 1611
93680 93681 406
93680 93682 1096
93927 93681 1932
93682 93680 1096
93682 93684 679
102390 93685 3306
102396 102397 412
102396 102398 520
93981 93980 3637
94049 93977 625
94049 103188 3199
101876 101875 1727
101876 102327 455
94063 94064 1884
94063 94168 403
94168 94063 403
94168 102416 795
94169 94171 246
97386 97387 2490
97389 102344 5747
97389 103166 302
97527 97385 261
102109 102110 397
102109 102903 378
102101 102099 236
102101 102102 1572
102747 103261 150
102747 103262 111
98462 98463 595
98473 98474 1264
98473 98477 1344
93326 93324 1558
93326 93325 1504
93332 93333 672
93332 93334 1078
93319 101850 1360
93319 101980 1489
93619 93312 2592
93619 93618 1188
93636 93634 1141
93628 93627 523
93628 93638 5289
98540 98534 1128
98540 98541 1055
98478 98475 2578
98478 98503 1279
191092 191091 3084
191092 191301 1765
191121 194246 2232
191295 191447 1108
191334 191335 3962
194244 193905 389
191151 191147 330
191151 194427 1755
191256 191265 2048
191256 191395 3230
118723 118721 1064
118723 118724 803
118819 118820 2997
118819 118871 1278
109002 109001 869
109057 109059 434
109057 110315 667
109057 110325 1008
110326 110324 1279
110479 110507 434
110479 110508 473
109076 109116 139
110320 110321 2472
110320 110327 1397
36104 36105 983
36104 36106 354
36113 36107 1026
103788 103789 2247
103788 103791 2249
36645 36652 1226
36100 36099 950
36100 50356 1014
36165 36164 2125
36165 36289 4603
36314 36289 255
105780 103771 3052
105780 113599 1913
105784 105782 1480
105784 105785 807
105782 105783 1501
105782 105784 1480
110580 110577 1566
110580 110581 826
113935 110577 936
113935 113936 600
110539 110540 1426
110539 110590 1161
110516 110517 737
36653 36654 1205
36653 36655 511
36639 36371 1906
36639 36638 757
36720 36371 1417
36727 36747 1102
36728 36747 2243
36728 36748 848
36749 36747 789
36749 36748 2376
36758 36757 475
36904 36905 3848
36900 36901 1831
36477 36459 2397
36477 36478 3166
37312 37304 475
37312 37310 751
37316 37350 1322
37316 37351 1501
37354 37351 1115
37359 37351 1963
37359 37383 2401
37521 37383 848
37523 37383 1772
37523 37388 884
37529 37398 1781
37529 37530 924
37529 37532 709
37537 37532 1719
37537 37533 709
37537 37605 610
36427 36416 1073
36499 36374 3107
36447 36441 1501
36447 36445 1458
36449 36441 1632
36500 36374 2138
36463 36464 1111
37639 37640 682
37641 37642 932
37611 37612 337
37611 37647 1334
37648 37647 682
37623 37624 1346
37623 37626 3592
37623 37628 592
37673 37627 932
37681 37632 1016
37681 37684 1248
37952 37949 2127
37952 37985 1426
37942 37941 807
37942 37956 873
37945 37946 1455
37945 37950 1458
37945 37951 2164
37945 37954 897
37951 37945 2164
37951 37950 1535
37974 37960 924
37974 37976 2645
37976 37974 2645
37976 38003 612
37976 38004 1375
38004 37976 1375
38004 38002 889
38008 38005 807
38068 38061 751
38068 38123 1104
38068 41470 2645
38121 38122 1009
38121 38123 4071
38122 38121 1009
38122 38125 3968
38126 38127 1933
41485 38127 751
41485 41484 2645
41487 41484 630
41487 41490 2139
41492 41490 828
41492 46825 1966
37831 37822 2519
37831 37832 336
37831 37891 344
38025 37832 1614
38038 38037 279
38031 38023 336
38034 38027 1476
38034 38030 1725
38044 38046 2752
38039 38037 1210
38064 38058 2139
38064 38063 355
38061 38054 709
38061 38068 751
38061 41469 2645
38079 38070 403
46847 46825 871
46847 46829 818
46829 46827 984
46829 46837 1594
46829 46847 818
46852 46837 253
46852 46853 3483
46854 46853 709
46854 46893 2903
46951 46952 238
48499 48586 358
44185 44186 445
46950 46949 322
46950 46961 610
46950 46973 1396
46943 46938 355
46943 46944 139
47005 47006 747
47011 47006 2306
47011 47012 610
47014 46948 630
47284 47248 1283
47241 47239 790
47241 47240 2322
47241 47244 3698
47249 47248 2104
47240 47124 807
47240 47241 2322
47128 46708 697
47128 47129 747
47128 47133 1394
47134 47133 873
47134 47135 697
47131 47129 558
47131 47137 650
47139 47097 873
47139 47140 673
47145 47123 752
47145 47124 2695
47168 47158 697
47168 47160 976
47169 47080 2227
47098 47094 890
47098 47097 1483
47140 47139 673
47140 47141 474
119638 119637 1427
119638 127947 1615
128072 128080 672
128072 130067 1783
130043 130040 250
130049 130047 667
130049 130051 715
130058 130062 552
127934 127933 695
127912 127911 766
127912 127926 598
120223 120224 686
120223 120227 530
127915 127871 1773
127915 127913 905
127882 127881 355
127882 127883 202
127883 127882 202
127883 127884 1820
127883 127885 871
126954 126931 790
126956 126961 751
126956 126963 1116
126958 126959 948
126976 126968 933
126976 126977 1592
126977 126969 1011
126977 126976 1592
127919 127903 1017
127919 127921 639
132390 132391 560
132390 132394 1971
46515 46509 677
46515 46517 677
46515 46519 1798
46523 46552 752
46523 47072 1225
47074 47075 247
46547 46538 1023
46547 46542 77
46547 46542 77
130101 130056 506
130101 130081 3249
47159 46555 810
47159 47157 2644
47160 47157 807
47160 47168 976
46553 46555 873
46553 46556 238
128094 128050 279
128100 128098 837
128054 128053 418
128054 128055 418
128055 128040 552
128055 128054 418
128130 128129 811
128130 128131 2477
128171 128172 650
128171 132570 1270
128175 128035 337
128175 128037 630
128138 128139 581
128138 128157 976
128140 128136 558
128140 128137 338
128143 128179 606
128027 128023 238
128027 128024 683
128087 128026 751
128087 128090 948
130071 128089 1699
130071 130072 697
128090 128087 948
128090 128089 890
130072 128091 1683
130072 130071 697
130072 130083 751
130078 130081 1632
130081 130078 1632
130081 130101 3249
131933 131939 808
131939 131933 808
128341 128355 2578
128355 128341 2578
128360 128361 2063
128361 128360 2063
121596 121608 891
121608 121596 891
121616 121622 711
121622 121616 711
218376 218375 829
218375 218376 829
222673 222671 693
222671 222673 693
150990 150993 2447
150993 150990 2447
151046 151058 2428
148478 148451 794
148494 148498 385
148498 148494 385
148500 148501 824
148501 148500 824
148637 148635 788
148635 148637 788
149456 149454 915
149454 149456 915
144177 148731 461
148731 144177 461
148771 148767 804
148703 148786 788
148786 148703 788
148788 148787 857
148767 148771 804
148787 148788 857
148748 148705 884
148748 148749 737
148749 148748 737
148705 148748 884
146284 146285 769
146285 146284 769
146285 146323 547
146323 146285 547
151058 151046 2428
147589 147627 2294
147627 147589 2294
148214 148225 2458
148286 148287 830
148225 148214 2458
148275 148277 864
148277 148275 864
148287 148286 830
148451 148478 794
146561 146563 998
146563 146561 998
149863 149860 949
146580 146582 751
149860 149858 777
149860 149863 949
146582 146580 751
146582 146583 785
146583 146582 785
149856 149859 859
149859 149856 859
149858 149860 777
198863 198861 272
198861 198863 272
168607 168606 1422
168606 168607 1422
168305 168626 558
168626 168305 558
168472 168480 906
168480 168472 906
153903 153902 475
153902 153903 475
154373 154375 1773
154375 154373 1773
157466 157452 1773
157551 157550 3575
157452 157466 1773
157274 157273 1201
153980 154762 1234
154753 154420 1592
153978 154765 1344
154420 154753 1592
154765 153978 1344
154762 153980 1234
155188 155186 934
155186 155188 934
157273 157274 1201
155312 155311 1269
155311 155312 1269
155411 155420 1918
155420 155411 1918
178389 178402 713
178402 178389 713
157549 157550 782
158099 158098 418
157550 157549 782
157550 157551 3575
158098 158099 418
158248 158254 1422
158254 158248 1422
158496 158511 697
158511 158496 697
158511 158521 885
158521 158511 885
158502 158501 1225
158657 158662 1032
158662 158657 1032
158501 158502 1225
161130 161156 1891
161156 161130 1891
168043 168034 767
168034 168043 767
161565 161563 606
161563 161565 606
161839 161842 2586
161842 161839 2586
161864 161923 1102
161923 161864 1102
161928 161926 757
161926 161928 757
169159 169161 403
169161 169159 403
168074 168076 1423
168077 168076 1364
168089 168085 818
168089 168087 850
168089 168088 1085
168130 168085 1118
168078 168082 1624
168088 168082 1081
168088 168089 1085
170429 168056 202
170425 170426 238
170427 170426 139
170419 168057 811
170416 170026 260
170416 170417 77
170014 170013 1818
170014 170029 739
170035 170029 477
170035 170418 789
170417 170416 77
170417 170418 1308
169926 169925 1882
169927 169925 474
169927 170036 1010
170006 170005 1010
170006 170007 1395
170036 169927 1010
170036 170007 890
170003 170001 558
170003 170004 279
169754 169501 1276
169754 169753 2092
169754 169826 2841
169852 169770 1884
169824 169826 1581
169859 169826 2143
169830 169847 527
169838 169853 631
169854 169853 893
169422 169421 789
169422 169423 813
172834 169364 200
172834 169423 334
169499 169498 404
169074 169070 1087
169074 169073 2171
169074 169090 1503
169090 169073 3116
169090 169074 1503
169090 169304 983
169073 169072 678
169073 169074 2171
169073 169090 3116
169055 169111 907
169113 169112 874
169113 169141 202
169141 169112 837
169141 169113 202
169211 169112 673
169211 169210 1687
169222 169210 202
169222 169234 2211
169234 169222 2211
169234 169235 924
169331 169235 791
169047 169075 934
169076 169075 1467
169076 169077 782
169077 169076 782
169077 169092 767
169337 169333 782
169337 169341 1616
169342 169341 713
169342 169343 713
169333 169337 782
169333 169426 337
169358 169359 941
169343 169342 713
169343 169344 688
169347 169344 1344
118551 118550 664
118551 118552 525
118552 118548 847
118552 118551 525
119357 118548 442
118923 118922 409
118794 118791 342
118797 118791 139
102909 94774 76
94778 94777 971
103258 94777 773
94798 94797 1097
94805 94797 672
94805 94807 2503
94967 94804 3575
94808 94807 2118
102087 102085 969
97505 97504 115
102057 97504 916
97514 97515 1007
94580 94579 940
103156 94579 852
108246 108245 689
108247 108245 891
108249 108248 931
108275 108320 1181
108334 108320 1576
108334 108366 168
108384 108342 438
108384 108385 462
108386 108385 2652
108778 108385 1309
108778 108779 1382
108778 108781 865
108779 108778 1382
108779 108781 1865
108337 108342 2988
108341 108342 463
108785 108784 1782
108786 108784 1372
102500 94160 791
94032 94028 1154
94035 94028 1990
94035 94029 930
94024 94023 2219
94029 94023 1197
94029 94035 930
102449 94023 636
93679 93680 1611
93681 93680 406
93681 93927 1932
93684 93682 679
93684 93685 454
93685 93684 454
93685 102390 3306
102397 102396 412
102398 102396 520
93980 93981 3637
93977 94049 625
103188 94049 3199
101875 101876 1727
102327 101876 455
94064 94063 1884
102416 94168 795
94171 94169 246
97387 97386 2490
102344 97389 5747
103166 97389 302
97385 97527 261
102110 102109 397
102903 102109 378
102099 102101 236
102102 102101 1572
103261 102747 150
103262 102747 111
98463 98462 595
98463 98503 3141
98474 98473 1264
98474 98475 830
98477 98473 1344
93324 93326 1558
93325 93326 1504
93333 93332 672
93334 93332 1078
101850 93319 1360
101980 93319 1489
93312 93619 2592
93618 93619 1188
93634 93636 1141
93627 93628 523
93638 93628 5289
98534 98540 1128
98541 98540 1055
98475 98474 830
98475 98478 2578
98503 98463 3141
98503 98478 1279
191091 191092 3084
191301 191092 1765
194246 191121 2232
191447 191295 1108
191335 191334 3962
193905 194244 389
191147 191151 330
194427 191151 1755
191265 191256 2048
191395 191256 3230
118721 118723 1064
118724 118723 803
118820 118819 2997
118871 118819 1278
109001 109002 869
109059 109057 434
110315 109057 667
110325 109057 1008
110325 110324 6315
110324 110325 6315
110324 110326 1279
110507 110479 434
110508 110479 473
109116 109076 139
110321 110320 2472
110327 110320 1397
36105 36104 983
36106 36104 354
36106 36107 2204
36107 36106 2204
36107 36113 1026
103789 103788 2247
103791 103788 2249
36652 36645 1226
36099 36100 950
50356 36100 1014
36164 36165 2125
36289 36165 4603
36289 36314 255
103771 105780 3052
113599 105780 1913
105785 105784 807
105783 105782 1501
110577 110580 1566
110577 113935 936
110581 110580 826
113936 113935 600
110540 110539 1426
110590 110539 1161
110517 110516 737
36654 36653 1205
36655 36653 511
36371 36639 1906
36371 36720 1417
36638 36639 757
36747 36727 1102
36747 36728 2243
36747 36749 789
36748 36728 848
36748 36749 2376
36748 36757 551
36757 36748 551
36757 36758 475
36905 36904 3848
36901 36900 1831
36459 36477 2397
36478 36477 3166
37304 37312 475
37310 37312 751
37350 37316 1322
37351 37316 1501
37351 37354 1115
37351 37359 1963
37383 37359 2401
37383 37521 848
37383 37523 1772
37388 37523 884
37398 37529 1781
37530 37529 924
37530 37533 796
37532 37529 709
37532 37537 1719
37533 37530 796
37533 37537 709
37605 37537 610
36416 36427 1073
36374 36499 3107
36374 36500 2138
36441 36447 1501
36441 36449 1632
36445 36447 1458
36464 36463 1111
37640 37639 682
37642 37641 932
37612 37611 337
37647 37611 1334
37647 37648 682
37624 37623 1346
37626 37623 3592
37628 37623 592
37628 37627 174
37627 37628 174
37627 37632 3683
37627 37673 932
37632 37627 3683
37632 37681 1016
37684 37681 1248
37949 37950 836
37949 37952 2127
37985 37952 1426
37941 37942 807
37956 37942 873
37956 37960 3027
37946 37945 1455
37950 37945 1458
37950 37949 836
37950 37951 1535
37954 37945 897
37960 37956 3027
37960 37974 924
38003 37976 612
38002 38004 889
38002 38005 782
38005 38002 782
38005 38008 807
38123 38068 1104
38123 38121 4071
38123 38125 952
41470 38068 2645
41470 41469 751
38125 38122 3968
38125 38123 952
38125 38127 1104
38127 38125 1104
38127 38126 1933
38127 41485 751
41484 41485 2645
41484 41487 630
41490 41487 2139
41490 41492 828
46825 41492 1966
46825 46827 747
46825 46847 871
37822 37831 2519
37832 37831 336
37832 38025 1614
37891 37831 344
37891 38023 1259
38037 38038 279
38037 38039 1210
38023 37891 1259
38023 38031 336
38027 38034 1476
38030 38034 1725
38046 38044 2752
38058 38064 2139
38063 38064 355
38054 38061 709
41469 38061 2645
41469 41470 751
38070 38079 403
46827 46825 747
46827 46829 984
46837 46829 1594
46837 46852 253
46853 46852 3483
46853 46854 709
46893 46854 2903
46952 46951 238
48586 46973 231
48586 48499 358
44186 44185 445
46949 46950 322
46961 46950 610
46973 46950 1396
46973 48586 231
46938 46943 355
46938 46948 2131
46944 46943 139
47006 47005 747
47006 47011 2306
47012 47011 610
46948 46938 2131
46948 47014 630
47248 47244 1228
47248 47249 2104
47248 47284 1283
47239 47124 2088
47239 47241 790
47244 47241 3698
47244 47248 1228
47124 47145 2695
47124 47239 2088
47124 47240 807
46708 47128 697
47129 47128 747
47129 47131 558
47133 47128 1394
47133 47134 873
47135 47134 697
47137 47131 650
47097 47098 1483
47097 47139 873
47123 47145 752
47158 47157 1225
47158 47168 697
47080 47169 2227
47094 47098 890
47141 47140 474
119637 119638 1427
127947 119638 1615
128080 128072 672
130067 128072 1783
130040 130043 250
130040 130047 1783
130047 130040 1783
130047 130049 667
130051 130049 715
130051 130062 922
130062 130051 922
130062 130058 552
127933 127934 695
127911 127912 766
127911 127913 333
127926 127912 598
120224 120223 686
120227 120223 530
127871 127915 1773
127913 127911 333
127913 127915 905
127881 127882 355
127884 127883 1820
127885 127883 871
126931 126954 790
126961 126956 751
126963 126956 1116
126959 126958 948
126968 126969 1467
126968 126976 933
126969 126968 1467
126969 126977 1011
127903 127919 1017
127921 127919 639
132391 132390 560
132391 132394 1573
132394 132390 1971
132394 132391 1573
46509 46515 677
46517 46515 677
46519 46515 1798
46552 46523 752
46552 46556 2243
47072 46523 1225
47075 47074 247
46538 46547 1023
46542 46547 77
46542 46547 77
130056 130101 506
46555 46553 873
46555 47159 810
47157 47158 1225
47157 47159 2644
47157 47160 807
46556 46552 2243
46556 46553 238
128050 128094 279
128098 128100 837
128053 128054 418
128040 128037 934
128040 128055 552
128129 128130 811
128131 128130 2477
128172 128136 2578
128172 128171 650
132570 128171 1270
128035 128175 337
128037 128040 934
128037 128175 630
128139 128137 697
128139 128138 581
128157 128138 976
128136 128140 558
128136 128172 2578
128137 128139 697
128137 128140 338
128179 128143 606
128023 128026 807
128023 128027 238
128024 128027 683
128026 128023 807
128026 128087 751
128089 128090 890
128089 128091 558
128089 130071 1699
128091 128089 558
128091 130072 1683
130083 130072 751
921
168076
168085
168087
168082
168056
170426
168057
170026
170029
170418
169925
170007
170005
170004
170013
170001
169753
169770
169826
169847
169853
169421
169423
169498
169501
169070
169304
169072
169111
169112
169210
169235
169075
169092
169341
169426
169359
169364
169344
118550
118548
118922
118791
94774
94777
94797
94804
94807
102085
97504
97515
94579
108245
108248
108320
108385
108781
108342
108366
108784
94160
94028
94023
93680
93927
93682
102390
102396
93981
94049
101876
94063
94168
94169
97386
97389
97527
102109
102101
102747
98462
98473
93326
93332
93319
93619
93636
93628
98540
98478
191092
191121
191295
191334
194244
191151
191256
118723
118819
109002
109057
110326
110479
109076
110320
36104
36113
103788
36645
36100
36165
36314
105780
105784
105782
110580
113935
110539
110516
36653
36639
36720
36727
36728
36749
36758
36904
36900
36477
37312
37316
37354
37359
37521
37523
37529
37537
36427
36499
36447
36449
36500
36463
37639
37641
37611
37648
37623
37673
37681
37952
37942
37945
37951
37974
37976
38004
38008
38068
38121
38122
38126
41485
41487
41492
37831
38025
38038
38031
38034
38044
38039
38064
38061
38079
46847
46829
46852
46854
46951
48499
44185
46950
46943
47005
47011
47014
47284
47241
47249
47240
47128
47134
47131
47139
47145
47168
47169
47098
47140
119638
128072
130043
130049
130058
127934
127912
120223
127915
127882
127883
126954
126956
126958
126976
126977
127919
132390
46515
46523
47074
46547
130101
47159
47160
46553
128094
128100
128054
128055
128130
128171
128175
128138
128140
128143
128027
128087
130071
128090
130072
130078
130081
130139
130149
128312
130159
130160
130174
130185
130152
130161
128326
128327
128221
128222
128324
128224
131908
131910
131912
131920
131923
131933
131939
128286
128337
128341
128276
128354
128355
128359
128360
128361
130291
130296
130335
131906
121592
121596
121600
121608
130483
121616
121622
121626
121628
121630
121449
70248
130449
130452
130456
130450
129902
130418
130423
127538
218023
219151
219280
218084
218313
217186
224036
218372
218376
218493
218514
218375
224041
218331
222725
218350
222648
222684
222689
222697
222673
222674
222668
222671
222829
222844
222826
222846
222847
222850
222852
222886
150989
150990
150993
151044
151046
151009
148478
148479
148484
148494
148498
148500
148501
148598
148632
148637
148635
148648
148645
148647
149452
149456
149454
149405
149408
149418
149423
149426
146275
146269
148721
148723
144175
144177
148731
148775
148778
148770
148771
148703
148786
148788
148767
148787
148748
148749
148718
148738
148705
148820
146272
146280
146284
146283
146285
146306
146323
146299
146318
146308
151058
151075
151226
151238
151240
151294
151261
142958
142972
142970
142984
143088
143090
139769
147582
147589
147627
147630
148151
148155
148214
148286
148225
148275
148277
148288
148287
148451
148423
148435
148448
148453
212667
212679
146494
146509
146514
146536
146561
146563
146568
149863
146580
149860
146582
146583
149890
149896
149914
149916
150004
150008
148740
148746
148726
148757
149853
149856
148761
149859
148829
149858
148833
149935
149951
150318
151814
198827
198852
198863
198861
153700
153728
152107
162470
168610
168594
168601
168604
168607
168288
168308
168606
168620
168305
168626
168629
168486
168472
168831
168661
168677
168657
168660
168480
153720
154004
153916
153903
153902
154082
172774
154324
154373
153955
154375
157469
157466
157467
152020
157551
157267
157452
157261
157274
157486
154404
153980
154753
153978
154420
154947
154973
154964
154765
154762
155025
155027
155181
155188
155191
155186
155203
155258
155240
155263
155287
155271
157481
157628
157273
157646
172723
155312
155311
155245
155292
155302
155285
155284
155411
155420
155425
155355
157648
157666
157720
157652
155309
157631
157671
157677
157673
177900
177928
177912
177926
178325
178324
178329
185691
185542
178387
178389
178402
178424
177845
177856
173438
176674
176676
157549
158099
157550
158098
158176
158181
158130
158278
158292
158295
158588
158248
158254
158284
158496
158511
158852
158860
158671
158676
158844
158870
158877
158913
158925
158947
159079
161080
158312
158521
158308
158502
158657
158853
158662
158490
158501
161082
161091
161108
161130
161115
161119
161155
161156
161072
161071
160117
160119
161192
161170
161196
161195
161198
161218
161209
168043
168101
168110
168034
172527
168127
167824
161555
161565
161453
161563
161451
161839
161842
161864
161923
161928
162083
162089
161926
161958
161969
161973
162064
162133
162146
169166
169187
169157
169159
169161
161730
161757
161759
169119
169135
161610
161626
161605
161613
168095
168094
168074
168089
168130
168078
168088
170429
170419
170416
170035
170417
169927
170006
170036
170003
169754
169824
169859
169830
169838
169854
169422
172834
169055
169113
169141
169211
169222
169234
169331
169047
169076
169077
169337
169342
169333
169358
169343
169347
118551
118552
119357
118923
118797
94805
94967
102087
97505
102057
97514
94580
103156
108275
108334
108386
108779
108337
108341
94032
94035
94029
93679
93681
93684
93980
93977
102327
94064
102416
94171
97387
102344
97385
102110
102099
98474
98477
93324
93333
93334
93312
93618
93634
93627
93638
98534
98541
98475
98503
191091
191301
194246
191447
191335
193905
191147
191265
191395
118721
118724
118820
109001
109059
110315
110507
110508
109116
110321
110327
36105
36107
36099
50356
36164
36289
103771
110577
110540
110590
110517
36371
36638
36905
36901
36459
36478
37304
37310
37383
37388
37398
37530
37532
37533
37605
36416
36374
36441
36445
37647
37624
37626
37632
37684
37949
37941
37956
37946
37954
37960
38002
38005
41470
38125
38127
41484
41490
46825
37822
37832
37891
38037
38023
38027
38030
38046
38058
38063
38054
41469
38070
46827
46837
46853
46893
46952
44186
46961
46938
46944
47006
47012
46948
47248
47239
47244
47124
46708
47129
47133
47135
47137
47097
47123
47158
47080
47094
119637
127947
128080
130067
130040
130047
130062
127933
127911
127926
120224
127871
127913
127881
127884
127885
126931
126961
126963
126959
126968
126969
127903
127921
132391
132394
46509
46517
46519
46552
47072
47075
46538
46542
130056
46555
47157
46556
128050
128098
128053
128040
128129
128131
128172
128035
128037
128157
128136
128137
128179
128023
128024
128026
128089
128091
