1088
36261 36260 1028
36261 36263 893
36334 36262 238
36334 36339 1258
36338 50461 949
36338 50462 726
36329 50239 2146
36007 36006 2915
36007 50201 1695
36007 50208 848
36014 36010 904
36014 36017 847
36026 36027 3220
36033 36027 1213
35699 44189 982
35699 44191 1188
35700 35701 827
35700 45014 3066
35692 35688 1110
44189 35699 982
44189 44165 1417
44189 44190 901
35691 35688 1455
35691 35690 649
44616 44577 890
44616 44578 1610
41723 41728 4214
44533 44620 433
44622 44624 1201
44622 50532 130
35729 35714 2287
35729 35740 5597
35729 35756 3958
35753 35754 1732
35753 35755 4277
35760 35754 518
37403 35764 836
37403 37416 2729
37329 37330 924
37447 37406 791
37408 37406 452
37408 37407 333
37414 37413 976
37414 37415 3209
37416 37403 2729
37416 37417 713
37420 37421 1456
37441 37442 1555
37441 37479 558
36381 35673 336
36381 35676 1730
35676 35671 1702
35676 36381 1730
35635 35632 1887
35635 35633 950
35635 36222 950
36221 35633 3622
36221 36220 747
36221 36239 3067
36228 36227 751
36228 36231 1873
36239 36221 3067
36239 36267 1085
36269 36267 2252
36269 36281 649
36495 36496 610
35662 35661 1345
35662 35680 809
35670 35663 1612
35670 35669 1663
35681 35680 1073
35681 35682 1209
35682 35678 1120
35682 35681 1209
37445 37433 2113
37445 37443 1210
37482 37483 2648
37488 37718 354
37760 37726 529
37727 37709 1357
37727 37726 276
46737 46734 475
37725 37709 2378
37725 37712 605
35882 35875 476
35884 35881 677
35884 35883 884
35887 35888 1614
35887 37711 751
37731 37724 605
37731 37732 788
35898 35897 1412
35898 37736 673
37736 35898 673
37736 35900 476
35902 35896 2283
35902 35985 1115
35902 37835 2351
35903 35900 279
35903 35901 279
37835 35902 2351
37835 37836 1067
37844 37837 2365
37849 37837 1103
37849 37850 1695
37886 37852 1463
43891 44368 372
35533 35534 2973
35533 37909 699
37876 37873 1009
41418 37863 828
41418 37870 558
41418 41405 2280
41451 41449 152
41453 41450 464
46615 46586 1552
46615 46587 848
37872 37871 552
46617 46614 906
46617 46618 1575
46625 46618 933
46641 46626 818
46646 46648 709
46646 46688 952
46648 46646 709
46648 46687 818
46741 46740 2840
46752 46755 1035
46752 46756 610
46762 46756 279
46785 46768 511
46785 46775 344
46771 46769 2520
46771 46772 818
46771 46778 713
47042 47040 445
46730 46727 3527
46730 47039 849
46730 47040 2044
46731 46732 906
46731 46782 1104
46483 46481 252
46480 46473 1499
46480 46476 1124
47038 46475 766
47038 47039 2028
47038 47040 766
46782 46731 1104
46782 46779 2006
127209 127207 848
127209 127208 1620
127209 127223 837
127841 127842 1685
127207 127206 1837
127207 127209 848
127207 127211 738
127250 127249 630
127250 127263 1375
127230 127224 948
127219 127175 2443
127219 127217 1147
127220 127216 355
127220 127224 2273
127196 127195 1261
127196 127238 1308
127070 127069 1283
127070 127081 2816
127080 127079 1484
127080 127083 871
127084 127136 2588
127084 127139 1185
127182 127083 766
127182 127180 2496
127188 132484 162
127188 132484 162
127194 127189 333
127194 127193 404
127199 127197 629
127238 127196 1308
127238 127197 1009
127273 127274 1277
127273 127279 1095
127307 127308 418
127330 127319 1521
127330 127331 889
127334 127333 790
127334 127335 1669
127333 127334 790
127333 127336 1669
126897 126871 673
126897 126898 1813
126905 46205 612
126905 126898 673
126873 126869 879
126873 126870 374
132313 132312 794
126861 126857 337
126861 126862 404
126869 126860 537
126869 126873 879
126876 126843 1813
126876 126846 837
126846 126845 1887
126846 126876 837
126847 126844 3241
126847 126848 1017
126881 126879 2014
126881 126886 751
127223 126886 1546
127223 127209 837
46215 46194 2161
46215 46216 1560
46192 46183 3516
46192 46204 673
46408 46251 1701
46408 46407 506
46408 46422 447
46423 46422 735
46423 46426 440
46426 46423 440
46426 46424 2089
46429 46425 2340
46252 46251 392
46252 46255 184
46252 46256 238
46456 46454 2321
46462 46457 1975
46462 46478 848
46222 46219 1057
127368 127366 683
127368 127367 1344
127368 127372 683
127983 127372 674
127983 127373 556
127983 127996 1700
127300 127291 906
127300 127354 2014
127300 127441 4008
127357 127356 445
127357 127370 850
127360 127351 2088
127360 127371 752
127360 127373 1357
127364 127348 2865
127364 127359 688
127675 127676 2409
127686 127660 872
127685 127660 1114
127685 127661 953
127685 127688 1467
127689 127688 953
127689 127698 1344
127700 127698 767
127700 127701 1467
127717 127703 1075
127717 127718 1357
127723 127718 683
128229 127808 1367
127962 127955 2133
127954 127336 843
127954 127955 672
127363 127362 871
127363 127956 2138
127958 127956 766
130363 130362 986
130363 130365 1764
130363 130369 752
130372 130367 2092
130372 130369 872
130374 130367 874
130374 130397 811
130374 130437 1587
130397 130374 811
130397 130440 1534
127803 127752 767
127803 127795 1234
127807 127798 2402
127807 127806 796
127807 127809 1284
127780 127775 872
127780 127781 1187
127809 127807 1284
127809 127808 1592
127784 127778 2236
127784 127783 418
127786 127779 169
127786 127787 796
127830 127829 337
127831 127827 767
127831 127829 1701
129393 132410 1178
129395 129386 3114
129395 129397 905
129580 129581 1014
129580 129582 2089
129582 129580 2089
129582 129581 1785
129582 129594 1381
129582 129595 778
129696 129676 506
129696 129700 477
129697 129702 1030
129697 129864 829
121359 121358 1548
121359 121361 613
121359 121363 511
121369 121364 355
121369 121370 2384
121382 121377 1423
121382 121383 613
121382 121384 891
121395 121393 954
121395 121394 1346
121395 121397 1897
121395 121409 1382
121410 121415 678
121423 121422 655
121423 121425 747
121414 121416 759
121414 121417 1258
70000 70010 5456
70268 70267 3193
70268 70277 941
69980 69976 667
69980 69981 1434
69980 70239 935
56833 56834 403
56833 70317 1525
69985 69970 671
69985 69984 1603
69990 69974 556
56831 77468 1201
69864 69862 9098
69903 56828 3886
129737 129724 1347
129737 129736 3034
129737 129739 1587
129740 129763 606
129740 129764 419
129740 129768 1211
129790 129789 1161
129792 129789 1211
129792 129794 751
129792 129807 1169
129768 129740 1211
129768 129772 511
129794 129792 751
129794 129811 751
129812 129798 880
129812 129881 2284
129882 129878 789
129882 129881 1010
130404 130399 739
130404 130405 751
129753 129752 1211
129753 129759 789
129753 129765 752
129759 129746 1276
129759 129753 789
129759 129758 752
129760 129758 1684
129760 129762 752
129908 129776 253
121353 121335 949
121353 129907 1276
129771 129766 1684
129765 129749 1285
129765 129753 752
129765 129770 374
130406 130405 1956
130406 130408 1116
130407 130408 811
130407 130410 1534
130416 130439 1485
130438 130410 874
130438 130437 1448
130438 130439 874
121344 121345 1781
121347 121348 1308
224408 224409 168
215693 215692 2452
218075 218143 566
218983 224591 762
218387 218388 471
218387 218391 729
218444 218439 238
218444 218447 732
218444 218459 629
218411 218410 1940
218411 218443 488
218450 218410 1153
218450 218452 377
218450 218466 3645
218453 218455 673
218997 219010 728
218997 219012 2501
219012 218997 2501
219012 219014 1027
219027 219021 622
219027 219037 1026
219037 219027 1026
219037 219384 497
219038 219039 917
219038 219040 204
218565 218566 526
218565 218674 1678
218568 218570 842
218568 218571 1020
218578 218579 4833
218578 218580 1017
218581 218580 2302
218581 218582 753
218675 218672 2090
218675 218674 1810
218684 218672 429
218688 218680 1165
218650 218579 704
218650 218643 440
218653 218644 2336
218653 218851 776
218855 218851 938
218855 218864 819
218855 218865 756
218647 218648 593
218647 218649 2554
218649 218647 2554
218649 218664 640
218639 218867 2088
218639 218891 788
218639 218895 2068
218667 218664 1796
218667 218889 880
218862 218865 935
218886 218867 1396
218886 218885 1313
218867 218639 2088
218867 218886 1396
218392 218391 544
218404 218439 1014
218458 218459 1436
218626 218616 912
218616 218626 912
222988 222986 1184
218683 218672 394
222986 222988 1184
218690 222998 511
222998 218690 511
222939 222938 764
222938 222939 764
222960 222961 674
222961 222960 674
223043 223051 818
223050 223048 770
223050 223051 878
223051 223043 818
223051 223050 878
223048 223050 770
150848 151000 2279
151000 150848 2279
149276 149281 1010
149281 149276 1010
149594 149597 985
149597 149594 985
149600 149612 1138
151275 151272 703
147374 147404 2316
151272 151275 703
147404 147374 2316
147598 147601 2167
147601 147598 2167
147728 147732 572
147732 147728 572
148249 148252 833
148252 148249 833
148878 148879 802
148879 148878 802
148879 148924 875
148924 148879 875
148924 148929 784
148929 148924 784
149063 149065 798
149065 149063 798
149071 149085 1676
149085 149071 1676
149085 149123 1481
149123 149085 1481
150079 150095 770
150100 150102 868
150102 150100 868
150095 150079 770
149612 149600 1138
205039 205040 1400
205040 205039 1400
168401 168748 1305
168748 168401 1305
168928 168916 674
168916 168928 674
168877 168878 885
168878 168877 885
154061 154125 767
154070 154066 713
154066 154070 713
154125 154061 767
157456 157599 778
157601 157875 688
157875 157601 688
157599 157456 778
157859 157860 1293
155046 155045 934
155045 155046 934
157860 157859 1293
157881 157884 889
155127 155128 2138
155128 155127 2138
157884 157881 889
155155 155156 238
155156 155155 238
155156 155157 1268
155157 155156 1268
155374 155375 953
155375 155374 953
155375 155440 610
155402 155401 276
155444 155443 562
155443 155444 562
155401 155402 276
155440 155375 610
157981 157980 238
157980 157981 238
158787 158764 954
158764 158787 954
161259 161261 2007
161261 161259 2007
161472 161464 782
161464 161472 782
213325 213326 1329
213326 213325 1329
162159 162204 2145
162204 162159 2145
169591 169637 713
169637 169591 713
169278 169276 279
170682 170680 984
170680 170682 984
170460 170467 767
170467 170460 767
169510 169562 759
169562 169510 759
169276 169278 279
169479 169480 808
169480 169479 808
169480 169487 1285
169487 169480 1285
118651 118652 549
118652 118651 549
94258 94244 4102
94244 94258 4102
95806 95717 910
95717 95806 910
93471 93472 2688
93472 93471 2688
118617 118619 1693
118619 118617 1693
35555 35566 939
35566 35555 939
36258 36260 1768
36260 36258 1768
36260 36261 1028
36263 36261 893
36263 36262 947
36262 36263 947
36262 36334 238
36339 36334 1258
50461 36338 949
50462 36338 726
50239 36329 2146
36006 36007 2915
50201 36007 1695
50208 36007 848
36010 36014 904
36017 36014 847
36027 36026 3220
36027 36033 1213
44191 35699 1188
44191 35701 751
35701 35700 827
35701 44191 751
45014 35700 3066
35688 35691 1455
35688 35692 1110
44165 44189 1417
44190 44189 901
35690 35691 649
44577 44616 890
44578 44616 1610
41728 41723 4214
44620 44533 433
44624 44622 1201
50532 44622 130
35714 35729 2287
35740 35729 5597
35756 35729 3958
35756 35755 336
35754 35753 1732
35754 35760 518
35755 35753 4277
35755 35756 336
35764 37403 836
37330 37329 924
37406 37408 452
37406 37447 791
37407 37408 333
37413 37414 976
37415 37414 3209
37417 37416 713
37417 37421 475
37421 37417 475
37421 37420 1456
37442 37441 1555
37479 37441 558
35673 36381 336
35671 35669 276
35671 35676 1702
35632 35635 1887
35633 35635 950
35633 36221 3622
36222 35635 950
36220 36221 747
36220 36267 3044
36227 36228 751
36231 36228 1873
36267 36220 3044
36267 36239 1085
36267 36269 2252
36281 36269 649
36496 36495 610
35661 35662 1345
35661 35663 1307
35680 35662 809
35680 35681 1073
35663 35661 1307
35663 35670 1612
35669 35670 1663
35669 35671 276
35678 35682 1120
37433 37445 2113
37443 37445 1210
37483 37482 2648
37718 37488 354
37726 37727 276
37726 37760 529
37709 37725 2378
37709 37727 1357
46734 46687 1380
46734 46737 475
46734 46740 475
37712 37724 2365
37712 37725 605
35875 35882 476
35881 35884 677
35883 35884 884
35883 35897 878
35888 35887 1614
37711 35887 751
37724 37712 2365
37724 37731 605
37732 37731 788
35897 35883 878
35897 35898 1412
35900 35903 279
35900 37736 476
35896 35901 1146
35896 35902 2283
35985 35902 1115
35901 35896 1146
35901 35903 279
37836 37835 1067
37836 37837 3206
37837 37836 3206
37837 37844 2365
37837 37849 1103
37850 37849 1695
37850 37852 828
37852 37850 828
37852 37886 1463
44368 43891 372
35534 35533 2973
37909 35533 699
37873 37871 552
37873 37876 1009
37863 41418 828
37870 41418 558
41405 41418 2280
41449 41451 152
41450 41453 464
46586 46615 1552
46587 46615 848
37871 37872 552
37871 37873 552
46614 46617 906
46618 46617 1575
46618 46625 933
46626 46641 818
46688 46646 952
46687 46648 818
46687 46734 1380
46740 46734 475
46740 46741 2840
46755 46752 1035
46756 46752 610
46756 46762 279
46768 46785 511
46775 46785 344
46769 46771 2520
46772 46771 818
46778 46771 713
46778 46779 818
47040 46730 2044
47040 47038 766
47040 47042 445
46727 46730 3527
47039 46730 849
47039 47038 2028
46732 46731 906
46481 46473 1299
46481 46478 1027
46481 46483 252
46473 46480 1499
46473 46481 1299
46476 46475 1032
46476 46480 1124
46475 46476 1032
46475 47038 766
46779 46778 818
46779 46782 2006
127208 126886 751
127208 127206 697
127208 127209 1620
127842 127841 1685
127206 127207 1837
127206 127208 697
127211 127207 738
127211 127224 738
127249 127250 630
127263 127250 1375
127224 127211 738
127224 127220 2273
127224 127230 948
127175 127219 2443
127217 127216 928
127217 127219 1147
127216 127217 928
127216 127220 355
127195 127196 1261
127069 127070 1283
127069 127079 2706
127081 127070 2816
127079 127069 2706
127079 127080 1484
127083 127080 871
127083 127182 766
127136 127084 2588
127139 127084 1185
127180 127182 2496
132484 127188 162
132484 127188 162
127189 127193 355
127189 127194 333
127193 127189 355
127193 127194 404
127193 127197 906
127197 127193 906
127197 127199 629
127197 127238 1009
127274 127273 1277
127279 127273 1095
127308 127307 418
127308 127319 1517
127319 127308 1517
127319 127330 1521
127331 127330 889
127331 127335 766
127335 127331 766
127335 127334 1669
127335 127336 790
127336 127333 1669
127336 127335 790
127336 127954 843
127336 127956 1936
126871 126870 1534
126871 126870 1534
126871 126897 673
126898 126897 1813
126898 126905 673
46205 126905 612
126870 126871 1534
126870 126871 1534
126870 126873 374
132312 132313 794
126857 126861 337
126862 126861 404
126860 126869 537
126843 126845 1029
126843 126876 1813
126845 126843 1029
126845 126844 928
126845 126846 1887
126844 126845 928
126844 126847 3241
126848 126847 1017
126848 126879 1147
126879 126848 1147
126879 126881 2014
126886 126881 751
126886 127208 751
126886 127223 1546
46194 46215 2161
46194 46219 789
46216 46215 1560
46183 46192 3516
46204 46192 673
46251 46252 392
46251 46408 1701
46407 46408 506
46422 46408 447
46422 46423 735
46422 46424 2605
46424 46422 2605
46424 46426 2089
46425 46429 2340
46425 46454 1184
46255 46252 184
46256 46252 238
46454 46425 1184
46454 46456 2321
46454 46457 1436
46457 46454 1436
46457 46462 1975
46478 46462 848
46478 46481 1027
46219 46194 789
46219 46222 1057
127366 127356 843
127366 127368 683
127367 127368 1344
127367 127371 678
127372 127368 683
127372 127371 1576
127372 127983 674
127373 127360 1357
127373 127983 556
127996 127983 1700
127291 127300 906
127354 127300 2014
127441 127300 4008
127356 127357 445
127356 127366 843
127370 127357 850
127351 127360 2088
127371 127360 752
127371 127367 678
127371 127372 1576
127348 127359 2778
127348 127364 2865
127359 127348 2778
127359 127362 556
127359 127364 688
127676 127675 2409
127660 127685 1114
127660 127686 872
127661 127685 953
127688 127685 1467
127688 127689 953
127698 127689 1344
127698 127700 767
127701 127700 1467
127703 127717 1075
127718 127717 1357
127718 127723 683
127808 127809 1592
127808 128229 1367
127955 127954 672
127955 127962 2133
127362 127359 556
127362 127363 871
127956 127336 1936
127956 127363 2138
127956 127958 766
130362 130363 986
130365 130363 1764
130369 130363 752
130369 130372 872
130367 130372 2092
130367 130374 874
130437 130374 1587
130437 130438 1448
130437 130440 874
130440 130397 1534
130440 130437 874
130440 130439 1448
127752 127803 767
127795 127798 683
127795 127803 1234
127798 127795 683
127798 127807 2402
127806 127807 796
127775 127780 872
127781 127780 1187
127778 127779 1399
127778 127784 2236
127783 127784 418
127779 127778 1399
127779 127786 169
127787 127786 796
127829 127830 337
127829 127831 1701
127827 127831 767
132410 129393 1178
129386 129395 3114
129397 129395 905
129581 129580 1014
129581 129582 1785
129594 129582 1381
129595 129582 778
129676 129696 506
129700 129696 477
129702 129697 1030
129864 129697 829
121358 121359 1548
121361 121359 613
121361 121364 1884
121363 121359 511
121364 121361 1884
121364 121369 355
121370 121369 2384
121377 121382 1423
121383 121382 613
121384 121382 891
121393 121394 1558
121393 121395 954
121394 121393 1558
121394 121395 1346
121397 121395 1897
121409 121395 1382
121409 121415 422
121415 121409 422
121415 121410 678
121415 121416 1124
121422 121423 655
121422 121425 156
121425 121422 156
121425 121423 747
121416 121414 759
121416 121415 1124
121416 121417 1124
121417 121414 1258
121417 121416 1124
70010 70000 5456
70267 70268 3193
70277 70268 941
69976 69980 667
69981 69980 1434
70239 69980 935
56834 56833 403
70317 56833 1525
69970 69985 671
69984 69985 1603
69974 69990 556
77468 56831 1201
69862 69864 9098
56828 69903 3886
129724 129737 1347
129736 129737 3034
129736 129789 1364
129739 129737 1587
129763 129740 606
129764 129740 419
129789 129736 1364
129789 129790 1161
129789 129792 1211
129807 129792 1169
129772 129766 337
129772 129768 511
129811 129794 751
129798 129812 880
129881 129812 2284
129881 129882 1010
129878 129882 789
130399 130404 739
130405 130404 751
130405 130406 1956
129752 129746 837
129752 129749 837
129752 129753 1211
129746 129752 837
129746 129759 1276
129758 129759 752
129758 129760 1684
129762 129760 752
129762 129776 2357
129776 129762 2357
129776 129907 538
129776 129908 253
121335 121353 949
129907 121353 1276
129907 129776 538
129766 129770 463
129766 129771 1684
129766 129772 337
129749 129752 837
129749 129765 1285
129770 129765 374
129770 129766 463
130408 130406 1116
130408 130407 811
130410 130407 1534
130410 130438 874
130439 130416 1485
130439 130438 874
130439 130440 1448
121345 121344 1781
121348 121347 1308
224409 224408 168
215692 215693 2452
218143 218075 566
224591 218983 762
218388 218387 471
218391 218387 729
218391 218392 544
218439 218404 1014
218439 218444 238
218439 218459 623
218447 218443 550
218447 218444 732
218459 218439 623
218459 218444 629
218459 218458 1436
218410 218411 1940
218410 218450 1153
218443 218411 488
218443 218447 550
218452 218450 377
218466 218450 3645
218455 218453 673
219010 218997 728
219014 219012 1027
219021 219027 622
219384 219037 497
219384 219040 1742
219039 219038 917
219039 219040 834
219040 219038 204
219040 219039 834
219040 219384 1742
218566 218565 526
218674 218565 1678
218674 218675 1810
218570 218568 842
218571 218568 1020
218579 218578 4833
218579 218643 473
218579 218650 704
218580 218578 1017
218580 218581 2302
218582 218581 753
218672 218675 2090
218672 218683 394
218672 218684 429
218680 218688 1165
218643 218579 473
218643 218650 440
218644 218653 2336
218851 218653 776
218851 218855 938
218864 218855 819
218864 218865 350
218865 218855 756
218865 218862 935
218865 218864 350
218648 218647 593
218648 218664 2443
218664 218648 2443
218664 218649 640
218664 218667 1796
218891 218639 788
218895 218639 2068
218889 218667 880
218885 218886 1313
940
36261
36334
36338
36329
36007
36014
36026
36033
35699
35700
35692
44189
35691
44616
41723
44533
44622
35729
35753
35760
37403
37329
37447
37408
37414
37416
37420
37441
36381
35676
35635
36221
36228
36239
36269
36495
35662
35670
35681
35682
37445
37482
37488
37760
37727
46737
37725
35882
35884
35887
37731
35898
37736
35902
35903
37835
37844
37849
37886
43891
35533
37876
41418
41451
41453
46615
37872
46617
46625
46641
46646
46648
46741
46752
46762
46785
46771
47042
46730
46731
46483
46480
47038
46782
127209
127841
127207
127250
127230
127219
127220
127196
127070
127080
127084
127182
127188
127194
127199
127238
127273
127307
127330
127334
127333
126897
126905
126873
132313
126861
126869
126876
126846
126847
126881
127223
46215
46192
46408
46423
46426
46429
46252
46456
46462
46222
127368
127983
127300
127357
127360
127364
127675
127686
127685
127689
127700
127717
127723
128229
127962
127954
127363
127958
130363
130372
130374
130397
127803
127807
127780
127809
127784
127786
127830
127831
129393
129395
129580
129582
129696
129697
121359
121369
121382
121395
121410
121423
121414
70000
70268
69980
56833
69985
69990
56831
69864
69903
129737
129740
129790
129792
129768
129794
129812
129882
130404
129753
129759
129760
129908
121353
129771
129765
130406
130407
130416
130438
121344
121347
224408
215693
218075
218983
218387
218444
218411
218450
218453
218997
219012
219027
219037
219038
218565
218568
218578
218581
218675
218684
218688
218650
218653
218855
218647
218649
218639
218667
218862
218886
218867
218392
218404
218458
218610
218460
218621
218626
218887
224074
218616
219162
218618
224135
220264
224377
222762
222975
224900
224903
222982
222988
222993
218683
222986
218690
222998
222939
223000
222938
222945
222960
222961
222962
222920
222955
223036
223037
223044
223043
223060
223050
223051
223048
223100
150848
151000
151003
151004
151651
149129
149144
149275
149276
149281
149497
151641
149530
149672
146945
149594
149597
149600
149680
149683
146597
146525
151028
151107
151146
151153
151274
151275
147374
151301
151282
151280
151272
147404
147417
147442
147451
147598
147601
147660
147664
147709
147727
147728
147732
147736
148249
148252
148866
148877
148878
148879
148924
148929
148938
148939
148968
149063
149065
149071
149085
149123
212739
212742
212746
149993
150033
150076
150079
150055
150100
150101
150102
150108
151753
150095
150190
150191
150197
150199
150204
150238
151715
140083
149612
149616
149619
149682
149232
197029
214910
198821
198800
205007
204966
205019
205039
204970
205040
154006
154012
168841
168886
168896
168899
168911
168400
168401
168748
168766
168807
172645
168815
168820
168824
168928
168916
168927
168921
168877
168878
168893
168889
168867
154047
154059
154061
154123
154070
154066
154125
154094
154330
154331
154335
154334
157456
157459
157541
157601
157875
157599
157859
154352
154437
154429
154445
154983
154986
155000
155046
155045
157860
157879
157881
157849
157848
155050
155127
155128
155124
155133
155146
155145
157884
157891
157892
157894
157915
157921
155155
155156
155157
155364
155374
155375
155402
155405
155444
155443
159805
155401
155440
157764
157692
157912
157981
157980
157961
157953
157947
157955
157785
157959
157772
185717
178476
178468
178471
178220
178237
178226
178230
178494
178517
178414
178449
158635
157972
158699
158704
158722
158725
158690
158787
158764
158803
158966
159053
159090
159051
159097
158195
158234
161257
161259
161261
161280
161459
213168
213170
161472
161464
213280
206760
213202
162007
213325
161988
213326
161982
162159
162206
162209
162197
162204
162213
159965
162216
169591
169637
169615
172560
169598
169278
169282
169285
170528
170504
170516
170682
170680
168358
170079
170448
170462
170460
170467
170547
170095
170549
170554
169510
169562
172569
169692
169883
169687
170076
169987
169894
170088
169276
169250
169479
169480
169485
169487
169546
118538
118541
118651
118652
95125
95139
95028
95091
94918
97394
94219
94253
102444
94258
94261
94290
94297
108903
108961
108766
94317
50060
50061
94244
94229
102460
94221
94226
94227
94206
97409
102275
97420
97474
97475
97476
97491
97496
97546
97597
97603
97614
97608
97616
97618
95806
102239
95717
101773
100624
102237
93471
93472
93477
93479
94072
94073
98549
103226
102677
98309
98484
98499
191101
191285
191287
194315
191127
191205
118493
194426
191270
118612
118617
118619
118698
118703
118708
118709
108905
108907
108939
108919
108979
108983
109016
113087
50206
50203
50211
50212
109111
109160
109166
109171
109142
109165
36070
36071
35571
36141
35555
35566
36050
36064
36175
36177
36257
36258
36260
36262
36339
50462
36006
50201
50208
36010
36017
36027
44191
35701
45014
35688
44165
44190
35690
44577
44578
41728
44624
50532
35714
35740
35756
35754
35755
35764
37406
37407
37413
37417
37479
35673
35671
35632
35633
36222
36220
36227
36267
36281
35661
35680
35663
35669
35678
37433
37443
37483
37718
37726
37709
37712
35875
35881
35883
35888
37711
37724
35900
35896
35985
35901
37836
37837
37850
37852
44368
35534
37909
37863
37870
41405
41449
41450
46586
46587
37871
46614
46618
46626
46688
46687
46740
46755
46756
46768
46775
46769
46772
46778
46727
47039
46473
46476
46475
46779
127206
127211
127175
127217
127216
127195
127069
127081
127079
127083
127136
127139
127180
132484
127189
127193
127274
127279
127308
127319
127331
127335
126871
126898
46205
132312
126857
126862
126860
126843
126844
126848
126879
126886
46194
46183
46204
46407
46424
46425
46255
46454
46457
46478
46219
127366
127367
127372
127373
127291
127354
127441
127356
127351
127348
127676
127660
127661
127688
127698
127701
127703
127718
127808
127362
127956
130362
130365
130369
130367
130437
127752
127795
127798
127806
127775
127781
127778
127783
127779
127787
127829
127827
129386
129397
129581
129594
129595
129676
129700
129702
129864
121361
121364
121377
121383
121384
121393
121394
121397
121409
121422
121425
121416
70010
70267
70277
69976
56834
69970
69984
69974
69862
56828
129724
129736
129739
129764
129789
129807
129798
129881
129878
130399
130405
129752
129746
129758
129762
129776
121335
129907
129766
129749
130408
130410
121348
218143
218388
218391
218439
218447
218452
218466
218455
219010
219014
219021
219384
219039
219040
218566
218674
218570
218571
218580
218582
218672
218680
218643
218644
218851
218864
218648
218664
218891
218895
218889
218885
