2208
225013 233084 184
233140 233138 687
233140 233186 786
232034 232026 1733
232034 232039 1530
233186 233140 786
233186 233187 1425
233186 233189 948
233193 233191 1978
233193 233195 762
233208 233211 796
233208 233212 762
233211 233208 796
233211 233244 679
233248 233244 452
233248 233250 901
232107 232011 713
232107 232110 931
232070 232067 4453
232096 232092 1454
232096 232097 504
232096 232102 4022
232102 232096 4022
232102 232100 696
232658 232657 1373
232658 234612 580
232657 232658 1373
232657 232659 2121
232666 232665 2431
232666 232669 889
232716 232714 353
232717 232719 515
232717 232720 1000
232718 232745 5074
232718 234796 2358
232745 232718 5074
232745 232747 2223
233463 233464 2647
233463 233527 1589
227756 227757 364
227756 233529 547
233520 227762 598
233520 232743 2695
233532 233529 1436
233532 233533 418
233536 233551 1357
233536 233551 1357
233536 233554 671
233543 233559 749
233543 233562 1392
233563 233565 238
235299 235214 1327
235299 235300 1097
233605 233566 3480
233607 233608 5808
233252 233250 845
233252 233251 1161
233307 233303 782
233307 233309 1814
233310 233309 667
262269 262271 1172
262270 263403 1192
240312 240311 868
240312 240313 562
240312 240317 924
240319 240317 680
240408 244926 4627
240408 248532 598
240417 240414 1224
240417 248561 884
240418 240407 503
240418 240419 1004
240421 240422 1493
240421 240424 949
240424 240421 949
240424 240437 344
240444 248602 818
248563 248561 1031
248563 248566 238
240443 240452 796
240443 240453 628
240453 240443 628
240453 240456 1085
248605 248604 707
248605 248606 1085
248607 248601 746
248607 248606 787
248607 248621 1500
248656 248645 2510
248656 248646 903
248656 248738 445
248739 248737 528
248740 248745 688
248747 248745 1178
248747 248748 511
248754 248757 3094
248754 249434 1453
248630 248628 847
248630 248629 2458
248645 248643 764
248645 248644 1663
248645 248656 2510
249330 249329 755
249333 249332 1444
249345 249328 418
249345 249351 750
249351 249345 750
249351 249438 1022
249455 249454 1662
249461 249462 548
249461 249463 445
249452 249438 805
249452 249446 1671
249464 249472 7385
249780 249779 927
249780 249782 551
249780 249785 445
249789 249787 475
249789 249791 1014
249783 249779 672
249819 249817 889
249819 249820 1811
249819 249823 1543
249821 249820 557
249821 249827 611
249831 249814 809
249839 249830 888
249829 249828 1816
249910 249908 317
249842 249840 1223
249842 249844 3042
249842 249849 2085
249850 249847 905
249850 249849 764
249815 249813 1085
249815 249828 750
249815 249908 2371
249813 249810 1480
249813 249815 1085
249845 249847 2718
249845 249847 2718
249844 249842 3042
249844 249859 681
249844 249860 2783
249867 249860 764
249867 249866 1635
249868 249866 750
249868 249880 275
249868 251229 2823
249880 249868 275
249880 249879 2714
249880 249884 516
249887 249886 927
249887 249888 1544
249920 249888 598
249920 249921 2044
249925 249921 750
249925 249927 1854
250114 250085 1885
250114 250116 924
250136 250137 737
250136 250138 1031
250134 250137 2215
250134 250145 696
250134 250156 1300
250151 250152 927
250151 250154 336
250154 250151 336
250154 250155 982
250076 250077 889
250076 250127 889
250078 250073 737
249796 249791 511
249796 249797 1072
249803 249797 3567
249803 249797 3567
249803 249823 1253
249823 249803 1253
249823 249804 836
249823 249819 1543
250787 250085 847
250787 250793 628
250813 250811 660
250813 250812 1454
250805 250802 1542
250812 250809 847
250812 250813 1454
250812 250817 1257
250818 250851 418
250798 250717 877
250798 250802 1220
250717 250720 847
250717 250798 877
250717 250803 1101
250717 250804 1220
250720 250717 847
250720 250721 1179
250726 250721 836
251010 251016 238
251010 251021 2043
251012 251031 950
250857 250856 2542
250857 250858 708
250970 250858 2270
250970 250971 708
250987 250971 3388
250987 250988 475
250778 250777 336
250947 250948 1161
250947 250949 788
250950 250951 869
250988 250987 475
250988 250994 1004
252128 252126 869
252128 252129 924
252169 253313 610
253317 253316 764
253317 253328 764
253317 253330 2481
253328 253317 764
253328 253329 764
253328 253331 2371
253329 253328 764
253329 253332 788
253329 253334 2371
253332 253329 788
253332 253335 2481
253385 253386 1208
253385 253387 2138
250978 250979 281
250978 253391 1234
253386 253385 1208
253386 253388 1344
250981 250979 456
250981 253405 1135
250981 253406 604
250995 250994 1141
250995 251004 2043
251047 251046 1408
251047 251049 1085
251047 251053 1336
251015 251013 707
251015 251019 1055
250954 250951 826
250954 251037 688
251020 251019 2090
251020 251021 818
251053 251047 1336
251053 251054 373
251050 251008 1944
251050 251049 688
251050 251157 950
251176 251157 2624
251176 251177 782
251181 251180 667
251181 251183 598
251188 251186 252
251032 251021 434
251032 251031 1000
251032 251916 847
251916 251032 847
251916 251914 1560
251920 251915 1966
251920 261245 179
251195 251193 420
251195 251194 688
251192 251187 930
251192 251189 2016
251192 251216 1447
251194 251193 713
251194 251195 688
251216 251192 1447
251216 251214 764
251216 251218 1004
251218 251202 1279
251218 251216 1004
251221 251211 950
251221 251220 1161
251222 251220 930
251227 251224 1769
251227 251228 1700
252102 252103 708
252102 252104 580
252108 252104 551
252120 252121 826
252120 253273 1188
252400 252399 201
253404 235939 847
253404 235941 904
253407 253406 826
253407 253409 983
253419 253420 1268
253419 253464 1032
253462 253463 924
253413 253411 904
253413 253420 1025
252467 253465 2110
253467 253464 904
253467 253465 1375
253467 253470 2559
253468 253465 1457
253470 253466 1114
253470 253467 2559
253470 253490 84
253498 253491 1030
253485 253449 927
253492 253491 1533
253455 253453 629
253455 253460 3890
253539 253538 826
253539 253540 1493
253542 253548 1851
253555 253549 1945
253555 253565 782
253566 253565 764
253566 253568 667
253568 253559 847
253568 253566 667
253697 253567 708
253697 253570 1349
253692 253700 3455
253692 253701 1906
253695 253701 629
253695 253703 3608
253707 253704 1493
253707 253715 275
253714 253715 2459
253714 253716 2035
134137 134134 3014
134137 137182 831
137182 134137 831
137182 134139 925
137182 134140 644
137182 139609 561
253710 253708 1222
253882 253722 836
253900 253901 151
236389 236324 1694
236389 236390 1626
263411 261978 91
263542 263543 1389
263542 263546 564
236314 236310 722
236314 236313 575
263821 263822 572
263821 263834 576
263570 263568 321
263570 263571 1075
261395 261394 423
236411 236410 1423
261399 263258 285
261399 263259 1773
236297 261726 972
236297 263514 3752
236957 236956 164
236957 263709 1029
236921 236974 1858
236776 236772 1121
236776 236774 1083
236783 236847 1600
236783 236849 2028
236928 236929 1119
236928 236930 1872
236952 236954 420
236868 236866 2478
236868 236986 498
236870 236867 1534
236870 236871 341
262041 262042 1161
263196 263195 1115
263196 263205 764
236897 236887 799
264034 264033 4850
264034 264035 1408
236879 236878 872
236879 263683 1767
236863 236862 127
236863 263174 978
236863 263490 378
236874 236875 1019
236876 236877 392
236892 261466 811
236892 262072 847
262084 236888 411
231959 231983 856
231959 234387 205
231959 234435 562
231989 231987 275
231989 231990 2113
231960 231968 2750
231972 231962 1227
231972 234387 590
232022 232024 1549
232026 232003 1029
232026 232034 1733
232026 232036 817
232040 235424 1495
233084 225013 184
233084 233136 778
233084 233138 1139
233138 233084 1139
233138 233140 687
233138 233185 746
232039 230738 804
232039 232034 1530
232039 232037 786
233187 233131 924
233187 233186 1425
233189 233186 948
233189 233191 275
233189 233196 1504
233191 233189 275
233191 233193 1978
233191 233197 706
233195 233193 762
233195 233197 1848
233195 233205 1139
233212 233208 762
233212 233210 1591
233212 233244 817
233212 233249 901
233244 233211 679
233244 233212 817
233244 233248 452
233250 233248 901
233250 233249 1267
233250 233252 845
232011 232010 672
232011 232107 713
232011 234303 1787
232110 232107 931
232110 235423 872
232067 232061 3979
232067 232065 1524
232067 232070 4453
232067 232119 592
232092 232090 1014
232092 232091 983
232092 232096 1454
232097 232096 504
232100 232099 483
232100 232102 696
232100 234610 1301
234612 232658 580
232659 232657 2121
232665 232644 762
232665 232666 2431
232669 232666 889
232714 232715 2810
232714 232716 353
232719 232710 2433
232719 232717 515
232720 232717 1000
232720 232725 782
234796 232718 2358
232747 232745 2223
233464 233463 2647
233527 233463 1589
227757 227756 364
233529 227756 547
233529 233532 1436
227762 227763 763
227762 233518 754
227762 233520 598
227762 235348 1587
232743 232727 15015
232743 233520 2695
232743 234797 1024
233533 233532 418
233551 233536 1357
233551 233536 1357
233551 233550 434
233551 233556 905
233554 233536 671
233554 233555 1700
233554 233559 275
233559 233543 749
233559 233554 275
233559 233560 1220
233562 233543 1392
233562 233567 344
233565 233563 238
233565 233566 3844
233565 233567 1257
233565 233569 2948
235214 235211 1226
235214 235216 994
235214 235299 1327
235300 235299 1097
233566 233565 3844
233566 233605 3480
233608 233575 2468
233608 233607 5808
233251 233249 866
233251 233252 1161
233251 233288 580
233251 233303 762
233303 233251 762
233303 233296 672
233303 233307 782
233303 233308 1895
233309 233307 1814
233309 233308 796
233309 233310 667
262271 262255 1656
262271 262269 1172
262271 262272 764
263403 262270 1192
240311 240308 238
240311 240312 868
240311 240316 1014
240311 240316 1014
240313 240312 562
240317 240312 924
240317 240316 763
240317 240319 680
244926 240408 4627
244926 244925 456
248532 240408 598
248532 240409 550
240414 240413 1279
240414 240415 344
240414 240416 950
240414 240417 1224
248561 240416 1101
248561 240417 884
248561 248563 1031
240407 240406 949
240407 240411 1225
240407 240418 503
240419 240418 1004
240422 240421 1493
240437 240424 344
248602 240444 818
248602 248567 983
248602 248604 787
248566 248563 238
248566 248564 688
248566 248567 1610
240452 240443 796
240456 240453 1085
248604 248600 1085
248604 248602 787
248604 248605 707
248606 248600 707
248606 248605 1085
248606 248607 787
248601 248599 2122
248601 248607 746
248601 248612 884
248601 248621 1414
248621 248601 1414
248621 248607 1500
248621 248629 1120
248646 248639 1966
248646 248640 628
248646 248656 903
248646 248736 1483
248738 248656 445
248737 248686 3905
248737 248736 923
248737 248739 528
248745 248740 688
248745 248743 1694
248745 248747 1178
248748 248744 1120
248748 248747 511
248748 248749 868
248757 248754 3094
248757 248755 903
248757 248758 1072
249434 248754 1453
249434 249437 946
249434 249439 1025
248628 248614 2445
248628 248626 475
248628 248630 847
248629 248614 598
248629 248621 1120
248629 248630 2458
248629 248631 1883
248643 248639 373
248643 248642 1797
248643 248645 764
248644 248627 3787
248644 248642 707
248644 248645 1663
249329 249330 755
249332 249333 1444
249328 249327 1409
249328 249345 418
249328 249437 696
249438 249351 1022
249438 249437 903
249438 249439 975
249438 249452 805
249454 249451 511
249454 249455 1662
249454 249460 950
249462 249461 548
249463 249460 420
249463 249461 445
249463 249488 1861
249446 249440 676
249446 249452 1671
249446 249453 418
249472 249464 7385
249472 249471 562
249779 249777 1348
249779 249780 927
249779 249783 672
249782 249780 551
249782 249781 868
249785 249780 445
249785 249786 344
249787 249774 475
249787 249786 475
249787 249789 475
249787 249798 3224
249791 249789 1014
249791 249795 3360
249791 249796 511
249817 249801 889
249817 249818 2089
249817 249819 889
249820 249818 877
249820 249819 1811
249820 249821 557
249827 249810 1344
249827 249812 628
249827 249821 611
249814 249810 1008
249814 249828 809
249814 249830 1344
249814 249831 809
249830 249814 1344
249830 249839 888
249828 249814 809
249828 249815 750
249828 249829 1816
249908 249815 2371
249908 249910 317
249840 249773 10270
249840 249842 1223
249840 249859 2028
249849 249842 2085
249849 249850 764
249847 249845 2718
249847 249845 2718
249847 249850 905
249810 249809 805
249810 249813 1480
249810 249814 1008
249810 249827 1344
249859 249840 2028
249859 249844 681
249859 249858 1558
249860 249844 2783
249860 249862 708
249860 249865 1398
249860 249867 764
249866 249214 3011
249866 249865 750
249866 249867 1635
249866 249868 750
251229 249868 2823
251229 251230 211
249879 249878 183
249879 249880 2714
249879 251230 329
249884 249880 516
249884 249885 1822
249884 251231 201
249884 251232 2750
249886 249882 611
249886 249883 1854
249886 249887 927
249888 249887 1544
249888 249920 598
249888 249922 782
249921 249920 2044
249921 249925 750
249921 249926 2271
249921 251241 1344
249927 249925 1854
249927 249926 788
249927 251249 1993
250085 250084 551
250085 250114 1885
250085 250787 847
250085 250791 924
250116 250114 924
250116 250118 983
250116 250120 708
250137 250134 2215
250137 250136 737
250137 250140 982
250138 250088 1426
250138 250136 1031
250138 250141 1056
250138 250142 708
250145 250134 696
250145 250140 1696
250156 250134 1300
250152 250117 818
250152 250151 927
250152 250153 1257
250155 250154 982
250155 250158 168
250155 250159 1827
250077 250076 889
250127 250076 889
250073 250074 4667
250073 250078 737
250073 250079 826
249797 249796 1072
249797 249803 3567
249797 249803 3567
249804 249795 747
249804 249822 1072
249804 249823 836
250793 250084 884
250793 250787 628
250793 250811 230
250811 250793 230
250811 250813 660
250802 250798 1220
250802 250804 877
250802 250805 1542
250809 250799 847
250809 250810 1377
250809 250812 847
250817 250812 1257
250817 250816 1768
250817 250851 344
250851 250817 344
250851 250818 418
250803 250717 1101
250803 250721 884
250803 250804 836
250804 250717 1220
250804 250802 877
250804 250803 836
250721 250720 1179
250721 250726 836
250721 250803 884
251016 251010 238
251016 251017 707
251016 251019 713
251021 251010 2043
251021 251020 818
251021 251032 434
251031 251012 950
251031 251032 1000
251031 251914 1532
250856 250857 2542
250856 250859 788
250856 250860 1932
250858 250857 708
250858 250859 2510
250858 250970 2270
250971 250970 708
250971 250972 826
250971 250973 2320
250971 250987 3388
250777 250776 3122
250777 250778 336
250948 250947 1161
250949 250947 788
250949 250951 2005
250949 251009 1978
250949 251013 826
250951 250949 2005
250951 250950 869
250951 250953 818
250951 250954 826
250994 250988 1004
250994 250995 1141
250994 250997 904
252126 252121 788
252126 252127 1635
252126 252128 869
252129 252128 924
253313 252169 610
253313 253314 1484
253313 253315 672
253316 253310 1795
253316 253315 796
253316 253317 764
253316 253318 893
253330 253317 2481
253330 253326 764
253330 253331 788
253330 253336 3167
253331 253328 2371
253331 253330 788
253331 253334 764
253331 253337 3152
253334 253329 2371
253334 253331 764
253334 253335 764
253334 253338 672
253335 253332 2481
253335 253334 764
253335 253387 708
253335 253392 1248
253387 253335 708
253387 253385 2138
253387 253388 756
253387 253393 2885
250979 250978 281
250979 250981 456
253391 250978 1234
253391 253388 789
253388 253386 1344
253388 253387 756
253388 253391 789
253388 253394 905
253405 250981 1135
253405 253396 584
253406 235939 847
253406 250981 604
253406 253407 826
251004 250995 2043
251004 251003 713
251004 251006 475
251046 251047 1408
251049 251047 1085
251049 251048 950
251049 251050 688
251049 251054 1528
251013 250949 826
251013 251014 1635
251013 251015 707
251013 251018 1530
251019 251015 1055
251019 251016 713
251019 251020 2090
251037 250954 688
251054 251049 1528
251054 251053 373
251008 251006 1124
251008 251050 1944
251008 251103 782
251157 251050 950
251157 251103 1683
251157 251158 782
251157 251176 2624
251177 251158 2624
251177 251176 782
251177 251179 778
251180 251160 2696
251180 251179 905
251180 251181 667
251183 251171 598
251183 251181 598
251183 251184 536
251186 251184 869
251186 251188 252
251186 251189 905
251914 251031 1532
251914 251915 1151
251914 251916 1560
251915 251914 1151
251915 251920 1966
261245 251920 179
251193 251189 516
251193 251194 713
251193 251195 420
251187 251174 930
251187 251185 1906
251187 251192 930
251187 251214 1466
251189 251186 905
251189 251192 2016
251189 251193 516
251214 251187 1466
251214 251215 516
251214 251216 764
251202 251199 1548
251202 251215 1004
251202 251218 1279
251211 251208 1719
251211 251221 950
251211 251223 139
251220 251210 488
251220 251221 1161
251220 251222 930
251224 251223 905
251224 251225 1741
251224 251227 1769
251228 251225 1611
251228 251227 1700
251228 251351 688
251228 252104 1466
252103 252102 708
252104 251228 1466
252104 252102 580
252104 252108 551
252104 253257 1120
252121 252120 826
252121 252122 1426
252121 252126 788
253273 252120 1188
253273 252122 847
253273 253257 1548
253273 253260 1031
252399 252400 201
235939 235940 793
235939 253404 847
235939 253406 847
235941 235940 715
235941 253404 904
253409 253407 983
253409 253410 629
253409 253411 475
253420 253413 1025
253420 253419 1268
253420 253441 1695
253464 253419 1032
253464 253463 2085
253464 253466 2747
253464 253467 904
253463 253462 924
253463 253464 2085
253463 253465 1160
253411 253409 475
253411 253412 747
253411 253413 904
253465 252467 2110
253465 253463 1160
253465 253467 1375
253465 253468 1457
253466 253441 1008
253466 253464 2747
253466 253470 1114
253466 253484 78
253490 253470 84
253490 253491 1449
253491 253490 1449
253491 253492 1533
253491 253498 1030
253449 253446 747
253449 253447 2175
253449 253485 927
253453 253444 556
253453 253452 681
253453 253454 889
253453 253455 629
253460 253455 3890
253460 253458 1611
253460 253538 649
253538 253460 649
253538 253530 877
253538 253539 826
253540 253531 1653
253540 253539 1493
253540 253545 1322
253548 253542 1851
253548 253545 950
253548 253547 1481
253549 253536 1344
253549 253547 1961
253549 253555 1945
253565 253555 782
253565 253559 672
253565 253566 764
253559 253536 1961
253559 253564 713
253559 253565 672
253559 253568 847
253567 253564 931
253567 253570 1221
253567 253697 708
253570 253563 1011
253570 253567 1221
253570 253697 1349
253700 253692 3455
253700 253702 2096
253700 261752 99
253701 253692 1906
253701 253695 629
253701 253702 2480
253703 253695 3608
253704 253705 1437
253704 253706 1467
253704 253707 1493
253715 253707 275
253715 253712 1007
253715 253714 2459
253716 253714 2035
253716 253718 557
253716 253719 3286
134134 134133 488
134134 134137 3014
134139 134135 524
134139 137182 925
134139 139694 607
134140 134141 475
134140 134142 1062
134140 137182 644
139609 137182 561
253708 253705 2090
253708 253709 580
253708 253710 1222
253722 253721 1612
253722 253724 2141
253722 253882 836
253901 253900 151
253901 254866 758
253901 254875 448
236324 236321 651
236324 236385 2347
236324 236389 1694
236390 236389 1626
236390 236391 645
236390 236392 991
261978 261565 631
261978 263411 91
261978 263524 2337
263543 263542 1389
263546 263542 564
236310 236308 572
236310 236314 722
236310 236316 660
236313 236307 858
236313 236314 575
236313 236315 1370
263822 263821 572
263822 263823 907
263822 263824 839
263834 263821 576
263568 263569 740
263568 263570 321
263568 263572 426
263571 263570 1075
261394 236409 738
261394 261395 423
236410 236411 1423
236410 236415 1790
236410 263258 253
263258 236410 253
263258 261399 285
263258 264321 1786
263259 261399 1773
261726 236297 972
261726 261451 2546
261726 261727 1111
263514 236297 3752
263514 263516 914
263514 263535 256
236956 236957 164
236956 236962 2247
236956 236983 3708
263709 236957 1029
236974 236921 1858
236974 236975 1148
236974 263461 1099
236772 236773 960
236772 236776 1121
236772 236781 729
236774 236767 724
236774 236775 1178
236774 236776 1083
236847 236763 3946
236847 236783 1600
236847 236852 1195
236849 236783 2028
236849 236850 226
236849 236853 1129
236929 236928 1119
236930 236928 1872
236954 236952 420
236866 236864 899
236866 236867 1072
236866 236868 2478
236986 236868 498
236867 236861 242
236867 236866 1072
236867 236870 1534
236871 236870 341
236871 236872 353
236871 236873 362
262042 262041 1161
263195 262054 291
263195 262869 409
263195 263196 1115
263205 262050 121
263205 263196 764
236887 236888 377
236887 236897 799
264033 264032 793
264033 264034 4850
264033 264037 705
264035 264034 1408
236878 236879 872
263683 236879 1767
236862 236863 127
236862 263369 458
263174 236863 978
263174 263488 348
263490 236863 378
263490 263491 186
236875 236872 763
236875 236874 1019
236875 263491 1365
236877 236873 1349
236877 236876 392
236877 236890 832
261466 236892 811
261466 236893 925
262072 236892 847
236888 236887 377
236888 262084 411
231983 231959 856
234387 231959 205
234387 231972 590
234387 234389 358
234435 231959 562
234435 231988 1707
231987 231984 706
231987 231988 2560
231987 231989 275
231990 231986 1011
231990 231989 2113
231990 231999 1778
231968 231960 2750
231968 231967 1768
231968 234934 2642
231962 231963 371
231962 231972 1227
231962 235474 334
232024 232022 1549
232003 231999 778
232003 232004 2329
232003 232012 778
232003 232026 1029
232036 232012 1276
232036 232026 817
232036 232037 475
232036 232038 980
235424 232040 1495
233136 233084 778
233136 233086 333
233185 233138 746
233185 233184 445
230738 230737 1671
230738 232039 804
230738 234118 1964
232037 232013 1462
232037 232036 475
232037 232039 786
233131 233125 866
233131 233129 1504
233131 233187 924
233131 233188 2882
233196 233189 1504
233197 233191 706
233197 233195 1848
233197 233198 1483
233197 233199 948
233205 233195 1139
233205 233206 1536
233205 233210 866
233210 233205 866
233210 233207 1919
233210 233212 1591
233210 233214 980
233249 233212 901
233249 233214 1611
233249 233250 1267
233249 233251 866
232010 232006 238
232010 232011 672
232010 232014 1708
234303 232011 1787
234303 234118 108
235423 232110 872
232061 232062 5021
232061 232067 3979
232065 232063 1422
232065 232066 1124
232065 232067 1524
232119 232067 592
232119 232069 2672
232119 232069 2672
232090 232064 3351
232090 232074 948
232090 232091 597
232090 232092 1014
232091 232090 597
232091 232092 983
232091 232093 3245
232091 232095 7144
232099 232087 1341
232099 232100 483
234610 232100 1301
232644 232645 888
232644 232646 1342
232644 232665 762
232715 232714 2810
232710 232708 419
232710 232719 2433
232725 232720 782
232725 232723 946
232725 232726 2561
232725 232727 473
227763 227762 763
233518 227762 754
233518 233517 360
235348 227762 1587
232727 232725 473
232727 232743 15015
234797 232743 1024
233550 233526 275
233550 233551 434
233556 233551 905
233556 233552 336
233556 233557 418
233555 233554 1700
233555 233557 1472
233555 233560 788
233560 233555 788
233560 233559 1220
233560 233561 550
233567 233561 627
233567 233562 344
233567 233565 1257
233567 233568 905
233569 233565 2948
233569 233568 2685
233569 233572 434
235211 235209 988
235211 235212 991
235211 235214 1226
235216 235214 994
233575 233572 2426
233575 233608 2468
233575 233610 15523
233288 233251 580
233288 233286 924
233288 233296 670
233296 233288 670
233296 233295 333
233296 233298 786
233296 233303 672
233308 233301 667
233308 233303 1895
233308 233309 796
262255 262256 552
262255 262271 1656
262272 262271 764
240308 240309 536
240308 240310 445
240308 240311 238
240316 240311 1014
240316 240311 1014
240316 240317 763
244925 244926 456
244925 244939 2667
244925 248406 3671
240409 240410 1257
240409 240413 336
240409 248532 550
240413 240409 336
240413 240414 1279
240413 248533 3864
240415 240414 344
240416 240414 950
240416 248535 975
240416 248561 1101
240406 240407 949
240411 240407 1225
248567 248566 1610
248567 248599 796
248567 248600 826
248567 248602 983
248564 248562 787
248564 248566 688
248564 248569 924
248600 248567 826
248600 248604 1085
248600 248606 707
248599 248567 796
248599 248571 818
248599 248601 2122
248612 248601 884
248612 248609 903
248612 248613 796
248612 248614 1768
248639 248638 707
248639 248643 373
248639 248646 1966
248640 248595 868
248640 248638 1932
248640 248646 628
248640 248678 2085
248736 248646 1483
248736 248680 580
248736 248737 923
248686 248685 750
248686 248688 950
248686 248737 3905
248686 248743 868
248743 248686 868
248743 248690 1161
248743 248744 1061
248743 248745 1694
248744 248743 1061
248744 248748 1120
248744 248750 1085
248749 248748 868
248749 248755 1032
248755 248749 1032
248755 248756 3596
248755 248757 903
248758 248757 1072
248758 249435 2590
248758 249447 903
249437 249328 696
249437 249434 946
249437 249438 903
249439 249434 1025
249439 249438 975
249439 249440 747
248614 248612 1768
248614 248628 2445
248614 248629 598
248626 248625 354
248626 248627 562
248626 248628 475
248631 248629 1883
248631 264159 362
248642 248641 201
248642 248643 1797
248642 248644 707
248627 248626 562
248627 248644 3787
248627 248648 688
249327 249328 1409
249451 249449 903
249451 249454 511
249460 249454 950
249460 249463 420
249488 249463 1861
249440 249439 747
249440 249441 877
249440 249442 418
249440 249446 676
249453 249446 418
249471 249468 1085
249471 249472 562
249777 249776 756
249777 249779 1348
249781 249778 1466
249781 249782 868
249786 249785 344
249786 249787 475
249774 249773 8835
249774 249787 475
249798 249787 3224
249798 249800 2813
249798 249801 796
249795 249791 3360
249795 249801 1812
249795 249804 747
249801 249795 1812
249801 249798 796
249801 249800 2228
249801 249817 889
249818 249805 813
249818 249817 2089
249818 249820 877
249812 249809 1223
249812 249811 676
249812 249827 628
249773 249774 8835
249773 249806 1279
249773 249840 10270
249809 249808 889
249809 249810 805
249809 249812 1223
249858 249857 672
249858 249859 1558
249858 249862 1114
249862 249858 1114
249862 249860 708
249862 249863 420
249862 249864 1248
249865 248388 3318
249865 249860 1398
249865 249864 604
249865 249866 750
249214 139755 424
249214 249866 3011
251230 139539 296
251230 249879 329
251230 251229 211
251230 263690 184
249878 139537 320
249878 249879 183
249885 249882 97
249885 249884 1822
251231 249884 201
251231 251233 2340
251231 251234 708
251232 133258 472
251232 249884 2750
251232 251233 708
249882 249883 1809
249882 249885 97
249882 249886 611
249883 249882 1809
249883 249886 1854
249883 249893 516
249922 249888 782
249922 249893 672
249922 249893 672
249926 249921 2271
249926 249927 788
249926 251242 1022
249926 251250 1950
251241 249921 1344
251241 249923 930
251241 251242 2250
251249 249927 1993
251249 251250 649
251249 251253 1729
250084 250085 551
250084 250793 884
250084 250796 847
250084 250799 1808
250791 250085 924
250791 250790 628
250791 250792 2813
250118 250116 983
250118 250117 747
250118 250119 1257
250120 250116 708
250120 250789 475
250120 250790 551
250140 250137 982
250140 250143 884
250140 250145 1696
250140 250150 982
250088 250086 788
250088 250090 847
250088 250138 1426
250141 250138 1056
250142 250138 708
250142 250143 750
250142 250144 2110
250117 250118 747
250117 250152 818
250117 250157 1336
250153 250152 1257
250153 250157 847
250153 250158 713
250158 250153 713
250158 250155 168
250158 250792 708
250159 250155 1827
250159 250164 1483
250159 250827 354
250074 250073 4667
250079 250073 826
250079 250080 1917
250079 250082 750
250079 264161 628
249822 249804 1072
250799 250084 1808
250799 250801 983
250799 250809 847
250799 250816 1101
250810 250809 1377
250816 250799 1101
250816 250817 1768
250816 250822 1533
250816 250823 275
251017 251016 707
251017 261598 238
250859 250856 788
250859 250858 2510
250859 250861 2141
250859 250862 750
250860 250854 2340
250860 250856 1932
250860 250861 604
250972 250971 826
250972 250999 750
250972 251000 1584
250973 250862 2542
250973 250971 2320
250973 251081 750
250776 250773 1322
250776 250777 3122
251009 250949 1978
250953 250951 818
250997 250994 904
250997 250998 516
250997 251003 818
252127 252122 756
252127 252126 1635
252127 253279 336
253314 253279 284
253314 253313 1484
253315 253280 1819
253315 253313 672
253315 253316 796
253310 253278 1062
253310 253280 688
253310 253311 562
253310 253316 1795
253318 253311 1764
253318 253316 893
253318 253319 893
253326 253324 434
253326 253327 3276
253326 253330 764
253336 253327 788
253336 253330 3167
253336 253337 708
253337 253331 3152
253337 253336 708
253337 253344 2902
253337 253421 876
253338 253334 672
253392 253335 1248
253393 253387 2885
253393 253397 539
253393 262204 711
253393 264266 189
253394 253388 905
253396 253395 1188
253396 253405 584
251003 250997 818
251003 250999 1114
251003 251004 713
251006 251001 139
251006 251004 475
251006 251008 1124
251048 251049 950
251014 251013 1635
251018 251013 1530
251103 251008 782
251103 251104 445
251103 251157 1683
251158 251105 1777
251158 251157 782
251158 251159 782
251158 251177 2624
251179 251159 2541
251179 251177 778
251179 251180 905
251160 251107 1777
251160 251159 778
251160 251163 796
251160 251180 2696
251171 251169 847
251171 251172 1675
251171 251183 598
251184 251183 536
251184 251185 1336
251184 251186 869
251174 251172 1906
251174 251173 924
251174 251187 930
251174 251198 1454
251185 251172 930
251185 251184 1336
251185 251187 1906
251215 251198 504
251215 251202 1004
251215 251214 516
251199 251197 445
251199 251200 556
251199 251202 1548
251208 251201 788
251208 251210 573
251208 251211 1719
251223 251209 750
251223 251211 139
251223 251224 905
251210 251208 573
251210 251220 488
251210 263990 887
251225 251213 676
251225 251224 1741
251225 251228 1611
251225 251349 688
251351 251228 688
251351 251349 1611
251351 253253 796
253257 252104 1120
253257 253258 556
253257 253273 1548
252122 252121 1426
252122 252127 756
252122 253273 847
252122 253278 2028
253260 253258 1767
253260 253273 1031
253260 253274 1124
235940 235939 793
235940 235941 715
253410 253409 629
253441 253416 1114
253441 253420 1695
253441 253466 1008
253412 253411 747
253412 253414 987
253484 253446 266
253484 253466 78
253446 253445 1975
253446 253449 747
253446 253484 266
253447 253443 982
253447 253448 1576
253447 253449 2175
253444 253443 1457
253444 253448 598
253444 253453 556
253452 253438 1268
253452 253450 434
253452 253453 681
253454 253438 1032
253454 253453 889
253454 253457 1000
253458 253457 1891
253458 253460 1611
253458 253526 756
253458 253527 1786
253530 253527 1151
253530 253531 1395
253530 253538 877
253531 253529 2028
253531 253530 1395
253531 253540 1653
253531 253546 1356
253545 253540 1322
253545 253546 1576
253545 253548 950
253547 253533 1955
253547 253546 1395
253547 253548 1481
253547 253549 1961
253536 253533 3508
253536 253549 1344
253536 253558 796
253536 253559 1961
253564 253559 713
253564 253561 931
253564 253563 1161
253564 253567 931
253563 253562 869
253563 253564 1161
253563 253569 698
253563 253570 1011
253702 134174 120
253702 253700 2096
253702 253701 2480
261752 253700 99
253705 253704 1437
253705 253708 2090
253706 253704 1467
253706 253709 2138
253712 253711 2145
253712 253715 1007
253712 253717 877
253718 134179 1034
253718 253716 557
253718 253720 1945
253719 253716 3286
253719 253723 1254
253719 253724 536
134133 134132 269
134133 134134 488
134135 134129 1179
134135 134138 580
134135 134139 524
139694 134139 607
134141 134140 475
134141 253560 823
134142 134140 1062
134142 134144 475
253709 253706 2138
253709 253708 580
253709 253713 938
253721 253717 1352
253721 253717 1352
253721 253722 1612
253724 253719 536
253724 253722 2141
253724 253725 872
254866 253901 758
254875 253901 448
254875 255027 1704
236321 236322 109
236321 236323 2346
236321 236324 651
236385 236323 1147
236385 236324 2347
236385 236384 979
236385 263532 2059
236391 236390 645
236391 236393 889
236392 236390 991
261565 261559 1611
261565 261978 631
261565 263545 484
263524 261978 2337
263524 263531 689
263524 263531 689
236308 236042 1697
236308 236309 568
236308 236310 572
236316 236047 576
236316 236310 660
236307 236305 798
236307 236306 1280
236307 236312 623
236307 236313 858
236315 236313 1370
263823 263822 907
263823 263825 712
263823 263832 863
263824 263822 839
263569 263568 740
263569 263572 314
263569 263573 996
263572 263568 426
263572 263569 314
263572 263833 897
236409 236408 1620
236409 261394 738
236415 236410 1790
236415 236414 100
264321 263258 1786
264321 264322 543
261451 236284 897
261451 236290 600
261451 261726 2546
261727 261726 1111
263516 263514 914
263516 263515 1377
263516 263517 46
263535 263514 256
263535 263835 318
263535 263837 1435
236962 236956 2247
236983 236956 3708
236983 262174 2199
236983 262175 1205
236975 236974 1148
263461 236974 1099
236773 236772 960
236781 236772 729
236767 236766 1510
236767 236768 5127
236767 236774 724
236775 236774 1178
236775 261459 1050
236763 236761 2101
236763 236771 1147
236763 236847 3946
236852 236847 1195
236850 236848 1003
236850 236849 226
236853 236849 1129
236864 236854 1555
236864 236866 899
236864 236869 578
236861 236856 750
236861 236867 242
236872 236871 353
236872 236875 763
236873 236871 362
236873 236877 1349
262054 262055 453
262054 263195 291
262869 262059 219
262869 262868 724
262869 263195 409
262050 262051 660
262050 263205 121
264032 264033 793
264037 264033 705
264037 264036 557
264037 264038 1142
263369 236860 18
263369 236862 458
263488 236859 2534
263488 263174 348
263491 236875 1365
263491 263490 186
236890 236877 832
236890 236889 977
236890 262172 1724
236893 236891 1007
236893 236894 850
236893 237009 1517
236893 261466 925
234389 234387 358
231988 231987 2560
231988 234394 806
231988 234435 1707
231984 231985 2208
231984 231986 1889
231984 231987 706
231986 231984 1889
231986 231990 1011
231986 232000 704
231999 231990 1778
231999 232002 921
231999 232003 778
231967 231964 1333
231967 231968 1768
231967 231969 1852
234934 231968 2642
231963 231962 371
235474 231962 334
232004 232003 2329
232012 232003 778
232012 232013 556
232012 232036 1276
232038 232036 980
233086 233136 333
233184 233125 475
233184 233185 445
230737 230738 1671
234118 230738 1964
234118 232013 662
234118 234303 108
232013 232012 556
232013 232014 275
232013 232037 1462
232013 234118 662
233125 233131 866
233125 233184 475
233129 233131 1504
233188 233131 2882
233198 233197 1483
233199 233197 948
233206 233205 1536
233207 233210 1919
233214 233210 980
233214 233249 1611
232006 232010 238
232014 232010 1708
232014 232013 275
232062 232061 5021
232063 232064 3334
232063 232065 1422
232066 232065 1124
232069 232119 2672
232069 232119 2672
232064 232063 3334
232064 232090 3351
232074 232090 948
232093 232091 3245
232095 232091 7144
232087 232099 1341
232645 232644 888
232646 232644 1342
232708 232710 419
232723 232725 946
232726 232725 2561
233517 233518 360
233526 233550 275
233552 233556 336
233557 233555 1472
233557 233556 418
233561 233560 550
233561 233567 627
233568 233567 905
233568 233569 2685
233572 233569 434
233572 233575 2426
235209 235211 988
235212 235211 991
233610 233575 15523
233286 233288 924
233295 233296 333
233298 233296 786
233298 233301 1029
233301 233298 1029
233301 233308 667
262256 262255 552
240309 240308 536
240310 240308 445
244939 244925 2667
248406 244925 3671
240410 240409 1257
248533 240413 3864
248535 240416 975
248562 248564 787
248569 248564 924
248569 248571 1610
248571 248569 1610
248571 248599 818
248571 248609 1061
248609 248571 1061
248609 248612 903
248613 248612 796
248613 248625 2182
248638 248639 707
248638 248640 1932
248595 248640 868
248678 248640 2085
248678 248680 707
248680 248678 707
248680 248736 580
248685 248686 750
248688 248686 950
248688 248690 950
248690 248688 950
248690 248743 1161
248690 248750 950
248750 248690 950
248750 248744 1085
248756 248755 3596
249435 248758 2590
249447 248758 903
249447 249449 1014
248625 248613 2182
248625 248626 354
264159 248631 362
248641 248642 201
248641 248648 2928
248648 248627 688
248648 248641 2928
249449 249447 1014
249449 249451 903
249441 249440 877
249442 249440 418
249468 249471 1085
249776 249777 756
249778 249781 1466
249800 249798 2813
249800 249801 2228
249800 249805 59
249805 249800 59
249805 249818 813
249811 249808 1007
249811 249812 676
249806 249773 1279
249806 249808 1410
249808 249806 1410
249808 249809 889
249808 249811 1007
249857 249858 672
249863 249862 420
249864 249862 1248
249864 249865 604
248388 249865 3318
139755 249214 424
139755 263690 145
139539 251230 296
263690 139755 145
263690 251230 184
139537 249878 320
251233 251231 2340
251233 251232 708
251234 251231 708
133258 251232 472
249893 249883 516
249893 249922 672
249893 249922 672
249893 249923 1225
251242 249926 1022
251242 251241 2250
251250 249926 1950
251250 251249 649
249923 249893 1225
249923 251241 930
251253 251249 1729
250796 250084 847
250790 250119 983
250790 250120 551
250790 250791 628
250792 250158 708
250792 250791 2813
250119 250118 1257
250119 250157 713
250119 250790 983
250789 250120 475
250143 250140 884
250143 250142 750
250150 250140 982
250086 250088 788
250090 250088 847
250090 250144 847
250144 250090 847
250144 250142 2110
250157 250117 1336
250157 250119 713
250157 250153 847
250164 250159 1483
250827 250159 354
250080 250079 1917
250082 250079 750
264161 250079 628
250801 250799 983
250801 250822 1114
250822 250801 1114
250822 250816 1533
250823 250816 275
261598 251017 238
250861 250859 2141
250861 250860 604
250862 250859 750
250862 250973 2542
250854 250860 2340
250999 250972 750
250999 251001 750
250999 251003 1114
251000 250972 1584
251000 251081 818
251081 250973 750
251081 251000 818
250773 250776 1322
250998 250997 516
253279 252127 336
253279 253280 1004
253279 253314 284
253280 253279 1004
253280 253310 688
253280 253315 1819
253278 252122 2028
253278 253310 1062
253311 253310 562
253311 253318 1764
253319 253318 893
253319 253324 778
253324 253319 778
253324 253326 434
253327 253326 3276
253327 253336 788
253344 253337 2902
253421 253337 876
253421 262204 600
253397 253393 539
262204 253393 711
262204 253421 600
264266 253393 189
253395 253396 1188
251001 250999 750
251001 251006 139
251104 251103 445
251104 251105 445
251105 251104 445
251105 251158 1777
251159 251158 782
251159 251160 778
251159 251179 2541
251107 251160 1777
251163 251160 796
251163 251169 504
251169 251163 504
251169 251171 847
251172 251171 1675
251172 251174 1906
251172 251185 930
251173 251174 924
251173 251197 1675
251198 251174 1454
251198 251197 950
251198 251215 504
251197 251173 1675
251197 251198 950
251197 251199 445
251200 251199 556
251200 251201 445
251201 251200 445
251201 251208 788
251201 251209 2407
251209 251201 2407
251209 251213 2665
251209 251223 750
263990 251210 887
251213 251209 2665
251213 251225 676
251349 251225 688
251349 251351 1611
253253 251351 796
253258 253257 556
253258 253260 1767
253274 253260 1124
253416 253441 1114
253414 253412 987
253445 253446 1975
253443 253444 1457
253443 253447 982
253448 253444 598
253448 253447 1576
253438 253452 1268
253438 253454 1032
253450 253452 434
253457 253454 1000
253457 253458 1891
253526 253458 756
253527 253458 1786
253527 253530 1151
253529 253531 2028
253546 253531 1356
253546 253545 1576
253546 253547 1395
253533 253536 3508
253533 253547 1955
253558 253536 796
253558 253560 713
253558 253561 931
253561 253558 931
253561 253562 1031
253561 253564 931
253562 134144 698
253562 253560 1025
253562 253561 1031
253562 253563 869
253569 253563 698
134174 253702 120
253711 253712 2145
253711 253713 2585
253717 253712 877
253717 253721 1352
253717 253721 1352
134179 253718 1034
253720 253718 1945
253720 253723 551
253723 253719 1254
253723 253720 551
134132 134133 269
134129 134135 1179
134138 134135 580
253560 134141 823
253560 253558 713
253560 253562 1025
134144 134142 475
134144 253562 698
253713 253709 938
253713 253711 2585
253725 253724 872
255027 254875 1704
236322 236321 109
236323 236321 2346
236323 236385 1147
236384 236385 979
263532 236385 2059
236393 236391 889
261559 261565 1611
263545 261565 484
263531 263524 689
263531 263524 689
236042 236308 1697
236309 236308 568
236047 236316 576
236305 236307 798
236306 236307 1280
236312 236307 623
263825 263823 712
263832 263823 863
263573 263569 996
263833 263572 897
236408 236409 1620
236414 236415 100
264322 264321 543
236284 261451 897
236290 261451 600
263515 263516 1377
263517 263516 46
263835 263535 318
263837 263535 1435
262174 236983 2199
262175 236983 1205
236766 236761 3589
236766 236767 1510
236768 236767 5127
261459 236775 1050
236761 236763 2101
236761 236766 3589
236771 236763 1147
236848 236850 1003
236854 236864 1555
236869 236864 578
236856 236860 1528
236856 236861 750
262055 262054 453
262059 262869 219
262868 262869 724
262051 262050 660
264036 264037 557
264038 264037 1142
236860 236856 1528
236860 263369 18
236859 263488 2534
236889 236890 977
236889 236891 918
262172 236890 1724
236891 236889 918
236891 236893 1007
236894 236893 850
237009 236893 1517
234394 231988 806
231985 231984 2208
232000 231986 704
232002 231999 921
231964 231967 1333
231969 231967 1852
393
225013
233140
232034
233186
233193
233208
233211
233248
232107
232070
232096
232102
232658
232657
232666
232716
232717
232718
232745
233463
227756
233520
233532
233536
233543
233563
235299
233605
233607
233252
233307
233310
262269
262270
240312
240319
240408
240417
240418
240421
240424
240444
248563
240443
240453
248605
248607
248656
248739
248740
248747
248754
248630
248645
249330
249333
249345
249351
249455
249461
249452
249464
249780
249789
249783
249819
249821
249831
249839
249829
249910
249842
249850
249815
249813
249845
249844
249867
249868
249880
249887
249920
249925
250114
250136
250134
250151
250154
250076
250078
249796
249803
249823
250787
250813
250805
250812
250818
250798
250717
250720
250726
251010
251012
250857
250970
250987
250778
250947
250950
250988
252128
252169
253317
253328
253329
253332
253385
250978
253386
250981
250995
251047
251015
250954
251020
251053
251050
251176
251181
251188
251032
251916
251920
251195
251192
251194
251216
251218
251221
251222
251227
252102
252108
252120
252400
253404
253407
253419
253462
253413
252467
253467
253468
253470
253498
253485
253492
253455
253539
253542
253555
253566
253568
253697
253692
253695
253707
253714
134137
137182
253710
253882
253900
236389
263411
263542
236314
263821
263570
261395
236411
261399
236297
236957
236921
236776
236783
236928
236952
236868
236870
262041
263196
236897
264034
236879
236863
236874
236876
236892
262084
231959
231989
231960
231972
232022
232026
232040
234934
232004
232012
233086
233184
233125
233129
233188
233199
233207
233214
232006
232062
232063
232069
232064
232074
232093
232087
232645
232646
232708
232723
232726
233517
233526
233552
233557
233568
233572
233610
233286
233295
233298
233301
248406
248533
248535
248562
248569
248571
248609
248613
248638
248595
248678
248680
248685
248688
248690
248750
248756
249435
248625
248641
248648
249449
249442
249468
249776
249778
249806
249857
249864
248388
139755
139539
139537
251233
251234
133258
251242
251250
249923
251253
250796
250792
250143
250150
250086
250090
250144
250164
250827
250082
250801
250822
250823
250861
250862
250854
250999
251081
250773
253278
253311
253319
253324
253327
253344
253397
262204
264266
253395
251001
251105
251159
251107
251163
251169
251172
251173
251197
251201
251209
251213
251349
253253
253258
253274
253416
253414
253445
253443
253448
253438
253450
253457
253526
253527
253529
253546
253533
134174
134179
253720
253723
134132
134129
134138
253560
255027
236322
236323
236384
263532
261559
263545
263531
236042
236047
236305
236306
236312
263825
263573
236284
236290
263515
263517
263835
263837
236766
236768
236761
236848
236854
236856
262055
262059
262868
262051
236859
236889
262172
236891
236894
237009
234394
231985
232000
232002
231964
231969
