942
157962 157967 678
157962 158004 485
157786 157787 1907
157985 157986 848
157958 157989 1423
157987 157986 1748
157987 157988 613
157780 157781 684
157780 157782 538
185757 185758 847
185757 185759 452
178475 178474 750
178475 178477 983
178478 178477 826
178478 185366 649
178469 178470 1374
178469 178482 1975
178487 178486 371
178487 178501 1363
178470 178469 1374
178470 178481 2350
178470 186107 1126
178474 178475 750
178474 178479 983
178221 178222 140
178221 178222 140
178235 178223 1617
178235 178236 500
178225 178224 1550
178518 178535 782
178415 186174 165
178438 178439 2028
178438 178457 3096
172115 157929 850
172115 172116 2138
158030 158029 879
158030 158700 2227
158701 158700 808
158701 158706 1995
158707 158706 874
158707 158727 2644
158723 158693 518
158729 158728 1984
158729 172139 705
155652 155653 1207
155652 158692 570
158795 158794 475
158692 155652 570
158692 158691 872
158692 158763 2688
158765 158759 1140
158765 158794 1118
158804 158792 1145
158804 158970 848
158965 158967 791
158965 158983 1744
159031 159030 344
159031 172118 752
159054 159055 511
159054 159089 2963
159091 159092 2672
159091 159099 710
159098 159099 924
159049 159050 404
159103 159104 3920
159103 161095 872
161277 161276 921
161279 161278 3233
213166 213163 756
213166 213165 1146
213166 213169 1016
213173 213169 868
213173 213198 1021
213165 213160 773
213165 213166 1146
161471 161466 1334
161471 161470 591
161466 161467 344
161466 161468 768
161466 161471 1334
213277 213275 300
213277 213278 768
213281 213283 519
206759 209294 1057
206759 213272 722
213200 213198 846
213200 213201 1496
161987 161986 2610
161987 161992 717
213285 213284 931
213285 213328 897
213327 213329 459
161981 161980 333
161981 161986 829
161981 162021 2880
159964 159963 419
161979 161980 3121
161979 161985 1658
162188 161985 796
162188 162190 337
162190 162188 337
162190 162189 1782
162023 161980 2660
162023 162021 2852
162198 162199 1161
162203 162202 1032
162201 162200 553
162201 162202 2367
162217 162218 864
169590 169589 837
169590 169631 782
169590 169632 935
169590 169635 2829
169636 169634 881
169610 169611 344
169610 169633 685
169589 169590 837
169589 169631 601
169284 169618 1423
169662 169663 613
169662 169666 1764
170527 170526 475
170519 170518 688
170519 172203 618
170517 170518 1227
170517 170523 782
170517 170678 1826
170677 170678 1454
170677 170681 1096
168362 168361 253
170080 170072 713
170466 170072 767
170466 170465 759
170461 170468 767
170461 170471 1336
170465 170466 759
170465 170474 672
170468 170461 767
170468 170471 1485
170548 170599 848
170548 170607 1105
170552 170551 611
170552 170607 1426
170096 170097 752
170096 170599 1382
170096 170601 474
170550 170551 984
170550 170559 1906
170557 170558 667
170557 170565 928
170558 170557 667
170558 170559 1085
170558 170564 1537
170553 170526 1447
170553 170566 2016
170553 170696 506
172568 172567 466
169690 169558 1534
169690 169691 1675
169557 169556 924
169686 169688 1227
169686 170112 747
170075 170092 767
169891 169892 495
169896 169895 746
169461 169663 1211
169482 169663 986
169482 169671 1768
169669 169670 1578
169669 169671 1229
169669 169672 1030
169670 169522 1818
169670 169669 1578
169670 169679 1977
169523 169521 1067
169523 169544 553
169522 169521 1439
169522 169539 1221
169522 169559 710
169522 169670 1818
169540 169539 1032
118542 118543 626
118542 118544 373
118545 118654 556
118653 118654 678
118653 119441 1947
95122 95121 1398
95122 95123 1944
95149 95495 1628
95149 101909 6579
95150 95214 557
95150 95215 511
95026 95022 806
95026 95027 1257
95083 95027 1482
95083 95089 373
95083 95090 1025
95090 95083 1025
95090 95093 1139
95092 95151 688
95092 95154 950
95092 95155 1160
95126 95127 847
94916 94910 3571
94916 94915 1830
102048 94925 2484
97397 97398 275
94254 94255 85
94254 94257 971
102439 94255 1024
102439 102442 635
102445 94239 47
93630 93631 627
93630 94259 508
94259 93630 508
94259 94260 947
94259 94275 1273
94284 94263 1139
94284 94268 1015
94284 94285 750
94285 94284 750
94285 94286 788
94291 94288 2211
94298 94299 809
94298 94300 696
108904 108909 2557
108956 108931 778
108956 108957 420
94318 94322 1014
94318 94323 796
50063 50091 884
50063 50092 750
50067 50064 1197
50072 50071 672
50072 50073 222
50072 50074 733
94249 94250 879
94249 94262 1813
94228 94241 588
94228 94242 1014
94204 94205 1861
94204 94208 1636
94209 94208 862
94209 94213 701
94209 94216 309
97399 97400 496
97402 97401 938
97402 97403 1401
97410 102517 573
97401 97398 803
97401 97402 938
97414 97412 2754
97414 97423 275
97473 102042 1364
97477 102960 329
97469 97470 1071
97469 102334 3415
97498 97549 996
97498 97550 598
97548 97564 1375
97595 97590 788
97595 97593 1576
97596 97587 580
97596 97598 929
97599 97580 1948
97604 97602 983
97598 97596 929
97598 102840 1801
97615 102840 884
97606 97602 737
97606 97609 1356
97606 97610 950
97610 97606 950
97610 97621 950
97610 98161 1395
97619 97620 1008
97619 97621 2004
97611 97612 1743
97640 97620 1395
97640 97643 314
97640 97644 1768
102232 102003 3729
102232 102233 1006
102240 102002 4055
95718 102283 1005
102224 102223 1651
100625 100618 491
100625 102235 1052
100632 100630 1482
93469 93470 1867
93469 102024 350
93451 93452 1248
93451 93453 562
93470 93452 2607
93470 93469 1867
93476 93467 1427
102025 102026 1150
93483 93508 4688
93484 93480 1973
93484 94078 556
94075 94076 452
94075 94077 3275
94078 93484 556
94078 94080 1496
94079 94080 2407
94079 94081 629
98548 95165 5989
98548 98552 2358
101999 102000 920
101999 103228 834
98265 98136 5478
98265 98271 139
98265 98298 975
98310 98271 2402
98310 98311 511
98485 102524 1254
98486 98489 926
191333 191458 2160
194413 194414 1326
194413 194415 1094
191467 191079 2192
191126 191396 76
191216 191217 829
191281 191368 776
191281 191391 1881
118492 118494 1246
118492 118509 4688
191371 191105 4341
191283 191464 1610
191283 191465 2062
118611 118610 6668
118611 118683 6726
118678 118679 1796
118678 118681 1009
118620 118621 1592
118620 118622 1203
118700 118691 1250
118702 118690 803
108910 108908 2085
108910 108944 848
50097 50096 1177
108941 108942 333
108917 108918 354
50222 50098 5396
108988 108987 764
108988 109010 1454
108988 113777 588
108970 108955 2308
108970 108975 2352
108975 108970 2352
108975 108974 2752
109075 108955 557
50213 50214 806
50213 50215 2118
50214 50213 806
50214 50216 1085
50217 50219 1466
50217 50459 191
109112 109113 238
109112 109147 562
109180 109176 452
109180 113655 504
109148 109149 503
109040 109041 1576
109040 109044 747
109170 109128 648
109170 109152 551
109143 109144 562
109147 109112 562
109147 109146 598
36047 36009 3288
36047 36045 950
35568 35563 3541
35568 36136 2003
36142 36149 1208
36143 35569 750
36143 35574 1008
35552 35553 1446
35552 35562 418
36009 36047 3288
44188 50513 299
50513 44188 299
35758 35771 3188
35771 35758 3188
37434 37438 650
35672 35665 84
35665 35672 84
35626 35630 168
35630 35626 168
35631 36218 983
36218 35631 983
35653 35654 1008
35654 35653 1008
37438 37434 650
37708 37707 2280
37710 37707 873
35855 35858 828
35858 35855 828
37707 37708 2280
37707 37710 873
36005 37862 2365
37862 36005 2365
41438 41454 713
41454 41438 713
46679 46686 713
46685 46696 1457
46686 46679 713
46696 46685 1457
46766 46767 928
46767 46766 928
126885 126884 1534
127205 127210 673
127210 127205 673
127212 127214 1228
127177 127214 848
127214 127177 848
127214 127212 1228
127185 127186 518
127186 127185 518
127280 127311 1483
127311 127280 1483
127318 127337 843
127337 127318 843
127338 127324 1454
127338 127340 850
127340 127338 850
126895 46202 452
46202 126895 452
126884 126885 1534
46193 46191 610
46191 46193 610
46416 46449 1144
46449 46416 1144
46449 46455 1339
46455 46449 1339
127324 127338 1454
127790 127793 940
127793 127790 940
129584 129605 222
129605 129584 222
129674 129677 924
129677 129674 924
121327 121391 631
121391 121327 631
69982 69983 561
69983 69982 561
129806 129805 650
129805 129806 650
129748 129747 752
129761 129906 1010
129906 129761 1010
129747 129748 752
218449 218448 1603
218449 218465 2016
218465 218449 2016
218629 218467 2979
218467 218629 2979
219392 219377 2083
219378 219377 994
219377 219378 994
219377 219392 2083
218703 218572 852
218703 218706 1128
218572 218703 852
218679 218677 1459
218706 218703 1128
218665 218695 1861
218677 218679 1459
218853 218854 1562
218854 218853 1562
218448 218449 1603
218517 218532 608
218532 218517 608
218695 218665 1861
223058 223065 1059
223065 223058 1059
150850 150852 2133
150852 150850 2133
149086 149083 1184
151164 151162 768
147378 147403 2289
151162 151164 768
147403 147378 2289
147456 147650 2159
147650 147456 2159
147716 147717 1167
147717 147716 1167
148864 148858 825
148858 148864 825
148906 148947 884
148947 148906 884
151700 148948 392
148948 151700 392
148957 148963 1011
148963 148957 1011
149083 149086 1184
150035 150039 1152
150039 150035 1152
150163 150165 801
150116 150106 715
150106 150116 715
150165 150163 801
214745 215040 657
215040 214745 657
204976 204971 684
204971 204976 684
205036 205044 1073
205044 205036 1073
168875 168874 710
168874 168875 710
168764 168763 1445
168763 168764 1445
168818 168817 422
168817 168818 422
162454 162453 445
162453 162454 445
154042 154127 791
154127 154042 791
154995 154997 1919
154997 154995 1919
154997 154999 1919
154999 154997 1919
155148 155149 1675
155149 155148 1675
155366 155367 1055
155367 155366 1055
157975 157974 1154
157975 158029 650
157974 157975 1154
158039 158004 242
157967 157962 678
157967 157989 767
158004 157962 485
158004 158039 242
157787 157786 1907
157787 157986 239
157986 157787 239
157986 157985 848
157986 157987 1748
157989 157958 1423
157989 157967 767
157989 157988 1347
157988 157987 613
157988 157989 1347
157781 157780 684
157782 157780 538
185758 185757 847
185759 185757 452
178477 178475 983
178477 178478 826
178477 178479 750
185366 178478 649
178482 178469 1975
178482 178481 564
178486 178487 371
178501 178487 1363
178481 178470 2350
178481 178482 564
186107 178470 1126
178479 178474 983
178479 178477 750
178222 178221 140
178222 178221 140
178222 178223 1492
178223 178222 1492
178223 178224 1270
178223 178235 1617
178236 178235 500
178224 178223 1270
178224 178225 1550
178535 178518 782
186174 178415 165
178439 178438 2028
178457 178438 3096
157929 172115 850
172116 172115 2138
158029 157975 650
158029 158030 879
158700 158030 2227
158700 158701 808
158706 158701 1995
158706 158707 874
158727 158707 2644
158727 158728 953
158693 158691 436
158693 158723 518
158728 158727 953
158728 158729 1984
172139 158729 705
155653 155652 1207
158794 158765 1118
158794 158792 344
158794 158795 475
158691 158692 872
158691 158693 436
158763 158692 2688
158759 158765 1140
158792 158794 344
158792 158804 1145
158970 158804 848
158967 158965 791
158983 158965 1744
159030 159031 344
172118 159031 752
159055 159054 511
159089 159054 2963
159092 159091 2672
159092 159099 2497
159099 159091 710
159099 159092 2497
159099 159098 924
159050 159049 404
159104 159103 3920
161095 159103 872
161276 161277 921
161278 161279 3233
213163 213160 1141
213163 213166 756
213169 213166 1016
213169 213173 868
213198 213173 1021
213198 213200 846
213160 213163 1141
213160 213165 773
161470 161468 1234
161470 161471 591
161467 161466 344
161468 161466 768
161468 161470 1234
213275 213277 300
213278 213277 768
213283 213281 519
213283 213284 791
209294 206759 1057
213272 206759 722
213201 213200 1496
161986 161981 829
161986 161987 2610
161992 161987 717
213284 213283 791
213284 213285 931
213328 213285 897
213328 213329 969
213329 213327 459
213329 213328 969
161980 161979 3121
161980 161981 333
161980 162023 2660
162021 161981 2880
162021 162023 2852
159963 159964 419
161985 161979 1658
161985 162188 796
162189 162190 1782
162199 162198 1161
162199 162200 2248
162199 162200 2248
162202 162201 2367
162202 162203 1032
162200 162199 2248
162200 162199 2248
162200 162201 553
162218 162217 864
169631 169589 601
169631 169590 782
169631 169611 667
169632 169590 935
169632 169633 1558
169635 169590 2829
169635 169634 1674
169634 169635 1674
169634 169636 881
169611 169610 344
169611 169631 667
169633 169610 685
169633 169632 1558
169618 169284 1423
169663 169461 1211
169663 169482 986
169663 169662 613
169666 169662 1764
169666 169671 1081
170526 170527 475
170526 170553 1447
170518 170517 1227
170518 170519 688
172203 170519 618
170523 170517 782
170678 170517 1826
170678 170677 1454
170681 170677 1096
168361 168362 253
170072 170080 713
170072 170466 767
170471 170461 1336
170471 170468 1485
170474 170465 672
170599 170096 1382
170599 170548 848
170607 170548 1105
170607 170552 1426
170551 170550 984
170551 170552 611
170097 170096 752
170601 170096 474
170559 170550 1906
170559 170558 1085
170565 170557 928
170565 170566 889
170564 170558 1537
170566 170553 2016
170566 170565 889
170566 170696 2016
170696 170553 506
170696 170566 2016
172567 172568 466
169558 169556 1055
169558 169559 2344
169558 169690 1534
169691 169690 1675
169556 169557 924
169556 169558 1055
169688 169686 1227
170112 169686 747
170092 170075 767
169892 169891 495
169892 169895 1066
169895 169892 1066
169895 169896 746
169671 169482 1768
169671 169666 1081
169671 169669 1229
169672 169669 1030
169679 169670 1977
169521 169522 1439
169521 169523 1067
169544 169523 553
169539 169522 1221
169539 169540 1032
169559 169522 710
169559 169558 2344
118543 118542 626
118544 118542 373
118654 118545 556
118654 118653 678
119441 118653 1947
95121 95122 1398
95123 95122 1944
95495 95149 1628
101909 95149 6579
95214 95150 557
95214 95215 588
95215 95150 511
95215 95214 588
95022 95026 806
95027 95026 1257
95027 95083 1482
95089 95083 373
95093 95090 1139
95151 95092 688
95154 95092 950
95155 95092 1160
95127 95126 847
94910 94916 3571
94915 94916 1830
94925 102048 2484
97398 97397 275
97398 97401 803
94255 94254 85
94255 102439 1024
94257 94254 971
102442 102439 635
94239 102445 47
93631 93630 627
94260 94259 947
94260 94268 152
94275 94259 1273
94263 94262 1066
94263 94284 1139
94268 94260 152
94268 94284 1015
94286 94285 788
94286 94288 473
94288 94286 473
94288 94291 2211
94299 94298 809
94300 94298 696
108909 108904 2557
108909 108908 1893
108931 108956 778
108957 108956 420
94322 94318 1014
94323 94318 796
50091 50063 884
50092 50063 750
50064 50067 1197
50071 50072 672
50073 50072 222
50074 50072 733
94250 94249 879
94262 94249 1813
94262 94263 1066
94241 94228 588
94242 94228 1014
94205 94204 1861
94208 94204 1636
94208 94209 862
94213 94209 701
94216 94209 309
97400 97399 496
97403 97402 1401
102517 97410 573
97412 97414 2754
97423 97414 275
102042 97473 1364
102960 97477 329
97470 97469 1071
102334 97469 3415
97549 97498 996
97550 97498 598
97564 97548 1375
97590 97595 788
97593 97595 1576
97587 97596 580
97580 97599 1948
97580 97602 1078
97602 97580 1078
97602 97604 983
97602 97606 737
102840 97598 1801
102840 97615 884
97609 97606 1356
97609 98161 877
97621 97610 950
97621 97619 2004
98161 97609 877
98161 97610 1395
97620 97619 1008
97620 97640 1395
97612 97611 1743
97643 97640 314
97644 97640 1768
102003 100618 784
102003 102002 1423
102003 102232 3729
102233 102232 1006
102002 102003 1423
102002 102240 4055
102283 95718 1005
102223 102224 1651
100618 100625 491
100618 102003 784
102235 100625 1052
100630 100632 1482
102024 93469 350
93452 93451 1248
93452 93470 2607
93453 93451 562
93467 93476 1427
102026 102025 1150
93508 93483 4688
93480 93484 1973
94076 94075 452
94077 94075 3275
94080 94078 1496
94080 94079 2407
94081 94079 629
95165 98548 5989
98552 98548 2358
102000 101999 920
103228 101999 834
98136 98265 5478
98271 98265 139
98271 98310 2402
98298 98265 975
98311 98310 511
102524 98485 1254
98489 98486 926
191458 191333 2160
194414 194413 1326
194415 194413 1094
191079 191467 2192
191396 191126 76
191217 191216 829
191368 191281 776
191391 191281 1881
118494 118492 1246
118509 118492 4688
191105 191371 4341
191464 191283 1610
191465 191283 2062
118610 118611 6668
118610 118683 1935
118683 118610 1935
118683 118611 6726
118679 118678 1796
118681 118678 1009
118621 118620 1592
118622 118620 1203
118691 118690 1069
118691 118700 1250
118690 118691 1069
118690 118702 803
108908 108909 1893
108908 108910 2085
108944 108910 848
50096 50097 1177
108942 108941 333
108918 108917 354
50098 50222 5396
108987 108988 764
109010 108988 1454
113777 108988 588
108955 108970 2308
108955 109075 557
108974 108975 2752
50215 50213 2118
50215 50216 788
50216 50214 1085
50216 50215 788
50219 50217 1466
50459 50217 191
109113 109112 238
109176 109180 452
113655 109180 504
109149 109148 503
109041 109040 1576
109044 109040 747
109044 109128 452
109128 109044 452
109128 109170 648
109152 109170 551
109144 109143 562
109146 109147 598
36045 36047 950
35563 35568 3541
36136 35568 2003
36149 36142 1208
35569 36143 750
35574 36143 1008
35553 35552 1446
35562 35552 418
909
157962
157786
157985
157958
157987
157780
185757
178475
178478
178469
178487
178470
178474
178221
178235
178225
178518
178415
178438
172115
158030
158701
158707
158723
158729
155652
158795
158692
158765
158804
158965
159031
159054
159091
159098
159049
159103
161277
161279
213166
213173
213165
161471
161466
213277
213281
206759
213200
161987
213285
213327
161981
159964
161979
162188
162190
162023
162198
162203
162201
162217
169590
169636
169610
169589
169284
169662
170527
170519
170517
170677
168362
170080
170466
170461
170465
170468
170548
170552
170096
170550
170557
170558
170553
172568
169690
169557
169686
170075
169891
169896
169461
169482
169669
169670
169523
169522
169540
118542
118545
118653
95122
95149
95150
95026
95083
95090
95092
95126
94916
102048
97397
94254
102439
102445
93630
94259
94284
94285
94291
94298
108904
108956
94318
50063
50067
50072
94249
94228
94204
94209
97399
97402
97410
97401
97414
97473
97477
97469
97498
97548
97595
97596
97599
97604
97598
97615
97606
97610
97619
97611
97640
102232
102240
95718
102224
100625
100632
93469
93451
93470
93476
102025
93483
93484
94075
94078
94079
98548
101999
98265
98310
98485
98486
191333
194413
191467
191126
191216
191281
118492
191371
191283
118611
118678
118620
118700
118702
108910
50097
108941
108917
50222
108988
108970
108975
109075
50213
50214
50217
109112
109180
109148
109040
109170
109143
109147
36047
35568
36142
36143
35552
35565
36056
36062
36067
36174
36173
36256
36259
36264
36340
36341
36009
50199
35509
50209
36015
36018
44174
46434
35689
44158
44162
44188
50513
35696
44179
44576
44579
41727
50544
44594
50533
50536
35715
35728
35767
35743
35765
35758
35771
37401
37411
37434
35672
36229
35665
35626
35634
35630
35631
35639
36225
36218
36268
36276
35653
35664
35667
35654
35655
37431
37432
37438
37714
37719
37717
37708
37710
35855
35858
35880
35879
35891
37707
35873
35895
35986
35894
37833
37848
37868
44369
37869
37908
36005
36002
41424
37862
41416
41448
41438
46580
46585
46613
41454
46616
46624
46623
46679
46683
46685
46686
46696
46783
46766
46786
46774
46726
46767
46770
46720
46711
46466
46471
47036
126885
127205
127210
127212
127177
127178
127214
127192
127067
127116
127074
127077
127117
127135
127134
127078
127185
127186
127285
127280
127311
127312
127318
127337
127338
127340
126895
46202
46203
132311
126825
126868
126859
126836
126882
126884
46193
46181
46191
46182
46243
46419
46415
46416
46250
46449
46455
46223
127290
127352
127440
132397
127349
127346
132314
127659
127658
127662
127695
127699
127716
127804
127324
130331
130332
130334
130366
130373
127751
127753
127746
127802
127797
127761
127765
127785
127788
127790
127793
129334
129384
129398
129584
129596
129598
129605
129614
129674
129677
129693
129701
129706
129863
129868
121302
121378
121381
121327
121387
121391
121392
121411
70011
70271
70278
70281
69973
69940
69982
69954
69971
69955
69983
69975
56835
69860
69898
129723
129726
129731
129735
129781
129725
129751
129793
129797
129788
129800
129806
129805
129883
130333
129748
129744
129745
129755
129761
129906
121336
121337
129747
130409
121349
121350
218144
218449
218465
218629
218467
218468
219011
219022
219025
219383
219392
219043
219378
219377
218696
218544
218703
218704
218572
218679
218583
218706
218530
218665
218677
218641
218839
218844
218853
218854
218872
218890
218894
218868
218869
218881
218915
218448
224827
218623
216060
224077
218628
224452
224380
218517
224054
218532
218695
218699
218737
222965
218744
222967
223070
223071
223083
223066
223067
223085
223113
223058
223065
223103
223105
223107
150850
150852
151005
151014
143889
149086
149128
149254
149278
149280
149293
149502
146958
149538
149546
150031
146602
151029
151105
151145
151167
151164
147373
151281
147378
151278
151183
151182
151162
147403
147431
147443
147446
147456
147650
147653
147667
147699
147703
147716
147719
147717
147730
147741
148855
148864
148858
148876
146962
148902
148906
148947
151700
148948
148955
148957
148963
148971
148979
149069
149155
149157
149083
212714
212743
212749
212750
212747
212765
150035
150039
146981
150081
150082
150064
150067
150072
150163
150109
150116
150106
150107
150165
150110
150088
150201
150210
150211
150236
150241
150250
151916
214745
215037
214914
215040
204975
204976
204972
204971
205036
205044
154008
154031
154019
168875
168874
168904
168403
168407
168405
168764
170729
168763
168768
168781
168818
168782
171213
168817
168822
168827
168933
168934
168913
162414
168944
162425
162431
168918
162454
162453
168869
154042
154127
154130
154133
154101
154112
154350
157866
157869
158186
157871
154448
154442
154440
154988
154995
154997
154999
155049
157845
155088
155090
155095
155148
157918
158618
157920
155149
155154
155366
155367
155407
159734
159810
157777
159932
157975
157974
157978
158022
158039
157967
158004
157787
157988
178482
178486
178501
178481
178479
178224
178535
178439
178457
157929
158029
158700
158706
158727
158691
158759
158792
158970
158967
158983
159030
159055
159089
159092
159104
161095
161276
161278
213163
213169
213198
213160
161468
213275
213278
213283
209294
213272
213201
161986
161992
213284
213328
213329
162021
159963
161985
162189
162218
169632
169635
169634
169618
169666
170526
170523
170678
168361
170072
170471
170474
170599
170607
170551
170601
170559
170565
170564
170696
169558
169556
169688
169895
169672
169679
169521
169544
169539
169559
118654
95121
95495
101909
95214
95215
95022
95027
95151
95154
95155
95127
94910
94915
94925
94257
102442
94239
94260
94263
94268
94286
94288
94300
108931
108957
94322
94323
50092
50064
50071
50073
50074
94250
94262
94241
94208
94213
97403
97412
97423
102042
97470
102334
97564
97590
97593
97587
97580
97602
102840
97609
97621
98161
97620
97612
97643
102003
102283
102223
100618
102235
100630
102024
93452
93467
93508
93480
94080
95165
98552
98136
98271
98298
98311
98489
191458
191217
191368
191391
118509
191105
191464
191465
118610
118683
118679
118681
118622
118691
118690
108908
108944
50096
50098
109010
108955
108974
50215
50216
50219
109176
109149
109041
109044
109152
109144
109146
36045
35563
36136
36149
35569
35574
35562
