1330
72072 72070 1348
72076 72073 452
71862 71863 812
71862 72032 500
71832 71831 1022
71832 71835 1275
71832 72020 1019
78586 69034 3392
69075 69046 608
69084 69073 711
69074 69070 873
69074 69073 1484
69089 69087 951
69089 69491 1259
71823 71824 445
71823 71825 2207
71847 71848 1103
71847 71849 672
72132 72133 2866
72132 72369 227
72132 78827 261
72372 72371 811
72372 72373 2037
72331 72384 1701
72382 72383 830
72382 72384 949
72439 72450 796
72528 72531 374
72528 72532 1038
72530 72532 747
72530 72535 676
72535 72530 676
72535 72585 1107
72584 72587 1231
69259 69261 351
69262 69257 1082
69696 69701 729
69696 69704 509
69694 69700 1023
69694 69701 642
69621 69623 782
69626 69623 1486
69626 69628 452
220786 220790 845
220786 224269 1664
220813 220788 456
220813 220815 1580
220823 220824 762
216024 216023 1187
220803 220802 912
220864 220824 2175
220864 220865 788
220868 220865 2388
220868 220874 822
215838 215839 1960
215838 220874 2371
215838 220878 793
221137 221129 812
221137 221139 2373
219189 219193 645
221176 219193 982
220332 220599 2245
220580 218426 2557
220580 220625 1181
220595 220616 2071
220595 224564 906
219111 219244 184
219111 219245 183
220327 220329 186
220327 220330 346
220361 220362 772
220361 220366 867
220373 220372 803
220373 220374 1585
220388 220375 864
220388 220389 345
220388 220396 1044
220388 224271 1996
220675 220396 1919
220675 220677 2412
218407 224256 777
220376 220375 682
220036 220037 1297
220036 220240 5064
220036 220248 3223
220255 220260 406
220267 218058 1811
220429 220403 204
220430 220432 1000
220430 220440 767
220244 220240 2492
220244 220243 878
220030 220032 2419
220030 220245 2307
220237 220031 1499
220237 220242 633
220231 220233 467
220231 220241 2746
220879 220880 328
220328 220329 371
220328 220331 577
215684 218426 1486
218191 218426 1088
218191 220625 2561
219346 219310 1730
219346 219347 830
217996 219705 2060
219689 219690 777
219689 219690 777
219689 219706 2104
219372 219374 419
219372 219700 2728
219692 219691 888
219692 219691 888
224933 224934 123
219662 219678 798
219662 219682 2534
219672 219705 804
219673 219674 1551
219673 219675 952
219364 219350 834
219364 219365 1040
219364 219368 2405
219369 219368 765
219369 219375 2473
219369 219693 580
219348 219314 1727
219348 219347 765
219348 219350 1624
219348 219352 743
219198 219193 515
221128 221129 1263
221158 221140 408
221158 221142 376
221158 221151 3336
221198 219302 366
221198 221329 896
221205 221193 1321
221205 224357 932
221141 221142 973
221141 221143 775
221188 221184 2317
221188 221187 320
221188 221189 789
219218 219217 809
219218 219302 833
219301 219217 750
219301 219304 1661
219303 219298 746
219303 219304 826
219303 219314 2017
219298 219303 746
219298 219312 2013
219310 219312 750
219310 219346 1730
216401 216404 1877
224370 224371 84
216386 224371 697
216396 216408 1286
216396 216447 2473
216393 216394 837
216397 216408 1210
216397 216424 1095
216000 216001 1715
216000 216003 401
215667 215668 276
224163 215600 1793
215599 215600 1091
215599 215604 1019
215545 215544 769
224703 224162 3515
224703 224704 132
224703 224705 169
215648 215642 1267
215648 224701 1248
215649 215643 1292
215649 215650 968
215655 215650 319
215655 215658 2786
215782 215784 490
215782 215787 1226
215782 215805 2011
215817 215810 760
215817 215816 750
215549 215548 517
215549 215551 1099
215549 215565 1299
215617 215551 788
215617 215620 279
215622 215620 559
215622 215771 1945
215771 215622 1945
215771 215690 690
215889 215911 1448
215889 215913 756
215892 215887 327
215892 215903 279
215803 215802 1392
215803 215804 712
215802 215784 1277
215802 215803 1392
215884 215843 1051
215884 215922 1089
215885 215933 599
215885 224958 293
215913 215889 756
215913 215912 1436
215913 215915 792
215914 215920 150
215935 215930 1840
215935 215933 766
215935 215938 691
215937 215938 443
215937 215952 833
215952 215937 833
215952 215953 531
215952 215955 726
215956 215919 727
215956 215958 833
215956 217283 282
217305 217302 274
217305 217303 392
217305 217308 1240
215454 215455 421
215454 215657 709
215540 215492 1735
215540 215542 752
215540 215546 1836
215543 215542 1070
215543 215544 794
222420 217980 1170
222420 222421 1047
216092 216091 1499
216094 216093 3514
216094 222430 630
222431 216095 2116
222431 222432 752
224800 222350 336
224800 224801 296
222370 222374 792
222413 222337 1774
222413 222374 894
222413 222412 445
222407 222417 2559
216009 216020 955
216010 215670 933
216010 216011 1643
216107 216109 1195
216107 216110 825
222429 216112 897
219856 219858 116
222346 222350 612
219644 219637 672
219644 219645 1858
224124 224125 713
224124 224126 202
219849 219863 638
219849 219874 1510
219873 219874 688
219873 219883 2019
219884 219885 632
219884 219886 1403
219863 219849 638
219863 219870 1514
219868 219869 587
219868 222352 1235
222351 222352 777
222351 222357 949
215516 215514 463
215516 215523 238
215487 215488 770
215487 215524 1424
215514 215513 649
215514 215516 463
215514 215517 644
223731 223734 769
223733 215513 831
223733 223735 611
223525 223530 960
223525 223734 813
223523 223522 754
223523 223526 1061
223514 223515 863
223514 223520 809
223488 223498 1076
223488 223516 800
223495 223493 818
223495 223497 323
223454 223515 1066
223454 223522 711
215501 215504 803
215501 224458 1334
223377 223378 1634
223377 223379 1116
223483 223482 548
223483 223484 539
223478 223482 801
223478 223485 756
224467 223480 255
224467 224471 519
149843 149849 843
151836 151837 365
149846 149847 2656
149846 149848 1678
150439 151676 565
147100 147099 2440
147100 147102 914
147100 147105 874
147121 147123 344
147121 147124 1177
147126 147114 1170
147126 147124 1835
147197 151951 739
147197 151952 1429
151952 147197 1429
151952 151951 2133
151956 147195 577
151956 151951 898
151956 151988 377
151989 151990 224
147008 147005 2325
147008 147011 799
150471 147005 863
150471 150470 1390
147022 147011 2365
147022 147023 737
147084 147023 2377
147084 147086 409
150444 150443 787
150444 150447 1655
150451 150445 842
147103 147086 1762
147102 147100 914
147102 147101 2392
150449 150442 608
150449 150448 1039
147204 147206 263
147204 147207 598
147207 147204 598
147207 151986 1004
151987 151971 16
151987 151996 1589
151848 147309 1789
151848 151850 1839
147997 147995 934
147997 147998 2497
148001 147998 967
148001 148116 1458
148119 148116 1164
148119 148121 562
148119 148122 1251
148122 148117 1119
148122 148119 1251
148122 148123 2118
148123 148118 1265
148123 148122 2118
212924 212925 604
212926 212925 1440
212926 212932 1094
214668 214669 1682
212976 212977 3335
212976 212996 946
212983 212984 572
212983 212985 1816
214670 214669 180
214670 214671 1224
212988 212981 615
212988 212994 1229
212984 212978 3284
212984 212981 294
212984 212983 572
212994 194980 151
212994 212988 1229
198643 198636 2888
198644 198612 1582
198644 198614 925
198644 198645 903
198646 198593 887
198646 198645 324
171426 171431 1225
171430 171431 759
171430 171582 601
171430 171593 1556
171577 171580 818
171582 171430 601
171582 171594 1334
162353 162352 1613
162353 162354 606
162353 162359 1758
159277 159279 1067
159277 159291 2694
159283 159284 1186
159283 159289 1221
159280 159279 1347
159280 162363 949
159285 159286 2701
159285 159288 449
159180 159181 850
159180 159185 1889
159185 159180 1889
159185 159182 759
159276 159169 511
159166 159168 1109
159166 159187 1701
159166 159229 1114
159313 159229 1186
159313 159314 778
159322 159317 1618
159322 159321 1161
159324 159325 2301
159324 159331 889
159324 159453 1785
159453 159324 1785
159453 159338 688
159463 159338 1262
159463 159464 848
159463 159469 907
159468 159464 2997
159468 159473 848
159468 159483 2602
159483 159468 2602
159483 159484 344
159627 159628 905
159690 159632 202
159690 159691 276
159632 159631 1827
159632 159690 202
213390 213384 1013
213390 213386 698
213386 213387 2009
213386 213390 698
213032 213031 652
213032 213035 1613
212978 212984 3284
212978 212999 596
212978 213022 689
213023 213005 889
213024 213025 1470
213024 213028 1670
213024 213031 696
213010 213009 674
213015 213012 369
170954 170955 672
170954 171379 3836
171378 170931 2870
171378 171379 782
171394 170931 667
171395 170932 1004
171395 171405 851
171405 171395 851
171405 171432 1225
171405 171437 684
171414 171431 760
171414 171437 1669
170884 170883 1720
170884 170949 3167
170886 170887 459
170853 170854 1036
170853 171023 818
170963 170950 667
97870 97869 1161
97870 97871 1014
97900 97951 778
97900 97966 3369
97901 101899 724
97903 101897 554
97895 97896 275
95258 95250 3073
95286 103102 1119
95286 103243 3103
95300 102863 41
95302 95301 1341
95302 102112 622
95438 95409 473
95438 95440 747
95400 95404 507
95405 95406 697
95405 95407 403
95391 95437 551
95401 95402 847
95401 95404 1007
95402 95401 847
95402 95403 536
95402 95412 1208
95450 95452 475
95450 95454 2447
97962 97961 252
97908 95799 3202
97914 97939 344
97914 97941 1266
97916 97927 536
97916 97928 2335
41942 41943 1142
41942 41945 2452
49849 49952 1026
98783 98761 7770
98785 98786 1260
98785 98881 2017
98874 98876 1650
98874 98877 1022
98880 98870 2237
98880 101930 2285
98842 98841 1226
98872 98870 1058
93367 93364 2376
93370 93368 354
100130 100129 10378
100168 100170 2828
98676 98678 3240
98676 98700 1142
98677 98699 924
98677 98700 1796
98792 98789 925
98792 98805 893
98811 93358 1700
98811 98806 847
98714 98717 1786
98722 98717 756
98722 98791 764
98722 98795 1447
98788 98790 848
98788 98791 1891
98789 98790 2224
98789 98792 925
98699 98677 924
98699 98702 1891
98705 98702 756
98705 98707 1558
98716 98717 764
98716 98720 1675
98719 98731 445
97886 97880 764
97886 97883 1254
97891 101895 3145
97892 98025 1234
97849 97853 730
102536 101896 195
98357 98373 1639
98357 98376 4012
97977 97976 2418
97977 98010 3446
98066 98077 1015
98066 98078 4119
97971 97969 452
97971 98063 931
97974 97972 732
98068 98063 2104
98068 98069 778
98080 98078 1008
98080 98081 1447
98090 98084 1533
98090 98093 708
98093 98090 708
98093 98094 782
98096 98097 2000
98096 98098 1182
98350 98352 1549
98351 98362 1593
98361 98352 2588
98665 98666 847
98665 98666 847
98665 98668 1114
98392 98383 1115
98392 98396 1770
98396 98392 1770
98396 98397 1700
98402 98668 445
98402 98670 1161
98416 98681 983
98416 98683 1848
42450 42451 202
43491 43493 1028
43491 43501 336
43491 43502 2154
43510 43509 4233
43510 43519 4130
43510 43520 1935
43513 43512 1906
43513 43516 418
43518 43521 354
43518 43524 373
42065 43511 1966
42337 42336 4883
42337 42355 1640
42358 42356 1863
42358 42363 354
42363 42358 354
42363 42365 629
42372 42366 551
42372 42370 1951
42435 42438 1160
42435 42439 2505
42067 42434 2534
43517 43514 1026
43517 43524 2441
43629 43625 1530
43800 43809 3927
43842 43844 1534
43844 43842 1534
43462 43465 738
43465 43462 738
43660 43661 2282
43661 43660 2282
43809 43800 3927
45575 45578 630
45578 45575 630
45282 45283 1345
125144 125142 673
125142 125144 673
125211 125253 5995
125253 125211 5995
45347 45349 1396
45349 45347 1396
45278 45495 1346
45283 45282 1345
45495 45278 1346
45534 45539 452
45539 45534 452
126288 126296 2171
126296 126288 2171
126386 126385 890
126385 126360 3539
126385 126386 890
126360 126385 3539
128753 128754 739
128754 128753 739
128991 123560 1687
123560 128991 1687
68756 68760 1082
68760 68756 1082
69132 69169 1514
69205 69206 553
69206 69205 553
69223 69257 880
69169 69132 1514
69378 69383 1778
69383 69378 1778
69541 69544 778
69484 69483 796
69483 69484 796
69544 69541 778
69482 69481 688
69481 69482 688
71623 71630 1422
71630 71623 1422
72070 72072 1348
72073 72076 452
71863 71862 812
72032 71862 500
71831 71832 1022
71835 71832 1275
72020 71832 1019
69034 78586 3392
69046 69075 608
69073 69074 1484
69073 69084 711
69070 69074 873
69087 69089 951
69087 69491 955
69491 69087 955
69491 69089 1259
71824 71823 445
71825 71823 2207
71848 71847 1103
71849 71847 672
72133 72132 2866
72369 72132 227
78827 72132 261
72371 72372 811
72373 72372 2037
72384 72331 1701
72384 72382 949
72383 72382 830
72450 72439 796
72531 72528 374
72532 72528 1038
72532 72530 747
72585 72535 1107
72587 72584 1231
69261 69257 701
69261 69259 351
69257 69223 880
69257 69261 701
69257 69262 1082
69701 69694 642
69701 69696 729
69704 69696 509
69700 69694 1023
69623 69621 782
69623 69626 1486
69628 69626 452
220790 220786 845
224269 220786 1664
220788 220813 456
220815 220813 1580
220815 220824 750
220824 220815 750
220824 220823 762
220824 220864 2175
216023 216024 1187
216023 220802 1135
220802 216023 1135
220802 220803 912
220865 220864 788
220865 220868 2388
220874 215838 2371
220874 220868 822
215839 215838 1960
220878 215838 793
221129 221128 1263
221129 221137 812
221129 221140 1111
221139 221137 2373
219193 219189 645
219193 219198 515
219193 221176 982
220599 220332 2245
218426 215684 1486
218426 218191 1088
218426 220580 2557
220625 218191 2561
220625 220580 1181
220616 220595 2071
224564 220595 906
219244 219111 184
219245 219111 183
220329 220327 186
220329 220328 371
220330 220327 346
220362 220361 772
220366 220361 867
220366 220372 901
220372 220366 901
220372 220373 803
220374 220373 1585
220375 220376 682
220375 220388 864
220389 220388 345
220396 220388 1044
220396 220675 1919
224271 220388 1996
220677 220675 2412
224256 218407 777
220037 220036 1297
220240 220036 5064
220240 220244 2492
220248 220036 3223
220260 220255 406
218058 220267 1811
220403 220429 204
220432 220430 1000
220440 220430 767
220243 220242 1783
220243 220244 878
220032 220030 2419
220032 220031 1190
220245 220030 2307
220031 220032 1190
220031 220237 1499
220242 220237 633
220242 220243 1783
220233 220231 467
220241 220231 2746
220880 220879 328
220331 220328 577
219347 219312 1661
219347 219346 830
219347 219348 765
219705 217996 2060
219705 219672 804
219705 219682 852
219705 219706 730
219690 219689 777
219690 219689 777
219706 219689 2104
219706 219705 730
219374 219372 419
219700 219372 2728
219691 219692 888
219691 219692 888
224934 224933 123
219678 219662 798
219678 219674 2383
219682 219662 2534
219682 219705 852
219674 219673 1551
219674 219678 2383
219675 219673 952
219350 219348 1624
219350 219364 834
219365 219364 1040
219368 219364 2405
219368 219369 765
219375 219369 2473
219693 219369 580
219314 219303 2017
219314 219312 822
219314 219348 1727
219352 219348 743
221140 221129 1111
221140 221158 408
221142 221141 973
221142 221158 376
221151 221158 3336
219302 219218 833
219302 221198 366
221329 221198 896
221193 221205 1321
224357 221205 932
221143 221141 775
221143 221184 886
221184 221143 886
221184 221188 2317
221187 221188 320
221189 221188 789
219217 219218 809
219217 219301 750
219304 219301 1661
219304 219303 826
219312 219298 2013
219312 219310 750
219312 219314 822
219312 219347 1661
216404 216401 1877
224371 216386 697
224371 224370 84
216408 216396 1286
216408 216397 1210
216447 216396 2473
216394 216393 837
216424 216397 1095
216001 216000 1715
216003 216000 401
215668 215667 276
215600 215599 1091
215600 224163 1793
215604 215599 1019
215544 215543 794
215544 215545 769
215544 215548 1145
224162 224703 3515
224704 224703 132
224705 224701 179
224705 224703 169
215642 215643 1391
215642 215648 1267
224701 215648 1248
224701 224705 179
215643 215642 1391
215643 215649 1292
215650 215649 968
215650 215655 319
215658 215655 2786
215784 215782 490
215784 215802 1277
215787 215782 1226
215805 215782 2011
215805 215804 1041
215810 215817 760
215816 215817 750
215548 215542 771
215548 215544 1145
215548 215549 517
215551 215549 1099
215551 215617 788
215565 215549 1299
215620 215617 279
215620 215622 559
215690 215771 690
215911 215889 1448
215911 215903 1015
215911 215912 742
215887 215892 327
215903 215892 279
215903 215911 1015
215804 215803 712
215804 215805 1041
215843 215884 1051
215922 215884 1089
215933 215885 599
215933 215935 766
224958 215885 293
215912 215911 742
215912 215913 1436
215915 215913 792
215915 215920 231
215920 215914 150
215920 215915 231
215920 215919 547
215930 215935 1840
215938 215935 691
215938 215937 443
215938 215953 795
215953 215938 795
215953 215952 531
215955 215952 726
215919 215920 547
215919 215956 727
215958 215956 833
217283 215956 282
217302 217305 274
217303 217305 392
217308 217305 1240
215455 215454 421
215657 215454 709
215492 215540 1735
215542 215540 752
215542 215543 1070
215542 215548 771
215546 215540 1836
217980 222420 1170
222421 222420 1047
222421 222432 687
216091 216092 1499
216091 216095 771
216093 216094 3514
222430 216094 630
222430 216112 330
216095 216091 771
216095 222431 2116
222432 222421 687
222432 222431 752
222350 222337 830
222350 222346 612
222350 224800 336
224801 224800 296
222374 222370 792
222374 222413 894
222337 222350 830
222337 222413 1774
222412 222413 445
222417 222407 2559
216020 216009 955
215670 216010 933
216011 216010 1643
216109 216107 1195
216109 216112 960
216110 216107 825
216112 216109 960
216112 222429 897
216112 222430 330
219858 219856 116
219637 219644 672
219645 219644 1858
224125 224124 713
224126 224124 202
219874 219849 1510
219874 219870 801
219874 219873 688
219883 219873 2019
219883 219886 863
219885 219884 632
219886 219883 863
219886 219884 1403
219870 219863 1514
219870 219869 615
219870 219874 801
219869 219868 587
219869 219870 615
222352 219868 1235
222352 222351 777
222357 222351 949
215523 215516 238
215523 215524 726
215488 215487 770
215524 215487 1424
215524 215523 726
215513 215514 649
215513 223733 831
215517 215514 644
223734 223525 813
223734 223731 769
223734 223735 678
223735 223733 611
223735 223734 678
223530 223525 960
223522 223454 711
223522 223523 754
223526 223523 1061
223515 223454 1066
223515 223514 863
223520 223514 809
223498 223488 1076
223498 223497 716
223516 223488 800
223493 223495 818
223497 223495 323
223497 223498 716
215504 215501 803
224458 215501 1334
223378 223377 1634
223379 223377 1116
223482 223478 801
223482 223483 548
223484 223483 539
223485 223478 756
223480 224467 255
224471 224467 519
149849 149843 843
149849 149847 1273
151837 151836 365
149847 149846 2656
149847 149849 1273
149848 149846 1678
151676 150439 565
151676 150443 854
147099 147100 2440
147105 147100 874
147105 147123 1070
147123 147105 1070
147123 147121 344
147124 147121 1177
147124 147126 1835
147114 147126 1170
151951 147197 739
151951 151952 2133
151951 151956 898
147195 151956 577
151988 151956 377
151990 151989 224
147005 147008 2325
147005 150471 863
147011 147008 799
147011 147022 2365
150470 150447 1007
150470 150471 1390
147023 147022 737
147023 147084 2377
147086 147084 409
147086 147103 1762
150443 150444 787
150443 150445 1017
150443 151676 854
150447 150444 1655
150447 150470 1007
150445 150442 729
150445 150443 1017
150445 150451 842
147101 147102 2392
150442 150445 729
150442 150449 608
150448 150449 1039
147206 147204 263
151986 147207 1004
151971 151987 16
151996 151987 1589
147309 151848 1789
147309 151850 872
151850 147309 872
151850 151848 1839
147995 147997 934
147998 147997 2497
147998 148001 967
148116 148001 1458
148116 148117 1177
148116 148119 1164
148121 148119 562
148117 148116 1177
148117 148118 1987
148117 148122 1119
148118 148117 1987
148118 148123 1265
212925 212924 604
212925 212926 1440
212932 212926 1094
214669 214668 1682
214669 214670 180
212977 212976 3335
212996 212976 946
212996 212985 2440
212985 212983 1816
212985 212996 2440
214671 214670 1224
212981 212984 294
212981 212988 615
194980 212994 151
198636 198614 803
198636 198643 2888
198612 198644 1582
198614 198636 803
198614 198644 925
198645 198644 903
198645 198646 324
198593 198646 887
171431 171414 760
171431 171426 1225
171431 171430 759
171593 171430 1556
171593 171594 601
171580 171577 818
171580 171594 759
171594 171580 759
171594 171582 1334
171594 171593 601
162352 162353 1613
162354 162353 606
162359 162353 1758
159279 159277 1067
159279 159280 1347
159291 159277 2694
159284 159283 1186
159284 159286 893
159289 159283 1221
162363 159280 949
159286 159284 893
159286 159285 2701
159288 159285 449
159181 159180 850
159181 159182 2002
159182 159181 2002
159182 159185 759
159169 159168 1038
159169 159276 511
159168 159166 1109
159168 159169 1038
159187 159166 1701
159229 159166 1114
159229 159313 1186
159314 159313 778
159314 159317 445
159317 159314 445
159317 159322 1618
159321 159322 1161
159325 159324 2301
159331 159324 889
159331 159338 1990
159338 159331 1990
159338 159453 688
159338 159463 1262
159464 159463 848
159464 159468 2997
159469 159463 907
159473 159468 848
159484 159483 344
159628 159627 905
159628 159691 631
159691 159628 631
159691 159690 276
159631 159632 1827
213384 213390 1013
213387 213386 2009
213031 213024 696
213031 213032 652
213035 213032 1613
212999 212978 596
213022 212978 689
213022 213005 850
213005 213022 850
213005 213023 889
213025 213024 1470
213028 213024 1670
213009 213010 674
213012 213015 369
170955 170954 672
171379 170954 3836
171379 171378 782
170931 170932 928
170931 171378 2870
170931 171394 667
170932 170931 928
170932 171395 1004
170932 171432 851
171432 170932 851
171432 171405 1225
171437 171405 684
171437 171414 1669
170883 170884 1720
170949 170884 3167
170887 170886 459
170854 170853 1036
171023 170853 818
170950 170963 667
97869 97870 1161
97871 97870 1014
97871 97896 697
97951 97900 778
97966 97900 3369
101899 97901 724
101897 97903 554
101897 101896 311
97896 97871 697
97896 97895 275
95250 95258 3073
103102 95286 1119
103243 95286 3103
102863 95300 41
95301 95302 1341
102112 95302 622
95409 95407 403
95409 95438 473
95440 95438 747
95404 95400 507
95404 95401 1007
95404 95406 737
95404 95412 697
95406 95404 737
95406 95405 697
95407 95405 403
95407 95409 403
95437 95391 551
95403 95402 536
95412 95402 1208
95412 95404 697
95452 95450 475
95454 95450 2447
97961 97962 252
97961 97972 677
95799 97908 3202
97939 97914 344
97941 97914 1266
97941 97928 556
97927 97916 536
97928 97916 2335
97928 97941 556
41943 41942 1142
41945 41942 2452
49952 49849 1026
98761 98783 7770
98786 98785 1260
98881 98785 2017
98876 98874 1650
98877 98874 1022
98870 98872 1058
98870 98880 2237
101930 98880 2285
98841 98842 1226
93364 93367 2376
93368 93370 354
100129 100130 10378
100170 100168 2828
98678 98676 3240
98700 98676 1142
98700 98677 1796
98700 98702 1098
98805 98792 893
98805 98806 764
93358 98811 1700
98806 98805 764
98806 98811 847
98717 98714 1786
98717 98716 764
98717 98722 756
98791 98722 764
98791 98788 1891
98795 98722 1447
98790 98788 848
98790 98789 2224
98702 98699 1891
98702 98700 1098
98702 98705 756
98707 98705 1558
98720 98716 1675
98731 98719 445
97880 97883 889
97880 97886 764
97883 97880 889
97883 97886 1254
101895 97891 3145
98025 97892 1234
97853 97849 730
101896 101897 311
101896 102536 195
98373 98357 1639
98376 98357 4012
97976 97977 2418
98010 97977 3446
98077 98066 1015
98078 98066 4119
98078 98080 1008
98078 98084 562
97969 97971 452
98063 97971 931
98063 98068 2104
97972 97961 677
97972 97974 732
98069 98068 778
98081 98080 1447
98084 98078 562
98084 98090 1533
98094 98093 782
98097 98096 2000
98098 98096 1182
98352 98350 1549
98352 98361 2588
98362 98351 1593
98666 98665 847
98666 98665 847
98668 98402 445
98668 98665 1114
98383 98392 1115
98397 98396 1700
98670 98402 1161
98681 98416 983
98683 98416 1848
42451 42450 202
43493 43491 1028
43501 43491 336
43502 43491 2154
43502 43519 2335
43509 43510 4233
43509 43519 939
43519 43502 2335
43519 43509 939
43519 43510 4130
43520 43510 1935
43512 43513 1906
43512 43514 1223
43516 43513 418
43516 43514 1395
43521 43518 354
43524 43517 2441
43524 43518 373
43511 42065 1966
42336 42337 4883
42355 42337 1640
42355 42356 809
42356 42355 809
42356 42358 1863
42365 42363 629
42365 42366 827
42366 42365 827
42366 42372 551
42370 42372 1951
42438 42435 1160
42439 42435 2505
42434 42067 2534
43514 43512 1223
43514 43516 1395
43514 43517 1026
43625 43629 1530
893
72072
72076
71862
71832
78586
69075
69084
69074
69089
71823
71847
72132
72372
72331
72382
72439
72528
72530
72535
72584
69259
69262
69696
69694
69621
69626
220786
220813
220823
216024
220803
220864
220868
215838
221137
219189
221176
220332
220580
220595
219111
220327
220361
220373
220388
220675
218407
220376
220036
220255
220267
220429
220430
220244
220030
220237
220231
220879
220328
215684
218191
219346
217996
219689
219372
219692
224933
219662
219672
219673
219364
219369
219348
219198
221128
221158
221198
221205
221141
221188
219218
219301
219303
219298
219310
216401
224370
216386
216396
216393
216397
216000
215667
224163
215599
215545
224703
215648
215649
215655
215782
215817
215549
215617
215622
215771
215889
215892
215803
215802
215884
215885
215913
215914
215935
215937
215952
215956
217305
215454
215540
215543
222420
216092
216094
222431
224800
222370
222413
222407
216009
216010
216107
222429
219856
222346
219644
224124
219849
219873
219884
219863
219868
222351
215516
215487
215514
223731
223733
223525
223523
223514
223488
223495
223454
215501
223377
223483
223478
224467
149843
151836
149846
150439
147100
147121
147126
147197
151952
151956
151989
147008
150471
147022
147084
150444
150451
147103
147102
150449
147204
147207
151987
151848
147997
148001
148119
148122
148123
212924
212926
214668
212976
212983
214670
212988
212984
212994
198643
198644
198646
171426
171430
171577
171582
162353
159277
159283
159280
159285
159180
159185
159276
159166
159313
159322
159324
159453
159463
159468
159483
159627
159690
159632
213390
213386
213032
212978
213023
213024
213010
213015
170954
171378
171394
171395
171405
171414
170884
170886
170853
170963
97870
97900
97901
97903
97895
95258
95286
95300
95302
95438
95400
95405
95391
95401
95402
95450
97962
97908
97914
97916
41942
49849
98783
98785
98874
98880
98842
98872
93367
93370
100130
100168
98676
98677
98792
98811
98714
98722
98788
98789
98699
98705
98716
98719
97886
97891
97892
97849
102536
98357
97977
98066
97971
97974
98068
98080
98090
98093
98096
98350
98351
98361
98665
98392
98396
98402
98416
42450
43491
43510
43513
43518
42065
42337
42358
42363
42372
42435
42067
43517
43629
43636
43637
43672
43664
43652
43800
38657
43834
43842
43844
42563
43232
43234
43253
42206
43264
43424
43426
43437
43462
43465
43469
45229
45268
45269
43660
43648
43661
43592
43562
43585
43588
43568
43569
43599
43605
43615
43730
43734
43816
43809
43812
44494
45457
45459
45564
45473
45575
45578
45580
45594
45619
45601
45603
45622
44493
125924
125935
125930
125936
125639
125644
125649
126225
126109
126111
126128
126434
126432
126439
45276
45282
45377
45385
45504
45508
45381
45393
45397
45399
125165
125144
125142
125148
125197
125211
45146
125154
125162
125232
125253
45347
45311
45306
45330
45349
125908
125910
45493
45494
45554
45278
45283
45495
45498
45505
45534
45535
45539
45650
45663
45660
126272
126288
126296
126309
126391
126399
126386
126392
126385
126361
126360
126350
128592
128597
126353
128753
128754
128758
128795
128802
128809
128816
128830
128883
128888
128991
123560
129019
129051
120655
120660
120665
120671
128986
128999
128934
129022
128995
129004
129025
129044
129216
129224
129067
129069
120757
120764
120765
120758
120831
120830
120833
120797
120814
120821
120825
120881
68561
68634
120921
120922
120924
121504
68635
120925
120890
120903
120920
68714
68725
68727
68733
68734
68752
68756
68760
69134
69137
69152
69132
69154
69198
69205
69206
69209
69219
69220
69222
69223
69169
72623
69631
78483
78772
69378
69383
69477
69479
69541
69418
69423
69426
69440
69484
69483
69544
69078
69482
69493
69481
71623
71627
71630
71795
71815
71866
72070
72073
71831
71835
69034
69046
69073
69070
69087
69491
71849
72369
78827
72371
72373
72384
72450
72531
72532
72585
72587
69701
69704
69700
69623
220790
224269
220788
220815
220824
220865
220874
220878
220599
218426
220625
220616
224564
220329
220362
220366
220372
220389
220396
220677
224256
220240
220248
220260
218058
220403
220432
220440
220243
220032
220031
220242
220331
219690
219706
219374
219700
219691
219678
219682
219674
219675
219350
219368
219375
219314
219352
221140
221142
221151
219302
221329
221193
224357
221143
221184
221189
219217
219304
216404
216408
216447
216394
216424
216003
215604
224162
224704
215642
215643
215650
215658
215784
215787
215805
215810
215816
215548
215551
215565
215620
215690
215911
215887
215903
215804
215843
215922
215933
215912
215915
215930
215938
215953
215955
215919
215958
217283
217302
217303
217308
215492
215542
215546
217980
222421
216091
216093
222430
216095
222432
222374
222337
222417
216020
215670
216011
216109
216110
219637
219645
224126
219874
219883
219885
219886
219870
219869
222352
222357
215523
215488
215524
215513
215517
223734
223735
223530
223522
223526
223515
223520
223498
223516
223493
223497
215504
223378
223379
223484
223485
223480
151837
149847
149848
147099
147105
147123
147124
147114
147195
151988
151990
147005
147011
150470
147023
147086
150447
147101
150442
151971
151996
147309
151850
147995
147998
148117
148118
212925
212977
212996
212985
212981
194980
198636
198612
198614
198645
198593
171431
171593
171580
171594
162352
162354
162359
159279
159291
159284
159289
162363
159286
159288
159182
159168
159187
159229
159314
159317
159321
159325
159331
159338
159464
159473
159484
159628
159691
159631
213384
213031
212999
213022
213005
213025
213009
213012
170955
171379
170931
170932
171432
171437
170883
170949
170887
170854
171023
170950
97869
97951
97966
101899
95250
103102
103243
95409
95440
95406
95407
95403
95412
95452
95454
95799
97941
97927
97928
41945
98761
98786
98881
98870
98841
93364
93368
100129
100170
98678
98700
98805
93358
98806
98717
98791
98790
98702
98731
97880
97883
98373
98376
97976
98010
98078
97969
98063
98069
98084
98094
98097
98098
98352
98362
98666
98668
98383
98397
98670
98681
98683
42451
43493
43502
43520
43521
42336
42355
42356
42365
42366
42370
42438
42439
43514
43625
