838
164091 164086 2137
164091 164090 807
164115 164114 1453
164115 164121 1054
164115 164121 1054
172677 164087 860
172677 164087 860
214269 164121 1058
214269 212043 753
212035 212032 473
212035 212036 1420
212038 207841 2071
212038 212028 870
212038 212040 608
212024 212028 751
212024 212029 2265
212027 212028 1020
212027 212037 683
212032 212035 473
212032 212036 1464
211973 211960 275
211982 211972 828
211982 211981 727
211982 211983 2181
211986 211983 783
211986 212306 2654
212025 212029 826
212314 212306 971
212314 212315 844
212314 212318 1235
211972 211971 1301
211972 211982 828
178721 178719 1224
178721 178722 1745
114702 114713 2284
114606 114607 352
114606 114620 3807
114612 114613 3458
114612 114621 936
114714 114713 2111
114714 115387 2642
116280 116281 672
116280 116282 562
114545 114506 611
114545 116187 335
114524 114506 1813
114466 114467 1000
114466 114535 2271
114486 114485 696
114486 114491 804
114504 114494 1622
114504 114502 847
116137 114499 1148
116137 115239 4078
114503 114500 1749
114503 114502 835
114510 114500 611
114510 116185 335
114505 114506 948
114505 114507 498
115489 115491 562
115485 115490 1686
115485 115491 844
115469 115486 1344
115487 115486 753
115487 115490 670
115474 115473 2269
115505 115506 928
115505 115507 1225
114961 115057 1159
115054 115055 2166
115052 115051 748
115052 115135 2642
115136 115135 597
115136 116248 649
114956 114958 201
114956 114970 2834
115070 115071 817
114980 114976 4772
114980 114982 1843
114992 114991 1558
114992 114993 1463
115046 115047 1305
115046 115048 511
115046 115114 1444
115234 116246 821
115220 115221 1099
116238 116239 1356
116238 116240 515
115228 115181 632
115356 115357 6695
115624 115620 580
115624 115625 2986
115646 115647 4619
115646 115648 2279
115641 115642 980
115641 115644 2224
110632 110631 511
110632 113684 2182
113940 113941 959
106656 106658 2901
106656 106659 1334
106852 106851 876
106852 106858 1617
106794 106905 1383
106816 106824 611
106818 106819 3454
106825 106824 712
106825 106826 1064
106993 106999 835
106937 106936 671
106937 107012 5358
106944 106943 2714
106944 106945 628
107262 107263 981
107262 107269 7579
107262 107270 787
107264 107263 2986
107264 113633 557
107270 107262 787
107270 107271 3957
107270 107278 749
107279 107277 473
107279 107392 1071
107398 107399 746
107398 107402 604
107404 107405 649
107404 107406 389
107404 107409 475
107410 107265 515
107410 107411 1398
106366 106367 2322
106366 106665 9665
106369 106368 1225
106369 106662 922
106661 106659 671
106661 106662 562
106645 106642 2970
106645 106644 1457
106680 106681 9
106680 106683 419
106692 106642 2138
106692 106841 503
106693 106684 949
106693 113628 735
106625 92916 587
106625 106646 2347
106646 106625 2347
106646 106647 2140
106652 106651 1000
106676 106675 1013
106676 106712 2041
106637 106638 580
106519 106518 1445
106519 106520 787
106524 106518 922
106524 110631 1014
106258 106257 1179
106260 106261 353
106269 106270 1014
106263 106261 825
106227 106228 825
106227 116065 3262
106245 106242 534
106245 116069 1777
193070 193071 1632
193073 193071 274
191809 191535 3623
192022 190972 477
191679 191828 2625
191679 192130 2234
194211 194033 582
194211 194215 811
191692 191693 2151
191692 191745 4087
191709 191711 1649
191709 191725 1489
192062 191884 2492
191828 190974 3025
191828 191679 2625
192859 192857 803
192859 192860 7025
193031 193032 3903
104412 104414 516
104412 107587 1302
107575 104875 2028
107575 107588 5726
107577 107578 1084
107577 107580 2111
107492 107491 1827
107492 107557 1765
107494 107495 1252
107494 107496 1524
104414 104412 516
104414 107631 905
107630 107629 1139
107630 107631 516
107591 107592 2028
107591 107607 1013
113643 113642 516
113643 113644 170
32645 35235 357
32645 35236 786
107499 107497 201
107499 107552 1774
107491 107492 1827
107491 107557 2317
107558 107559 1160
107558 107561 825
7582 7581 383
107661 107663 1431
107661 107755 1565
107747 107741 1671
107747 107742 4361
107740 107744 1493
107740 107789 680
107741 107742 3382
107741 107747 1671
32830 32828 1307
32830 32831 594
32836 32828 2047
32836 32838 668
107800 107801 704
107809 107760 2679
107809 107810 1340
107810 107762 3232
107810 107809 1340
107816 107817 1408
105819 105821 420
105819 107930 2668
107931 107930 1097
107931 107933 2798
107764 107757 1558
107764 107763 889
107820 107828 354
107823 107757 336
107823 107824 1344
107844 107833 1751
107857 107832 1671
107857 107858 791
107763 107762 168
107763 107764 889
107832 107833 275
107832 107834 1357
107832 107857 1671
107864 107834 787
107864 107923 3674
107924 107930 847
111869 111868 924
111869 111882 598
107933 107931 2798
107933 107932 336
111796 107932 3113
111796 111793 1097
111796 111800 1556
111801 111800 1097
111801 111802 1013
111801 111807 778
111802 111801 1013
111802 111814 778
111828 111815 847
111810 111809 1334
111810 111813 1091
111810 111815 1111
111863 111817 1097
111863 111862 667
113675 113676 265
113675 113677 605
111870 111868 1768
111870 111881 782
111882 111868 1144
111882 111869 598
111896 111893 868
111896 111925 1445
111978 111979 847
111978 111986 1576
111987 111986 788
111987 111988 1955
111992 111988 868
111992 111995 1955
111992 111999 788
111983 111982 2179
111983 112004 1483
112002 112003 2028
111999 111992 788
111999 112000 1955
111999 112003 764
33607 33606 1032
33782 33620 788
33782 33802 1663
33802 33782 1663
33802 33801 788
33802 33807 1530
33889 112330 516
113299 113300 782
113314 113323 3802
113300 113299 782
113323 113314 3802
103713 103712 995
103712 103713 995
105352 105411 1305
105411 105352 1305
103729 103730 537
103730 103729 537
103583 103652 763
103652 103583 763
103660 103655 1379
103643 103642 504
103642 103643 504
103655 103660 1379
39903 39904 1293
40112 40111 1322
39904 39903 1293
40111 40112 1322
103669 103679 782
103679 103669 782
103681 103686 601
103686 103681 601
40133 40030 1188
40030 40133 1188
41279 41290 354
41290 41279 354
41293 41295 1027
41295 41293 1027
41323 41324 452
41324 41323 452
29018 29036 1073
29036 29018 1073
53278 53280 1827
53280 53278 1827
53429 53447 1161
55271 55328 952
55328 55271 952
55328 55332 906
55332 55328 906
55355 55359 605
55359 55355 605
53447 53429 1161
49534 49538 848
49538 49534 848
144421 144372 511
144372 144421 511
144233 144234 1038
144234 144233 1038
144234 144341 753
144341 144234 753
144338 144348 471
144348 144338 471
196356 196355 1943
196355 196356 1943
196419 196418 368
196418 196419 368
140132 140130 639
140132 141468 740
146469 146470 871
146470 146469 871
141470 145411 457
145411 141470 457
141468 140132 740
140114 140111 1172
140111 140114 1172
140113 140133 863
140133 140113 863
140134 140130 875
140130 140132 639
140130 140134 875
189981 190055 499
190055 189981 499
190062 190068 478
190068 190062 478
190077 190106 427
190106 190077 427
189991 189992 376
189992 189991 376
142348 142222 1763
142177 142176 821
142222 142348 1763
141509 151938 220
141513 141666 165
151938 141509 220
141666 141513 165
141675 141676 1761
142243 142245 270
141819 141789 1712
142245 142243 270
141676 141675 1761
141789 141819 1712
142176 142177 821
56033 56061 1352
56061 56033 1352
56083 56085 807
56085 56083 807
56085 56186 738
56186 56085 738
56186 56188 1009
56188 56186 1009
56193 56197 1611
56197 56193 1611
190546 190547 1310
190547 190546 1310
196674 196678 1274
196678 196674 1274
197254 197256 1702
197256 197254 1702
204391 204400 884
204400 204391 884
207197 207198 709
207198 207197 709
207215 207255 640
207255 207215 640
207650 207258 834
207230 207235 1349
207231 207232 207
207161 207165 1313
207232 207231 207
207245 207244 715
207244 207245 715
207253 207259 834
207259 207253 834
207258 207650 834
151319 151311 952
151311 151319 952
204001 204061 1357
204061 204001 1357
203975 203973 827
203647 203646 1113
203647 203651 1269
203646 203647 1113
203651 203647 1269
203749 203968 832
203968 203749 832
203973 203975 827
207452 207453 1122
207455 207450 432
207450 207455 432
207424 207915 1486
207438 207441 1179
207441 207438 1179
207441 207443 964
207453 207452 1122
207443 207441 964
207526 207532 823
207532 207526 823
207165 207161 1313
207235 207230 1349
207473 207486 901
207486 207473 901
207915 207424 1486
207922 207943 869
207943 207922 869
208364 208283 91
208274 208281 274
208281 208274 274
208283 208364 91
208335 208336 980
208336 208335 980
210564 210574 1150
210565 210567 650
210574 210564 1150
210567 210565 650
210568 210570 679
210570 210568 679
210649 210651 385
178867 178752 1120
178742 178752 1321
178752 178742 1321
178752 178867 1120
178795 178873 1090
178873 178795 1090
166349 166350 2002
166350 166349 2002
166332 166214 842
185046 185043 818
166253 166281 758
166281 166253 758
166274 166273 842
166273 166274 842
166318 166319 1104
166319 166318 1104
166215 166214 849
166214 166215 849
166214 166332 842
173759 173751 1413
173751 173759 1413
185112 185173 630
185173 185112 630
174623 174637 2275
174637 174623 2275
174637 174638 517
174638 174637 517
174695 174697 1698
174710 175271 474
175268 174726 1168
175271 174710 474
174726 175268 1168
174697 174695 1698
174495 174496 1282
174496 174495 1282
174245 174244 905
174244 174245 905
174315 174316 279
174316 174315 279
185043 185046 818
210651 210649 385
211068 211071 607
211071 211068 607
163647 163664 2556
163664 163647 2556
163664 163665 2557
163665 163664 2557
162998 163013 605
163013 162998 605
163019 163039 710
162928 162965 581
162965 162928 581
163039 163019 710
161328 162792 2085
162792 161328 2085
164002 163999 581
163999 164002 581
164056 164057 848
164052 164166 1023
164166 164052 1023
164057 164056 848
164086 164091 2137
164090 164091 807
164114 164115 1453
164121 164115 1054
164121 164115 1054
164121 214269 1058
164087 172677 860
164087 172677 860
212043 214269 753
212036 212032 1464
212036 212035 1420
212036 212037 524
207841 212038 2071
212028 212024 751
212028 212027 1020
212028 212037 1228
212028 212038 870
212040 212038 608
212029 212024 2265
212029 212025 826
212037 212027 683
212037 212028 1228
212037 212036 524
211960 211971 392
211960 211973 275
211981 211982 727
211983 211982 2181
211983 211986 783
212306 211986 2654
212306 212314 971
212315 212314 844
212318 212314 1235
211971 211960 392
211971 211972 1301
178719 178721 1224
178722 178721 1745
114713 114702 2284
114713 114714 2111
114607 114606 352
114620 114606 3807
114613 114612 3458
114621 114612 936
115387 114714 2642
116281 116280 672
116282 116280 562
114506 114505 948
114506 114524 1813
114506 114545 611
116187 114545 335
114467 114466 1000
114535 114466 2271
114485 114486 696
114485 114499 1113
114491 114486 804
114491 114494 847
114494 114491 847
114494 114504 1622
114502 114503 835
114502 114504 847
114499 114485 1113
114499 116137 1148
115239 116137 4078
114500 114503 1749
114500 114510 611
116185 114510 335
114507 114505 498
115491 115485 844
115491 115489 562
115490 115485 1686
115490 115487 670
115486 115469 1344
115486 115487 753
115473 115474 2269
115506 115505 928
115507 115505 1225
115057 114961 1159
115055 115054 2166
115051 115052 748
115135 115052 2642
115135 115136 597
116248 115136 649
114958 114956 201
114970 114956 2834
115071 115070 817
114976 114980 4772
114982 114980 1843
114991 114992 1558
114993 114992 1463
115047 115046 1305
115048 115046 511
115114 115046 1444
116246 115234 821
115221 115220 1099
116239 116238 1356
116240 116238 515
115181 115228 632
115357 115356 6695
115620 115624 580
115625 115624 2986
115647 115646 4619
115647 115648 2347
115648 115646 2279
115648 115647 2347
115642 115641 980
115644 115641 2224
110631 106524 1014
110631 110632 511
113684 110632 2182
113941 113940 959
106658 106656 2901
106659 106656 1334
106659 106661 671
106851 106852 876
106858 106852 1617
106905 106794 1383
106824 106816 611
106824 106825 712
106819 106818 3454
106826 106825 1064
106999 106993 835
106936 106937 671
106936 107012 4890
107012 106936 4890
107012 106937 5358
106943 106944 2714
106945 106944 628
107263 107262 981
107263 107264 2986
107263 107269 7379
107269 107262 7579
107269 107263 7379
113633 107264 557
107271 107270 3957
107271 107278 4142
107278 107270 749
107278 107271 4142
107278 107277 2559
107277 107278 2559
107277 107279 473
107392 107279 1071
107399 107398 746
107402 107398 604
107405 107404 649
107406 107404 389
107409 107404 475
107265 107410 515
107411 107410 1398
106367 106366 2322
106367 106368 688
106665 106366 9665
106368 106367 688
106368 106369 1225
106662 106369 922
106662 106661 562
106642 106645 2970
106642 106692 2138
106644 106645 1457
106681 106680 9
106683 106680 419
106841 106684 1336
106841 106692 503
106684 106693 949
106684 106841 1336
113628 106693 735
92916 106625 587
106647 106646 2140
106647 106651 1024
106651 106647 1024
106651 106652 1000
106675 106676 1013
106712 106676 2041
106638 106637 580
106518 106519 1445
106518 106524 922
106520 106519 787
106257 106258 1179
106261 106260 353
106261 106263 825
106270 106269 1014
106228 106227 825
116065 106227 3262
106242 106245 534
116069 106245 1777
193071 193070 1632
193071 193073 274
191535 191809 3623
190972 192022 477
192130 191679 2234
194033 194211 582
194215 194211 811
191693 191692 2151
191745 191692 4087
191711 191709 1649
191725 191709 1489
191884 192062 2492
190974 191828 3025
192857 192859 803
192860 192859 7025
193032 193031 3903
107587 104412 1302
107587 107588 1013
104875 107575 2028
107588 107575 5726
107588 107587 1013
107578 107577 1084
107578 107580 2428
107580 107577 2111
107580 107578 2428
107557 107491 2317
107557 107492 1765
107495 107494 1252
107496 107494 1524
107496 107497 905
107631 104414 905
107631 107630 516
107629 107630 1139
107592 107591 2028
107607 107591 1013
113642 113643 516
113644 113643 170
35235 32645 357
35236 32645 786
107497 107496 905
107497 107499 201
107552 107499 1774
107559 107558 1160
107561 107558 825
7581 7582 383
107663 107661 1431
107755 107661 1565
107755 107801 688
107742 107741 3382
107742 107747 4361
107744 107740 1493
107789 32838 825
107789 107740 680
32828 32830 1307
32828 32836 2047
32831 32830 594
32838 32836 668
32838 107789 825
107801 107755 688
107801 107800 704
107760 107762 1113
107760 107809 2679
107762 107760 1113
107762 107763 168
107762 107810 3232
107817 107816 1408
105821 105819 420
107930 105819 2668
107930 107924 847
107930 107931 1097
107757 107764 1558
107757 107823 336
107828 107820 354
107824 107823 1344
107833 107832 275
107833 107844 1751
107858 107857 791
107834 107832 1357
107834 107864 787
107923 107864 3674
111868 111869 924
111868 111870 1768
111868 111882 1144
107932 107933 336
107932 111796 3113
111793 111796 1097
111800 111796 1556
111800 111801 1097
111807 111801 778
111807 111813 2111
111807 111814 1013
111814 111802 778
111814 111807 1013
111814 111815 1114
111815 111810 1111
111815 111814 1114
111815 111828 847
111809 111810 1334
111813 111807 2111
111813 111810 1091
111817 111863 1097
111862 111863 667
113676 113675 265
113677 113675 605
111881 111870 782
111893 111896 868
111925 111896 1445
111979 111978 847
111986 111978 1576
111986 111987 788
111988 111987 1955
111988 111992 868
111995 111992 1955
111995 112000 788
111982 111983 2179
111982 112004 1629
112004 111982 1629
112004 111983 1483
112004 112003 707
112003 111999 764
112003 112002 2028
112003 112004 707
112000 111995 788
112000 111999 1955
33606 33607 1032
33620 33782 788
33620 33801 1663
33801 33620 1663
33801 33802 788
33807 33802 1530
112330 33889 516
935
164091
164115
172677
214269
212035
212038
212024
212027
212032
211973
211982
211986
212025
212314
211972
178721
114702
114606
114612
114714
116280
114545
114524
114466
114486
114504
116137
114503
114510
114505
115489
115485
115469
115487
115474
115505
114961
115054
115052
115136
114956
115070
114980
114992
115046
115234
115220
116238
115228
115356
115624
115646
115641
110632
113940
106656
106852
106794
106816
106818
106825
106993
106937
106944
107262
107264
107270
107279
107398
107404
107410
106366
106369
106661
106645
106680
106692
106693
106625
106646
106652
106676
106637
106519
106524
106258
106260
106269
106263
106227
106245
193070
193073
191809
192022
191679
194211
191692
191709
192062
191828
192859
193031
104412
107575
107577
107492
107494
104414
107630
107591
113643
32645
107499
107491
107558
7582
107661
107747
107740
107741
32830
32836
107800
107809
107810
107816
105819
107931
107764
107820
107823
107844
107857
107763
107832
107864
107924
111869
107933
111796
111801
111802
111828
111810
111863
113675
111870
111882
111896
111978
111987
111992
111983
112002
111999
33607
33782
33802
33889
113188
113176
113194
113192
113127
113129
113155
113299
113302
113314
113300
113323
113325
113481
113483
103611
103623
103628
103607
113281
113282
109253
113206
113275
113529
113536
113524
113527
113537
113551
105324
103713
103712
105326
105352
105351
105355
105328
105348
105411
103729
103730
105408
103469
103572
103580
103583
103652
103660
103643
103642
103655
39903
40085
40084
40098
40112
50440
39904
40125
40104
40111
40103
105152
105156
105239
105169
105198
103691
105469
105474
105479
103763
103669
103680
103679
103681
103758
103686
103757
40004
40133
40010
40030
40035
40160
40169
40172
41275
41279
41290
41293
41295
41298
41301
41323
41324
29022
29030
29039
29034
29041
29037
29018
29036
52968
52969
53278
53280
53288
52910
53287
53429
52858
55085
55256
55257
55278
55271
55326
55328
55332
55338
55355
55359
53442
53444
53420
53443
53447
53552
53563
53604
49508
49510
49517
49435
49425
49426
49430
49439
49476
49528
49534
49538
49503
49513
49277
49260
49263
49485
49786
53785
54767
144226
144231
144421
144422
144435
144372
144359
144360
144233
144234
144341
144342
144338
144348
144354
144432
144444
144569
144584
144586
144628
195574
195573
195582
196342
196356
196355
196405
196419
196418
140132
141463
141497
146469
146470
151973
141470
141471
145411
141468
141473
189875
189880
190013
189960
139833
139995
139837
144822
139846
140007
140010
140114
140163
140111
140113
140133
140134
140130
189981
190055
190060
190062
190066
190068
190077
190106
190107
190070
190064
190073
186887
186888
189969
189991
189992
189976
186890
142348
142354
142358
141428
141432
141439
142388
141435
142177
142182
142228
142226
142235
142220
142224
142350
142222
141509
141513
146922
151938
151906
151868
141666
151820
141675
142243
142244
141819
141833
142245
141676
141691
141789
142176
142174
142248
55941
56026
56033
56061
56083
56085
56186
56188
56193
56197
56253
56260
56295
56220
56300
190546
190540
190541
190547
196674
196676
196678
196905
197254
197256
204081
204284
204296
204312
204336
204378
204381
204391
204400
207197
207201
204404
207614
207198
207209
207215
207255
207650
207230
207231
207161
207232
207243
207245
207244
207253
207259
207257
207258
196876
196840
196886
196928
196933
145966
145970
145979
145998
142364
151318
151317
151315
151319
151311
151325
203991
203999
204001
204061
204067
204084
204091
203975
203989
203594
203599
203647
203603
203646
203651
203669
203747
203749
203968
203973
203976
207452
207455
207450
207424
207527
207528
207529
198887
207438
207441
207453
207443
207526
207532
207165
207235
207469
207473
207486
207491
207541
207915
207922
207943
207975
207977
207984
208039
208058
208061
208364
208273
208268
208274
208281
208283
208284
208289
208241
208242
208277
208335
208336
208349
210564
210565
210574
208356
210567
210568
210570
210588
210648
210649
210676
178667
178867
178742
178752
178795
178798
178873
177554
163643
163658
166349
166348
166350
166332
184958
185006
185008
185052
185050
185048
185046
166243
166253
166281
166268
166274
166288
166588
166273
166318
166299
166319
166326
166827
166215
166217
166214
166244
166234
166238
180770
180785
180787
180802
180506
180533
182411
182434
182232
182233
182432
182486
168582
185813
173759
173751
173753
182604
185641
174161
174141
176272
152190
174223
176315
174259
176308
174268
176331
176312
176328
185041
185118
185108
185110
185163
185112
185173
174151
176278
174787
173960
173823
173829
173892
173796
175080
174521
174623
174637
174591
174638
174589
174695
175196
174702
175199
174710
175268
175271
174726
174697
175231
175558
175089
175567
175437
175562
175414
175436
175404
175422
175718
175418
175705
175762
175510
175520
175522
175577
175692
175633
175697
175529
174427
174438
174450
174495
174496
174498
174216
174237
174245
174244
176317
174303
174315
174316
174252
174298
185030
185019
185043
210651
210670
210804
210824
210672
210827
210849
210854
210862
210905
210907
210914
210918
210934
211729
211068
211069
211063
198869
211755
211071
211750
211751
163647
163484
163495
163547
163501
163733
163664
163665
163624
162994
162998
163013
163019
162970
162928
162930
162963
162965
162990
163039
163477
163410
163036
161328
162792
162781
162785
162777
163994
162974
164002
164018
163999
164056
164036
164040
164052
164166
164049
164054
164057
164064
164086
164090
164114
164121
164087
212043
207841
212028
212040
212029
211960
211981
211983
212306
212315
212318
211971
178719
114713
114607
114613
114621
114506
114467
114485
114491
114494
114502
114499
115239
114500
115490
115486
115507
115057
115055
115051
115135
114958
114976
114982
114991
115047
115048
115114
116246
115181
115357
115620
115648
113684
106659
106851
106858
106905
106819
106936
107012
106943
107269
107271
107278
107277
107392
107399
107406
107265
107411
106367
106368
106662
106642
106644
106681
106841
106684
113628
92916
106647
106651
106675
106712
106518
106520
106257
106261
106270
106228
116065
106242
193071
191535
190972
194033
191693
191745
191725
191884
190974
192857
192860
193032
107587
104875
107588
107578
107580
107557
107496
107631
107592
107607
113642
107497
107559
107561
7581
107663
107755
107742
107744
107789
32828
107801
107760
107930
107757
107833
107834
107923
107932
111793
111800
111807
111809
111813
111817
111862
113676
111893
111925
111979
111986
111988
111995
111982
112004
112003
112000
33620
33801
112330
