560
156066 156071 738
155669 155668 885
155669 156036 1388
156033 155984 789
156033 156034 697
156033 156040 1747
156034 156033 697
156034 156035 837
156034 156046 605
155984 156033 789
155984 156039 2014
156002 156042 1275
155748 155773 2148
155769 155768 980
155765 155766 928
155765 155767 612
155765 155791 810
155791 155765 810
155791 155790 1698
155791 155803 738
155792 155804 139
153164 153174 2505
153176 153174 738
153176 153178 1716
153179 153178 612
153179 153187 1380
153180 153170 752
153180 153178 650
153187 153179 1380
153187 153188 2286
153187 153189 581
153323 153171 600
153323 153329 688
153325 153324 1028
153390 153389 905
153390 153391 511
153391 153390 511
153391 153411 672
153393 153435 4558
153201 153202 1475
153201 153440 1802
153439 153440 1124
153439 153473 236
153473 153439 236
153473 172070 1716
153473 172071 693
155823 155822 1641
155823 155824 697
155823 155835 807
153474 153476 2104
153474 153500 850
153474 153516 1188
155829 155828 1398
155829 155844 683
172072 172071 451
172072 172268 744
155775 155772 810
155775 155819 1611
155817 155816 279
171514 172995 3193
173038 173037 1225
173038 173327 672
173034 173017 1349
173034 173035 1004
173034 173036 682
173327 173036 1336
173327 173038 672
173527 173515 796
173092 173028 1098
173092 173094 1810
173095 173094 1015
173095 173101 420
173091 173044 1349
173091 173090 847
173078 173002 1004
173078 173077 452
173045 173044 111
173045 173046 1696
173529 173046 782
172996 172997 848
172996 172998 796
172996 172999 840
173131 172999 1935
173131 173111 682
173147 173145 420
173106 173109 1014
173106 173548 605
173194 173142 1304
173194 173143 688
173179 173177 2128
173179 173180 558
173204 173220 1197
177760 177759 1398
177760 177761 4439
173218 173220 5249
173218 173224 4190
173228 173230 11447
173051 173052 870
173051 173053 1139
173054 173055 1276
173054 173061 1114
173063 173064 2730
173063 173075 1268
173072 173073 1115
173072 173089 788
173117 172977 747
177746 177747 344
173215 173227 3503
173267 173268 3553
173267 174759 4642
174846 174845 2148
174846 174847 344
174884 174885 905
174884 174888 629
174865 174866 905
174865 185451 789
174859 174857 367
174859 174860 2613
174918 174916 2727
174918 174917 2243
155561 155564 766
153074 153075 1023
156224 156225 1095
156224 156280 905
176186 176246 810
176245 176254 505
176257 176254 1188
176257 176263 2804
176555 176553 796
176555 176589 2165
176552 176553 1344
176552 176557 1810
176565 176585 452
176559 176558 1603
176559 176561 781
176563 176545 1758
176563 176562 589
176545 176543 2014
176545 176563 1758
176542 176543 672
176542 176574 435
156364 156365 3006
156364 156367 589
156366 156365 758
176573 176572 1772
176156 176155 562
176156 176252 475
155664 155665 893
155708 155707 1810
156053 156051 778
156053 156052 889
155716 155715 1445
155716 155719 589
156052 155715 766
156052 156053 889
155565 155564 984
155565 155564 984
156342 156343 751
156342 156486 3869
156451 156452 3095
156451 156488 766
156449 156450 2368
156449 156455 796
156438 156435 933
156438 156442 3200
156438 156456 758
156450 156449 2368
156450 156458 672
156431 156432 450
156431 156435 2318
156437 156436 1011
156437 156439 1719
156429 156434 374
156432 156431 450
156432 156434 2076
156228 156226 3223
156228 156273 837
156036 155669 1388
156036 156035 562
156044 156051 505
156439 156437 1719
177428 177448 2668
177448 177428 2668
177433 177439 475
177439 177433 475
176237 176239 2380
176239 176237 2380
176805 176800 1010
176800 176805 1010
165423 167416 928
167416 165423 928
165595 165544 848
165544 165595 848
165460 165461 837
165461 165460 837
164847 164846 1055
164846 164847 1055
211490 211491 522
211491 211490 522
211131 211222 867
211236 211235 286
211222 211131 867
211235 211236 286
211509 215027 606
215027 211509 606
118486 119266 1147
119266 118486 1147
119299 119298 874
119298 119299 874
119134 119158 1059
119158 119134 1059
92269 94450 4318
94492 94500 1469
94450 92269 4318
94500 94492 1469
92448 92449 1437
92449 92448 1437
107239 107237 420
107237 107239 420
108526 108525 2392
108525 108526 2392
108532 108531 1234
108531 108532 1234
92987 92988 3377
92988 92987 3377
92795 92799 905
92799 92795 905
192710 192709 311
192709 192710 311
114124 114268 1252
114268 114124 1252
111252 111251 1306
111251 111252 1306
111416 111374 840
111374 111416 840
104129 104268 1223
104268 104129 1223
112623 112516 818
112515 112510 818
112516 112623 818
112510 112515 818
112537 112529 1301
112529 112537 1301
104243 104216 604
104216 104243 604
104393 104392 672
104392 104393 672
104470 104477 354
104477 104470 354
37265 37266 2790
37266 37265 2790
37284 38413 709
38413 37284 709
38418 38415 1454
38415 38418 1454
40255 40256 562
40256 40255 562
39029 39032 2614
39032 39029 2614
48442 48447 589
48447 48442 589
47825 47828 790
47828 47825 790
48103 48107 1293
48107 48103 1293
48253 48251 3431
48251 48253 3431
48203 48237 610
48237 48203 610
131440 131447 1560
131447 131440 1560
131533 131580 1304
131580 131533 1304
131597 131687 355
131687 131597 355
131762 131736 438
131790 131848 1903
131848 131790 1903
131848 132288 2650
131736 131762 438
132288 131848 2650
131872 131874 2740
131874 131872 2740
53983 54462 2436
54462 53983 2436
54602 54603 751
54603 54602 751
56305 56304 1029
56304 56305 1029
150526 150534 1682
150534 150526 1682
150714 150715 1782
140296 140297 257
140297 140296 257
150715 150714 1782
140416 140415 867
140415 140416 867
140516 140517 771
140517 140516 771
141963 141976 2356
141976 141963 2356
141984 141985 957
141985 141984 957
143251 143271 996
143271 143251 996
143479 143485 1027
143485 143479 1027
142707 142708 1631
142708 142707 1631
142703 142678 924
142678 142703 924
142696 142697 474
142697 142696 474
142805 142802 1227
142802 142805 1227
143190 143243 1926
143243 143190 1926
143243 143246 771
143246 143243 771
144854 144830 938
144830 144854 938
204607 204609 845
204608 204609 1697
204609 204607 845
204609 204608 1697
144852 144870 992
144870 144852 992
144876 145060 1266
145060 144876 1266
145719 145720 783
145720 145719 783
145730 145731 704
145731 145730 704
152613 152616 1558
152563 152564 1426
152616 152613 1558
152564 152563 1426
152564 152598 1396
152598 152564 1396
152496 152492 747
152556 152604 747
152604 152556 747
152604 152610 1336
152610 152604 1336
168513 168512 337
168512 168513 337
167383 166807 810
166807 167383 810
167641 167640 890
167640 167641 890
167659 167661 2088
167661 167659 2088
152492 152496 747
152494 152500 2049
152500 152494 2049
180087 180091 2458
180091 180087 2458
180091 180097 2138
180097 180091 2138
152757 153212 1200
153212 152757 1200
153150 153151 940
153151 153150 940
156071 156066 738
155668 155669 885
156040 156033 1747
156035 156034 837
156035 156036 562
156035 156046 1000
156046 156034 605
156046 156035 1000
156039 155984 2014
156039 156042 789
156042 156002 1275
156042 156039 789
155773 155748 2148
155773 155772 1209
155768 155767 1206
155768 155769 980
155766 155765 928
155767 155765 612
155767 155768 1206
155790 155791 1698
155803 155791 738
155803 155804 890
155804 155792 139
155804 155803 890
153174 153164 2505
153174 153170 2227
153174 153176 738
153178 153176 1716
153178 153179 612
153178 153180 650
153170 153171 848
153170 153174 2227
153170 153180 752
153188 153187 2286
153189 153187 581
153171 153170 848
153171 153323 600
153329 153323 688
153324 153325 1028
153389 153390 905
153411 153391 672
153435 153393 4558
153202 153201 1475
153440 153201 1802
153440 153439 1124
172070 153473 1716
172071 153473 693
172071 172072 451
155822 155823 1641
155824 155823 697
155835 155823 807
153476 153474 2104
153500 153474 850
153516 153474 1188
155828 155829 1398
155844 155829 683
172268 172072 744
155772 155773 1209
155772 155775 810
155819 155775 1611
155816 155817 279
172995 171514 3193
173037 173036 682
173037 173038 1225
173017 173034 1349
173035 173034 1004
173036 173034 682
173036 173037 682
173036 173327 1336
173515 173046 1612
173515 173527 796
173028 173092 1098
173094 173092 1810
173094 173095 1015
173101 173095 420
173044 173045 111
173044 173091 1349
173090 173091 847
173002 173078 1004
173077 173078 452
173046 173045 1696
173046 173515 1612
173046 173529 782
172997 172996 848
172998 172996 796
172999 172996 840
172999 173131 1935
173111 173131 682
173145 173147 420
173109 173106 1014
173548 173106 605
173142 173143 1481
173142 173194 1304
173143 173142 1481
173143 173194 688
173177 173179 2128
173180 173179 558
173220 173204 1197
173220 173218 5249
177759 177760 1398
177761 177760 4439
173224 173218 4190
173230 173228 11447
173052 173051 870
173053 173051 1139
173055 173054 1276
173061 173054 1114
173064 173063 2730
173075 173063 1268
173075 173073 2652
173073 173072 1115
173073 173075 2652
173089 173072 788
172977 173117 747
177747 177746 344
173227 173215 3503
173268 173267 3553
174759 173267 4642
174845 174846 2148
174847 174846 344
174885 174884 905
174888 174884 629
174866 174865 905
185451 174865 789
174857 174859 367
174860 174859 2613
174916 174918 2727
174917 174918 2243
155564 155561 766
155564 155565 984
155564 155565 984
153075 153074 1023
156225 156224 1095
156225 156226 674
156225 156273 2536
156280 156224 905
156280 156273 1576
176246 176186 810
176254 176245 505
176254 176257 1188
176263 176257 2804
176553 176552 1344
176553 176555 796
176589 176555 2165
176557 176552 1810
176585 176565 452
176558 176559 1603
176558 176561 1811
176561 176558 1811
176561 176559 781
176561 176562 2106
176562 176543 1780
176562 176561 2106
176562 176563 589
176543 176542 672
176543 176545 2014
176543 176562 1780
176574 176542 435
156365 156364 3006
156365 156366 758
156367 156364 589
176572 176573 1772
176155 176156 562
176252 176156 475
155665 155664 893
155707 155708 1810
155707 155719 581
156051 156044 505
156051 156053 778
155715 155716 1445
155715 156052 766
155719 155707 581
155719 155716 589
156343 156342 751
156486 156342 3869
156452 156451 3095
156488 156451 766
156455 156449 796
156455 156458 2131
156435 156431 2318
156435 156434 1052
156435 156436 889
156435 156438 933
156442 156438 3200
156456 156438 758
156458 156450 672
156458 156455 2131
156436 156435 889
156436 156437 1011
156434 156429 374
156434 156432 2076
156434 156435 1052
156226 156225 674
156226 156228 3223
156273 156225 2536
156273 156228 837
156273 156280 1576
971
156066
155669
156033
156034
155984
156002
155748
155769
155765
155791
155792
153164
153176
153179
153180
153187
153323
153325
153390
153391
153393
153201
153439
153473
155823
153474
155829
172072
155775
155817
171514
173038
173034
173327
173527
173092
173095
173091
173078
173045
173529
172996
173131
173147
173106
173194
173179
173204
177760
173218
173228
173051
173054
173063
173072
173117
177746
173215
173267
174846
174884
174865
174859
174918
155561
153074
156224
176186
176245
176257
176555
176552
176565
176559
176563
176545
176542
156364
156366
176573
176156
155664
155708
156053
155716
156052
155565
156342
156451
156449
156438
156450
156431
156437
156429
156432
156228
156404
156406
156350
156425
156424
156408
156423
156036
156044
156049
156065
156545
156541
156555
156439
156546
156616
156557
156568
156606
156619
156614
156628
177428
177448
177451
177459
177254
177433
177435
177438
177439
177436
177425
177276
177275
177484
176237
177295
176169
176239
176247
176832
176805
176740
176771
176828
176821
176800
165423
167416
167417
165363
167409
167399
167396
165589
165594
165593
165595
165602
165542
165547
165544
165598
165549
165209
165208
165389
167430
167428
167427
167477
167518
167482
167486
167498
167506
165452
165509
167457
167455
167511
165202
165203
165394
165396
165421
165460
165461
164788
164847
164846
211294
211490
211491
211517
208792
208793
211131
211236
211240
211255
211275
215151
211222
211225
211235
211280
195312
211509
215027
213220
214611
212301
212482
212486
212278
212282
212302
212494
212551
212555
212547
164647
164870
164600
164842
164857
164915
164938
164939
212549
114245
114314
116178
113979
113976
113989
113991
114168
114170
118835
118837
118486
119266
119311
119259
119264
119299
119298
118571
118573
118575
119134
119158
119142
119390
119032
119157
119460
102924
92040
92042
102195
94367
94421
94375
102948
94418
92193
92234
92239
92269
94492
94494
94450
94453
92301
92304
94500
92339
92340
92345
92346
92413
92423
92448
92449
107075
107188
93087
93090
93179
93181
93148
93195
93207
107067
107094
108126
107185
107233
107239
107221
107237
107242
107243
107460
107427
107537
108526
108448
108517
108521
108528
109711
108525
108532
108230
108531
109233
93068
92996
92998
92987
92988
93019
93075
93049
92761
92775
92795
92799
92592
92597
92574
92594
92670
92843
194046
194049
194054
192012
192015
191656
191664
191675
191704
192731
191848
192093
191951
194142
191424
191630
191649
191652
191864
191621
191768
192710
192709
192659
192697
192671
192713
119218
114080
114097
114230
114231
114120
114122
114124
114268
109471
109473
109263
109270
108921
113900
109413
109415
109402
109449
109520
113662
109362
109433
109377
109450
109452
109425
109420
109389
109689
109964
109613
109615
109972
110128
109968
103283
110089
109994
109956
110154
111252
111251
111268
111311
111295
111415
111416
111374
111376
103405
111381
111383
111405
111423
104129
104078
104074
104047
104108
104157
104267
104268
103954
103955
103971
103984
112848
112790
112869
112568
112762
112486
112499
112504
112624
112623
112515
112516
112510
112537
112529
112748
104127
104243
104216
104220
104390
104225
104393
104404
104467
104202
104030
104730
104061
39127
104198
39126
39155
39131
39134
104392
104470
104477
104485
104592
39372
39295
39304
37240
37247
37265
37266
37230
37235
37236
37284
38408
38413
38418
38415
38425
50397
38427
40237
40255
40256
40242
40247
40317
40330
40333
40336
40361
40358
40398
40395
40404
40410
40423
40727
40729
40732
40750
40803
40790
56311
56650
56341
39029
40775
40774
40787
50386
39032
41585
41584
41598
41594
47675
50373
48439
48442
48447
50549
48452
48472
48504
48503
48509
47678
47689
47690
47698
48498
47825
47826
48105
47828
48489
48103
48107
48117
48127
48140
48143
48161
48163
48182
48188
48184
48212
48208
48220
48253
48245
48250
48251
48203
48237
48256
48258
48264
48302
131330
131353
131333
131340
131344
131351
131430
131440
131447
131459
131461
131466
131533
131580
131584
131594
131597
131687
131693
131728
131729
131762
131766
131781
131790
131848
131736
132288
132296
131869
131872
131874
53983
53979
50817
50843
54599
54606
54612
54613
54619
54631
56314
54462
54466
54700
54184
54206
54215
54693
54214
50944
54711
54221
54717
56377
56378
54566
54596
54602
54603
54622
56305
56304
150519
150526
150534
150544
150548
150479
150509
150704
150714
140380
140381
140296
140297
150715
143859
140423
140464
140472
140478
141890
140416
140428
140467
140479
140415
140425
140498
140511
140516
140517
140531
140540
141963
141976
141984
141985
143251
143271
143278
143280
143405
143415
143418
143432
143478
143479
143485
142707
142712
143694
142708
143707
143695
143495
143492
142703
142710
142678
142694
142693
142696
142697
142701
142809
142805
142816
142686
142802
142631
143190
143243
143246
142632
142753
142761
142788
142795
144805
144812
144854
144830
214415
204556
204564
204585
204586
204596
204604
204607
204605
204624
204623
204608
204609
204619
204784
204816
204819
204838
204953
204957
204960
204908
144852
144870
144876
145060
145064
145085
145087
145137
145139
145141
145154
145533
145147
145217
145624
145639
145641
145648
145707
145708
145719
145720
145730
145731
145739
145909
145912
145926
145952
146858
146860
146851
146938
151622
146940
214402
211321
215058
213439
213464
214870
211243
211250
211251
211269
211265
211268
215064
208796
172639
152560
152613
152563
152616
152564
152598
152594
152588
153520
162520
162522
152496
152522
152556
152604
152610
168514
168513
167254
168512
167383
167592
167562
166805
166807
167641
167640
167659
167661
167801
168423
152492
152494
152500
152505
180111
177684
185999
180102
180108
179590
179600
180103
179665
179670
180087
180091
180097
180139
180156
180142
180160
179863
179861
179876
179842
179844
179966
182293
152528
152533
152708
152712
152641
152643
152632
152763
152754
152757
153212
153150
153151
153169
155801
155910
155992
155989
155999
155997
156074
156069
156071
155668
156040
156035
156046
156039
156042
155773
155767
155790
155803
155804
153170
153189
153171
153329
153324
153389
153411
153435
172071
155822
155824
155835
153476
153500
153516
155828
155844
172268
155772
155819
155816
172995
173017
173515
173028
173094
173101
173044
173090
173002
173077
173046
172997
172999
173111
173145
173109
173142
173143
173177
173180
173220
177759
177761
173224
173230
173055
173064
173075
173073
173089
172977
177747
173227
173268
174759
174845
174885
174888
174866
174857
174916
174917
156280
176254
176263
176553
176589
176557
176558
176561
176574
156365
156367
176572
176155
176252
155665
155707
156051
155715
155719
156343
156486
156452
156488
156455
156442
156456
156458
156436
156226
