628
175757 175886 559
176020 176019 1233
176020 176033 1584
176022 176023 788
176022 176043 605
176026 176027 976
176026 176046 1027
175589 175588 672
175589 175591 1282
175589 175821 782
175837 175821 1100
176011 175800 849
175784 175782 2420
175784 176028 1146
175786 175764 1631
175786 175783 2289
175714 175715 435
175714 175800 1004
175746 175745 158
175746 175767 276
175733 175732 3119
175733 175776 1854
175775 175773 1351
175775 185900 1227
175767 175746 276
175767 175765 755
185895 175796 1029
185895 185897 403
185899 185896 891
175005 175034 1778
176658 176657 976
176658 176705 1103
176660 176661 3054
176660 176661 3054
176660 186133 694
176660 186134 740
176705 176658 1103
176705 176704 1454
176705 177084 870
177070 176910 1810
177070 177071 893
177070 177087 517
176911 176910 677
176911 176929 2780
176926 176929 1531
176915 176921 1116
174799 174798 3720
174799 174820 3456
174815 174814 475
174815 174816 517
175610 175609 224
174996 174995 5874
174996 174997 1318
175043 175041 1342
175043 175605 476
176640 177698 4296
176640 177711 1349
185468 175096 761
185468 185469 1345
175670 175665 1762
175655 175652 827
175667 175651 878
175667 175679 1322
175668 175664 2418
175679 175661 3422
175679 175667 1322
174556 174554 1111
210947 210945 234
210964 210958 617
211016 211015 1042
211423 211425 469
211423 211426 1819
211424 211426 828
212049 211433 1558
212049 212050 709
212055 212050 1073
212055 212056 834
211030 211028 846
211030 211029 2094
212075 212073 213
212075 212076 540
163561 163560 677
163553 163556 667
163568 163556 1437
163568 163569 556
163571 163572 445
163571 163573 111
163580 163538 600
163580 163752 674
163580 163758 1669
163825 163820 924
163825 163827 1950
163817 163822 850
163817 163834 782
163818 163834 1449
163818 163836 782
163752 163580 674
163752 163757 1667
163765 163757 842
163765 165212 2248
165214 165212 850
165214 165215 1467
165214 165217 758
163785 163786 1516
163785 163881 1773
163797 163792 139
163797 163798 1516
163885 163881 948
163885 163882 1938
163885 163884 617
163796 163795 1307
165221 165217 782
165221 165225 1966
163871 163870 778
163871 163878 1432
163873 163880 758
163879 163878 818
163879 163880 789
163879 163896 1685
163870 163871 778
163870 163876 1095
163875 163874 782
163875 163876 778
163875 163892 850
163836 163818 782
163836 163838 1449
163845 163838 782
163843 163842 778
163843 163867 222
163874 163866 667
163874 163875 782
163874 163888 1264
163866 163867 667
163866 163874 667
163866 163887 1366
166375 166374 452
166378 166379 476
166378 166424 537
163851 163849 688
163851 166422 139
163857 163856 948
163857 163858 276
166419 166379 683
166419 166420 790
166420 163855 672
166420 166419 790
163463 163462 718
163461 163462 745
163461 163472 780
163469 163470 683
163469 164981 1919
164982 164981 790
163524 164997 672
163524 172447 1017
164980 164019 710
164988 164019 2388
164988 164989 850
165000 164989 1675
165000 164998 1124
165000 165002 790
163050 163047 828
163050 163051 2341
163061 163051 710
163061 163057 1560
163061 163436 828
163435 163436 2204
163435 163440 790
163440 163435 790
163440 163448 747
163440 172389 476
162978 162979 355
162978 162980 1664
162978 163048 752
163047 163048 2341
163047 163050 828
164009 164008 2781
164009 164994 985
164400 164401 905
164399 164391 713
164399 164402 752
164378 164377 1683
164210 164242 1484
164227 164226 558
164227 164239 1948
164229 164230 848
164229 164232 2614
164231 164232 848
164231 164316 879
164186 164185 558
164186 164310 279
164312 164311 2209
164312 164324 688
164324 164312 688
164324 164373 898
164183 164184 1011
164183 164258 152
164391 164399 713
164213 164215 2170
164215 164213 2170
212411 212405 900
212405 212411 900
164249 164247 985
164247 164249 985
212080 212076 640
212148 212149 716
212149 212148 716
114475 114479 603
114479 114475 603
115158 115157 303
115157 115158 303
114884 114886 1124
114886 114884 1124
106705 106903 1234
106903 106705 1234
111106 111159 238
111159 111106 238
111912 111939 889
111939 111912 889
112050 112049 764
112049 112050 764
112089 112090 796
112090 112089 796
112122 112129 434
112129 112122 434
112222 112140 764
112140 112222 764
112337 112414 905
112414 112337 905
112416 112420 1344
112420 112416 1344
112403 112409 628
112409 112403 628
111783 112176 403
112176 111783 403
112263 112262 1014
112262 112263 1014
113374 113380 1850
113380 113374 1850
113386 113396 536
113396 113386 536
113075 112931 1983
113035 113064 1032
113064 113035 1032
112931 113075 1983
104661 104684 1320
104618 104587 1676
104587 104618 1676
104686 104687 449
104684 104661 1320
104687 104686 449
39867 39863 1756
39863 39867 1756
39832 39912 927
39912 39832 927
105134 104959 584
104959 105134 584
105103 105101 1105
105097 105075 983
105099 105101 1438
105101 105099 1438
105101 105103 1105
105075 105097 983
39730 39731 2505
39731 39730 2505
39720 39718 1862
39718 39720 1862
40018 41059 629
41059 40018 629
41075 41025 2515
41025 41075 2515
41174 41361 452
41331 41328 884
41328 41331 884
41361 41174 452
55059 55057 828
55960 55964 333
55964 55960 333
48619 48632 511
48632 48619 511
49142 49214 709
49214 49142 709
49341 49337 747
49336 49337 688
49337 49336 688
49337 49341 747
49095 49092 747
49092 49095 747
49096 49099 650
49099 49096 650
49330 49332 1428
49332 49330 1428
49116 49120 276
49120 49116 276
49617 49619 1193
49619 49617 1193
53829 53836 677
53836 53829 677
55057 55059 828
144393 142520 2407
144393 144408 2470
144408 144393 2470
144408 144455 2083
144455 144408 2083
144458 144463 943
144463 144458 943
196714 196716 607
196716 196714 607
196719 196734 559
196734 196719 559
196768 196782 1839
196782 196768 1839
141585 141626 759
141607 141610 988
141580 141626 400
142520 144393 2407
142270 142269 811
142269 142270 811
141610 141607 988
141626 141580 400
141626 141585 759
142014 142023 2075
142023 142014 2075
142271 142275 916
142275 142271 916
142275 142274 909
142274 142275 909
207762 207764 796
207764 207762 796
196800 196791 342
196791 196800 342
196761 196755 930
196755 196761 930
145351 145562 220
145562 145351 220
145562 145567 237
145567 145562 237
151637 145378 442
145378 151637 442
145420 145422 622
145422 145420 622
145833 146010 780
146010 145833 780
146040 146042 810
151443 151444 844
151444 151443 844
151444 151506 962
151506 151444 962
146042 146040 810
151401 151397 756
151397 151401 756
204472 204476 691
204476 204472 691
204502 204650 2128
204650 204502 2128
204655 204676 1179
204676 204655 1179
203711 203714 792
203714 203711 792
204425 204468 727
204468 204425 727
208514 208515 788
208098 208105 778
208086 208088 963
208105 208098 778
208088 208086 963
207814 207813 1566
207813 207814 1566
207818 207836 773
207832 207831 1009
207832 207859 773
207859 207832 773
208515 208514 788
207836 207818 773
207836 207831 774
207831 207832 1009
207831 207836 774
208143 208146 775
208146 208143 775
208182 208186 363
208186 208182 363
208457 208462 1583
208462 208457 1583
208477 208479 1306
208479 208477 1306
185196 185197 238
185197 185196 238
166610 166633 758
166633 166610 758
166992 166993 848
166993 166992 848
182384 182387 1691
182387 182384 1691
182256 182257 827
182257 182256 827
166898 166939 849
166939 166898 849
166951 166956 650
166969 166956 747
166956 166951 650
166956 166969 747
174555 174554 2873
175354 175353 3250
175353 175354 3250
175353 175357 849
175257 175255 738
175255 175257 738
175357 175353 849
175933 175934 1446
175934 175933 1446
175938 175927 871
175927 175938 871
175842 176015 359
176015 175842 359
175886 175757 559
176019 176020 1233
176033 176020 1584
176023 176022 788
176043 176022 605
176027 176026 976
176027 176028 751
176046 176026 1027
175588 175589 672
175591 175589 1282
175821 175589 782
175821 175837 1100
175800 175714 1004
175800 176011 849
175782 175783 984
175782 175784 2420
176028 175784 1146
176028 176027 751
175764 175765 1653
175764 175786 1631
175783 175782 984
175783 175786 2289
175783 175796 1677
175715 175714 435
175745 175746 158
175732 175733 3119
175776 175733 1854
175773 175775 1351
185900 175775 1227
175765 175764 1653
175765 175767 755
175796 175783 1677
175796 185895 1029
185897 185895 403
185896 185899 891
175034 175005 1778
176657 176658 976
176661 176660 3054
176661 176660 3054
186133 176660 694
186134 176660 740
176704 176705 1454
177084 176705 870
176910 176911 677
176910 177070 1810
177071 177070 893
177087 177070 517
176929 176911 2780
176929 176926 1531
176921 176915 1116
174798 174799 3720
174820 174799 3456
174814 174815 475
174816 174815 517
175609 175610 224
174995 174996 5874
174997 174996 1318
175041 175043 1342
175605 175043 476
177698 176640 4296
177711 176640 1349
175096 185468 761
185469 185468 1345
175665 175664 757
175665 175670 1762
175652 175651 2950
175652 175655 827
175651 175652 2950
175651 175667 878
175664 175665 757
175664 175668 2418
175661 175679 3422
174554 174555 2873
174554 174556 1111
210945 210947 234
210958 210964 617
211015 211016 1042
211425 211423 469
211426 211423 1819
211426 211424 828
211426 211433 901
211433 211426 901
211433 212049 1558
212050 212049 709
212050 212055 1073
212056 212055 834
211028 211030 846
211029 211030 2094
212073 212075 213
212076 212075 540
212076 212080 640
163560 163561 677
163556 163553 667
163556 163568 1437
163569 163568 556
163569 163572 672
163572 163569 672
163572 163571 445
163573 163571 111
163538 163580 600
163758 163580 1669
163758 163757 590
163820 163825 924
163827 163825 1950
163827 163856 688
163822 163817 850
163834 163817 782
163834 163818 1449
163834 163838 782
163757 163752 1667
163757 163758 590
163757 163765 842
165212 163765 2248
165212 165214 850
165215 165214 1467
165217 165214 758
165217 165221 782
163786 163785 1516
163881 163785 1773
163881 163880 1168
163881 163885 948
163792 163797 139
163792 163884 805
163798 163797 1516
163882 163885 1938
163884 163792 805
163884 163885 617
163795 163796 1307
163795 165225 581
165225 163795 581
165225 165221 1966
163878 163871 1432
163878 163879 818
163880 163873 758
163880 163879 789
163880 163881 1168
163896 163879 1685
163876 163870 1095
163876 163875 778
163892 163875 850
163838 163834 782
163838 163836 1449
163838 163845 782
163842 163843 778
163867 163843 222
163867 163866 667
163888 163874 1264
163888 163887 452
163887 163866 1366
163887 163888 452
166374 166375 452
166379 166378 476
166379 166419 683
166424 166378 537
163849 163851 688
166422 163851 139
163856 163827 688
163856 163857 948
163858 163857 276
163855 166420 672
163462 163461 745
163462 163463 718
163472 163461 780
163470 163469 683
164981 163469 1919
164981 164982 790
164997 163524 672
164997 164998 337
172447 163524 1017
164019 164980 710
164019 164988 2388
164989 164988 850
164989 165000 1675
164998 164997 337
164998 165000 1124
165002 165000 790
163051 163048 828
163051 163050 2341
163051 163061 710
163057 163061 1560
163436 163061 828
163436 163435 2204
163448 163440 747
172389 163440 476
162979 162978 355
162980 162978 1664
163048 162978 752
163048 163047 2341
163048 163051 828
164008 164009 2781
164994 164009 985
164401 164400 905
164401 164402 404
164402 164399 752
164402 164401 404
164377 164378 1683
164242 164210 1484
164226 164227 558
164226 164230 404
164239 164227 1948
164230 164226 404
164230 164229 848
164232 164229 2614
164232 164231 848
164316 164231 879
164185 164184 1630
164185 164186 558
164310 164186 279
164310 164311 713
164311 164310 713
164311 164312 2209
164373 164324 898
164184 164183 1011
164184 164185 1630
164258 164183 152
981
175757
176020
176022
176026
175589
175837
176011
175784
175786
175714
175746
175733
175775
175767
185895
185899
175005
176658
176660
176705
177070
176911
176926
176915
174799
174815
175610
174996
175043
176640
185468
175670
175655
175667
175668
175679
174556
210947
210964
211016
211423
211424
212049
212055
211030
212075
163561
163553
163568
163571
163580
163825
163817
163818
163752
163765
165214
163785
163797
163885
163796
165221
163871
163873
163879
163870
163875
163836
163845
163843
163874
163866
166375
166378
163851
163857
166419
166420
163463
163461
163469
164982
163524
164980
164988
165000
163050
163061
163435
163440
162978
163047
164009
164400
164399
164378
164210
164227
164229
164231
164186
164312
164324
164183
164572
164393
164397
164391
164406
164213
164215
164221
164233
212402
212403
164499
161351
212411
212405
212410
164249
164504
164506
164247
164512
161362
161364
164508
164515
212080
212087
212089
212127
212130
212148
212149
212152
212119
212155
212341
212338
212343
212350
212353
212355
178732
114659
114660
114394
114579
114580
114475
114479
114435
114414
114047
115158
115059
115157
114832
114835
114842
114890
114884
114886
92098
92106
115303
115313
115315
115316
115324
115699
115413
115651
115715
115769
106887
106947
106929
106972
107151
107351
107139
107141
116305
107159
107281
107318
32456
105908
106866
92864
102826
92886
92889
92929
106705
106903
106707
106912
106754
106746
106191
106221
116016
116038
116025
116089
116097
116047
116106
116109
116128
116095
192033
192508
191886
191887
190857
191591
191830
192073
192827
192793
193015
193945
190982
193037
194377
107611
109874
109879
107634
109845
107775
107782
107509
111106
103414
111184
111197
111150
111153
111159
111188
111213
111914
111912
111899
111939
111950
111957
112050
112049
112089
112090
112101
112120
112122
112129
112139
112299
112305
112292
112297
112294
112222
112140
112137
112321
112327
112337
112414
112416
112420
112422
112433
112403
112405
112409
112428
112401
111783
111785
112176
112671
112904
112910
112916
112206
112658
112944
112249
112263
112254
112256
112262
112378
112379
112685
113089
113095
113110
113355
113368
113374
113380
113386
113396
113404
113075
113077
113027
113034
113066
113043
113072
113031
113035
113064
112931
104543
113415
113435
104644
104661
104558
104554
104551
104575
104574
104615
104618
104585
104587
104678
104686
104684
104687
39839
39867
39871
39825
39863
39829
39832
39912
39787
39845
104762
104866
105134
104959
104958
104969
105111
105204
105103
105068
105097
105099
105101
104671
104674
104455
105075
39659
39710
39726
39730
39731
39910
39720
39718
39677
39757
39763
39765
39771
39948
39772
39958
39960
39963
39968
40018
41059
41068
41088
41070
41065
41075
41025
41084
41038
41044
41047
41053
41057
41192
41105
41147
41154
41180
41185
41163
41177
41183
41174
41333
41338
41357
41359
50479
41170
41331
41328
41330
41361
41674
41675
55059
55068
55074
55116
55132
55960
55294
55311
55314
55406
55431
55964
55450
48619
48632
48633
48621
48630
48614
48615
48651
49239
49333
48806
48798
48817
48801
49205
49142
49213
49214
49322
49346
49326
49341
49342
49387
49386
49336
49339
49337
49095
49092
49096
49132
49099
49149
49330
49332
49107
49116
49120
49176
49188
49459
49463
49617
49619
131413
131668
131801
131808
120646
49629
49644
131796
131878
54327
54406
54483
54390
54489
49641
53790
53791
53821
53823
53825
53829
53836
53839
53841
53843
55076
55057
144393
144408
144455
144458
144463
144472
144606
144612
144615
144640
144641
144644
196714
196716
196719
196734
196730
196732
196616
196619
196614
196621
196781
196787
196768
196782
141585
141606
141607
141580
150669
139878
139879
150676
150601
150671
151724
139880
140157
140162
140198
140242
140243
140262
141573
142278
142311
142309
142475
142482
142480
142511
142520
142270
142269
141610
141619
141643
141626
141631
141632
141638
141650
142014
142023
142032
142038
142046
142271
142275
142274
55966
56111
56118
56114
204684
204770
207763
207762
207764
207769
207702
207704
207703
207729
196799
196800
196791
196797
145296
196761
196755
196760
196812
145342
145350
145351
145562
145567
151637
145381
145376
145378
145379
145389
145391
145420
145422
145442
145451
145456
145468
145830
145833
146010
146013
146022
146037
146040
151442
151447
151443
151448
151444
151459
151396
151506
146042
151387
151400
151401
151397
151403
203705
204043
204472
204476
204502
204650
204655
204676
203709
203717
203711
203714
203764
203770
203774
203803
204018
204021
204037
204425
204468
208506
208514
208098
208099
208103
208508
208510
208518
208086
208090
208105
208088
207809
207814
207813
207818
207832
207859
208515
207836
207831
208093
208143
208146
208182
208186
208400
208414
208402
208455
208457
208462
208464
208477
208436
208483
208479
210708
210718
210721
210733
185315
178808
180619
180279
180297
180608
180606
180637
180655
180624
166862
166878
166873
166895
185196
185197
185202
166412
166515
166532
166610
166627
166637
166613
166633
166992
166995
166993
167133
166987
166658
166869
166918
167138
180581
180756
180566
180652
180520
180524
180559
180584
179685
180474
180495
180485
182378
182384
182387
182256
173730
182257
182260
182013
182011
181981
179720
181932
181937
181942
181947
181959
182136
181951
182010
182250
182548
182553
185256
185264
185186
166897
166898
166912
166927
166939
166942
166913
166948
166951
152192
152247
152248
152253
166969
166956
152173
185194
176350
176408
176419
161244
176406
176404
152297
152299
152263
152277
173942
173953
185818
174782
173667
173717
185400
173814
173656
173658
185260
173819
173928
173949
174555
174693
174684
174689
152026
175373
175381
175354
175360
175338
175353
175257
175255
175335
175357
175359
185460
175363
175921
175939
175933
175941
175483
175484
175934
175936
152060
172364
175915
175938
175927
175446
175855
175860
175863
176920
176978
176984
175596
175842
176015
186136
175886
176019
176033
176023
176043
176027
176046
175588
175591
175821
175800
175782
176028
175764
175715
175745
175732
175776
175773
175796
185896
175034
176657
176661
176704
177084
176910
177071
177087
176929
176921
174798
174814
174816
175609
174995
174997
175041
175605
177698
175096
185469
175665
175652
175651
175664
175661
174554
210945
210958
211015
211425
211426
211433
212050
212056
211028
212073
212076
163560
163556
163569
163572
163573
163538
163758
163820
163827
163822
163757
165212
165215
165217
163881
163792
163882
163884
163795
165225
163878
163880
163896
163876
163892
163842
163867
163888
163887
166374
166379
166424
163849
166422
163856
163855
163472
163470
164981
164997
164019
164989
164998
165002
163051
163057
163436
163448
162980
163048
164008
164994
164401
164402
164377
164242
164226
164239
164230
164232
164316
164310
164311
164373
164184
164258
