1266
127167 127168 948
127169 127166 810
127169 127168 873
127174 127171 766
127040 127036 674
127066 127039 751
127106 127105 843
127061 127062 1880
127061 127065 1085
127061 127068 253
127072 127071 739
127072 127073 752
127075 127073 1161
127104 127100 3516
127104 127112 951
127114 127113 436
127109 127108 418
127109 127115 759
127115 127109 759
127115 127113 165
127076 127073 1704
127076 127181 436
127181 127076 436
127181 127183 2006
127184 127183 790
127284 127148 3166
127275 127276 673
127275 127277 612
127314 127317 581
127320 127321 1011
46201 46176 976
46201 46200 673
126810 126809 1816
126822 126811 1086
126822 126824 558
126822 126827 1345
126867 126887 558
126867 126888 605
126867 126925 323
126855 126854 673
126855 126858 2181
126830 126831 220
126839 126837 710
126839 126838 747
127161 126849 710
46180 46178 558
46190 46173 677
46190 46185 810
46179 46176 953
46179 46177 4250
46244 46186 1035
46244 46247 279
46417 46418 381
46413 46410 517
46413 46412 818
46414 46388 276
46414 46412 828
46249 46189 1816
46249 46247 873
46450 46388 906
46450 46389 3000
46450 46453 985
46464 46453 476
127289 127148 674
127293 127288 2337
127293 127294 751
127297 127294 2294
127297 127299 1222
127629 127487 940
127629 127631 984
127347 127344 1269
127345 127323 672
127345 127343 1118
132402 132403 682
132402 132404 517
127655 127653 927
127640 127639 2059
127640 127657 1375
127657 127639 1700
127657 127640 1375
127697 127664 1036
127799 127794 1759
127799 127800 688
127322 127316 1264
127322 127321 1336
127322 127323 782
130329 130316 790
130329 130326 890
130330 130326 811
130330 130327 1447
130328 130327 874
127743 127741 1592
127750 127742 2006
127750 127749 631
127747 127740 622
127759 127756 767
127759 127760 1357
127762 127760 759
127762 127764 688
127762 127776 1308
127763 127758 767
127763 127760 1447
127764 127762 688
127764 127777 850
132408 127767 513
127771 127767 1010
127771 127768 808
127771 127774 2020
127789 127791 418
127792 127791 890
127792 129333 1699
129335 129325 2647
129344 129342 1699
129344 129371 739
129345 129337 1778
129345 129343 808
129576 129583 1447
129597 129615 843
129597 129617 1810
129597 129667 850
129667 129597 850
129667 129669 1467
129667 129670 710
129668 129670 782
129606 129583 934
129606 129607 1831
129615 129597 843
129615 129616 2044
129675 129672 1036
129675 129679 751
129679 129675 751
129679 129678 1534
129688 129678 739
129688 129683 1485
129688 129689 739
129694 129689 1447
129703 129689 810
129703 129692 1395
129703 129705 739
129707 129705 1394
129707 129708 807
129870 129708 1502
129870 129869 1395
129870 129873 873
129869 129870 1395
129869 129876 941
129869 130310 279
130310 129869 279
130310 130311 752
121296 121290 2896
121296 121294 1147
121296 121371 891
121301 121299 880
121301 121303 337
121372 121371 1087
121372 121379 213
121380 121375 1285
121305 121303 986
121390 121328 1102
121329 121326 1102
121329 121328 2561
121329 121399 1248
121399 121329 1248
121399 121331 1547
70080 70081 1824
70269 70259 818
70269 70270 1782
70273 70275 477
70279 70280 782
70279 70283 1396
70282 70455 239
70282 78774 5766
70283 70279 1396
70283 70284 3298
69969 69963 928
69969 69964 562
69972 69964 1519
69972 70233 1225
69972 70237 591
69938 69935 851
69938 69939 952
69939 69934 1153
69939 69938 952
69932 69915 1004
69932 69931 631
69932 69935 1003
69952 69949 684
69952 69951 1786
69966 69967 1667
69966 69968 591
69968 69963 1111
69968 69966 591
69953 69949 1786
69953 69950 851
69937 69936 768
69937 69950 1675
76622 76619 445
69858 69852 2340
69858 69859 5453
69861 69856 1814
69897 69883 1439
69897 69899 4922
129713 129509 1977
129713 129517 891
129722 129515 1484
129722 129519 2005
129729 129720 1885
129729 129721 874
129730 129718 1821
129734 129728 337
129734 129780 1356
129780 129733 558
129780 129734 1356
129786 129784 202
129786 129787 606
129787 129785 976
129787 129786 606
129799 129795 238
129803 129802 1147
129801 129710 874
129801 129802 874
129801 129804 713
129804 129711 890
129804 129801 713
129879 129875 404
129889 129874 808
129889 130327 1534
129742 129519 1485
129540 129538 1726
129540 129743 837
129754 129544 752
129754 129743 1412
129757 129544 1285
129757 129756 698
121334 121187 1881
129904 129570 1202
121338 121192 674
121352 121356 1147
121295 121292 2358
121295 121373 752
218145 219698 4895
218145 224033 4621
218469 218472 327
219015 218472 498
219015 219017 388
219020 219018 2122
224096 219387 917
224096 224412 1453
219398 219387 1049
219398 219399 1503
219398 219400 209
219398 219409 942
218476 218475 40
218476 218477 32
218476 224102 2142
219042 219024 465
219042 219045 1064
219046 219024 787
219046 219047 763
219403 219047 2510
219403 219406 942
219397 219396 796
219397 219399 665
218542 218673 682
224484 224485 548
218705 218702 1285
218705 218708 276
218705 218709 1217
218701 218681 609
218701 218702 896
218584 218710 889
218709 218705 1217
218709 218710 2598
218709 218711 791
218533 218671 550
218678 218681 892
218678 218682 2401
218846 218723 1177
218846 218849 842
218847 218723 1235
218849 218734 2444
218849 218846 842
218849 218871 779
218875 218871 1336
218875 218876 762
218896 218897 1556
218896 218898 887
218898 218896 887
218898 218936 1112
218898 218937 1958
218938 218939 2057
218938 218940 823
218911 218910 774
218913 218910 1659
218913 218914 784
218914 218912 1670
218914 218913 784
218914 218927 831
224405 218927 552
224405 218940 457
224405 222150 3322
216059 218897 1657
216059 224067 474
224067 216059 474
224067 224809 438
224080 219586 7999
224080 224072 7123
218697 218290 515
218697 218698 1667
218700 218721 2354
218700 218747 777
218739 218741 736
218738 218740 204
218738 218743 773
218743 218738 773
218743 218740 702
218755 218754 3135
222969 224459 528
223082 223075 2119
223082 223084 797
223072 223074 594
223072 223075 2160
223086 223088 997
223087 223084 806
223087 223089 661
223111 223112 1468
223114 223112 1379
223117 223109 3352
223117 223124 2047
223117 223135 1568
223128 223088 816
223128 223129 749
223104 223106 1090
223108 223112 1190
223108 223115 457
223109 223115 420
223109 223117 3352
223110 223119 1021
223110 223120 2283
150851 150857 842
150851 150858 2118
150858 150851 2118
150858 150859 828
143888 151008 2147
143888 151979 509
151006 151008 889
151007 150947 1080
151007 151304 527
149087 149166 1426
149087 149171 729
149172 149168 1999
149172 149171 861
149172 149173 2515
149252 149023 775
149252 149173 753
149252 149263 532
149255 149256 1018
143938 143937 167
143938 149266 663
143937 143938 167
143937 149023 1309
143937 149263 1444
143937 149284 182
149294 149290 1194
149294 149295 481
149503 149504 759
149503 149515 602
149505 149504 1775
149505 149507 474
149505 149511 319
149517 149515 828
149517 149523 1902
149540 149525 447
149540 151702 129
150032 146603 486
150037 146599 1553
150037 146982 479
151016 151008 2472
151016 151092 754
151104 151092 2376
151104 151103 820
151154 151152 316
147365 147364 2404
147365 147366 859
151300 147364 486
151300 151190 2369
151192 151189 2381
151192 151190 903
147375 147366 2314
147375 147377 785
147375 147402 2312
151188 151179 1388
151188 151189 765
151181 151171 1237
151181 151179 935
151178 151151 2336
151178 151171 889
151161 151151 811
147402 147375 2312
147402 147380 771
147430 147380 1717
147430 147429 911
147444 147429 245
147444 147445 546
147452 147436 2447
147452 147438 782
147455 147438 2595
147455 147453 808
147455 147649 2125
147649 147455 2125
147649 147648 793
147652 147648 2313
147652 147651 845
147666 147651 2470
147666 147665 737
147688 147658 2421
147688 147669 812
147688 147686 858
147669 147665 2366
147669 147688 812
147718 147686 2377
147718 147689 793
147718 147722 830
147722 147718 830
147722 147726 1141
147737 147726 516
147737 147738 395
147740 147944 822
147740 147949 2679
147950 147949 812
147950 148859 2444
148860 148859 696
148860 148863 1008
148865 148863 785
148865 148875 838
148865 148885 494
148875 148865 838
148875 148893 1227
148895 148893 804
148895 148897 1621
146963 146964 1119
146963 148899 487
146963 151678 497
148907 148900 407
148907 148912 407
148907 148954 859
148949 148953 665
148956 148954 663
148956 148960 1636
148958 148911 1228
148958 148960 1077
148958 148961 1446
148958 148974 1037
148967 148973 843
148978 148973 1307
148976 148974 719
148976 148977 2338
148980 148977 774
148980 149015 2317
149154 149015 849
149154 149156 864
149159 149158 762
149159 149168 1102
149158 149159 762
149158 149167 1386
149166 149087 1426
149166 149167 810
212711 212709 630
212711 212712 744
212715 212753 741
212715 212754 327
212744 212759 317
212744 212760 2171
212751 212752 2438
212751 212818 370
212817 196153 367
212763 212762 810
212763 214975 425
196155 196153 946
196155 196154 148
196155 212766 792
212748 196153 885
212766 196155 792
212766 212768 735
212766 212823 687
212767 212768 1950
212767 212769 679
150038 150041 819
146982 150029 1226
146982 150037 479
150068 150070 814
150068 150140 2331
150139 150140 827
150139 150145 2321
150069 150042 181
150144 150145 727
150144 150162 1799
150144 151643 559
150166 150168 507
150167 150114 812
150167 150171 2027
150167 150172 817
150111 150113 944
150111 150114 2113
150111 150120 710
150112 150090 2735
150112 150123 996
150118 150120 754
150118 150122 730
150119 150122 687
150119 150164 865
150164 150119 865
150164 150121 1318
150114 150111 2113
150114 150121 910
150114 150167 812
150089 150090 750
150235 150239 1393
150242 150215 388
150242 150243 1350
150244 150239 389
150244 150243 442
150244 150246 1441
150240 150239 390
150240 150248 1415
150251 150248 376
150274 150256 2598
150274 150275 110
151917 151918 129
198805 198795 4881
204974 204984 1002
204974 204986 2039
204977 204986 760
204977 205048 2906
205038 205045 731
205038 205048 841
205038 205054 2516
204983 204979 750
204983 204984 1466
205045 205038 731
205045 205053 1593
205046 214872 680
154009 154016 893
153897 153898 848
153897 153899 264
154035 154033 924
154018 154017 1004
162445 162444 222
162445 162446 688
162438 154165 2130
162438 162437 796
162438 162439 796
168903 168902 518
168910 162439 953
168910 162444 1334
168397 168395 2889
168406 168395 1118
168406 170745 700
170728 170746 1520
168771 168769 747
168771 168772 581
171208 170747 928
171208 171207 253
170747 170748 474
170747 171208 928
168772 168771 581
168770 168769 2033
168830 168829 843
168829 168830 843
168931 168932 1023
168932 168931 1023
162432 168960 1101
168960 162432 1101
168960 168902 951
162452 154017 674
154037 154146 683
154128 154131 688
154146 154037 683
154131 154128 688
154138 154122 518
154122 154138 518
154543 154544 1357
154544 154543 1357
155368 155408 2852
155408 155368 2852
160067 160068 2334
160068 160067 2334
213159 213157 1129
213157 213159 1129
213270 213266 1214
213266 213270 1214
169625 169624 1920
169624 169625 1920
169667 169673 2756
170598 170600 1459
170561 170560 355
170600 170598 1459
170560 170561 355
170562 170563 1323
170563 170562 1323
169673 169667 2756
169681 169680 1576
169680 169681 1576
95128 95129 1085
95152 95156 511
95156 95152 511
95129 95128 1085
50017 50070 1142
50070 50017 1142
97577 97607 1208
97607 97577 1208
98134 98160 750
98160 98134 750
109042 109043 336
109043 109042 336
36251 36252 1234
36252 36251 1234
44164 44161 2281
44175 44176 1458
44161 44164 2281
44176 44175 1458
35777 35778 2004
35778 35777 2004
37425 37423 2459
37423 37425 2459
35617 35622 950
35622 35617 950
36219 36236 2674
36236 36219 2674
37428 37430 2204
37430 37428 2204
46584 46595 505
46595 46584 505
46714 46722 279
46722 46714 279
127168 127167 948
127168 127169 873
127166 127169 810
127171 127174 766
127036 127040 674
127039 127066 751
127039 127068 2588
127105 127106 843
127062 127061 1880
127065 127061 1085
127068 127039 2588
127068 127061 253
127071 127072 739
127073 127072 752
127073 127075 1161
127073 127076 1704
127100 127104 3516
127112 127104 951
127113 127114 436
127113 127115 165
127108 127109 418
127183 127181 2006
127183 127184 790
127148 127284 3166
127148 127289 674
127276 127275 673
127277 127275 612
127317 127314 581
127317 127321 374
127321 127317 374
127321 127320 1011
127321 127322 1336
46176 46179 953
46176 46201 976
46200 46201 673
126809 126810 1816
126811 126822 1086
126824 126822 558
126827 126822 1345
126887 126867 558
126888 126867 605
126925 126867 323
126854 126855 673
126858 126855 2181
126831 126830 220
126837 126839 710
126838 126839 747
126849 127161 710
46178 46173 1284
46178 46177 202
46178 46180 558
46173 46178 1284
46173 46190 677
46185 46189 2085
46185 46190 810
46177 46178 202
46177 46179 4250
46186 46244 1035
46247 46244 279
46247 46249 873
46418 46417 381
46410 46413 517
46412 46413 818
46412 46414 828
46388 46414 276
46388 46450 906
46189 46185 2085
46189 46249 1816
46389 46450 3000
46453 46450 985
46453 46464 476
127288 127293 2337
127288 127294 2363
127294 127288 2363
127294 127293 751
127294 127297 2294
127299 127297 1222
127299 127344 893
127487 127629 940
127631 127629 984
127344 127299 893
127344 127343 667
127344 127347 1269
127323 127322 782
127323 127345 672
127343 127344 667
127343 127345 1118
132403 132402 682
132404 132402 517
127653 127655 927
127639 127640 2059
127639 127657 1700
127664 127697 1036
127794 127799 1759
127800 127799 688
127316 127322 1264
130316 130311 1029
130316 130329 790
130326 130329 890
130326 130330 811
130327 129889 1534
130327 130328 874
130327 130330 1447
127741 127740 253
127741 127742 1347
127741 127743 1592
127742 127741 1347
127742 127750 2006
127749 127750 631
127740 127741 253
127740 127747 622
127756 127759 767
127760 127759 1357
127760 127762 759
127760 127763 1447
127776 127762 1308
127758 127763 767
127758 127767 1612
127777 127764 850
127767 127758 1612
127767 127771 1010
127767 132408 513
127768 127771 808
127774 127771 2020
127774 127791 613
127791 127774 613
127791 127789 418
127791 127792 890
129333 127792 1699
129325 129335 2647
129342 129343 673
129342 129344 1699
129371 129344 739
129337 129345 1778
129343 129342 673
129343 129345 808
129583 129576 1447
129583 129606 934
129617 129597 1810
129617 129669 879
129669 129617 879
129669 129667 1467
129669 129672 879
129670 129667 710
129670 129668 782
129670 129672 1268
129607 129606 1831
129607 129616 1485
129616 129607 1485
129616 129615 2044
129672 129669 879
129672 129670 1268
129672 129675 1036
129678 129679 1534
129678 129688 739
129683 129688 1485
129689 129688 739
129689 129694 1447
129689 129703 810
129692 129703 1395
129705 129703 739
129705 129707 1394
129708 129707 807
129708 129870 1502
129873 129870 873
129873 129876 1447
129876 129869 941
129876 129873 1447
129876 130311 452
130311 129876 452
130311 130310 752
130311 130316 1029
121290 121296 2896
121290 121299 355
121294 121296 1147
121371 121296 891
121371 121372 1087
121371 121373 674
121299 121290 355
121299 121301 880
121303 121301 337
121303 121305 986
121379 121372 213
121375 121380 1285
121328 121329 2561
121328 121390 1102
121326 121329 1102
121326 121331 2002
121331 121326 2002
121331 121399 1547
70081 70080 1824
70259 70269 818
70270 70269 1782
70270 70275 404
70275 70270 404
70275 70273 477
70280 70279 782
70455 70282 239
78774 70282 5766
70284 70283 3298
69963 69968 1111
69963 69969 928
69964 69969 562
69964 69972 1519
70233 69972 1225
70237 69972 591
69935 69932 1003
69935 69938 851
69934 69939 1153
69915 69932 1004
69931 69932 631
69949 69952 684
69949 69953 1786
69951 69952 1786
69967 69966 1667
69950 69937 1675
69950 69953 851
69936 69937 768
76619 76622 445
69852 69858 2340
69859 69858 5453
69856 69861 1814
69883 69897 1439
69899 69897 4922
129509 129713 1977
129517 129515 977
129517 129713 891
129515 129517 977
129515 129722 1484
129519 129538 1411
129519 129722 2005
129519 129742 1485
129720 129729 1885
129721 129718 891
129721 129729 874
129718 129721 891
129718 129730 1821
129728 129734 337
129733 129780 558
129784 129786 202
129785 129710 1364
129785 129787 976
129785 129795 739
129795 129785 739
129795 129799 238
129795 129802 474
129802 129795 474
129802 129801 874
129802 129803 1147
129710 129785 1364
129710 129801 874
129711 129804 890
129711 129875 751
129875 129711 751
129875 129879 404
129874 129889 808
129538 129519 1411
129538 129540 1726
129743 129540 837
129743 129754 1412
129544 129754 752
129544 129757 1285
129756 129757 698
121187 121334 1881
129570 129904 1202
121192 121338 674
121356 121352 1147
121292 121295 2358
121373 121295 752
121373 121371 674
219698 218145 4895
224033 218145 4621
218472 218469 327
218472 219015 498
219017 219015 388
219017 219018 881
219018 219017 881
219018 219020 2122
219387 219398 1049
219387 224096 917
224412 224096 1453
219399 219397 665
219399 219398 1503
219400 219398 209
219409 219398 942
218475 218476 40
218475 218477 16
218477 218475 16
218477 218476 32
224102 218476 2142
219024 219042 465
219024 219046 787
219045 219042 1064
219047 219046 763
219047 219403 2510
219406 219403 942
219396 219397 796
218673 218542 682
218673 218671 952
224485 224484 548
218702 218701 896
218702 218705 1285
218708 218705 276
218681 218678 892
218681 218701 609
218710 218584 889
218710 218709 2598
218711 218709 791
218671 218533 550
218671 218673 952
218682 218290 496
218682 218678 2401
218723 218846 1177
218723 218847 1235
218734 218849 2444
218871 218849 779
218871 218875 1336
218876 218875 762
218897 216059 1657
218897 218896 1556
218897 218937 1064
218936 218898 1112
218936 218939 893
218937 218897 1064
218937 218898 1958
218939 218936 893
218939 218938 2057
218940 218938 823
218940 224405 457
218910 218911 774
218910 218912 857
218910 218913 1659
218912 218910 857
218912 218914 1670
218927 218914 831
218927 224405 552
222150 224405 3322
224809 224067 438
219586 224080 7999
224072 224080 7123
218290 218682 496
218290 218697 515
218698 218697 1667
218721 218700 2354
218747 218700 777
218741 218739 736
218741 218740 1083
218740 218738 204
218740 218741 1083
218740 218743 702
218754 218755 3135
224459 222969 528
223075 223072 2160
223075 223082 2119
223084 223082 797
223084 223087 806
223074 223072 594
223088 223086 997
223088 223089 934
223088 223128 816
223089 223087 661
223089 223088 934
223112 223108 1190
223112 223111 1468
223112 223114 1379
223124 223117 2047
223124 223120 1619
223135 223117 1568
223135 223129 955
223129 223128 749
223129 223135 955
223106 223104 1090
223115 223108 457
223115 223109 420
223119 223110 1021
223120 223110 2283
223120 223124 1619
150857 150851 842
150857 150859 2264
150859 150857 2264
150859 150858 828
151008 143888 2147
151008 151006 889
151008 151016 2472
151979 143888 509
150947 151007 1080
151304 151007 527
149171 149087 729
149171 149167 1677
149171 149172 861
149168 149159 1102
149168 149167 854
149168 149172 1999
149173 149172 2515
149173 149252 753
149023 143937 1309
149023 149252 775
149263 143937 1444
149263 149252 532
149263 149256 256
149256 149255 1018
149256 149263 256
149256 149266 504
149266 143938 663
149266 149256 504
149284 143937 182
149284 149290 912
149290 149284 912
149290 149294 1194
149295 149294 481
149504 149503 759
149504 149505 1775
149515 149503 602
149515 149517 828
149507 149505 474
149511 149505 319
149523 149517 1902
149523 149525 351
149525 149523 351
149525 149540 447
151702 149540 129
146603 146599 406
146603 150032 486
146599 146603 406
146599 150037 1553
151092 151016 754
151092 151104 2376
151103 151104 820
151152 151154 316
147364 147365 2404
147364 151300 486
147366 147365 859
147366 147375 2314
151190 151192 903
151190 151300 2369
151189 151188 765
151189 151192 2381
147377 147375 785
147377 147380 2301
151179 151181 935
151179 151188 1388
151171 151178 889
151171 151181 1237
151151 151161 811
151151 151178 2336
147380 147377 2301
147380 147402 771
147380 147430 1717
147429 147430 911
147429 147444 245
147429 147445 547
147445 147429 547
147445 147436 330
147445 147444 546
147436 147445 330
147436 147452 2447
147438 147452 782
147438 147455 2595
147453 147455 808
147453 147648 2114
147648 147453 2114
147648 147649 793
147648 147652 2313
147651 147652 845
147651 147666 2470
147665 147658 831
147665 147666 737
147665 147669 2366
147658 147665 831
147658 147688 2421
147686 147688 858
147686 147718 2377
147689 147718 793
147689 147726 1709
147726 147689 1709
147726 147722 1141
147726 147737 516
147738 147737 395
147944 147740 822
147949 147740 2679
147949 147950 812
148859 147950 2444
148859 148860 696
148863 148860 1008
148863 148865 785
148885 148865 494
148893 148875 1227
148893 148895 804
148897 148895 1621
148897 151678 687
146964 146963 1119
146964 148911 2119
148899 146963 487
148899 148900 88
151678 146963 497
151678 148897 687
148900 148899 88
148900 148907 407
148900 148912 563
148912 148900 563
148912 148907 407
148954 148907 859
148954 148953 823
148954 148956 663
148953 148949 665
148953 148954 823
148960 148956 1636
148960 148958 1077
148911 146964 2119
148911 148958 1228
148961 148958 1446
148974 148958 1037
148974 148973 825
148974 148976 719
148973 148967 843
148973 148974 825
148973 148978 1307
148977 148976 2338
148977 148980 774
149015 148980 2317
149015 149154 849
149156 149154 864
149167 149158 1386
149167 149166 810
149167 149168 854
149167 149171 1677
212709 212711 630
212712 212711 744
212753 212715 741
212754 212715 327
212759 212744 317
212760 212744 2171
212752 212751 2438
212752 212762 739
212818 212751 370
196153 196155 946
196153 212748 885
196153 212817 367
212762 212752 739
212762 212763 810
214975 212763 425
196154 196155 148
212768 212766 735
212768 212767 1950
212823 212766 687
212769 212767 679
150041 150038 819
150041 150042 2207
150029 146982 1226
150070 150042 2382
150070 150068 814
150140 150068 2331
150140 150139 827
150145 150139 2321
150145 150144 727
150042 150041 2207
150042 150069 181
150042 150070 2382
150162 150144 1799
151643 150144 559
150168 150166 507
150171 150167 2027
150172 150167 817
150113 150111 944
150113 150123 1964
150120 150111 710
150120 150118 754
150120 150121 1336
150090 150089 750
150090 150112 2735
150123 150112 996
150123 150113 1964
150122 150118 730
150122 150119 687
150122 150121 786
150121 150114 910
150121 150120 1336
150121 150122 786
150121 150164 1318
150239 150235 1393
150239 150240 390
150239 150244 389
150215 150242 388
150243 150242 1350
150243 150244 442
150246 150244 1441
150248 150240 1415
150248 150251 376
150256 150274 2598
150275 150274 110
151918 151917 129
198795 198805 4881
204984 204974 1002
204984 204983 1466
204986 204974 2039
204986 204977 760
205048 204977 2906
205048 205038 841
205054 205038 2516
205054 205053 619
204979 204983 750
205053 205045 1593
205053 205054 619
214872 205046 680
154016 154009 893
154016 154017 759
153898 153897 848
153899 153897 264
154033 154035 924
154017 154016 759
154017 154018 1004
154017 162452 674
162444 162445 222
162444 168910 1334
162446 162445 688
154165 162438 2130
162437 162438 796
162437 168902 1226
162439 162438 796
162439 168910 953
168902 162437 1226
168902 168903 518
168902 168960 951
168395 168397 2889
168395 168406 1118
170745 168406 700
170746 170728 1520
168769 168770 2033
168769 168771 747
171207 171208 253
170748 170747 474
933
127167
127169
127174
127040
127066
127106
127061
127072
127075
127104
127114
127109
127115
127076
127181
127184
127284
127275
127314
127320
46201
126810
126822
126867
126855
126830
126839
127161
46180
46190
46179
46244
46417
46413
46414
46249
46450
46464
127289
127293
127297
127629
127347
127345
132402
127655
127640
127657
127697
127799
127322
130329
130330
130328
127743
127750
127747
127759
127762
127763
127764
132408
127771
127789
127792
129335
129344
129345
129576
129597
129667
129668
129606
129615
129675
129679
129688
129694
129703
129707
129870
129869
130310
121296
121301
121372
121380
121305
121390
121329
121399
70080
70269
70273
70279
70282
70283
69969
69972
69938
69939
69932
69952
69966
69968
69953
69937
76622
69858
69861
69897
129713
129722
129729
129730
129734
129780
129786
129787
129799
129803
129801
129804
129879
129889
129742
129540
129754
129757
121334
129904
121338
121352
121295
218145
218469
219015
219020
224096
219398
218476
219042
219046
219403
219397
218542
224484
218705
218701
218584
218709
218533
218678
218846
218847
218849
218875
218896
218898
218938
218911
218913
218914
224405
216059
224067
224080
218697
218700
218739
218738
218743
218755
222969
223082
223072
223086
223087
223111
223114
223117
223128
223104
223108
223109
223110
150851
150858
143888
151006
151007
149087
149172
149252
149255
143938
143937
149294
149503
149505
149517
149540
150032
150037
151016
151104
151154
147365
151300
151192
147375
151188
151181
151178
151161
147402
147430
147444
147452
147455
147649
147652
147666
147688
147669
147718
147722
147737
147740
147950
148860
148865
148875
148895
146963
148907
148949
148956
148958
148967
148978
148976
148980
149154
149159
149158
149166
212711
212715
212744
212751
212817
212763
196155
212748
212766
212767
150038
146982
150068
150139
150069
150144
150166
150167
150111
150112
150118
150119
150164
150114
150089
150235
150242
150244
150240
150251
150274
151917
198805
204974
204977
205038
204983
205045
205046
154009
153897
154035
154018
162445
162438
168903
168910
168397
168406
170728
168771
171208
170747
168772
168770
171210
168784
168830
168828
168829
168935
168931
168932
162413
168961
168964
162424
162426
162429
162432
168960
162452
168873
154037
154128
154146
154131
154138
154122
154111
154345
158196
154449
154467
154441
154990
154998
155087
154543
155085
154544
155091
155092
157926
155119
155151
155162
155368
155408
159735
159749
159808
157776
159977
157984
158711
158019
158021
158005
157788
157998
178483
178480
178490
178441
178459
157928
158702
158708
158726
158757
158760
158793
158980
158984
158998
159027
159056
160067
159093
160068
159105
161096
172095
161290
161281
213159
213167
213181
213157
213270
213279
213266
213287
213292
213203
162020
213337
213286
213333
162022
159962
161984
159960
169645
169625
169624
169619
169667
170525
170520
170073
170473
170595
170598
170632
170561
170600
170560
170562
170563
170568
169689
169673
169678
169681
169542
169680
95120
95142
94903
94950
95213
95216
95020
95025
95128
95152
95156
95157
95129
95131
94908
103152
94921
94243
94240
94267
94264
94269
94289
94302
108932
94316
49985
50017
50070
50231
94236
94212
97413
102043
102784
97468
97567
97569
97592
97588
97577
97607
97578
98134
97641
98162
98160
97642
98253
98209
102284
102014
102016
102236
100628
94631
102286
93450
93464
93466
93511
93481
94960
98554
98135
98270
98299
98266
98312
98316
97625
191461
191218
191369
118504
119480
191099
191103
191466
191462
118624
118631
118634
118689
108952
108945
108951
50095
50082
109013
108954
108985
108973
109017
50221
50218
49803
109177
109153
109042
109117
109133
109043
109124
109145
109126
36040
35567
36198
35570
35607
35572
35535
36202
36243
36251
36252
36351
36048
109204
109203
35521
50193
44164
44175
44153
44161
44187
44176
44178
44569
44571
44530
44555
44545
44548
44592
44588
50543
35762
50534
44608
44633
39353
39551
35770
35828
35835
35836
35841
35777
35778
37425
50357
37423
50245
47351
35638
35617
35622
36219
36236
36273
35658
37428
37430
35798
35839
35850
35852
35854
35849
35877
35863
35870
35868
35977
35981
35989
37840
37865
37864
35995
35997
37855
35996
41397
41404
41412
41436
46578
46579
46583
46584
46595
46610
46622
46670
46684
46698
46714
46718
46722
46717
46463
46467
127168
127166
127171
127036
127039
127105
127062
127065
127068
127071
127073
127100
127112
127113
127108
127183
127148
127277
127317
46176
46200
126809
126811
126854
126831
126837
126838
126849
46173
46185
46177
46186
46247
46418
46410
46412
46388
46189
46389
46453
127288
127294
127299
127487
127631
127323
127343
127653
127639
127664
127794
127316
130316
130326
130327
127742
127749
127740
127756
127760
127776
127758
127767
127768
127774
129325
129342
129371
129337
129343
129583
129617
129669
129607
129616
129678
129683
129689
129692
129705
129708
129873
129876
121290
121294
121299
121303
121375
121328
121326
121331
70081
70259
70270
70275
70280
70455
78774
70284
69963
69964
70233
69935
69934
69915
69931
69949
69951
69950
69936
76619
69852
69856
69883
69899
129509
129517
129515
129519
129720
129721
129718
129728
129733
129784
129785
129710
129711
129875
129874
129538
129743
129544
129756
121187
129570
121192
121292
121373
219698
224033
219387
224412
219400
219409
218475
224102
219024
219045
219047
219406
219396
218702
218681
218710
218711
218682
218723
218734
218871
218876
218936
218937
218939
218940
218910
218912
218927
222150
219586
224072
218290
218721
218747
218741
218740
218754
223075
223084
223074
223089
223124
223135
223129
223115
223119
223120
150857
150859
151008
151979
150947
151304
149168
149173
149023
149284
149290
149295
149504
149515
149507
149511
149523
149525
146603
146599
151092
151103
151152
147364
147366
151190
151189
147377
151179
151171
151151
147380
147429
147445
147436
147438
147453
147648
147651
147665
147658
147686
147689
147738
147944
147949
148859
148863
148885
148893
148897
148900
148912
148954
148960
148911
148961
148974
148977
149015
149156
212709
212712
212753
212754
212759
212760
212752
212818
196153
212762
196154
212768
212823
212769
150041
150070
150140
150145
150042
150162
150168
150171
150172
150113
150090
150123
150239
150215
150243
150246
150248
150256
150275
151918
198795
204984
204986
205048
204979
154016
153898
153899
154033
162444
162446
154165
162437
162439
168395
170745
170746
168769
171207
170748
