496
94413 94412 2118
94413 94414 2178
92208 92259 1021
92208 92272 805
92291 92281 4350
92291 92294 1948
92275 92264 1339
92275 92267 2426
92280 92281 1098
92280 92282 11591
92280 94462 899
115807 115804 1504
115807 115816 1727
115815 115818 5668
92402 92398 628
92402 92404 473
92406 92407 1891
92406 92408 1138
92315 92317 937
92315 92318 1060
92316 92325 4791
105805 105804 3019
105805 115978 2003
107031 107032 1114
107031 107064 1007
107091 107064 3351
107091 107090 2694
107022 93206 275
107022 107023 1022
107022 107051 3969
107035 107057 2781
107035 107059 1042
107087 107088 2735
107087 107105 1113
107211 107123 2770
107211 107212 778
107124 107123 1334
107124 107125 3922
107201 107202 587
107176 107125 2724
107176 107126 1963
106963 106964 511
107120 107121 336
107120 107420 5051
107419 108491 4506
107449 107448 1499
107449 107450 475
107448 107449 1499
107448 107454 1000
107453 107454 628
107453 108505 889
107436 107435 2016
107436 107437 1097
107446 107421 150
107504 107500 2270
107514 107516 5873
107514 107517 4111
107479 107480 323
107479 113945 1387
109494 107480 4352
109494 109495 323
92820 92821 1204
92956 92897 515
92956 92957 1565
92961 92957 1096
93036 92972 10513
93036 93038 688
93036 93039 750
93037 93046 888
92848 92952 4044
92848 92953 4756
92803 92789 515
92803 92806 688
92803 92808 888
92805 92792 4970
116019 116009 1499
116019 116221 1278
115788 115789 2102
115788 115838 1530
115849 115840 1392
115849 115854 680
115854 115849 680
115854 115855 713
92730 92731 580
92517 115841 610
115831 115832 5226
115831 115840 238
115861 115841 1299
191889 192008 787
191537 191787 1060
191903 191018 473
190884 190891 304
190884 190894 335
190902 190894 390
190902 190901 931
190900 190901 666
190893 190892 558
190893 190901 359
191700 191967 950
191700 191970 717
191967 191681 1287
191967 191700 950
191662 191658 331
191662 192133 1343
191716 191717 958
191716 191728 3018
191716 191747 623
191729 191728 1097
191729 192745 1662
192745 191729 1662
192745 192750 2557
192752 192750 1187
192752 192750 1187
192743 192744 1193
192743 192746 444
190879 190880 1543
191553 191556 1276
191891 191892 645
192006 194144 334
192006 194145 415
191823 191569 3727
191895 191916 2115
191841 191842 1635
191949 191918 496
191949 191937 4364
191866 191770 5248
192730 192767 3729
192730 193840 604
192730 193842 779
192768 192770 3057
192770 192768 3057
114721 114731 1483
114731 114721 1483
109818 109817 2971
109817 109818 2971
109899 109924 756
109924 109899 756
111086 111315 672
111315 111086 672
111315 111317 788
111317 111315 788
111317 111328 672
111328 111317 672
111330 111332 889
111332 111330 889
103350 103347 677
103347 103350 677
111679 111680 778
111680 111679 778
111680 111685 782
111685 111680 782
111685 111687 778
111687 111685 778
111695 111646 788
111695 111698 778
111698 111695 778
111651 111649 826
111637 111639 889
111646 111695 788
111639 111637 889
111649 111651 826
104311 104312 975
104312 104311 975
104364 104363 806
104363 104364 806
39541 39548 581
39548 39541 581
39203 39200 511
39200 39203 511
104843 104852 765
104852 104843 765
104922 104997 750
104994 104924 1585
104924 104994 1585
104997 104922 750
39365 39362 939
39362 39365 939
40812 40910 2068
40910 40812 2068
55230 55192 1560
48345 48339 677
48366 48357 713
48357 48366 713
48339 48345 677
48885 48846 900
48886 48903 1696
48903 48886 1696
48845 48842 1629
48846 48885 900
48865 48864 713
48864 48865 713
48842 48845 1629
131483 131478 1055
131478 131483 1055
131509 131508 747
131507 131508 713
131508 131507 713
131508 131509 747
54445 54514 2291
54514 54445 2291
54514 54520 2353
54557 54562 3666
54562 54557 3666
54590 54593 404
54590 54595 1903
54593 54590 404
54520 54514 2353
54595 54590 1903
55192 55230 1560
144497 144493 2336
144497 144508 2512
144508 144497 2512
144508 144545 2775
144545 144508 2775
150503 150617 1683
150499 150498 508
150498 150499 508
150617 150503 1683
150617 150622 1695
150622 150617 1695
150655 150648 1367
150648 150655 1367
140273 140365 845
140365 140273 845
140189 140368 1981
140368 140189 1981
141865 141867 2383
144493 144497 2336
141867 141865 2383
142096 142105 825
142105 142096 825
142105 142103 890
142102 142103 856
142103 142102 856
142103 142105 890
142074 142587 1866
142587 142074 1866
142548 142549 319
142549 142548 319
144501 142551 798
142551 144501 798
204847 204855 797
204855 204847 797
204855 204856 756
204856 204855 756
144557 144558 904
144558 144557 904
144712 144717 759
144564 144713 681
144713 144564 681
144717 144712 759
145108 145110 1341
145110 145108 1341
145110 145125 1168
145125 145110 1168
145554 145599 830
145599 145554 830
145605 145619 738
145619 145605 738
145619 145620 756
145620 145619 756
145795 145797 753
145801 145791 865
145791 145801 865
145797 145795 753
151478 151479 751
151479 151478 751
207894 207895 1367
207895 207894 1367
205175 208692 1089
208692 205175 1089
208746 208745 237
208745 208746 237
211176 211331 1477
211331 211176 1477
180461 180459 1254
180459 180461 1254
167109 167214 789
167214 167109 789
166765 166785 1179
166785 166765 1179
166785 166786 933
166786 166785 933
166786 167010 1095
167010 166786 1095
167030 167021 556
167021 167030 556
180377 180376 827
180376 180377 827
179674 179673 2578
179677 179679 2967
179673 179674 2578
179679 179677 2967
182111 182104 445
182095 182104 445
182104 182095 445
182104 182111 445
182179 182197 1496
182197 182179 1496
152951 152980 376
152980 152951 376
152369 152370 427
152370 152369 427
155536 155547 948
155547 155536 948
155595 155598 738
155598 155595 738
177124 177123 1454
177123 177124 1454
177059 177218 765
177215 177214 765
177218 177059 765
176208 176210 1034
176210 176208 1034
177214 177215 765
176814 176819 354
176819 176814 354
165267 165266 1774
165266 165267 1774
167317 167313 683
167313 167317 683
164800 164801 818
164801 164800 818
164801 164809 1531
164809 164801 1531
164821 164822 1426
164822 164821 1426
164756 164748 713
164748 164756 713
211386 211393 511
211393 211386 511
211408 211401 833
211401 211408 833
211506 211513 670
211513 211506 670
211513 211514 751
211514 211513 751
212208 212209 683
212209 212208 683
212244 212255 848
212267 212273 1259
212273 212267 1259
212453 212447 781
212536 212535 342
212535 212536 342
212255 212244 848
212447 212453 781
114320 114321 695
114321 114320 695
92008 92010 251
92010 92008 251
102206 94414 3108
94412 94413 2118
94414 94413 2178
94414 102206 3108
92259 92208 1021
92272 92208 805
92281 92280 1098
92281 92291 4350
92294 92291 1948
92264 92275 1339
92267 92275 2426
92282 92280 11591
94462 92280 899
115804 115807 1504
115816 115807 1727
115818 115815 5668
92398 92402 628
92404 92402 473
92407 92406 1891
92407 92408 1583
92408 92406 1138
92408 92407 1583
92317 92315 937
92318 92315 1060
92325 92316 4791
105804 105805 3019
115978 105805 2003
107032 107031 1114
107064 107031 1007
107064 107091 3351
107090 107091 2694
93206 107022 275
107023 107022 1022
107051 107022 3969
107051 107059 434
107051 107059 434
107057 107035 2781
107059 107035 1042
107059 107051 434
107059 107051 434
107088 107087 2735
107105 107087 1113
107123 107121 3609
107123 107124 1334
107123 107211 2770
107212 107211 778
107125 107124 3922
107125 107126 1979
107125 107176 2724
107202 107201 587
107126 107125 1979
107126 107176 1963
106964 106963 511
107121 107120 336
107121 107123 3609
107420 107120 5051
108491 107419 4506
107450 107449 475
107454 107448 1000
107454 107453 628
108505 107453 889
107435 107436 2016
107437 107436 1097
107421 107446 150
107500 107504 2270
107516 107514 5873
107517 107514 4111
107480 107479 323
107480 109494 4352
113945 107479 1387
109495 109494 323
92821 92808 3194
92821 92820 1204
92897 92956 515
92957 92956 1565
92957 92961 1096
92972 93036 10513
93038 93036 688
93039 93036 750
93046 93037 888
92952 92848 4044
92953 92848 4756
92789 92803 515
92806 92803 688
92808 92803 888
92808 92821 3194
92792 92805 4970
116009 116019 1499
116221 116019 1278
115789 115788 2102
115838 115788 1530
115838 115840 1322
115840 115831 238
115840 115838 1322
115840 115849 1392
115855 115854 713
92731 92730 580
115841 92517 610
115841 115832 884
115841 115861 1299
115832 115831 5226
115832 115841 884
192008 191889 787
191787 191537 1060
191018 191903 473
190891 190884 304
190894 190884 335
190894 190892 982
190894 190902 390
190901 190893 359
190901 190900 666
190901 190902 931
190892 190893 558
190892 190894 982
191970 191700 717
191681 191658 3314
191681 191967 1287
191658 191662 331
191658 191681 3314
192133 191662 1343
191717 191716 958
191728 191716 3018
191728 191729 1097
191747 191716 623
192750 192745 2557
192750 192752 1187
192750 192752 1187
192744 192743 1193
192746 192743 444
192746 192767 1240
190880 190879 1543
191556 191553 1276
191892 191891 645
194144 192006 334
194145 192006 415
191569 191823 3727
191916 191895 2115
191842 191841 1635
191918 191949 496
191937 191949 4364
191770 191866 5248
192767 192730 3729
192767 192746 1240
193840 192730 604
193842 192730 779
964
94413
92208
92291
92275
92280
115807
115815
92402
92406
92315
92316
105805
107031
107091
107022
107035
107087
107211
107124
107201
107176
106963
107120
107419
107449
107448
107453
107436
107446
107504
107514
107479
109494
92820
92956
92961
93036
93037
92848
92803
92805
116019
115788
115849
115854
92730
92517
115831
115861
191889
191537
191903
190884
190902
190900
190893
191700
191967
191662
191716
191729
192745
192752
192743
190879
191553
191891
192006
191823
191895
191841
191949
191866
192730
192737
192768
192770
193847
194015
194059
190967
192717
194248
192808
192813
114071
114365
114367
114721
114728
114731
109464
109774
109516
109808
109794
109802
109811
109791
109818
109817
109899
109912
109924
109929
109938
109933
109910
109892
109904
103362
105186
111032
110978
111008
111083
111074
111086
111315
111317
111328
111330
111332
111333
111336
103350
111290
103334
111361
111482
111498
111496
111505
111503
103347
111539
111555
111557
111527
103698
111679
111680
111685
111687
111706
111695
111719
111698
111763
111642
111651
111637
111634
111646
111639
111438
111440
111454
111649
111703
111660
113583
111779
104299
104136
104145
104119
104122
112881
112882
112753
104311
104350
104312
104361
104364
104363
50476
39224
39521
39511
39541
39548
39553
39556
39520
39522
39203
104735
104739
104283
104285
39158
39191
39181
39200
104843
104850
104852
104377
104379
104810
104897
104899
104919
104922
104487
104994
104924
104997
39545
39339
39285
39328
39365
39387
39362
39417
39421
39432
39430
39486
40442
40463
40467
40494
40603
40453
40473
40476
40562
40564
40475
40374
40384
50259
50407
50409
40823
40824
40827
40834
40846
40848
40856
40907
40909
40577
40586
40812
40816
40910
55230
55239
55241
55243
55422
55429
41625
40817
50384
48383
48409
48531
48550
48556
48345
48366
48357
48371
48373
41631
48339
48580
48698
48699
48702
48704
50272
48731
48884
48885
48585
48587
48886
48903
48845
48846
48840
48865
48864
48873
48878
48954
48955
48842
48239
48983
48993
48992
49009
49011
49032
48313
131366
131372
48312
48388
131367
131370
131385
131479
131483
131478
131509
131507
131652
131508
131655
131746
131777
131778
131833
131834
131842
131828
54364
54411
54417
54416
54427
54445
54514
54368
54552
54557
54562
54584
54590
54593
52743
52744
53778
54520
54527
54728
54595
53864
53913
53914
53950
53772
56773
53935
55153
55154
55192
144497
144508
144543
144684
144545
144682
150503
150499
150498
150617
150622
150655
150648
140291
150730
150646
140272
140273
140365
140189
140368
140433
140440
140446
141865
142536
142546
144493
141867
141879
141915
141937
141896
141933
141939
141954
151749
142111
142114
142132
142096
142105
142088
142102
142103
150721
142064
142065
142070
142074
142587
142591
142615
142624
142722
142736
142740
142548
142549
144501
142551
142775
142771
142772
142777
144783
56362
56363
204526
204701
204533
204709
196123
204771
204730
204735
204796
204801
204847
204857
204855
204856
204866
144694
144685
144705
144557
144558
144711
144712
144564
144713
144717
145037
145041
145042
145043
145049
145054
145108
145110
145125
145494
145498
145529
145543
145544
145554
145599
145602
145605
145619
145620
145795
145796
145801
145791
145792
145881
145693
145882
145797
145845
145849
145859
145873
145877
146083
146089
146100
151478
151479
151485
149091
151804
150368
151571
146115
151570
204463
204442
207894
207895
208648
208644
213041
214820
208689
208690
208696
208682
208683
208685
205175
205283
208678
208691
208692
208677
208712
208720
208734
208735
208738
208739
211114
211116
208746
208745
211166
211176
211331
211338
185565
180417
180461
180430
180459
180450
166539
166561
166582
166584
166569
166586
166565
167548
167347
167348
166743
166745
166728
162530
167238
152547
162531
162534
167109
167110
167124
167219
167241
167214
166752
166767
166780
166789
166741
166765
166785
166786
167010
167026
167030
167021
167022
167051
167063
167094
152418
152434
162535
152415
152426
152445
180128
180377
180376
180361
180373
179674
179677
179673
179679
180164
180167
182322
173561
185272
182331
182338
182074
182108
182113
182111
182095
182096
182097
182104
182179
182197
182272
182277
182287
182307
152336
152953
152957
152951
152993
153001
152937
152980
152322
152692
152714
152726
152733
152369
152371
152359
152357
152364
152370
152384
152449
152475
152485
153108
153135
155727
155703
155784
155776
155788
155969
155787
155751
153365
153137
153143
153205
153211
173536
175128
173599
173596
173576
173579
173533
173547
173552
173683
173684
173161
173209
173170
173197
185448
173875
185441
185706
152919
153046
153049
153090
153041
153056
155520
155535
155481
155536
155547
176121
176147
176474
156244
176501
176176
176190
176525
176531
176141
176149
176152
176154
155657
155648
155650
155681
156296
156290
156321
156302
156325
156063
156297
156306
155641
155683
155622
155645
155539
155594
155595
155598
155605
155626
176110
177124
177120
177123
177107
177049
177048
177059
177215
177218
177015
177126
177128
177052
177185
177202
177193
177205
177209
176220
176108
176128
176213
176208
176214
176210
176959
177198
176967
177214
177224
175015
176867
175017
176863
174949
175001
175009
174894
174972
176767
176814
176819
165095
165349
165233
165273
165267
165266
165271
165274
165436
165441
167293
167304
167318
167324
167326
166558
167317
167313
167314
165111
165115
165097
165141
165137
165107
165117
165151
165147
164800
164801
164805
164848
164838
165152
157784
165334
165163
165352
165198
165380
165144
164809
164817
164821
164782
164822
164756
164667
164759
164748
211385
211386
211393
211408
211401
195337
211506
211187
211188
211213
211380
211382
211483
211513
211514
211529
211541
211544
211562
211563
211568
211571
211573
212185
212206
212208
212209
212244
212267
212273
211362
211394
212453
212472
212519
161432
160145
164660
161429
172431
212534
212536
212535
212255
212256
212263
212447
114378
114320
114331
114333
114312
114321
113852
114222
114220
114215
114424
113971
114192
114190
114025
119120
119197
119296
118561
118566
119148
119385
119381
114941
115009
114855
115020
92007
92008
92010
92014
92020
92029
92056
92064
92057
92061
92073
102206
94412
94414
92259
92281
92264
92267
92282
94462
115804
115816
115818
92398
92404
92407
92408
92317
92325
105804
107032
107064
107090
93206
107057
107059
107088
107105
107212
107126
107121
107420
107454
107435
107421
107500
107517
109495
92897
92972
93038
93039
93046
92953
92789
92806
92792
116009
115789
115838
115841
115832
191787
191018
190891
190892
191681
191658
192133
191717
191728
191747
192746
191892
194144
191569
191916
191842
191918
191937
191770
193842
