1122
128277 128267 1036
128277 128268 1004
128308 128306 590
128308 128309 796
128353 128300 2154
128353 128352 893
128352 128299 2319
128352 128351 905
128352 128353 893
128307 128304 1534
128307 128305 924
128307 128306 1531
128305 128304 1892
128305 128307 924
128305 128310 475
129841 129840 452
129841 129844 650
129858 129845 1381
129858 129859 747
130294 130293 1028
130294 130303 1578
130298 130303 791
130339 130304 1308
130339 130337 1169
130343 130344 1206
130343 130345 1028
121590 121480 1643
121590 121589 698
121590 121593 1897
121591 121480 875
121591 121484 1839
121594 121593 811
121594 121601 1030
121603 121604 169
121484 121482 907
121484 121591 1839
129932 129933 4631
121623 121620 3063
121450 121440 2299
126472 126473 1913
127527 121579 2339
70243 70244 562
130446 130444 891
130446 130445 808
130458 130464 1759
130458 130466 811
130462 121456 1856
130462 130436 1631
130462 130463 698
130462 130464 1010
130463 130444 1105
130463 130462 698
130448 130447 311
130459 130466 1700
130459 131988 739
129893 129892 1977
129896 129892 880
129896 129895 1169
129896 129900 1142
130422 129900 1781
130422 130426 1010
130424 130425 1075
127507 127508 6539
127507 127509 1926
129039 127508 2052
129934 129933 691
218016 218017 755
218016 218018 959
218301 218302 875
219596 219659 386
218079 218073 1291
218079 218082 1095
218079 218083 2432
215788 215789 1937
215788 215799 918
218307 215798 3580
218307 218304 2491
218354 218355 584
218354 224040 722
224037 218356 1609
224037 224038 977
218373 218371 462
218373 218377 2804
218487 218492 1248
218487 218494 1288
218494 218487 1288
218494 218495 722
218505 218495 1261
218505 218508 819
218034 218033 1783
218516 218512 818
218516 218589 1750
218516 218635 2892
218521 218519 320
218521 218522 393
218349 224045 2610
218490 218492 849
218490 218501 777
218490 218503 2238
218485 218484 442
218338 218328 634
218338 218340 584
218339 216237 1074
218339 218347 830
222704 222702 1424
222704 222706 1850
222704 222715 960
222726 222729 488
222726 222731 2568
222680 222683 493
222682 222681 988
222687 222686 742
222687 222692 1411
222687 222695 966
222690 222693 420
222690 222694 184
222692 222687 1411
222692 222691 474
222698 222700 422
222698 222705 912
222699 222705 2035
222699 222708 1337
222699 222710 3004
222702 222703 797
222702 222704 1424
222701 222700 1513
222827 222830 1267
222833 222813 1012
222833 224778 611
222845 222837 771
222845 222860 413
222823 222822 366
222823 222824 382
222823 222825 2457
222866 218573 588
222866 222602 1941
222854 222855 1189
222898 222899 584
222898 224883 732
222903 222904 1570
222903 223004 963
150979 150976 827
150979 150980 2370
150992 150980 763
150992 150997 2408
150997 150992 2408
150997 150996 802
151038 151039 866
151038 151040 1899
151045 151040 768
151045 151057 2395
151591 150996 238
151591 151039 153
151591 151812 815
148482 148486 1642
148489 148486 1305
148489 148490 641
148497 148499 626
148497 149094 791
148497 149104 2477
148499 148497 626
148499 149103 2480
149107 149103 866
149107 149109 2342
149107 149404 756
148600 149406 2480
149404 149107 756
149404 149406 755
149404 149407 2331
148636 148651 2573
148650 148649 792
148650 148651 790
148650 148652 2651
148649 148650 792
148649 148656 2693
148653 148655 2495
148653 148656 773
148654 148655 824
148654 149462 1956
149453 149462 913
149453 149467 2593
149453 149468 819
149458 149460 2431
149457 149455 918
149457 149460 776
149457 149477 2494
149455 149457 918
149455 149475 2552
149410 149406 405
149412 149414 499
149412 149416 1972
149421 149416 891
149421 149422 873
149425 149422 694
149425 149443 2518
149444 147313 310
149444 149443 1005
149444 149475 846
146270 146277 2414
146270 146278 877
146276 146277 825
146276 146569 1854
146271 146278 2672
148722 148727 765
148722 148728 519
148728 148722 519
148728 148729 1028
144176 146569 1026
144176 149851 840
148781 148779 2084
148781 148784 865
148781 148798 2608
148795 148651 794
148795 148797 2650
148795 148798 833
148779 148780 1530
148779 148781 2084
148777 148782 2498
148783 148774 751
148783 148782 775
148783 148792 2306
148790 148789 868
148790 148822 2312
148789 148790 868
148789 148826 2303
148825 148794 753
148825 148826 792
148774 148783 751
148774 148793 2310
148794 148793 959
148794 148825 753
148724 148727 529
148741 151859 1286
148821 148824 2304
148823 148822 892
148823 148824 744
148823 148835 2427
146282 146278 824
146282 146287 2426
146286 146289 733
146286 146290 1066
146288 146576 932
146288 146578 611
146288 149306 879
146289 146286 733
146289 146325 588
146289 146331 696
146307 146327 2678
146324 146326 2217
146324 146327 641
146325 146289 588
146325 146330 278
146325 146334 312
146319 146497 1276
146319 146498 2364
146328 146327 939
146328 146341 846
146328 146342 1057
146340 146320 565
146340 146341 2490
151057 151045 2395
151057 151056 910
151076 151056 2440
151076 151074 908
151223 151074 2425
151223 151227 823
151230 151227 2282
151230 151231 859
151258 151231 2393
151258 151257 788
151257 151229 2235
151257 151249 808
151257 151258 788
151260 151249 2863
151260 151259 826
142962 151259 2147
142962 151268 751
142968 142969 852
142968 151268 2421
142971 142967 869
142971 142969 2390
142983 142967 1363
142983 142977 835
142985 142977 597
142985 142986 842
142988 142986 2387
142988 143154 665
143158 143157 2400
143158 147575 836
147584 147575 2706
147584 147581 763
147588 147581 2407
147588 147625 341
147588 147626 2375
147626 147588 2375
147626 147629 360
147644 147631 463
147641 147631 2041
148153 147642 769
147647 147642 1103
148211 148206 246
148211 148213 3277
148212 148215 1220
148212 148216 3117
148221 148215 319
148221 148223 842
148289 148290 808
148289 148308 1051
148229 146985 374
148229 146987 492
148229 148227 494
148271 146986 1267
148271 148274 1677
148274 148270 844
148274 148271 1677
148274 148276 2428
148279 148276 773
148279 148305 2429
148306 148307 1664
148306 148308 998
148290 148289 808
148290 148433 2750
148481 148486 734
148481 148487 2564
148434 148433 812
148434 148443 2570
148437 148444 2568
148454 148444 1232
148454 148455 2615
148456 148455 1191
148456 148487 916
148456 149056 2521
212671 212672 2733
212671 212673 772
195484 195483 183
212673 198343 937
212673 212671 772
212673 212674 683
146498 146319 2364
146498 146500 724
146503 146511 882
146503 146513 2553
146515 146513 765
146535 146521 2343
146535 146553 742
146554 146552 1812
146554 146553 762
146554 146557 1004
146560 146556 1260
146560 146557 760
146562 146556 704
146579 146575 900
146579 146578 2441
146577 146333 731
146577 146576 1153
146577 146578 658
146575 146573 767
146575 146574 2387
146575 146579 900
146333 146331 1721
146333 146335 677
146333 146577 731
146335 146330 2163
146335 146333 677
146335 146338 926
146584 146338 2558
146584 146585 821
149894 146585 2309
149894 149895 876
149897 149895 2794
149897 149898 789
149898 149892 2736
149898 149897 789
149898 149899 748
149994 149899 2517
149994 150005 806
150006 150005 1777
150006 150012 866
150013 150012 2387
150013 150014 793
148745 151859 1005
148733 148729 802
149854 149851 2405
149854 149857 841
149857 149852 2388
149857 149854 841
148828 148824 899
146573 146571 1878
146573 146575 767
146573 149852 876
148836 148824 2281
148836 148835 776
148838 148835 2371
148838 148837 788
149950 148837 2306
149950 148853 3922
150315 149827 1224
150315 149828 852
150315 151843 1612
150316 149827 992
149787 149786 3391
149787 149826 442
149787 149827 281
198824 198823 180
198824 215054 789
198912 198858 1661
198912 214861 928
214581 198847 2342
214581 215054 948
198866 198865 369
198866 204991 1895
198865 198866 369
198865 204990 1894
153727 152104 374
153727 153724 251
152103 152104 476
152106 152105 1825
152106 152109 796
162469 152109 1989
162469 162468 344
168632 168630 1735
168632 168633 789
168635 168634 610
168635 168636 713
168612 168611 452
168612 168636 747
168600 168602 1261
168600 168617 713
168611 168612 452
168611 168618 476
168617 168600 713
168617 168616 1705
168276 168275 778
168276 168369 1349
168369 168276 1349
168369 168721 940
168369 168723 672
168621 168625 202
168627 168628 1023
168627 168786 1546
168307 168721 673
168307 168727 808
168726 168725 1055
168736 168725 2071
168736 168739 818
168742 168741 2262
168742 168786 1067
168742 168787 1010
168578 168577 848
168578 168579 650
168577 168576 650
168577 168578 848
168835 168576 1028
168835 172542 374
168662 168663 752
168662 168673 818
168667 168666 110
168676 168675 808
168676 168682 976
168674 168573 739
168674 168675 837
168659 168646 1124
168659 168678 608
168665 168664 710
168665 172540 610
168646 168645 848
168646 168647 518
168646 168659 1124
168656 168639 751
168656 168645 1182
153721 153722 683
153721 154048 767
153721 172278 672
154000 154001 1055
154000 154049 850
154048 153721 767
154048 172279 782
154049 154000 850
154049 154050 2006
154063 154064 581
154063 154083 1689
154083 154063 1689
154083 154084 672
154088 154085 767
154088 154089 355
154307 154308 1023
154316 154308 2531
154316 154315 612
154374 154372 885
154374 154376 1605
154376 154374 1605
157468 157295 1857
157295 157468 1857
155204 155216 474
155216 155204 474
155247 155281 1032
155281 155247 1032
155412 155413 1357
155413 155412 1357
157649 157653 1065
157668 157719 1662
157719 157668 1662
157653 157649 1065
178386 178385 696
178385 178386 696
177853 177854 1188
177854 177853 1188
158256 158257 606
158257 158256 606
158498 158500 837
158500 158498 837
158674 158831 905
158831 158674 905
161102 161099 674
161099 161102 674
161174 161171 2340
161171 161174 2340
168115 168143 1521
168143 168115 1521
168143 168128 934
168128 168143 934
161841 161840 722
161840 161841 722
161517 161514 475
161514 161517 475
161866 161885 1012
161885 161866 1012
169572 169186 1211
169186 169572 1211
170030 170422 2486
170422 170030 2486
169928 169929 418
169929 169928 418
169037 169056 2756
169056 169037 2756
169213 169221 1485
169221 169213 1485
169236 169330 791
169330 169236 791
169332 169425 885
169425 169332 885
108336 108383 1849
108383 108336 1849
94037 94034 1051
94034 94037 1051
94173 94170 510
94170 94173 510
36286 36284 1640
36284 36286 1640
41471 41466 630
41480 41482 952
41482 41480 952
38057 38056 435
38056 38057 435
41466 41471 630
46828 46836 421
46836 46828 421
47238 47121 2142
47121 47238 2142
47092 47077 355
127951 128079 673
128079 127951 673
128083 130068 828
130068 128083 828
127900 127902 688
127902 127900 688
47077 47092 355
128044 128043 1780
128038 128036 810
128125 128120 1672
128120 128125 1672
128036 128038 810
128019 128017 874
128017 128019 874
128043 128044 1780
128025 128082 2356
128082 128025 2356
128203 128214 934
128214 128203 934
128219 128227 739
128227 128219 739
128268 128277 1004
131935 131945 879
131945 131935 879
128350 128351 796
128267 128277 1036
128306 128300 581
128306 128307 1531
128306 128308 590
128309 128308 796
128300 128299 924
128300 128306 581
128300 128353 2154
128299 128300 924
128299 128352 2319
128351 128350 796
128351 128352 905
128304 128305 1892
128304 128307 1534
128310 128305 475
128310 129840 1458
129840 128310 1458
129840 129841 452
129844 129841 650
129844 129845 885
129845 129844 885
129845 129858 1381
129859 129858 747
129859 130293 848
130293 129859 848
130293 130294 1028
130303 130294 1578
130303 130298 791
130303 130304 1010
130304 130303 1010
130304 130337 751
130304 130339 1308
130337 130304 751
130337 130339 1169
130344 130343 1206
130345 130343 1028
121480 121590 1643
121480 121591 875
121589 121590 698
121593 121590 1897
121593 121594 811
121601 121594 1030
121604 121603 169
121482 121484 907
129933 129932 4631
129933 129934 691
121620 121623 3063
121440 121450 2299
121440 121579 1925
126473 126472 1913
121579 121440 1925
121579 127527 2339
70244 70243 562
130444 130446 891
130444 130463 1105
130445 130446 808
130445 130447 1814
130464 130458 1759
130464 130462 1010
130466 130458 811
130466 130459 1700
121456 130462 1856
130436 130462 1631
130447 130445 1814
130447 130448 311
131988 130459 739
129892 129893 1977
129892 129896 880
129895 129896 1169
129900 129896 1142
129900 130422 1781
130426 130422 1010
130426 130425 1953
130425 130424 1075
130425 130426 1953
127508 127507 6539
127508 129039 2052
127509 127507 1926
218017 218016 755
218017 218018 878
218018 218016 959
218018 218017 878
218302 218301 875
218302 218304 625
219659 219596 386
218073 218079 1291
218082 218079 1095
218083 218079 2432
215789 215788 1937
215789 215798 959
215799 215788 918
215799 215798 1977
215798 215789 959
215798 215799 1977
215798 218307 3580
218304 218302 625
218304 218307 2491
218355 218354 584
218355 218356 772
224040 218354 722
218356 218355 772
218356 224037 1609
224038 224037 977
218371 218373 462
218377 218373 2804
218492 218487 1248
218492 218490 849
218495 218494 722
218495 218505 1261
218508 218505 819
218033 218034 1783
218512 218516 818
218589 218516 1750
218635 218516 2892
218519 218521 320
218522 218521 393
224045 218349 2610
224045 218501 93
218501 218490 777
218501 224045 93
218503 218490 2238
218484 216237 444
218484 218485 442
218328 218338 634
218340 218338 584
216237 218339 1074
216237 218484 444
218347 218339 830
222706 222700 1080
222706 222704 1850
222715 222704 960
222729 222726 488
222731 222726 2568
222683 222680 493
222681 222682 988
222681 222686 1747
222686 222681 1747
222686 222687 742
222695 222687 966
222693 222690 420
222694 222690 184
222691 222692 474
222700 222698 422
222700 222701 1513
222700 222706 1080
222705 222698 912
222705 222699 2035
222708 222699 1337
222710 222699 3004
222703 222702 797
222830 222825 807
222830 222827 1267
222813 222833 1012
224778 222833 611
222837 222845 771
222860 222845 413
222822 222823 366
222824 222823 382
222825 222823 2457
222825 222830 807
218573 222866 588
222602 222866 1941
222855 222854 1189
222899 222898 584
224883 222898 732
222904 222903 1570
223004 222903 963
150976 150979 827
150980 150979 2370
150980 150992 763
150980 150996 2415
150996 150980 2415
150996 150997 802
150996 151591 238
151039 151038 866
151039 151591 153
151040 151038 1899
151040 151045 768
151040 151056 2395
151812 151591 815
148486 148481 734
148486 148482 1642
148486 148489 1305
148490 148489 641
149094 148497 791
149104 148497 2477
149104 149103 809
149103 148499 2480
149103 149104 809
149103 149107 866
149109 149107 2342
149109 149407 813
149406 148600 2480
149406 149404 755
149406 149410 405
149407 149109 813
149407 149404 2331
148651 148636 2573
148651 148650 790
148651 148795 794
148652 148650 2651
148652 148656 761
148656 148649 2693
148656 148652 761
148656 148653 773
148655 148653 2495
148655 148654 824
149462 148654 1956
149462 149453 913
149462 149468 392
149467 149453 2593
149467 149460 791
149468 149453 819
149468 149462 392
149460 149457 776
149460 149458 2431
149460 149467 791
149477 149457 2494
149477 149475 908
149475 149444 846
149475 149455 2552
149475 149477 908
149414 149412 499
149416 149412 1972
149416 149421 891
149422 149421 873
149422 149425 694
149443 149425 2518
149443 149444 1005
147313 149444 310
146277 146270 2414
146277 146276 825
146278 146270 877
146278 146271 2672
146278 146282 824
146569 144176 1026
146569 146276 1854
146569 149851 587
148727 148722 765
148727 148724 529
148727 148729 332
148729 148727 332
148729 148728 1028
148729 148733 802
149851 144176 840
149851 146569 587
149851 149852 822
149851 149854 2405
148784 148780 797
148784 148781 865
148798 148781 2608
148798 148795 833
148797 148795 2650
148780 148779 1530
148780 148782 1011
148780 148784 797
148782 148777 2498
148782 148780 1011
148782 148783 775
148792 148783 2306
148792 148793 725
148822 148790 2312
148822 148823 892
148822 148826 764
148826 148789 2303
148826 148822 764
148826 148825 792
148793 148774 2310
148793 148792 725
148793 148794 959
151859 148741 1286
151859 148745 1005
148824 148821 2304
148824 148823 744
148824 148828 899
148824 148836 2281
148835 148823 2427
148835 148836 776
148835 148838 2371
146287 146282 2426
146287 146574 147
146287 149306 183
146290 146286 1066
146290 146576 180
146576 146288 932
146576 146290 180
146576 146577 1153
146578 146288 611
146578 146577 658
146578 146579 2441
149306 146287 183
149306 146288 879
149306 146574 246
146331 146289 696
146331 146330 764
146331 146333 1721
146327 146307 2678
146327 146324 641
146327 146328 939
146326 146324 2217
146326 146334 650
146330 146325 278
146330 146331 764
146330 146334 414
146330 146335 2163
146334 146325 312
146334 146326 650
146334 146330 414
146497 146319 1276
146497 146500 1318
146341 146328 846
146341 146340 2490
146342 146328 1057
146320 146340 565
151056 151040 2395
151056 151057 910
151056 151076 2440
151074 151076 908
151074 151223 2425
151227 151223 823
151227 151230 2282
151231 151229 772
151231 151230 859
151231 151258 2393
151229 151231 772
151229 151257 2235
151249 151257 808
151249 151260 2863
151259 142962 2147
151259 151260 826
151268 142962 751
151268 142968 2421
142969 142968 852
142969 142971 2390
142967 142971 869
142967 142983 1363
142977 142983 835
142977 142985 597
142986 142985 842
142986 142988 2387
143154 142988 665
143157 143158 2400
147575 143158 836
147575 147584 2706
147581 147584 763
147581 147588 2407
147625 147588 341
147629 147626 360
147631 147641 2041
147631 147644 463
147642 147647 1103
147642 148153 769
148206 148211 246
148213 148211 3277
148213 148216 902
148215 148212 1220
148215 148221 319
148216 148212 3117
148216 148213 902
148223 148221 842
148223 148227 1084
148308 148289 1051
148308 148306 998
146985 146986 221
146985 146987 612
146985 148229 374
146987 146985 612
146987 148227 680
146987 148229 492
148227 146987 680
148227 148223 1084
148227 148229 494
146986 146985 221
146986 148270 2536
146986 148271 1267
148270 146986 2536
148270 148274 844
148276 148274 2428
148276 148279 773
148305 148279 2429
148307 148306 1664
148433 148290 2750
148433 148434 812
148487 148456 916
148487 148481 2564
148443 148434 2570
148443 148444 830
148444 148437 2568
148444 148443 830
148444 148454 1232
148455 148454 2615
148455 148456 1191
149056 148456 2521
212672 212671 2733
195483 195484 183
198343 212673 937
212674 212673 683
146500 146497 1318
146500 146498 724
146511 146503 882
146513 146503 2553
146513 146515 765
146521 146535 2343
146553 146535 742
146553 146554 762
146552 146554 1812
146557 146554 1004
146557 146560 760
146556 146560 1260
146556 146562 704
146574 146287 147
146574 146571 942
146574 146575 2387
146574 149306 246
146338 146335 926
146338 146584 2558
146585 146584 821
146585 149894 2309
149895 149892 821
149895 149894 876
149895 149897 2794
149892 149895 821
149892 149898 2736
149899 149898 748
149899 149994 2517
150005 149994 806
150005 150006 1777
150012 150006 866
150012 150013 2387
150014 150013 793
149852 146573 876
149852 149851 822
149852 149857 2388
146571 146573 1878
146571 146574 942
148837 148838 788
148837 149950 2306
148853 149950 3922
149827 149787 281
149827 150315 1224
149827 150316 992
149828 150315 852
151843 150315 1612
149786 149787 3391
149826 149787 442
198823 198824 180
198823 214861 1770
215054 198824 789
215054 214581 948
198858 198912 1661
214861 198823 1770
214861 198912 928
198847 214581 2342
204991 198866 1895
204991 204990 368
204990 198865 1894
204990 204991 368
152104 152103 476
152104 152105 1004
152104 153727 374
153724 153727 251
152105 152104 1004
152105 152106 1825
152109 152106 796
152109 162469 1989
162468 162469 344
168630 168632 1735
168630 168634 238
168633 168632 789
168633 168639 697
168634 168630 238
168634 168635 610
168636 168612 747
168636 168635 713
168602 168600 1261
168618 168611 476
168616 168617 1705
168275 168276 778
168721 168307 673
168721 168369 940
168723 168369 672
168625 168621 202
168625 168628 2033
168628 168625 2033
168628 168627 1023
168786 168627 1546
168786 168742 1067
168727 168307 808
168727 168725 1285
168725 168726 1055
168725 168727 1285
168725 168736 2071
168739 168736 818
168741 168742 2262
168787 168742 1010
168579 168578 650
168576 168577 650
168576 168835 1028
172542 168835 374
168663 168662 752
168663 168664 790
168673 168662 818
168666 168667 110
168666 168682 808
168675 168674 837
168675 168676 808
168682 168666 808
168682 168676 976
168573 168674 739
168678 168659 608
168664 168663 790
168664 168665 710
172540 168665 610
168645 168646 848
168645 168656 1182
168647 168646 518
168639 168633 697
168639 168656 751
153722 153721 683
172278 153721 672
154001 154000 1055
172279 154048 782
154050 154049 2006
154050 154064 872
154064 154050 872
154064 154063 581
154084 154083 672
154084 154085 556
154085 154084 556
154085 154088 767
154089 154088 355
154089 154308 872
154308 154089 872
154308 154307 1023
154308 154316 2531
154315 154316 612
154372 154374 885
961
128277
128308
128353
128352
128307
128305
129841
129858
130294
130298
130339
130343
121590
121591
121594
121603
121484
129932
121623
121450
126472
127527
70243
130446
130458
130462
130463
130448
130459
129893
129896
130422
130424
127507
129039
129934
218016
218301
219596
218079
215788
218307
218354
224037
218373
218487
218494
218505
218034
218516
218521
218349
218490
218485
218338
218339
222704
222726
222680
222682
222687
222690
222692
222698
222699
222702
222701
222827
222833
222845
222823
222866
222854
222898
222903
150979
150992
150997
151038
151045
151591
148482
148489
148497
148499
149107
148600
149404
148636
148650
148649
148653
148654
149453
149458
149457
149455
149410
149412
149421
149425
149444
146270
146276
146271
148722
148728
144176
148781
148795
148779
148777
148783
148790
148789
148825
148774
148794
148724
148741
148821
148823
146282
146286
146288
146289
146307
146324
146325
146319
146328
146340
151057
151076
151223
151230
151258
151257
151260
142962
142968
142971
142983
142985
142988
143158
147584
147588
147626
147644
147641
148153
147647
148211
148212
148221
148289
148229
148271
148274
148279
148306
148290
148481
148434
148437
148454
148456
212671
195484
212673
146498
146503
146515
146535
146554
146560
146562
146579
146577
146575
146333
146335
146584
149894
149897
149898
149994
150006
150013
148745
148733
149854
149857
148828
146573
148836
148838
149950
150315
150316
149787
198824
198912
214581
198866
198865
153727
152103
152106
162469
168632
168635
168612
168600
168611
168617
168276
168369
168621
168627
168307
168726
168736
168742
168578
168577
168835
168662
168667
168676
168674
168659
168665
168646
168656
153721
154000
154048
154049
154063
154083
154088
154307
154316
154374
153991
154376
157470
157468
152016
157552
157555
157268
157295
157272
157492
157502
157485
154403
154414
154419
154948
154966
155026
155028
155178
155180
155198
155208
155202
155204
155216
155242
155265
155291
155270
157480
157808
157807
172722
155313
155310
155246
155247
155281
155282
155412
155413
155421
155354
157647
157649
157668
157650
157712
157719
157653
155308
155461
157683
157684
177899
177943
177925
177913
177934
178316
178326
185692
178386
178385
178376
178404
177846
177853
177854
173439
177767
157561
158175
158177
158180
158243
158256
158277
158257
158294
158287
157322
158247
158498
158235
158255
158283
158500
158318
158674
158677
158845
158876
158878
158914
158924
158926
158949
159074
159075
161079
158310
158494
158503
158656
158831
158651
158661
158491
161083
161090
161102
161129
161099
161118
161162
161161
161166
161073
161174
161171
161197
161207
161200
161199
161204
161219
161208
161222
161223
168100
168115
168143
168128
167825
167826
168151
161556
161452
161841
161840
161517
161514
161866
161885
161929
161940
162098
161960
161968
162132
169572
169186
169134
169160
169168
161640
161751
161692
169118
169120
169136
161611
161628
161643
168075
170423
168131
168129
168079
168090
170430
170428
170030
170422
169928
170018
170040
170011
169860
169549
169829
169929
169837
169855
169857
169488
169496
169037
169056
169057
169114
169126
169140
169213
169221
169236
169329
169330
169048
169049
169033
169332
169357
169425
119361
119366
118796
118802
94806
95002
97364
97373
102066
108274
108335
108387
108773
108336
108383
94031
102503
94037
94034
102392
93676
102405
93978
94055
102415
94173
102421
102423
94170
94174
97379
97463
97384
102111
101985
102100
98472
93322
93327
93335
93336
93311
93643
93637
93639
93665
98542
98504
191096
194245
191448
191353
191453
191148
191149
191141
191490
118722
118525
118717
118737
118821
109000
109060
109155
110022
110332
109081
110323
36111
36286
36287
36097
36162
36284
36301
36315
103772
103773
103776
110486
110541
110574
36333
36367
35523
36903
36458
37306
37303
37313
37308
37311
37386
37390
37395
37528
37601
37604
37603
36417
36442
36439
36446
37619
37630
37680
37947
37940
37939
37943
37961
38001
37983
41471
41472
41480
41482
41489
46838
46823
37800
37823
37829
37980
38022
38036
38021
38028
38029
38062
38057
38059
38056
38052
38060
41466
46826
46828
46836
46817
46892
46895
46896
46953
46954
46903
46906
46960
46946
46945
47238
47245
47243
47121
46707
47084
47127
47118
47122
47082
47078
47092
127951
127952
127948
128079
128083
130004
130068
127910
127918
127872
127877
127888
127895
127896
126928
126932
126937
126962
126960
126970
126965
127900
127902
127904
127920
132393
132396
46506
46516
46521
46545
46546
47073
47155
47077
46529
46534
46540
130080
128044
128093
128056
128096
128039
128038
128125
128128
128120
128121
128034
128036
128151
128133
128180
128185
128193
128019
128017
128043
128025
128082
130074
130176
128319
128218
128317
128322
128203
128208
128211
128214
128215
128219
128227
128268
130348
130350
131914
131918
131935
131940
131945
128281
128284
128285
128350
128267
128306
128300
128299
128351
128304
128310
129840
129844
129845
129859
130293
130303
130304
130337
130345
121480
121589
121593
121482
121620
121440
121579
70244
130444
130445
130464
130466
121456
130436
130447
131988
129892
129895
129900
130426
130425
127508
127509
218017
218018
218302
218073
218082
218083
215789
215799
218304
218355
218356
224038
218371
218377
218492
218495
218508
218033
218512
218589
218635
218519
218522
224045
218503
218484
218328
218340
216237
218347
222706
222715
222729
222731
222683
222681
222695
222691
222705
222708
222710
222703
222830
222813
222837
222860
222824
222825
218573
222602
222855
222899
222904
223004
150976
150980
150996
151039
151040
151812
148486
148490
149094
149104
149103
149109
149406
149407
148651
148652
148656
148655
149462
149467
149468
149460
149477
149475
149414
149416
149422
149443
147313
146277
146278
146569
148727
148784
148798
148797
148780
148782
148792
148822
148826
148835
146287
146576
146578
149306
146331
146327
146326
146334
146497
146341
146342
146320
151056
151074
151227
151231
151229
151249
151259
151268
142969
142967
142977
142986
143154
143157
147575
147581
147625
147629
147631
147642
148206
148213
148215
148216
148223
148308
146987
148270
148276
148305
148307
148433
148487
148443
148444
148455
149056
212672
195483
198343
212674
146500
146511
146513
146521
146553
146552
146557
146556
146338
146585
149895
149892
149899
150005
150012
150014
149852
146571
148837
148853
149827
149828
149786
149826
198823
215054
198858
214861
198847
204991
153724
152105
152109
162468
168630
168633
168634
168636
168618
168616
168275
168721
168723
168625
168628
168786
168727
168725
168739
168741
168787
168576
168663
168666
168675
168573
168678
168664
168645
168647
168639
153722
154001
154050
154064
154084
154085
154089
154308
154315
154372
