950
84683 84682 1041
84683 84687 905
84680 84679 344
84680 84684 581
84684 84680 581
84684 84690 1952
84692 81000 2061
84692 84690 782
84611 84622 904
84611 84649 2934
84614 84613 1706
84614 84615 121
84586 84587 741
84584 84592 883
84617 84613 1459
84617 84631 1078
79270 79282 520
79270 84442 1017
79270 84756 1919
84443 84441 1445
84443 84444 1906
84443 84635 2029
84638 84637 515
84638 84774 1010
84638 84781 2809
84639 84640 445
84639 84644 453
84642 84627 1458
84642 84632 893
84642 84643 1625
84640 84639 445
84640 84771 1360
84772 84771 667
84772 84777 713
84627 84592 1004
84627 84642 1458
84593 84592 611
84436 84437 426
84436 84761 447
84760 84759 771
84760 84761 487
84764 84759 1525
84764 84763 1893
84767 84768 1249
84767 84769 885
84387 84259 520
91449 91450 1220
91449 91452 116
91449 91453 482
79280 79281 893
79280 79282 678
84382 84381 494
84382 90761 411
91813 91932 331
85170 85169 2229
85170 85187 789
85178 85179 621
85178 86899 388
86898 86899 1936
86898 86902 1204
85179 85178 621
85179 86877 2502
86876 86897 3785
86876 90643 4301
85166 85167 667
85166 85189 977
82736 82735 476
82736 82746 1103
82745 91683 344
84624 84623 688
84624 84671 2768
84676 84671 562
84676 84675 453
84676 84677 687
84682 84675 713
84682 84683 1041
84682 84686 1004
84687 84678 667
84687 84683 905
84687 84686 939
84679 84678 453
84679 84680 344
84679 84688 1868
84690 84684 1952
84690 84688 905
84690 84692 782
84690 84694 713
81000 80999 763
81000 81001 1576
81000 84692 2061
81000 84693 1467
84622 84611 904
84622 84623 453
84622 84652 2768
84649 84611 2934
84649 84650 688
84649 84653 333
84613 84614 1706
84613 84617 1459
84613 84646 1033
84613 84650 344
84615 84298 175
84615 84614 121
84615 84616 753
84587 84586 741
84592 84584 883
84592 84593 611
84592 84627 1004
84592 84632 1479
84631 84617 1078
84631 84630 936
84631 84647 596
79282 79270 520
79282 79280 678
84442 79270 1017
84442 84441 2890
84442 84756 2007
84756 79270 1919
84756 84442 2007
84756 84754 3111
84441 84442 2890
84441 84443 1445
84444 84443 1906
84635 84443 2029
84635 84636 782
84637 84636 2138
84637 84638 515
84637 84779 905
84637 84782 687
84774 84638 1010
84774 84716 893
84774 84770 277
84781 84638 2809
84781 84666 1107
84781 84780 438
84781 84798 672
84644 84639 453
84644 84643 672
84644 84717 1396
84632 84592 1479
84632 84629 1140
84632 84642 893
84632 84645 1709
84643 84642 1625
84643 84644 672
84643 84645 905
84643 84716 1276
84771 84640 1360
84771 84772 667
84771 84773 344
84771 84778 687
84777 84772 713
84777 84778 556
84437 84436 426
84761 84436 447
84761 84760 487
84761 84762 969
84759 84352 347
84759 84760 771
84759 84764 1525
84763 84764 1893
84768 84767 1249
84769 84767 885
84259 84260 475
84259 84387 520
91450 91449 1220
91452 91449 116
91453 91449 482
79281 79280 893
84381 84379 280
84381 84382 494
84381 90761 83
90761 84381 83
90761 84382 411
90761 90771 1572
91932 91813 331
85169 85168 3530
85169 85170 2229
85169 85187 1665
85187 85169 1665
85187 85170 789
85187 85185 5421
85187 85188 8686
86899 85178 388
86899 86898 1936
86899 86903 924
86899 86903 924
86902 86898 1204
86902 86900 140
86902 86903 589
86877 85179 2502
86877 86878 149
86877 87920 2941
86897 86876 3785
86897 86896 347
86897 90348 2309
90643 86876 4301
85167 85166 667
85167 85168 4948
85167 85189 602
85189 85166 977
85189 85167 602
85189 85188 1068
82735 82734 436
82735 82736 476
82735 82747 1075
82746 82736 1103
91683 82745 344
91683 91684 688
91683 91685 593
84623 84622 453
84623 84624 688
84623 84672 2768
84671 81003 2165
84671 84624 2768
84671 84672 687
84671 84676 562
84675 81003 2027
84675 84676 453
84675 84682 713
84675 84689 1124
84677 84676 687
84686 84682 1004
84686 84687 939
84686 84689 771
84678 84679 453
84678 84681 932
84678 84687 667
84688 81001 2046
84688 84679 1868
84688 84689 1249
84688 84690 905
84694 84690 713
80999 80998 1743
80999 81000 763
80999 84776 2748
80999 84811 893
81001 81000 1576
81001 81002 1447
81001 84688 2046
84693 81000 1467
84693 84813 700
84652 84622 2768
84652 84654 672
84652 84672 453
84652 84674 876
84650 84613 344
84650 84649 688
84650 84651 608
84653 84649 333
84653 84654 222
84653 84658 1347
84646 84613 1033
84646 84648 509
84646 84659 555
84298 83846 190
84298 84297 748
84298 84615 175
84616 84297 171
84616 84615 753
84630 84628 1360
84630 84631 936
84630 84660 697
84647 84631 596
84647 84648 592
84754 82764 2330
84754 84755 985
84754 84756 3111
84636 84635 782
84636 84637 2138
84779 84637 905
84779 84780 1810
84779 84790 1271
84782 84637 687
84782 84791 763
84716 84643 1276
84716 84717 889
84716 84774 893
84770 84645 932
84770 84667 1111
84770 84774 277
84666 84667 1467
84666 84668 277
84666 84781 1107
84666 84793 2880
84780 84779 1810
84780 84781 438
84780 84799 2203
84798 84781 672
84798 84797 1017
84798 84805 1897
84717 84644 1396
84717 84716 889
84717 84773 333
84629 84628 1225
84629 84632 1140
84629 84667 2383
84645 84632 1709
84645 84643 905
84645 84770 932
84773 84717 333
84773 84771 344
84773 84778 633
84778 84771 687
84778 84773 633
84778 84777 556
84762 84761 969
84352 84353 145
84352 84759 347
84260 84259 475
84379 84380 2578
84379 84381 280
84379 90773 244
90771 90761 1572
90771 90772 333
90771 90773 1450
85168 85167 4948
85168 85169 3530
85168 85188 3912
85185 85186 282
85185 85187 5421
85185 86900 257
85188 85168 3912
85188 85187 8686
85188 85189 1068
86903 86899 924
86903 86899 924
86903 86902 589
86903 87920 929
86900 85185 257
86900 86901 143
86900 86902 140
86878 86877 149
86878 86879 390
86878 87919 766
87920 85184 942
87920 86877 2941
87920 86903 929
87920 91650 450
86896 86892 985
86896 86897 347
86896 87834 372
90348 86884 2560
90348 86897 2309
90348 91929 2001
82734 82732 294
82734 82735 436
82747 82735 1075
82747 90743 457
91684 91683 688
91685 91683 593
91685 91686 667
91685 91687 1016
84672 84623 2768
84672 84652 453
84672 84671 687
84672 84673 771
81003 81002 1294
81003 81004 1143
81003 84670 1158
81003 84671 2165
81003 84675 2027
84689 81002 2248
84689 84675 1124
84689 84686 771
84689 84688 1249
84681 84678 932
80998 80999 1743
80998 81006 667
80998 84788 782
80998 84789 357
84776 80999 2748
84776 84775 1455
84776 84814 796
84811 80999 893
84811 84812 333
84811 84814 2685
81002 81001 1447
81002 81003 1294
81002 84689 2248
84813 84693 700
84654 84652 672
84654 84653 222
84674 84652 876
84651 84650 608
84658 84653 1347
84648 84646 509
84648 84647 592
84659 84646 555
83846 83845 741
83846 83845 741
83846 84298 190
84297 83845 192
84297 84298 748
84297 84616 171
84628 84629 1225
84628 84630 1360
84628 84657 2968
84628 84668 1783
84660 84630 697
84660 84661 912
84660 91620 662
82764 82765 847
82764 82766 453
82764 84752 1234
82764 84754 2330
84755 84754 985
84790 84779 1271
84791 84782 763
84667 84629 2383
84667 84666 1467
84667 84770 1111
84668 84628 1783
84668 84666 277
84668 84669 2889
84793 84666 2880
84793 84669 448
84793 84792 677
84793 84794 347
84799 84780 2203
84799 84795 782
84797 84796 603
84797 84796 603
84797 84798 1017
84805 84794 357
84805 84798 1897
84805 84804 58
84353 84352 145
84353 84354 711
84380 84379 2578
90773 84379 244
90773 84385 562
90773 90771 1450
90772 90771 333
85186 85185 282
85186 91650 382
86901 86900 143
86901 91650 523
86879 86878 390
86879 86880 2275
87919 86878 766
87919 86883 2614
85184 85183 1991
85184 87920 942
91650 85186 382
91650 86901 523
91650 87920 450
86892 86890 355
86892 86893 208
86892 86896 985
87834 86887 458
87834 86896 372
87834 88554 192
86884 86883 1121
86884 86885 213
86884 90348 2560
91929 90348 2001
82732 82733 488
82732 82734 294
82732 90743 1680
90743 82732 1680
90743 82747 457
91686 91685 667
91687 91685 1016
84673 84672 771
81004 81003 1143
81004 81005 218
81004 84670 659
84670 81003 1158
84670 81004 659
84670 84656 1140
84670 84786 323
81006 80998 667
81006 84785 1779
84788 80998 782
84789 80998 357
84789 84775 2037
84789 84810 2223
84775 84776 1455
84775 84789 2037
84814 84776 796
84814 84811 2685
84814 84817 688
84812 84811 333
84812 84816 222
83845 83846 741
83845 83846 741
83845 84297 192
84657 84628 2968
84657 84656 1936
84657 84669 1107
84661 84660 912
91620 84660 662
82765 82764 847
82766 82748 5256
82766 82764 453
82766 84737 1426
84752 82764 1234
84752 84737 2007
84752 84753 434
84669 84657 1107
84669 84668 2889
84669 84793 448
84792 84793 677
84792 84801 1255
84794 84793 347
84794 84805 357
84795 84796 1192
84795 84799 782
84795 84802 2045
84796 84795 1192
84796 84797 603
84796 84797 603
84804 84800 2144
84804 84803 1136
84804 84805 58
84354 84353 711
84385 84383 581
84385 90773 562
86880 86879 2275
86880 86881 1806
86880 86882 655
86883 86882 426
86883 86884 1121
86883 87918 1088
86883 87919 2614
85183 85184 1991
86890 86888 616
86890 86891 240
86890 86892 355
86893 86892 208
86893 86894 122
86893 86895 134
86887 86885 676
86887 86888 237
86887 87834 458
88554 87834 192
86885 86884 213
86885 86886 332
86885 86887 676
82733 82732 488
82733 82756 200
81005 81004 218
81005 84785 593
84656 84657 1936
84656 84670 1140
84786 84670 323
84786 84787 549
84785 81005 593
84785 81006 1779
84785 84784 796
84785 84810 520
84810 84785 520
84810 84789 2223
84817 84814 688
84817 84818 1299
84816 84812 222
84816 84815 509
82748 82749 2468
82748 82766 5256
82748 84738 1186
84737 82766 1426
84737 84738 4244
84737 84739 405
84737 84752 2007
84753 84360 1708
84753 84752 434
84753 84758 1899
84801 84787 636
84801 84792 1255
84802 84795 2045
84802 84803 1356
84802 84806 1701
84800 84783 433
84800 84804 2144
84803 84802 1356
84803 84804 1136
84803 84807 2113
84383 84253 672
84383 84384 2118
84383 84385 581
86881 86880 1806
86882 86880 655
86882 86883 426
87918 86883 1088
86888 86887 237
86888 86889 181
86888 86890 616
86891 86890 240
86894 86893 122
86895 86893 134
86886 86885 332
82756 82733 200
82756 82755 356
82756 90742 1761
84787 84783 416
84787 84786 549
84787 84801 636
84784 84783 556
84784 84785 796
84784 84808 2375
84818 84815 701
84818 84817 1299
84815 84816 509
84815 84818 701
82749 82748 2468
82749 82750 2894
82749 84729 1191
84738 82748 1186
84738 84735 1123
84738 84737 4244
84738 84751 1143
84739 84370 2991
84739 84737 405
84739 84740 238
84360 84361 794
84360 84370 1056
84360 84753 1708
84360 84758 604
84758 84350 664
84758 84360 604
84758 84753 1899
84806 84802 1701
84806 84807 1188
84783 84784 556
84783 84787 416
84783 84800 433
84783 84809 1113
84807 84803 2113
84807 84806 1188
84807 84809 448
84253 84254 930
84253 84383 672
84384 84383 2118
84384 84386 593
84384 84386 593
86889 86888 181
82755 82754 445
82755 82756 356
82755 82760 1525
90742 82756 1761
84808 84784 2375
82750 82749 2894
82750 82751 3223
82750 84731 1023
84729 82749 1191
84729 84724 1440
84729 84730 1138
84729 84751 1435
84735 84726 910
84735 84736 1366
84735 84738 1123
84751 84729 1435
84751 84736 1068
84751 84738 1143
84370 84360 1056
84370 84369 1086
84370 84371 771
84370 84739 2991
84740 84369 2795
84740 84739 238
84740 84741 1032
84361 84355 939
84361 84358 1114
84361 84360 794
84350 84349 651
84350 84358 1023
84350 84758 664
84809 84783 1113
84809 84807 448
84809 91024 982
84254 84253 930
84254 84258 748
84386 84384 593
84386 84384 593
84386 90767 357
82754 82753 778
82754 82755 445
82754 82757 2205
82760 82755 1525
82760 82759 1751
82751 82750 3223
82751 82752 3005
82751 84745 770
84731 82750 1023
84731 84718 1529
84731 84730 1771
84731 84745 3011
84724 84723 1187
84724 84725 2091
84724 84729 1440
84730 84723 1514
84730 84729 1138
84730 84731 1771
84726 84725 1358
84726 84727 633
84726 84735 910
84726 84741 2378
84736 84725 1332
84736 84735 1366
84736 84751 1068
84369 84368 1189
84369 84370 1086
84369 84740 2795
84371 84370 771
84741 84726 2378
84741 84732 910
84741 84740 1032
84355 84356 2413
84355 84357 1014
84355 84361 939
84358 84350 1023
84358 84357 847
84358 84361 1114
84349 84350 651
84349 84351 1779
84349 84757 344
91024 84809 982
84258 84254 748
84258 84374 790
90767 84386 357
82753 82752 1889
82753 82754 778
82753 84742 1187
82757 82754 2205
82757 82758 423
82759 82760 1751
82752 82751 3005
82752 82753 1889
82752 84743 593
84745 82751 770
84745 84731 3011
84745 84746 1070
84745 84748 357
84718 84719 1187
84718 84720 1455
84718 84731 1529
84723 84720 371
84723 84724 1187
84723 84730 1514
84725 84724 2091
84725 84726 1358
84725 84736 1332
84727 84726 633
84727 84728 339
84727 84734 1823
84368 84367 688
84368 84369 1189
84368 84732 1989
84732 84368 1989
84732 84734 585
84732 84741 910
84356 84355 2413
84357 84355 1014
84357 84358 847
84351 84349 1779
84757 84349 344
84374 84258 790
84374 84293 681
84374 84373 2187
84742 82753 1187
84742 84744 1344
82758 82757 423
84743 82650 222
84743 82752 593
84743 84744 357
84746 82649 1180
84746 84745 1070
84746 84750 350
84748 84745 357
84748 84747 1360
84719 84718 1187
84720 84718 1455
84720 84721 3434
84720 84723 371
84728 84318 876
84728 84721 4594
84728 84727 339
84734 84727 1823
84734 84732 585
84367 84366 848
84367 84368 688
84367 84733 1664
84293 84291 2326
84293 84294 1159
84293 84374 681
84373 84316 128
84373 84374 2187
84373 90768 824
84744 84742 1344
84744 84743 357
84744 90777 770
82650 82649 660
82650 82651 1729
82650 84743 222
82649 82650 660
82649 84746 1180
84750 84746 350
84750 84749 1510
84747 84748 1360
84747 84749 452
84747 91023 562
84721 84720 3434
84721 84722 672
84721 84728 4594
84318 84319 1041
84318 84342 5375
84318 84728 876
84366 84319 1427
84366 84365 1041
84366 84367 848
84733 84367 1664
84291 84292 1786
84291 84293 2326
84291 84316 663
84294 84293 1159
84294 84295 1627
84294 84375 1260
84316 84291 663
84316 84314 1073
84316 84373 128
90768 84373 824
90777 84744 770
82651 82650 1729
82651 82652 978
82651 90776 339
84749 84747 452
84749 84750 1510
91023 84747 562
84722 84721 672
84319 84318 1041
84319 84320 748
84319 84366 1427
84342 84318 5375
84365 84363 1225
84365 84364 1661
84365 84366 1041
84292 84291 1786
84292 84296 2974
84292 84317 559
84295 84294 1627
84375 84294 1260
84314 84315 724
84314 84316 1073
84314 90769 1089
82652 82651 978
90776 82651 339
84320 84319 748
84320 84321 1610
84363 84343 1250
84363 84364 968
84363 84365 1225
84364 84363 968
84364 84365 1661
84296 84292 2974
84317 84292 559
84317 84315 2021
84317 84341 453
84315 84314 724
84315 84317 2021
84315 84339 876
84315 84340 1675
90769 84314 1089
84321 84320 1610
84321 84322 1004
84321 84344 1023
84343 84344 2556
84343 84345 932
84343 84363 1250
84341 84299 2867
84341 84317 453
84339 84315 876
84339 84338 1114
84339 84347 520
84340 84315 1675
84322 84321 1004
84322 84323 1023
84322 84329 938
84322 84359 2335
84344 84321 1023
84344 84329 778
84344 84343 2556
84344 84348 938
84345 84343 932
84345 84346 835
84345 84362 1565
84299 84300 714
84299 84341 2867
84338 84332 770
84338 84337 2002
84338 84339 1114
84347 84339 520
84347 84346 1955
84347 84348 277
84323 84322 1023
84323 84324 2113
84329 84322 938
84329 84328 2340
84329 84330 687
84329 84344 778
84359 84322 2335
84359 84324 1023
84359 84326 2229
84359 84328 1023
84348 84331 521
84348 84344 938
84348 84347 277
84346 84345 835
84346 84347 1955
84346 90770 1184
84362 84345 1565
84300 84299 714
84300 84301 2439
84300 84302 703
84300 84303 585
84332 84331 926
84332 84333 1780
84332 84338 770
84337 84333 770
84337 84338 2002
84324 84323 2113
84324 84325 2372
84324 84359 1023
84328 84327 5677
84328 84329 2340
84328 84359 1023
84330 84329 687
84326 84325 762
84326 84327 3372
84326 84359 2229
84331 84332 926
84331 84348 521
90770 84346 1184
84301 84300 2439
84302 84300 703
84303 84300 585
84303 90766 170
84333 84332 1780
84333 84334 1336
84333 84337 770
84325 84324 2372
84325 84326 762
84327 84326 3372
84327 84328 5677
90766 84303 170
84334 84333 1336
84334 84335 445
84334 84336 938
84335 84334 445
84336 84334 938
38
84683
84680
84684
84692
84611
84614
84586
84584
84617
79270
84443
84638
84639
84642
84640
84772
84627
84593
84436
84760
84764
84767
84387
91449
79280
84382
91813
85170
85178
86898
85179
86876
85166
82736
82745
84624
84676
84682
