3862
180307 180306 1796
180307 180612 1063
185083 185013 1339
185083 185082 796
185084 166866 924
185084 185082 1104
185084 185087 1200
185086 185088 796
185086 185089 1388
185090 185089 238
185141 185139 630
185141 185142 1248
185138 185137 709
185130 185132 653
185130 185140 344
185151 185152 818
185151 185157 581
185152 185151 818
185152 185158 790
185152 185656 581
163695 163696 276
163695 166411 1225
166410 166411 758
166410 166592 2556
166594 166592 758
166594 166597 1889
166605 166604 2445
166605 166621 758
166622 166619 758
166622 166621 1336
166600 166602 1891
166600 166604 842
166601 166597 758
166601 166603 674
160136 166977 1268
160136 166978 1854
166650 166651 1768
166650 166666 3002
166307 166306 1037
166854 166855 2208
166854 166856 276
166854 166861 1848
166861 166854 1848
166861 166859 3949
166890 166859 1719
166890 166929 517
166890 166980 1636
166975 166974 1375
166975 166980 3859
166974 166316 3869
166974 166975 1375
166974 166982 818
166308 166309 300
166836 166837 828
166836 166838 373
166850 166846 871
166850 185010 688
185012 185013 709
163690 163691 505
180597 180598 1609
180597 180599 821
180764 180763 2378
180764 180781 344
180792 180598 855
180515 180516 1984
180515 180598 2093
180515 180601 782
180527 180526 3385
180527 180579 3034
180589 180591 688
180551 180545 3675
180551 180553 238
180556 180553 951
180556 180586 1577
180586 180556 1577
180586 180587 924
180586 180588 1880
180545 180496 557
180545 180497 276
180545 180551 3675
182405 182403 672
182405 185604 848
182383 182381 2086
182383 182382 581
178955 178956 846
178955 182532 769
182523 182381 1766
182523 182394 581
182530 182529 1000
182530 182534 276
180037 180036 848
180037 180038 847
182455 180036 924
182455 182382 2366
182455 182456 344
181966 181965 2458
181966 181978 1613
181966 181978 1613
181946 179723 610
181946 181940 403
181955 181954 1008
181955 185600 950
182004 182003 738
182004 182249 2273
182244 182249 517
182536 182535 599
182536 182537 238
182542 182543 1375
182542 182544 1585
182462 182461 3240
173734 173744 1259
173742 173743 709
182563 185247 562
185146 185136 1225
185146 185145 1293
152182 152183 924
152182 152229 2316
152182 152231 1357
152198 152197 1014
152198 152237 1086
152176 152175 2028
152176 152177 337
176295 176294 453
176302 176293 1140
176323 176324 1005
176323 176348 452
176347 176345 1114
176347 176348 1034
176347 176354 435
176386 176387 3239
176378 176374 848
176378 176379 1260
176378 176389 709
176384 176398 418
176397 176387 848
176397 176398 418
152301 152280 890
152268 152269 952
152268 176335 672
176342 176335 1470
176342 176340 688
176342 185479 630
185136 185137 292
185136 185146 1225
173962 173937 2449
173962 174793 2751
173964 173965 3479
173964 173966 804
173647 173646 5677
173647 186164 1160
173651 173652 2939
173651 173653 1320
173808 173806 2455
173808 173945 3123
173738 173774 391
174547 174549 672
174552 174549 1519
174552 174551 782
174552 174645 2316
174645 174552 2316
174645 174647 796
174657 174656 1897
174657 174743 1354
174672 174647 1117
174672 174676 1055
174661 174658 1339
174661 174660 976
174676 174648 1178
174676 174672 1055
174676 174688 612
174743 174657 1354
174743 174746 403
174747 174746 421
175220 175218 1483
174749 174750 3112
175297 175300 926
175343 175300 3250
175343 175342 682
175343 175344 1004
175265 175263 890
175249 175250 279
175249 175454 1836
175459 175454 766
175459 175458 1675
175461 175458 766
175461 175468 1000
175461 175470 766
175450 175466 3206
174963 174962 1692
174963 175480 677
175453 152006 1004
175919 175918 1778
175919 175923 2299
175440 175449 672
175440 175858 1100
175961 175858 782
175961 175867 1199
175695 175740 2082
175592 175593 878
175592 175758 1695
175601 175600 709
175601 175602 558
176024 176025 2382
176024 185710 493
175711 175712 882
175711 176013 122
175754 175756 984
175754 177721 747
175755 175749 552
175755 175756 1293
175736 175735 478
175736 175749 1818
176778 175033 3892
176778 176905 4688
176904 176914 827
176906 176907 2654
176906 176913 202
174785 174802 1364
174785 186084 1836
175548 175549 1518
175614 175550 1181
175614 175615 1031
175612 175613 3185
185795 185796 2725
185795 185797 2714
175537 175538 1161
175675 175676 673
175675 185801 475
175648 175649 2170
175648 175687 418
175687 175648 418
175687 175688 757
175672 175676 1427
175681 175680 315
174471 174527 1100
174528 174527 667
174528 174532 1263
174534 174533 344
176399 176398 2520
176399 176412 1323
174530 174527 222
174530 174531 1268
174538 174537 552
174538 176415 1530
210842 210841 965
210842 210941 909
210842 210951 750
210953 210951 337
210953 210954 1668
210969 210954 846
210969 210972 898
210976 208317 751
210976 210980 2063
210986 210983 606
210986 210984 1036
210986 210988 790
211042 210980 474
211045 210990 709
211095 211084 876
211101 211102 710
211101 211103 1164
211104 211768 603
211767 211769 1090
211776 211771 1059
211776 211779 808
211789 211779 180
210991 210990 2101
210991 211022 1013
210991 211072 1861
211023 211020 815
211023 211022 2536
211079 211020 1264
211079 211082 706
203019 211790 702
203019 211791 1177
211790 203019 702
211790 211794 278
211793 203025 1406
211793 211810 779
211809 211810 2685
163512 163513 688
163512 172391 766
163536 163533 337
163541 163542 667
163541 163550 1437
163550 163541 1437
163550 163551 562
163554 163555 2224
163554 163731 517
163731 163554 517
163731 163746 168
163800 163810 238
163806 163809 505
163741 163742 1255
163741 163812 766
163741 163816 782
163811 163812 796
163811 163813 1366
163749 163746 766
163749 163750 2446
163750 163747 758
163750 163749 2446
163750 163751 2223
163755 163751 683
163755 163764 2334
163778 163764 766
163778 163782 758
163778 163783 1778
163774 163773 796
163774 163791 1516
163780 163781 780
163771 163772 796
163771 163776 1011
163860 163840 782
163860 163859 766
163861 163775 1111
163861 163859 889
163861 163863 1366
163718 166365 2948
166355 166365 556
163720 163721 333
163720 166365 892
163722 163723 905
163722 163846 2138
163722 163847 766
163030 163029 766
163030 163044 2306
163456 163457 766
163456 163459 2590
163467 163466 782
163467 163516 1035
163467 163521 796
163473 163459 766
163473 163522 766
163473 164984 1675
163466 163467 782
163466 163517 1035
163518 163517 796
163025 163026 758
163025 163059 1933
163432 163433 848
163444 163438 590
163444 163441 168
163441 163442 1415
163441 163444 168
163044 162982 828
163044 163030 2306
163044 163045 1560
164012 164011 752
164012 164403 1848
164293 164294 506
164293 164304 1565
164287 164288 1357
164287 164295 1429
164294 164293 506
164294 164295 747
164178 164177 869
164218 164103 906
164218 164219 238
164180 164181 807
164204 164181 2615
164289 164288 1081
164289 164290 612
164189 164188 752
164189 164322 2134
164314 164182 713
164198 164199 1355
164198 164309 610
164303 164297 710
164303 164306 1594
164303 164307 879
164297 164296 2254
164297 164303 710
164299 164288 2306
164301 164302 337
164106 164105 790
164155 164168 678
164155 164176 1624
164159 164160 537
164159 164175 276
164160 164105 3164
164160 164159 537
164167 164163 1856
164167 164168 1903
164167 164169 810
164151 164140 1347
164151 164150 796
164163 164161 344
164163 164167 1856
212398 212399 278
212398 212400 594
164496 164495 811
164496 164497 974
164496 164497 974
164496 172420 220
164496 172420 220
164485 164486 355
164485 164492 818
164494 164493 940
164494 164497 340
164494 164497 340
164144 164150 222
164140 164138 879
164140 164151 1347
164140 164162 511
164165 164164 713
164165 164488 710
164165 164490 2244
164482 164484 856
211812 198918 214
211812 211810 883
211812 211814 1366
198918 198920 991
198918 211812 214
211823 211814 834
211823 212124 1825
211823 212125 834
211824 212125 1358
212132 212125 834
212132 212128 1964
212135 212128 817
212135 212131 2013
212135 212136 758
212136 212135 758
212136 212138 2094
212140 212138 901
212140 212145 2093
212146 212145 817
212146 212153 2111
212159 212153 751
212159 212158 1963
212336 212327 188
212336 212328 204
212164 212165 213
212163 212158 1040
212163 212168 803
207786 207785 1392
207786 212332 1044
212331 212333 1688
212331 212334 808
212332 207786 1044
212332 212347 1579
212380 212381 1041
212380 212399 1029
178711 178710 1168
114618 114617 3025
114618 114664 950
115391 115392 5234
115391 115455 2572
114633 114634 2548
114633 114664 746
114672 114671 1592
114672 114822 1165
114596 114593 581
114596 114595 503
114596 116335 297
114595 114596 503
114595 114644 626
114670 114575 626
114670 114671 735
114444 114443 746
114444 114445 627
114448 114445 2375
114448 115192 1175
114458 114457 1219
114421 114420 817
114421 114422 2411
114442 114420 2703
114449 114438 579
114052 114050 1394
114052 114051 1538
114052 114417 1647
115165 115152 201
115165 115183 288
115156 115060 274
115156 116151 420
115163 115164 683
114826 114825 28217
114826 114827 5984
114893 114892 2224
114893 114948 1173
114946 114947 1173
114946 114948 2224
114906 114907 1360
114906 114947 2335
114877 114878 835
114883 114882 670
115039 92077 328
115044 114955 2763
92078 92077 1857
92078 92086 222
92100 92099 1253
92100 92127 562
115120 115121 4857
115120 115308 893
115305 115301 336
115305 115309 2784
115308 115120 893
115308 115310 2088
115320 115318 9338
115412 115352 706
115412 115363 949
115363 115361 3445
115363 115412 949
115655 115654 344
115655 115718 1194
115705 115706 687
115705 115718 1188
106815 106894 1962
106815 106901 278
106949 106950 1947
106949 113875 1036
107020 107019 1592
107020 107149 580
107148 107144 1687
107148 107154 4241
107160 107161 3326
107160 107171 1947
107005 107006 713
107303 107304 1815
107303 107305 1752
106893 113741 363
92867 92866 1003
92867 92880 1396
92867 92881 1394
92920 92927 929
92920 92931 515
101763 92919 412
92931 92920 515
92931 92932 1114
102847 102848 8
92947 102848 974
92947 102849 338
106890 113744 348
106701 106702 1077
106701 106703 1114
106907 106897 1207
106907 106906 2248
106897 106896 2731
106897 106898 1607
106897 106907 1207
106909 106898 1583
106189 106188 2627
105753 105752 303
106233 105752 487
106233 106234 924
105762 116013 252
116022 116014 6194
116022 116023 2347
116044 116045 847
116115 116116 905
116123 116116 1277
116123 116124 905
105738 105765 1767
105738 105766 1079
113880 115977 515
105746 105747 3464
105746 105748 345
192029 191517 151
191885 191504 1153
191885 192065 3440
191726 192852 1525
191576 191574 1102
191578 191574 1944
191571 191572 2495
191571 191573 726
192070 191593 569
192823 192821 2874
192823 192824 1114
192829 192824 705
192829 192830 1124
192837 192841 1107
192797 192795 1497
192797 194218 1743
192844 192840 2257
193017 193016 3527
193017 193018 1582
193020 190988 580
193021 193016 1720
193021 193029 5995
193970 193955 1653
193970 193972 234
107618 107619 3619
109835 109848 782
109847 109848 1818
109847 110958 681
107635 107633 445
107635 109877 1694
109821 109877 1351
109823 107785 2852
107719 107720 2044
107733 107732 1055
107733 107738 1031
107728 107513 2171
107721 107720 344
107721 107727 1114
107688 107701 1682
107647 107646 3094
107645 107646 1180
107687 107694 1175
107693 107694 839
107693 107694 839
107697 107712 1451
107787 107788 1504
107787 107852 3702
111015 111014 893
111015 111103 1180
111117 111115 3310
111117 111200 2969
111157 111156 452
111157 111161 562
111115 111117 3310
111115 111200 1008
111115 111210 2596
111919 111917 696
111938 111920 756
111941 111918 598
111941 111942 2044
111941 111944 788
111944 111941 788
111944 111945 1955
111944 111948 681
111948 111944 681
111948 111955 2028
111966 111955 764
111966 112086 2063
112091 112086 868
112091 112092 1955
112095 112092 930
112095 112097 2279
112099 112097 756
112099 112105 2858
112123 112105 847
112123 112124 2262
112123 112127 788
112018 112019 2224
112018 112285 598
112018 112293 2153
112022 112023 252
112022 112285 1719
112023 112022 252
112023 112024 1375
112026 112027 540
112026 112027 540
112282 112283 2279
112282 112285 847
112281 112136 756
112281 112283 869
112281 112284 2948
112136 112134 2750
112136 112281 756
112127 112123 788
112127 112131 2171
112127 112134 756
112301 112302 275
112301 112319 1257
112332 112331 756
112339 112331 1906
112339 112338 847
112339 112341 1248
112341 112339 1248
112341 112342 504
112417 112418 344
112417 112419 434
112446 112445 354
112447 112431 1466
112447 112436 764
112444 112431 847
112444 112445 1576
112437 112413 869
112437 112435 2237
112437 112441 1919
112439 112435 1955
112439 112436 1809
112441 112437 1919
112441 112438 764
112441 113141 1031
112391 112390 681
112391 112400 2028
112391 112438 847
112675 112674 356
112693 112694 621
112693 112913 776
112902 112901 1280
112902 112908 907
112902 112917 562
112680 112679 445
112680 112925 869
112921 112913 1079
112925 112680 869
112925 112926 475
112947 112912 516
112947 112946 2044
112948 112387 2481
112948 112946 764
112386 112276 2237
112386 112387 982
112384 112275 672
112384 112276 975
112383 112275 681
112269 112268 2016
112269 112390 764
112676 112677 48
112964 112963 1142
112964 112986 869
112964 112988 1031
112984 112986 764
112984 112997 1014
113001 113004 1031
113002 112997 950
113002 113003 2279
113002 113004 869
113159 113004 788
113159 113161 1124
113165 113161 1033
113111 113103 836
113252 113251 557
113367 113365 168
113367 113370 1416
113265 113264 688
113265 113272 1142
113266 113264 1416
113266 113378 750
113393 113391 1280
113393 113392 884
113101 113102 836
113101 113103 1474
112980 112981 747
112980 113084 1983
113041 113040 975
113041 113049 4398
113041 113068 557
113097 113098 1341
113097 113102 612
113160 113158 788
113160 113161 1161
113218 113082 788
113218 113158 1124
113083 113081 788
113083 113082 1139
112928 112927 1306
112928 112929 516
113520 113514 750
105285 105286 551
105285 105287 201
113511 113514 1022
105295 113514 938
105289 105287 1085
105289 105288 516
104647 104648 721
104658 104659 2122
104658 104688 1170
104695 104694 983
104556 104555 1822
104556 104557 196
104556 104560 1812
104652 104560 978
104652 104627 1970
104631 104613 581
104631 104635 897
104655 104624 102
104636 104616 784
104636 104635 999
105394 105382 1344
105398 105382 1574
105363 104690 872
105363 104701 1682
105363 105374 674
105379 105374 331
105377 105378 1907
105377 105380 623
104690 104691 1341
104690 104692 1708
104690 105363 872
39869 39868 947
39866 39865 1307
39866 39873 836
39875 39828 276
39875 39830 1610
39923 39920 252
39835 39836 738
39835 39880 418
39847 39837 751
39847 39846 1222
39848 39846 1008
39855 39842 612
39855 39857 975
39857 39843 1085
39857 39855 975
105263 105264 890
104886 104862 7944
104972 104973 1254
104972 104975 806
104888 104887 2230
104888 113927 557
104933 105139 927
105138 105132 837
105138 105139 2884
105141 105140 2041
105141 105160 2360
105160 105141 2360
105160 105161 605
105136 105130 1672
105136 105135 418
105217 105215 2079
105217 105216 975
105219 105214 280
105219 105216 2158
105244 105245 424
105244 105245 424
105190 105189 796
104983 104973 750
104983 104980 336
104979 50225 809
104979 104980 279
113617 113618 451
105109 105107 1283
105109 105110 516
105109 105116 1007
105121 105119 1498
105121 105124 2716
105116 105106 1252
105116 105109 1007
105116 105119 870
105124 105120 1502
105124 105121 2716
105383 105381 2046
105383 105382 1221
105423 104696 1266
105086 105087 246
104699 104697 403
104699 104700 536
105081 105082 680
105089 105082 1375
105424 105088 1556
105424 105425 1349
105424 105434 1061
105425 105424 1349
105425 105426 612
105425 105451 557
39734 39714 905
39734 39728 1299
39734 39733 1867
39736 39733 1209
39736 39758 1974
39917 39937 418
39768 39766 279
39768 39939 650
39941 39943 1115
39945 39943 989
39962 39959 677
39962 39979 500
40020 40016 452
40025 40023 709
40025 41087 452
41093 41071 1827
41093 41079 952
41093 41086 2429
41086 41083 952
41086 41093 2429
41086 41099 1768
41112 41099 629
41098 41048 1034
41098 41085 905
41098 41097 688
41102 41097 2314
41102 41116 1031
41123 41116 1281
41211 41128 2139
41211 41199 952
41211 41206 1848
41111 41106 709
41111 41122 1268
41128 41195 1063
41128 41211 2139
41122 41111 1268
41122 41116 924
41201 41155 924
41201 41200 552
41201 41202 1375
41206 41205 1034
41206 41211 1848
41204 41202 932
41204 41208 1505
41223 41208 505
41223 41225 1686
41227 41225 1094
41227 41226 924
41191 41189 1124
41191 41190 2032
41191 41231 713
41189 41184 2254
41189 41191 1124
41189 41234 511
41355 41339 1347
41355 41368 457
41364 41335 1275
41678 41677 530
55035 55034 3064
55072 55070 976
55072 55073 3430
55109 55073 1023
55109 55125 2710
55125 55109 2710
55125 55135 418
55285 55288 848
55285 55289 1614
55378 55953 1380
55289 55285 1614
55289 55296 747
55313 55307 828
55313 55315 1576
53770 55383 808
55372 55370 885
55372 55373 2752
55375 55380 276
55375 55383 1064
48642 48641 505
48628 48625 1044
48628 48627 713
48628 48645 1935
48640 48637 951
48640 48639 1016
48647 48646 984
48647 48650 782
49238 49231 789
49242 49243 837
49242 49244 709
49201 48808 355
49201 49202 517
49210 49202 871
49210 49211 1447
49219 49212 418
49220 49221 1255
49226 49223 1206
49230 49224 976
49230 49231 807
49356 50367 459
49366 49354 1890
49366 49369 818
49395 49343 837
49395 49369 2283
49395 49398 2618
49400 49399 355
49392 49389 807
49392 49391 1631
49394 49349 807
49394 49389 697
49398 49395 2618
49398 49397 890
49151 49150 2106
49151 49153 279
49151 49154 951
49155 49154 2531
49155 49162 848
49163 49162 1458
49163 49350 1023
49354 49350 1339
49354 49355 688
49354 49366 1890
49157 49119 848
49157 49153 475
49159 49119 2683
49159 49161 848
48981 49458 2524
49449 49442 2019
49449 49452 2155
49453 49455 1982
49244 49242 709
49244 49245 581
49249 49250 1483
49465 49464 1578
129924 48336 8597
129924 129920 472
131793 131805 5798
131793 131812 928
131793 131817 1981
49654 49628 2005
49654 49655 928
54320 54321 789
54320 54323 885
54320 54325 1812
49632 49633 2036
49693 49694 1586
49693 50490 1349
49696 50492 556
53787 53788 5364
53787 53792 2599
53787 53820 404
53810 53826 789
53810 53828 3169
53812 53816 789
53812 53828 697
53812 55052 276
53816 53812 789
53816 53818 1055
53816 55031 1438
53816 55054 828
53818 53816 1055
53818 55034 1629
142441 142442 883
142441 142445 515
142461 142445 1247
142462 142442 2465
142462 142464 771
144390 142464 2532
144390 144391 801
144403 144405 502
144406 144405 474
144406 144412 452
144412 144406 452
144412 144413 632
144452 144414 1835
144452 144453 498
144453 144452 498
144453 144454 208
144461 144460 1435
144461 144468 855
144467 144468 2699
144467 144469 705
144593 144469 2098
144593 144604 873
144594 144601 841
144594 144604 2018
144599 144601 1872
144599 144602 805
144636 144602 1193
144636 144637 724
144638 144642 549
144638 144642 549
196699 144642 1716
196699 196701 1262
196700 196701 432
196700 196712 410
196706 196708 1239
196706 196709 534
196711 196709 1348
196711 196724 421
196711 196728 1672
196728 196711 1672
196728 196729 420
196436 196435 724
196436 196438 1504
196436 196613 710
196437 196434 710
196437 196438 901
196437 196784 1900
196727 196729 780
196766 196729 1056
196766 196742 848
196766 196769 1734
196433 196434 707
196769 196434 1770
196769 196766 1734
196769 196770 810
141559 141602 324
141559 141603 507
141565 141566 1877
141565 141602 669
141564 141566 858
141564 141567 249
141596 141597 2979
141596 141598 860
150663 150657 765
150663 150662 1044
150663 150668 1118
150668 150663 1118
150668 150664 703
150674 139857 122
150674 150399 2251
150674 150673 204
139793 139794 81
139793 139868 743
139867 139868 754
139867 139869 698
139873 139869 590
139873 139875 1576
139874 139875 378
139874 140144 1788
140155 140154 2569
140155 140159 762
140155 140177 1975
140176 140177 806
140176 140219 1984
140221 140219 737
140221 140237 2041
140236 140237 785
140236 141550 1844
141549 141550 834
141549 141552 2327
141551 141567 524
140144 139874 1788
140144 140154 626
142262 142263 849
142262 142300 3085
142299 142300 854
142299 142307 2802
142306 142307 809
142306 142469 2449
142468 142469 698
142468 142472 2357
142471 142472 930
142471 142478 2257
142386 142448 2507
142386 142478 934
142447 142446 857
142447 142448 849
142447 142465 2470
141855 141856 970
141858 141856 1451
141858 142266 1031
142264 142263 1934
142264 142265 828
141528 141599 801
141528 141612 2440
141613 141612 755
141613 141622 1701
141623 141622 851
141623 141625 1829
141780 141625 1027
141780 141795 2607
141799 141800 2392
141802 141800 938
141648 141633 2729
141648 141647 906
141648 141800 752
141804 141647 2521
141804 141807 844
141804 141816 753
141816 141804 753
141816 141815 1063
141816 141848 2009
141846 141847 868
141846 141848 892
141846 141854 2778
141847 141846 868
141847 141852 2738
141851 141852 1152
141851 141856 990
141851 141860 2250
142443 142442 662
142444 142446 679
56070 56073 848
56070 56075 1380
56071 56075 848
55954 55953 1064
55996 55993 796
56004 56005 782
54996 54997 1259
54996 55993 450
54997 54996 1259
54997 55998 1483
54997 56110 90
55998 54997 1483
55998 56005 436
56092 56075 1458
56092 56093 951
56093 56072 1449
56093 56074 1380
56093 56092 951
56093 56134 511
56139 56140 1516
56287 56289 1014
196626 196625 844
196860 196624 611
204680 204681 1301
204746 204681 1293
207629 207630 2133
207629 207631 867
207631 207629 867
207631 207633 2145
207637 207633 846
207637 207640 801
207637 207642 1619
207640 207637 801
207640 207643 1385
207640 207644 863
207644 207640 863
207644 207646 1221
207644 207647 683
207647 207644 683
207647 207681 1069
207647 207682 872
207520 207523 726
207520 207757 2008
207754 207756 733
207754 207759 165
207755 207749 434
207755 207756 276
207749 207750 2613
207749 207755 434
207695 207694 779
207695 207697 864
207695 207698 1824
207696 207697 2164
207696 207751 758
207748 207750 846
207748 207751 1948
207694 207680 774
207694 207689 1931
207694 207695 779
207682 207647 872
207682 207684 857
207682 207685 792
207688 207680 1824
207688 207685 2253
207688 207689 796
207680 207688 1824
207680 207693 683
207680 207694 774
196758 196852 918
196758 196854 1776
196806 196805 748
196806 196818 550
196854 196758 1776
196854 196853 756
196855 196853 1230
196855 196877 649
196818 196793 915
196818 196806 550
196847 196845 693
196847 196846 1499
196833 196803 369
196833 196832 955
196833 196877 470
196834 196829 1738
196834 196832 1175
196763 196749 331
196763 196762 561
196763 196810 1260
196811 196809 549
196811 196810 1055
196827 196826 844
196827 196828 384
196829 196828 368
196829 196834 1738
145353 145348 1330
145353 145368 636
145368 145353 636
145368 145354 763
145368 145371 354
145362 145365 1333
145362 145370 934
145371 145368 354
145371 145370 279
145371 145374 967
145363 145365 1077
145363 145367 665
145440 145424 856
145440 145441 919
145445 145441 816
145445 145448 2016
145449 145448 737
145449 145464 936
145466 145464 841
145466 145467 1402
145471 145474 323
145471 145476 408
145473 145476 467
145473 145990 386
145990 145473 386
145990 145991 2688
145993 145991 801
145993 146014 1378
146015 146014 797
146015 146027 1504
146028 146027 751
146028 146033 837
146028 146036 1346
146076 146032 809
146076 146078 1411
151413 146078 676
151413 151423 1493
151420 151433 633
151420 151434 1432
151430 151429 576
151430 151433 1496
151429 151430 576
151429 151432 400
151425 151423 597
151425 151426 1314
151425 151434 816
151436 151438 302
151436 151500 938
151438 151436 302
151438 151439 1102
146032 146034 1450
146032 146076 809
146033 146028 837
146033 146034 773
146033 146038 1457
151381 139762 796
151381 151382 2585
151382 151381 2585
151382 151386 822
151382 151390 2171
151389 151391 583
151389 151392 168
151391 151389 583
151391 151500 1195
151348 139763 1035
151348 139763 1035
151348 203683 1379
203682 203683 1013
203680 203683 1920
203570 203578 1299
203579 203578 707
204104 204039 841
204104 204105 1685
204107 204105 846
204107 204110 2106
204111 204110 846
204111 204497 2135
204111 204498 773
204123 204131 593
204123 204133 41
204133 204123 41
204133 204135 2236
204124 204128 1464
204124 204130 27
204128 204124 1464
204128 204498 549
204327 204646 640
204327 204648 1559
204327 204652 817
204652 204327 817
204652 204653 1637
214421 204677 317
203695 203683 892
203695 203684 681
203697 203684 862
203697 203701 807
203697 203702 1348
203700 203701 1468
203700 203732 765
203731 203732 792
203731 203733 2042
203731 203734 683
203734 203731 683
203734 203735 1953
203737 203739 278
203737 203741 516
203757 203772 504
203757 203786 342
203789 203787 548
203789 203793 613
203789 203794 437
203789 203795 759
203795 203789 759
203795 203794 564
204008 203797 915
203804 203797 706
203804 203799 2171
203804 204013 860
204015 204013 1616
204015 204016 962
204033 204016 1446
204033 204034 760
204033 204035 827
204031 204039 700
204034 204033 760
204034 204039 680
204034 204040 1220
207613 207741 278
207613 208500 2106
207825 208500 867
207825 208503 1321
207577 208073 759
207577 208095 2002
207602 207603 751
207602 208095 901
207603 207602 751
207603 207610 1899
207741 207613 278
207741 208100 539
207741 208501 1510
208063 208065 1078
208064 208067 870
207575 208073 2106
207575 208074 623
207562 208065 901
207562 208066 1452
208071 208074 278
208071 208076 673
208071 208077 563
207523 207520 726
207523 207758 2029
207802 207758 834
207802 207805 1176
207807 207808 1778
207807 207820 255
207820 207807 255
207820 207822 1430
207821 207822 779
207821 207823 605
195346 195347 333
195346 207830 683
207823 207816 780
207823 207821 605
207823 207827 337
207998 208067 2120
207998 208079 763
208079 207998 763
208079 208069 1978
208079 208080 801
208080 208070 1977
208080 208079 801
208080 208083 801
208125 208083 1706
208127 208084 1698
208130 208085 751
208130 208131 1285
208144 208131 1333
208157 208147 594
208157 208158 1065
208157 208159 420
208159 208157 420
208159 208160 797
208168 208161 1725
208168 208377 744
214531 208167 679
208377 208168 744
208377 208184 1822
208377 208378 705
208397 208378 2587
208397 208398 958
208398 208397 958
208398 208412 873
208398 208416 2183
208395 208431 2993
208432 208429 388
208426 208429 1004
208426 208434 1873
208441 208435 808
208441 208447 2058
208435 208434 640
208435 208441 808
208435 208446 1718
208448 208447 901
208448 208453 1817
210689 208453 801
210692 210695 2326
210692 210696 750
210692 210701 2250
210695 210692 2326
210695 210699 672
178675 178676 3605
178675 178677 1104
178678 178660 2798
178678 185311 2328
185311 178678 2328
185311 178807 993
178692 178693 743
178692 178694 1798
186031 178693 1733
186031 178693 1733
178698 178694 2283
178729 178710 1299
178775 178774 983
178775 178780 1022
178775 178781 605
178784 178782 537
178784 178788 976
180621 180615 2474
180621 180620 878
180627 180617 697
180290 180288 738
180290 180291 505
180306 180287 1364
180306 180307 1796
180306 180603 1779
180612 180307 1063
180612 180611 3691
180612 180622 1292
185013 185010 672
185013 185012 709
185013 185083 1339
185082 166865 688
185082 185083 796
185082 185084 1104
166866 166864 1848
166866 166865 1117
166866 166868 766
166866 185084 924
185087 185084 1200
185087 185088 202
185088 166872 1032
185088 185086 796
185088 185087 202
185088 185091 1579
185089 185086 1388
185089 185090 238
185089 185092 279
185139 185140 778
185139 185141 630
185139 185144 1114
185139 185159 2015
185142 185132 112
185142 185141 1248
185142 185402 421
185137 185136 292
185137 185138 709
185132 185130 653
185132 185142 112
185140 185130 344
185140 185139 778
185140 185157 1773
185157 185140 1773
185157 185151 581
185157 185154 1579
185157 185159 818
185158 185149 709
185158 185152 790
185158 185655 688
185656 185152 581
163696 163695 276
166411 163695 1225
166411 166410 758
166411 166591 2557
166411 172171 421
166592 166410 2556
166592 166512 2000
166592 166591 842
166592 166594 758
166597 166512 766
166597 166594 1889
166597 166596 1891
166597 166601 758
166604 166600 842
166604 166605 2445
166604 166620 1891
166604 166624 758
166621 166605 758
166621 166622 1336
166621 166623 842
166621 166624 2445
166619 166617 843
166619 166622 758
166619 166623 1334
166602 166600 1891
166602 166603 337
166602 166616 505
166603 166601 674
166603 166602 337
166603 166609 139
166977 160136 1268
166977 166976 1873
166977 166989 3403
166978 160136 1854
166978 166979 792
166978 166983 1552
166651 166650 1768
166651 166652 3794
166666 166650 3002
166666 166667 1667
166666 166976 3160
166306 166305 1449
166306 166307 1037
166306 166858 1438
166855 166854 2208
166855 166860 1773
166856 166854 276
166856 166857 1780
166856 166858 3048
166859 166860 1956
166859 166861 3949
166859 166890 1719
166859 166921 871
166929 166890 517
166929 166919 476
166929 166931 1612
166980 166890 1636
166980 166931 435
166980 166975 3859
166980 166981 266
166316 166315 924
166316 166317 1339
166316 166974 3869
166316 166981 1345
166982 166974 818
166982 166983 1161
166309 166308 300
166837 166836 828
166838 166835 818
166838 166836 373
166838 166847 2015
166846 166845 2085
166846 166850 871
166846 166865 517
185010 166850 688
185010 185013 672
163691 163690 505
180598 180515 2093
180598 180597 1609
180598 180600 755
180598 180792 855
180599 180595 854
180599 180597 821
180599 180600 1547
180599 180781 1755
180763 180563 688
180763 180764 2378
180781 180599 1755
180781 180764 344
180781 180782 238
180516 180515 1984
180516 180517 475
180516 180518 818
180601 180515 782
180601 180518 1821
180601 180600 2174
180601 180602 818
180526 180525 1486
180526 180527 3385
180526 180579 1015
180579 180526 1015
180579 180527 3034
180579 180578 1409
180591 180589 688
180553 180551 238
180553 180554 1293
180553 180556 951
180587 180586 924
180588 180586 1880
180496 180472 1293
180496 180497 562
180496 180545 557
180497 180483 1530
180497 180496 562
180497 180545 276
182403 182404 673
182403 182405 672
185604 182405 848
182381 182380 1102
182381 182383 2086
182381 182523 1766
182382 182376 475
182382 182383 581
182382 182455 2366
178956 178955 846
182532 178955 769
182532 182533 1658
182532 182540 475
182394 182380 905
182394 182392 2163
182394 182523 581
182529 182392 778
182529 182530 1000
182529 182531 629
182534 182530 276
182534 182533 1334
180036 180037 848
180036 180039 924
180036 182374 2337
180036 182455 924
180038 180037 847
180038 180039 951
180038 182249 870
180038 182265 1871
182456 182455 344
181965 181966 2458
181965 181969 2359
181965 182015 667
181978 181966 1613
181978 181966 1613
181978 181979 435
179723 179722 688
179723 179724 765
179723 181940 344
179723 181946 610
181940 179723 344
181940 181939 874
181940 181946 403
181940 181949 475
181954 181953 1258
181954 181955 1008
181954 182227 1426
185600 181955 950
182003 182002 2963
182003 182004 738
182003 182266 750
182249 180038 870
182249 182004 2273
182249 182244 517
182535 182536 599
182535 182541 715
182535 182550 2714
182537 182536 238
182537 182538 818
182537 182538 818
182543 182542 1375
182543 182544 1350
182543 182550 420
182544 182542 1585
182544 182543 1350
182544 182552 517
182461 182462 3240
182461 182546 524
173744 173734 1259
173744 173743 1225
173744 185251 119
173743 173742 709
173743 173744 1225
185247 182558 2118
185247 182563 562
185145 185146 1293
185145 185147 905
185145 185155 1398
185145 185917 871
152183 152175 2299
152183 152182 924
152183 152228 683
152229 152182 2316
152229 152230 924
152229 152232 344
152229 166945 2259
152231 152182 1357
152231 152232 2504
152231 152233 1140
152197 152196 796
152197 152198 1014
152197 152244 2646
152237 152198 1086
152237 152233 1560
152237 152235 1074
152175 152170 600
152175 152176 2028
152175 152183 2299
152177 152171 435
152177 152176 337
152177 176293 1161
176294 176293 337
176294 176295 453
176294 176301 350
176293 152177 1161
176293 176294 337
176293 176302 1140
176324 176323 1005
176324 176325 3799
176324 185318 438
176348 176323 452
176348 176347 1034
176348 185318 1020
176345 176343 1823
176345 176344 893
176345 176347 1114
176354 176347 435
176354 176355 511
176354 176376 1354
176387 176386 3239
176387 176388 238
176387 176397 848
176374 176375 2678
176374 176378 848
176374 176392 789
176379 176378 1260
176389 176378 709
176389 176390 475
176389 176391 1594
176389 176393 709
176398 176384 418
176398 176397 418
176398 176399 2520
152280 152278 537
152280 152301 890
152269 152268 952
152269 152270 2666
152269 152275 253
176335 152268 672
176335 176336 1064
176335 176337 688
176335 176342 1470
176340 176337 1470
176340 176341 796
176340 176342 688
176340 185679 683
185479 176342 630
173937 173938 3327
173937 173955 2114
173937 173962 2449
174793 173962 2751
174793 174794 1229
174793 185820 1076
173965 173964 3479
173966 173964 804
173646 173645 3036
173646 173647 5677
186164 173647 1160
173652 173651 2939
173653 173651 1320
173653 173654 5206
173653 173655 5114
173806 173805 6539
173806 173807 2414
173806 173808 2455
173945 173808 3123
173774 173738 391
173774 173778 4589
174549 174547 672
174549 174548 672
174549 174552 1519
174551 174548 1515
174551 174550 782
174551 174552 782
174551 174647 2398
174647 174551 2398
174647 174645 796
174647 174648 818
174647 174672 1117
174656 174657 1897
174658 174654 709
174658 174659 1009
174658 174661 1339
174658 174688 650
174660 174659 1144
174660 174661 976
174648 174647 818
174648 174649 1551
174648 174651 951
174648 174676 1178
174688 174651 612
174688 174658 650
174688 174676 612
174746 174686 474
174746 174743 403
174746 174747 421
175218 175219 488
175218 175220 1483
175218 175263 474
174750 174749 3112
174750 174751 445
174750 175302 672
174750 175355 871
175300 175297 926
175300 175301 683
175300 175343 3250
175342 175301 3250
175342 175341 1565
175342 175343 682
175342 175347 849
175344 175343 1004
175263 175218 474
175263 175261 738
175263 175264 373
175263 175265 890
175250 175249 279
175250 175251 873
175250 175457 751
175454 175249 1836
175454 175349 849
175454 175455 1285
175454 175459 766
175454 175460 1675
175458 175459 1675
175458 175460 766
175458 175461 766
175458 175463 1222
175468 175461 1000
175468 175463 828
175468 175469 871
175470 175461 766
175470 175469 893
175470 175471 682
175470 185465 1114
175466 175450 3206
175466 175465 650
174962 174963 1692
174962 175146 409
174962 175922 1083
175480 152006 2422
175480 174963 677
175480 175481 452
152006 152005 871
152006 175453 1004
152006 175480 2422
175918 175917 1579
175918 175919 1778
175918 175924 713
175923 175919 2299
175449 175440 672
175449 175448 782
175449 175857 1100
175858 175440 1100
175858 175857 672
175858 175868 1016
175858 175961 782
175867 175866 505
175867 175868 672
175867 175961 1199
175740 175695 2082
175740 176908 674
175593 175592 878
175593 175594 709
175593 175751 1560
175758 175592 1695
175758 175751 905
175758 175759 2747
175758 176021 2362
175600 175599 3225
175600 175601 709
175600 176012 751
175600 176013 848
175602 175601 558
176025 175785 807
176025 176021 1141
176025 176024 2382
185710 176024 493
185710 185711 837
175712 175711 882
175712 175713 789
175712 176012 1085
175712 176013 765
176013 175600 848
176013 175711 122
176013 175712 765
175756 175748 630
175756 175754 984
175756 175755 1293
175756 177722 344
177721 175754 747
175749 175736 1818
175749 175748 1323
175749 175750 870
175749 175755 552
175735 175734 1259
175735 175736 478
175735 175768 3337
175033 175006 673
175033 176778 3892
176905 176659 111
176905 176778 4688
176914 176904 827
176914 177069 3464
176907 176906 2654
176907 176908 2181
176907 176917 747
176913 176906 202
176913 176912 3732
176913 176918 713
174802 174785 1364
174802 174800 3589
174802 174819 3720
186084 174785 1836
175549 175548 1518
175549 175550 1066
175549 175617 511
175550 175538 2802
175550 175549 1066
175550 175614 1181
175615 175614 1031
175615 175616 3704
175615 175622 418
175613 175044 336
175613 175612 3185
175613 185466 1022
185796 185795 2725
185797 185795 2714
175538 175537 1161
175538 175550 2802
175538 175616 1111
175676 175672 1427
175676 175675 673
175676 175682 415
185801 175675 475
175649 175648 2170
175649 175650 2679
175649 175666 873
175688 175678 818
175688 175680 1027
175688 175687 757
175680 175669 1342
175680 175681 315
175680 175688 1027
174527 174471 1100
174527 174528 667
174527 174530 222
174532 174528 1263
174532 174531 778
174532 174533 445
174533 174532 445
174533 174534 344
174533 174548 842
176412 176399 1323
174531 174530 1268
174531 174532 778
174531 174536 893
174531 174550 2481
174537 174535 1882
174537 174538 552
174537 176416 581
176415 174538 1530
210841 210842 965
210941 210842 909
210941 210940 137
210951 210842 750
210951 210948 1098
210951 210953 337
210954 210949 774
210954 210953 1668
210954 210956 1590
210954 210969 846
210972 208317 1143
210972 210969 898
210972 210973 355
208317 208316 744
208317 210972 1143
208317 210976 751
208317 210979 989
210980 210976 2063
210980 211041 739
210980 211042 474
210983 210962 1300
210983 210982 932
210983 210986 606
210983 211041 1521
210984 210985 649
210984 210986 1036
210988 210985 801
210988 210986 790
210988 210989 1811
210988 210990 670
210990 210988 670
210990 210991 2101
210990 211045 709
211084 211082 1073
211084 211095 876
211102 211101 710
211102 211105 1090
211102 211106 751
211103 211101 1164
211103 211105 867
211103 211422 605
211768 211104 603
211768 211769 473
211769 211767 1090
211769 211768 473
211769 211771 1178
211771 211769 1178
211771 211776 1059
211771 211777 705
211771 211778 918
211779 211776 808
211779 211778 1106
211779 211789 180
211022 210991 1013
211022 211017 277
211022 211023 2536
211072 210991 1861
211020 211017 2688
211020 211023 815
211020 211079 1264
211082 211079 706
211082 211081 850
211082 211084 1073
211791 203019 1177
211791 211778 751
211791 212072 1247
211794 203025 624
211794 211790 278
211794 212072 1073
203025 203026 106
203025 211793 1406
203025 211794 624
211810 211793 779
211810 211809 2685
211810 211812 883
211810 211813 1559
163513 163512 688
163513 163514 782
163513 172393 766
172391 163512 766
163533 163534 584
163533 163536 337
163533 163543 590
163542 163541 667
163542 163543 139
163542 163551 1349
163551 163542 1349
163551 163550 562
163551 163552 556
163555 163552 683
163555 163554 2224
163555 163570 2335
163555 163747 674
163746 163731 168
163746 163747 2335
163746 163749 766
163810 163800 238
163810 163808 796
163810 163846 674
163809 163806 505
163809 163808 1184
163809 163813 796
163742 163741 1255
163812 163741 766
163812 163811 796
163812 163814 1449
163812 163815 782
163816 163741 782
163816 163815 766
163816 163819 782
163813 163809 796
163813 163811 1366
163813 163814 782
163813 163824 683
163747 163555 674
163747 163746 2335
163747 163748 2224
163747 163750 758
163751 163748 842
163751 163750 2223
163751 163753 2334
163751 163755 683
163764 163753 683
163764 163755 2334
163764 163778 766
163764 163779 1556
163782 163778 758
163782 163781 736
163782 163789 1000
163782 165224 2109
163783 163778 1778
163783 163779 766
163783 163788 758
163783 165220 782
163773 163772 688
163773 163774 796
163773 163790 1352
163791 163774 1516
163791 163784 778
163791 163790 667
163791 163872 1685
163781 163780 780
163781 163782 736
163772 163771 796
163772 163773 688
163772 163869 1179
163776 163771 1011
163776 163775 778
163776 163868 1685
163776 163869 778
163840 163837 782
163840 163839 766
163840 163860 782
163859 163839 782
163859 163844 1449
163859 163860 766
163859 163861 889
163775 163776 778
163775 163777 674
163775 163861 1111
163775 163865 1685
163863 163844 893
163863 163861 1366
163863 163864 337
166365 163718 2948
166365 163720 892
166365 166355 556
163721 163720 333
163721 166376 818
163723 163722 905
163846 163722 2138
163846 163810 674
163846 163852 1153
163847 163722 766
163847 163848 796
163847 166417 1552
163847 166421 796
163029 163028 933
163029 163030 766
163029 163041 713
163457 163456 766
163457 163458 355
163457 163460 2590
163459 163456 2590
163459 163460 766
163459 163473 766
163459 163474 1686
163516 163467 1035
163516 163515 766
163516 163517 782
163521 163467 796
163521 163522 1906
163521 163525 871
163522 163473 766
163522 163521 1906
163522 164985 1686
163522 164987 790
164984 163473 1675
164984 163474 850
164984 164983 2153
164984 164985 683
163517 163466 1035
163517 163516 782
163517 163518 796
163026 163025 758
163026 163027 927
163026 163049 1695
163059 163025 1933
163059 163049 710
163433 163432 848
163433 163438 505
163438 163433 505
163438 163444 590
163442 163441 1415
163442 163458 541
162982 163041 1798
162982 163044 828
163045 163044 1560
164011 164012 752
164403 164012 1848
164304 164293 1565
164288 164287 1357
164288 164289 1081
164288 164299 2306
164295 164287 1429
164295 164294 747
164295 164296 713
164177 164178 869
164103 164218 906
164219 164218 238
164181 164180 807
164181 164182 828
164181 164204 2615
164290 164289 612
164188 164189 752
164322 164182 1282
164322 164189 2134
164182 164181 828
164182 164314 713
164182 164322 1282
164199 164198 1355
164309 164198 610
164306 164296 475
164306 164303 1594
164307 164303 879
164296 164295 713
164296 164297 2254
164296 164306 475
164302 164301 337
164105 164106 790
164105 164160 3164
164168 164155 678
164168 164167 1903
164176 164155 1624
164176 164175 537
164175 164159 276
164175 164176 537
164169 164161 2020
164169 164167 810
164150 164144 222
164150 164151 796
164161 164163 344
164161 164169 2020
212399 212380 1029
212399 212398 278
212400 212398 594
164495 164493 1426
164495 164496 811
164497 164494 340
164497 164494 340
164497 164496 974
164497 164496 974
172420 164496 220
172420 164496 220
164486 164485 355
164492 164485 818
164492 164493 906
164493 164492 906
164493 164494 940
164493 164495 1426
164138 164140 879
164138 164164 1085
164162 164140 511
164164 164138 1085
164164 164165 713
164488 164165 710
164490 164165 2244
164484 164482 856
211814 211812 1366
211814 211813 779
211814 211823 834
198920 198918 991
212124 211823 1825
212125 211823 834
212125 211824 1358
212125 212132 834
212128 212132 1964
212128 212135 817
212131 212135 2013
212131 212138 805
212138 212131 805
212138 212136 2094
212138 212140 901
212145 212140 2093
212145 212146 817
212153 212146 2111
212153 212159 751
212158 212159 1963
212158 212163 1040
212327 212328 183
212327 212336 188
212328 212327 183
212328 212336 204
212165 212164 213
212165 212168 1173
212168 212163 803
212168 212165 1173
207785 207786 1392
212333 212331 1688
212333 212347 709
212334 212331 808
212334 212381 1570
212347 212332 1579
212347 212333 709
212381 212334 1570
212381 212380 1041
178710 178711 1168
178710 178729 1299
114617 114618 3025
114664 114618 950
114664 114633 746
115392 115391 5234
115455 115391 2572
114634 114633 2548
114671 114670 735
114671 114672 1592
114822 114672 1165
114593 114596 581
116335 114596 297
114644 114595 626
114575 114670 626
114443 114444 746
114445 114444 627
114445 114448 2375
115192 114448 1175
114457 114458 1219
114420 114421 817
114420 114442 2703
114422 114421 2411
114438 114449 579
114050 114051 674
114050 114052 1394
114051 114050 674
114051 114052 1538
114417 114052 1647
115152 115165 201
115183 115165 288
115060 115156 274
116151 115156 420
115164 115163 683
114825 114826 28217
114827 114826 5984
114892 114893 2224
114948 114893 1173
114948 114946 2224
114947 114906 2335
114947 114946 1173
114907 114906 1360
114878 114877 835
114882 114883 670
92077 92078 1857
92077 115039 328
114955 115044 2763
92086 92078 222
92099 92100 1253
92127 92100 562
115121 115120 4857
115121 115318 5252
115301 115305 336
115309 115305 2784
115310 115308 2088
115318 115121 5252
115318 115320 9338
115352 115412 706
115361 115363 3445
115654 115655 344
115718 115655 1194
115718 115705 1188
115706 115705 687
106894 106815 1962
106901 106815 278
106950 106949 1947
113875 106949 1036
107019 107020 1592
107149 107020 580
107144 107148 1687
107154 107148 4241
107161 107160 3326
107171 107160 1947
107006 107005 713
107304 107303 1815
107305 107303 1752
113741 106893 363
92866 92867 1003
92880 92867 1396
92881 92867 1394
92927 92920 929
92919 101763 412
92932 92931 1114
102848 92947 974
102848 102847 8
102849 92947 338
113744 106890 348
106702 106701 1077
106703 106701 1114
106906 106896 787
106906 106907 2248
106896 106897 2731
106896 106906 787
106898 106897 1607
106898 106909 1583
106188 106189 2627
105752 105753 303
105752 106233 487
106234 106233 924
116013 105762 252
116013 116014 1322
116014 116013 1322
116014 116022 6194
116023 116022 2347
116045 116044 847
116116 116115 905
116116 116123 1277
116124 116123 905
105765 105738 1767
105766 105738 1079
115977 113880 515
105747 105746 3464
105748 105746 345
191517 192029 151
191504 191885 1153
192065 191885 3440
192852 191726 1525
191574 191576 1102
191574 191578 1944
191572 191571 2495
191573 191571 726
191593 192070 569
192821 192823 2874
192824 192823 1114
192824 192829 705
192830 192829 1124
192841 192837 1107
192795 192797 1497
194218 192797 1743
192840 192844 2257
193016 193017 3527
193016 193021 1720
193018 193017 1582
190988 193020 580
190988 193955 2579
193029 193021 5995
193955 190988 2579
193955 193970 1653
193972 193970 234
107619 107618 3619
109848 109835 782
109848 109847 1818
110958 109847 681
107633 107635 445
107633 107785 5894
109877 107635 1694
109877 109821 1351
107785 107633 5894
107785 109823 2852
107720 107719 2044
107720 107721 344
107732 107513 2957
107732 107733 1055
107738 107733 1031
107513 107728 2171
107513 107732 2957
107727 107721 1114
107701 107688 1682
107646 107645 1180
107646 107647 3094
107694 107687 1175
107694 107693 839
107694 107693 839
107712 107697 1451
107788 107787 1504
107852 107787 3702
111014 111015 893
111103 111015 1180
111200 111115 1008
111200 111117 2969
111156 111157 452
111161 111157 562
111210 111115 2596
111917 111918 516
111917 111919 696
111920 111938 756
111918 111917 516
111918 111941 598
111942 111941 2044
111942 111945 681
111945 111942 681
111945 111944 1955
111945 111955 868
111955 111945 868
111955 111948 2028
111955 111966 764
112086 111966 2063
112086 112091 868
112092 112091 1955
112092 112095 930
112097 112095 2279
112097 112099 756
112105 112099 2858
112105 112123 847
112124 112123 2262
112124 112131 681
112019 112018 2224
112019 112293 516
112285 112018 598
112285 112022 1719
112285 112282 847
112293 112018 2153
112293 112019 516
112024 112023 1375
112027 112026 540
112027 112026 540
112283 112281 869
112283 112282 2279
112284 112134 869
112284 112281 2948
112134 112127 756
112134 112136 2750
112134 112284 869
112131 112124 681
112131 112127 2171
112302 112301 275
112319 112301 1257
112331 112332 756
112331 112339 1906
112338 112339 847
112342 112341 504
112342 112418 1257
112418 112342 1257
112418 112417 344
112419 112417 434
112445 112444 1576
112445 112446 354
112431 112444 847
112431 112447 1466
112436 112435 847
112436 112439 1809
112436 112447 764
112413 112400 764
112413 112437 869
112413 112438 2016
112435 112436 847
112435 112437 2237
112435 112439 1955
112438 112391 847
112438 112413 2016
112438 112441 764
113141 112441 1031
112390 112269 764
112390 112391 681
112400 112391 2028
112400 112413 764
112674 112675 356
112694 112679 1226
112694 112693 621
112913 112693 776
112913 112921 1079
112901 112902 1280
112908 112902 907
112908 112917 1309
112917 112902 562
112917 112908 1309
112679 112680 445
112679 112694 1226
112926 112925 475
112912 112947 516
112946 112947 2044
112946 112948 764
112387 112386 982
112387 112948 2481
112276 112275 681
112276 112384 975
112276 112386 2237
112275 112276 681
112275 112383 681
112275 112384 672
112268 112269 2016
112677 112676 48
112677 112963 1156
112963 112677 1156
112963 112964 1142
112986 112964 869
112986 112984 764
112988 112964 1031
112997 112984 1014
112997 113002 950
113004 113001 1031
113004 113002 869
113004 113158 2279
113004 113159 788
113003 113002 2279
113003 113082 1139
113003 113158 869
113161 113159 1124
113161 113160 1161
113161 113165 1033
113103 113101 1474
113103 113111 836
113251 113252 557
113365 113367 168
113370 113367 1416
113264 113265 688
113264 113266 1416
113264 113391 713
113272 113265 1142
113378 113266 750
113378 113391 1142
113391 113264 713
113391 113378 1142
113391 113393 1280
113392 113393 884
113102 113097 612
113102 113101 836
112981 112980 747
113084 112980 1983
113040 113041 975
113049 113041 4398
113068 113041 557
113098 113097 1341
113158 113003 869
113158 113004 2279
113158 113160 788
113158 113218 1124
113082 113003 1139
113082 113083 1139
113082 113218 788
113081 112927 764
113081 113083 788
112927 112928 1306
112927 113081 764
112929 112928 516
113514 105295 938
113514 113511 1022
113514 113520 750
105286 105285 551
105287 105285 201
105287 105288 924
105287 105289 1085
105288 105287 924
105288 105289 516
104648 104616 974
104648 104647 721
104648 104659 1351
104659 104648 1351
104659 104658 2122
104688 104658 1170
104688 104694 426
104694 104688 426
104694 104695 983
104555 104556 1822
104557 104556 196
104560 104556 1812
104560 104652 978
104627 104624 1098
104627 104652 1970
104613 104631 581
104635 104631 897
104635 104636 999
104624 104627 1098
104624 104655 102
104616 104636 784
104616 104648 974
105382 105380 1463
105382 105383 1221
105382 105394 1344
105382 105398 1574
104701 104692 648
104701 105363 1682
105374 105363 674
105374 105379 331
105378 105377 1907
105380 105377 623
105380 105381 1337
105380 105382 1463
104691 104690 1341
104692 104690 1708
104692 104701 648
39868 39843 336
39868 39869 947
39865 39828 889
39865 39866 1307
39873 39866 836
39828 39865 889
39828 39875 276
39830 39875 1610
39920 39923 252
39836 39835 738
39880 39835 418
39837 39846 1115
39837 39847 751
39846 39837 1115
39846 39847 1222
39846 39848 1008
39842 39843 1140
39842 39855 612
39843 39842 1140
39843 39857 1085
39843 39868 336
105264 105263 890
104862 104886 7944
104973 104972 1254
104973 104983 750
104975 104972 806
104887 104888 2230
113927 104888 557
105139 104933 927
105139 105138 2884
105132 105138 837
105140 105141 2041
105140 105161 672
105161 105140 672
105161 105160 605
105130 105136 1672
105135 105136 418
105135 105215 418
105215 105135 418
105215 105217 2079
105216 105217 975
105216 105219 2158
105214 105219 280
105245 105244 424
105245 105244 424
105189 105190 796
104980 104979 279
104980 104983 336
50225 104979 809
113618 113617 451
105107 105106 983
105107 105109 1283
105110 105109 516
105119 105116 870
105119 105121 1498
105106 105107 983
105106 105116 1252
105120 105124 1502
105381 104696 1581
105381 105380 1337
105381 105383 2046
104696 104697 1093
104696 105381 1581
104696 105423 1266
105087 105086 246
105087 105088 1023
105087 105434 1485
104697 104696 1093
104697 104699 403
104700 104699 536
105082 105081 680
105082 105089 1375
105088 105087 1023
105088 105424 1556
105434 105087 1485
105434 105424 1061
105426 105425 612
105451 105425 557
39714 39734 905
39728 39734 1299
39733 39734 1867
39733 39736 1209
39758 39736 1974
39937 39917 418
39766 39768 279
39939 39768 650
39943 39941 1115
39943 39945 989
39959 39962 677
39979 39962 500
40016 40020 452
40016 40023 765
40023 40016 765
40023 40025 709
41087 40025 452
41071 41093 1827
41079 41093 952
41083 41085 1742
41083 41086 952
41099 41085 870
41099 41086 1768
41099 41112 629
41048 41098 1034
41085 41083 1742
41085 41098 905
41085 41099 870
41097 41098 688
41097 41102 2314
41116 41102 1031
41116 41122 924
41116 41123 1281
41199 41205 1873
41199 41211 952
41106 41111 709
41195 41128 1063
41155 41201 924
41200 41201 552
41202 41201 1375
41202 41204 932
41205 41199 1873
41205 41206 1034
41208 41204 1505
41208 41223 505
41225 41223 1686
41225 41227 1094
41226 41227 924
41226 41231 889
41190 41184 373
41190 41191 2032
41231 41191 713
41231 41226 889
41184 41189 2254
41184 41190 373
41234 41189 511
41339 41355 1347
41368 41355 457
41335 41364 1275
41677 41678 530
55034 53818 1629
55034 55035 3064
55070 55072 976
55073 55072 3430
55073 55109 1023
55135 55125 418
55288 55285 848
55288 55296 1556
55953 55378 1380
55953 55954 1064
55296 55288 1556
55296 55289 747
55296 55307 1282
55307 55296 1282
55307 55313 828
55315 55313 1576
55383 53770 808
55383 55375 1064
55370 55372 885
55373 55372 2752
55373 55380 630
55380 55373 630
55380 55375 276
48641 48642 505
48625 48628 1044
48627 48628 713
48645 48628 1935
48645 48646 355
48637 48640 951
48639 48640 1016
48646 48645 355
48646 48647 984
48646 48650 517
48650 48646 517
48650 48647 782
49231 49230 807
49231 49238 789
49243 49242 837
48808 49201 355
49202 49201 517
49202 49210 871
49211 49210 1447
49211 49212 879
49212 49211 879
49212 49219 418
49221 49220 1255
49223 49224 605
49223 49226 1206
49224 49223 605
49224 49230 976
50367 49356 459
49369 49366 818
49369 49395 2283
49343 49395 837
49399 49250 818
49399 49391 517
49399 49400 355
49389 49392 807
49389 49394 697
49391 49392 1631
49391 49399 517
49349 49394 807
49349 49397 558
49397 49349 558
49397 49398 890
49150 49151 2106
49153 49151 279
49153 49157 475
49154 49151 951
49154 49155 2531
49162 49155 848
49162 49163 1458
49350 49163 1023
49350 49354 1339
49355 49354 688
49119 49157 848
49119 49159 2683
49161 49159 848
49458 48981 2524
49442 49449 2019
49452 49449 2155
49455 49453 1982
49245 49244 581
49250 49249 1483
49250 49399 818
49464 49465 1578
48336 129924 8597
129920 129924 472
131805 131793 5798
131812 131793 928
131817 131793 1981
49628 49654 2005
49655 49654 928
54321 54320 789
54323 54320 885
54325 54320 1812
49633 49632 2036
49694 49693 1586
50490 49693 1349
50492 49696 556
53788 53787 5364
53792 53787 2599
53820 53787 404
53820 53826 605
53826 53810 789
53826 53820 605
53828 53810 3169
53828 53812 697
55052 53812 276
55031 53816 1438
55054 53816 828
142442 142441 883
142442 142443 662
142442 142446 698
142442 142462 2465
142445 142441 515
142445 142461 1247
142464 142446 2457
142464 142462 771
142464 142465 751
142464 144390 2532
144391 142465 2507
144391 144390 801
144391 144405 2447
144405 144391 2447
144405 144403 502
144405 144406 474
144413 144412 632
144413 144414 195
144414 144413 195
144414 144452 1835
144454 144453 208
144454 144460 545
144460 144454 545
144460 144461 1435
144468 144461 855
144468 144467 2699
144469 144467 705
144469 144593 2098
144604 144593 873
144604 144594 2018
144601 144594 841
144601 144599 1872
144602 144599 805
144602 144636 1193
144637 144636 724
144642 144638 549
144642 144638 549
144642 196699 1716
196701 196699 1262
196701 196700 432
196701 196712 615
196712 196700 410
196712 196701 615
196712 196708 433
196708 196706 1239
196708 196712 433
196709 196706 534
196709 196711 1348
196724 196711 421
196729 196727 780
196729 196728 420
196729 196766 1056
196435 196436 724
196438 196436 1504
196438 196437 901
196613 196436 710
196434 196433 707
196434 196437 710
196434 196769 1770
196784 196437 1900
196742 196766 848
196742 196770 1463
196770 196742 1463
196770 196769 810
141602 141559 324
141602 141565 669
141602 141603 350
141603 141559 507
141603 141597 516
141603 141602 350
141566 141564 858
141566 141565 1877
141567 141551 524
141567 141552 623
141567 141564 249
141597 141596 2979
141597 141603 516
141598 141596 860
141598 141599 787
150657 150663 765
150657 150664 1071
150662 150663 1044
150664 150657 1071
150664 150668 703
150664 150673 874
139857 150674 122
150399 150674 2251
150673 150664 874
150673 150674 204
139794 139793 81
139868 139793 743
139868 139867 754
139869 139867 698
139869 139873 590
139875 139873 1576
139875 139874 378
140154 140144 626
140154 140155 2569
140159 140155 762
140177 140155 1975
140177 140176 806
140219 140176 1984
140219 140221 737
140237 140221 2041
140237 140236 785
141550 140236 1844
141550 141549 834
141552 141549 2327
141552 141567 623
142263 142262 849
142263 142264 1934
142300 142262 3085
142300 142299 854
142307 142299 2802
142307 142306 809
142469 142306 2449
142469 142468 698
142472 142468 2357
142472 142471 930
142478 142386 934
142478 142471 2257
142448 142386 2507
142448 142447 849
142446 142442 698
142446 142444 679
142446 142447 857
142446 142464 2457
142465 142447 2470
142465 142464 751
142465 144391 2507
141856 141851 990
141856 141855 970
141856 141858 1451
142266 141858 1031
142266 142265 1321
142265 142264 828
142265 142266 1321
141599 141528 801
141599 141598 787
141612 141528 2440
141612 141613 755
141622 141613 1701
141622 141623 851
141625 141623 1829
141625 141780 1027
141795 141780 2607
141795 141800 917
141800 141648 752
141800 141795 917
141800 141799 2392
141800 141802 938
141633 141648 2729
141647 141648 906
141647 141804 2521
141807 141804 844
141807 141815 1173
141815 141807 1173
141815 141816 1063
141848 141816 2009
141848 141846 892
141854 141846 2778
141854 141852 875
141852 141847 2738
141852 141851 1152
141852 141854 875
141860 141851 2250
56073 56070 848
56073 56074 1504
56075 56070 1380
56075 56071 848
56075 56074 924
56075 56092 1458
55993 54996 450
55993 55996 796
56005 55998 436
56005 56004 782
56110 54997 90
56072 56074 374
56072 56093 1449
56074 56072 374
56074 56073 1504
56074 56075 924
56074 56093 1380
56134 56093 511
56140 56139 1516
56289 56287 1014
196625 196624 827
196625 196626 844
196624 196625 827
196624 196846 410
196624 196860 611
204681 204680 1301
204681 204746 1293
207630 207629 2133
207630 207633 796
207633 207630 796
207633 207631 2145
207633 207637 846
207642 207637 1619
207642 207643 857
207643 207640 1385
207643 207642 857
207646 207644 1221
207646 207681 784
207681 207646 784
207681 207647 1069
207681 207684 839
207757 207520 2008
207757 207758 779
207757 207759 696
207756 207754 733
207756 207755 276
207759 207754 165
207759 207757 696
207750 207748 846
207750 207749 2613
207697 207695 864
207697 207696 2164
207698 207689 756
207698 207695 1824
207751 207696 758
207751 207748 1948
207689 207688 796
207689 207694 1931
207689 207698 756
207684 207681 839
207684 207682 857
207685 207682 792
207685 207688 2253
207693 207680 683
196852 196758 918
196852 196853 1565
196805 196793 993
196805 196806 748
196853 196852 1565
196853 196854 756
196853 196855 1230
196877 196803 346
196877 196833 470
196877 196855 649
196793 196805 993
196793 196818 915
196793 196845 1048
196845 196793 1048
196845 196847 693
196846 196624 410
196846 196847 1499
196803 196833 369
196803 196877 346
196832 196828 1643
196832 196833 955
196832 196834 1175
196749 196763 331
196762 196763 561
196810 196763 1260
196810 196811 1055
196809 196811 549
196809 196826 2232
196826 196809 2232
196826 196827 844
196828 196827 384
196828 196829 368
196828 196832 1643
145348 145353 1330
145354 145368 763
145354 145374 151
145365 145362 1333
145365 145363 1077
145370 145362 934
145370 145371 279
145374 145354 151
145374 145371 967
145367 145363 665
145424 145440 856
145441 145440 919
145441 145445 816
145448 145445 2016
145448 145449 737
145464 145449 936
145464 145466 841
145467 145466 1402
145474 145471 323
145476 145471 408
145476 145473 467
145991 145990 2688
145991 145993 801
146014 145993 1378
146014 146015 797
146027 146015 1504
146027 146028 751
146036 146028 1346
146036 146038 830
146078 146034 797
146078 146076 1411
146078 151413 676
151423 151413 1493
151423 151425 597
151433 151420 633
151433 151430 1496
151434 151420 1432
151434 151425 816
151432 151429 400
151426 151425 1314
151500 151391 1195
151500 151436 938
151500 151439 1018
151439 151438 1102
151439 151500 1018
146034 146032 1450
146034 146033 773
146034 146078 797
146038 146033 1457
146038 146036 830
139762 139763 1294
139762 139763 1294
139762 151381 796
151386 151382 822
151390 151382 2171
151390 151392 534
151392 151389 168
151392 151390 534
139763 139762 1294
139763 139762 1294
139763 151348 1035
139763 151348 1035
203683 151348 1379
203683 203680 1920
203683 203682 1013
203683 203684 866
203683 203695 892
203578 203570 1299
203578 203579 707
204039 204031 700
204039 204034 680
204039 204104 841
204105 204104 1685
204105 204107 846
204110 204107 2106
204110 204111 846
204497 204111 2135
204498 204111 773
204498 204128 549
204131 204123 593
204131 204130 245
204135 204133 2236
204135 204646 843
204130 204124 27
204130 204131 245
204646 204135 843
204646 204327 640
204648 204327 1559
204648 204653 709
204653 204648 709
204653 204652 1637
204677 214421 317
203684 203683 866
203684 203695 681
203684 203697 862
203701 203697 807
203701 203700 1468
203702 203697 1348
203732 203700 765
203732 203731 792
203733 203731 2042
203735 203734 1953
203735 203739 482
203739 203735 482
203739 203737 278
203741 203737 516
203772 203757 504
203772 203786 624
203786 203757 342
203786 203772 624
203786 203787 213
203787 203786 213
203787 203789 548
203793 203789 613
203793 203794 473
203794 203789 437
203794 203793 473
203794 203795 564
203794 203797 2002
203797 203794 2002
203797 203804 706
203797 204008 915
203799 203804 2171
204013 203804 860
204013 204015 1616
204016 204015 962
204016 204033 1446
204035 204033 827
204035 204040 863
204040 204034 1220
204040 204035 863
208500 207613 2106
208500 207825 867
208503 207825 1321
208503 207830 329
208073 207575 2106
208073 207577 759
208095 207577 2002
208095 207602 901
207610 207603 1899
207610 208100 2052
208100 207610 2052
208100 207741 539
208501 207741 1510
208065 207562 901
208065 208063 1078
208065 208067 825
208067 207998 2120
208067 208064 870
208067 208065 825
208067 208069 755
208074 207575 623
208074 208071 278
208066 207562 1452
208076 208071 673
208076 208077 201
208077 208071 563
208077 208076 201
207758 207523 2029
207758 207757 779
207758 207802 834
207805 207802 1176
207805 207808 1026
207808 207805 1026
207808 207807 1778
207808 207816 936
207822 207820 1430
207822 207821 779
195347 195346 333
195347 207827 677
207830 195346 683
207830 208503 329
207816 207808 936
207816 207823 780
207816 207827 684
207827 195347 677
207827 207816 684
207827 207823 337
208069 208067 755
208069 208070 801
208069 208079 1978
208070 208069 801
208070 208080 1977
208083 208080 801
208083 208084 559
208083 208125 1706
208084 208083 559
208084 208085 853
208084 208127 1698
208085 208084 853
208085 208130 751
208131 208130 1285
208131 208144 1333
208147 208157 594
208158 208157 1065
208158 208161 622
208158 208167 307
208160 208159 797
208161 208158 622
208161 208168 1725
208167 208158 307
208167 214531 679
208184 208377 1822
208378 208377 705
208378 208397 2587
208412 208398 873
208416 208398 2183
208416 208431 1658
208431 208395 2993
208431 208416 1658
208429 208426 1004
208429 208432 388
208434 208426 1873
208434 208435 640
208447 208441 2058
208447 208448 901
208446 208435 1718
208453 208448 1817
208453 210689 801
210696 210692 750
210701 210692 2250
210699 210695 672
178676 178675 3605
178677 178675 1104
178660 178678 2798
178807 185311 993
178693 178692 743
178693 186031 1733
178693 186031 1733
178694 178692 1798
178694 178698 2283
178774 178775 983
178780 178775 1022
178781 178775 605
178781 178782 276
178782 178781 276
178782 178784 537
178788 178784 976
180615 180617 827
180615 180621 2474
180620 180621 878
180617 180615 827
180617 180627 697
180288 180287 697
180288 180290 738
180291 180290 505
180287 180288 697
180287 180306 1364
180603 180306 1779
180611 180612 3691
180622 180612 1292
166865 166846 517
166865 166866 1117
166865 185082 688
166864 166845 1614
166864 166866 1848
166868 166866 766
166868 166872 600
166872 166868 600
166872 185088 1032
185091 185088 1579
185091 185092 475
185092 185089 279
185092 185091 475
185144 185139 1114
185159 185139 2015
185159 185157 818
185402 185142 421
185154 185155 1579
185154 185157 1579
185149 185147 766
185149 185158 709
185655 185158 688
166591 166411 2557
166591 166592 842
172171 166411 421
166512 166592 2000
166512 166597 766
166596 166597 1891
166620 166604 1891
166620 166616 337
166624 166604 758
166624 166621 2445
166623 166619 1334
166623 166621 842
166617 166619 843
166616 166602 505
166616 166620 337
166609 166603 139
166976 166666 3160
166976 166977 1873
166989 166977 3403
166989 166983 1268
166979 166978 792
166983 166978 1552
166983 166982 1161
166983 166989 1268
166652 166651 3794
166667 166666 1667
166305 166306 1449
166858 166306 1438
166858 166856 3048
166860 166855 1773
166860 166859 1956
166857 166856 1780
166921 166859 871
166921 166919 1636
166919 166921 1636
166919 166929 476
166931 166929 1612
166931 166980 435
166981 166316 1345
166981 166980 266
166315 166316 924
166317 166316 1339
166835 166838 818
166847 166838 2015
166847 166845 1306
166845 166846 2085
166845 166847 1306
166845 166864 1614
180600 180598 755
180600 180599 1547
180600 180601 2174
180595 180599 854
180563 180763 688
180563 180782 2365
180782 180563 2365
180782 180781 238
180517 180516 475
180518 180516 818
180518 180601 1821
180602 180601 818
180525 180526 1486
180525 180578 916
180578 180525 916
180578 180579 1409
180554 180553 1293
180472 180496 1293
180483 180497 1530
182404 182403 673
182380 182381 1102
182380 182394 905
182376 182374 344
182376 182382 475
182533 182532 1658
182533 182534 1334
182540 182532 475
182540 182541 683
182392 182394 2163
182392 182529 778
182531 182529 629
180039 180036 924
180039 180038 951
182374 180036 2337
182374 182376 344
182265 180038 1871
182265 182266 4
181969 181965 2359
182015 181965 667
181979 181978 435
179722 179723 688
179724 179723 765
181939 181940 874
181949 181940 475
181953 181954 1258
182227 181954 1426
182002 182003 2963
182266 182003 750
182266 182265 4
182541 182535 715
182541 182540 683
182550 182535 2714
182550 182543 420
182538 182537 818
182538 182537 818
182552 182544 517
182546 182461 524
185251 173744 119
182558 185247 2118
185147 185145 905
185147 185149 766
185155 185145 1398
185155 185154 1579
185917 185145 871
152228 152170 2279
152228 152183 683
152230 152229 924
152232 152229 344
152232 152231 2504
166945 152229 2259
152233 152231 1140
152233 152235 818
152233 152237 1560
152196 152197 796
152244 152197 2646
152244 152235 697
152235 152233 818
152235 152237 1074
152235 152244 697
152170 152171 2063
152170 152175 600
152170 152228 2279
152171 152170 2063
152171 152177 435
176301 176294 350
176325 176324 3799
185318 176324 438
185318 176348 1020
176343 176345 1823
176344 176345 893
176355 176354 511
176376 176354 1354
176376 176375 951
176388 176387 238
176375 176374 2678
176375 176376 951
176392 176374 789
176392 176391 630
176390 176389 475
176391 176389 1594
176391 176392 630
176393 176389 709
152278 152280 537
152270 152269 2666
152275 152269 253
152275 176336 818
176336 152275 818
176336 176335 1064
176337 176335 688
176337 176340 1470
176341 176340 796
185679 176340 683
173938 173937 3327
173955 173937 2114
174794 174793 1229
185820 174793 1076
173645 173646 3036
173654 173653 5206
173655 173653 5114
173805 173806 6539
173807 173806 2414
173778 173774 4589
174548 174533 842
174548 174549 672
174548 174551 1515
174550 174531 2481
174550 174551 782
174550 174649 1016
174654 174651 344
174654 174658 709
174659 174658 1009
174659 174660 1144
174649 174550 1016
174649 174648 1551
174651 174648 951
174651 174654 344
174651 174688 612
174686 174746 474
175219 175218 488
174751 174750 445
175302 174750 672
175302 175301 766
175302 175347 3240
175355 174750 871
175301 175300 683
175301 175302 766
175301 175342 3250
175341 175342 1565
175347 175302 3240
175347 175342 849
175261 175263 738
175264 175263 373
175251 175250 873
175457 175250 751
175349 175454 849
175455 175454 1285
175460 175454 1675
175460 175458 766
175463 175458 1222
175463 175468 828
175469 175468 871
175469 175470 893
175471 175470 682
185465 175470 1114
175465 175466 650
175146 174962 409
175922 174962 1083
175481 175480 452
152005 152006 871
175917 175918 1579
175924 175918 713
175448 175449 782
175857 175449 1100
175857 175858 672
175868 175858 1016
175868 175867 672
175866 175867 505
176908 175740 674
176908 176907 2181
175594 175593 709
175751 175593 1560
175751 175758 905
175759 175758 2747
176021 175758 2362
176021 176025 1141
175599 175600 3225
176012 175600 751
176012 175712 1085
175785 176025 807
185711 185710 837
175713 175712 789
175748 175749 1323
175748 175756 630
177722 175756 344
175750 175749 870
175734 175735 1259
175768 175735 3337
175006 175033 673
176659 176905 111
177069 176914 3464
176917 176907 747
176912 176913 3732
176918 176913 713
174800 174802 3589
174819 174802 3720
175617 175549 511
175616 175538 1111
175616 175615 3704
175622 175615 418
175044 175613 336
185466 175613 1022
175682 175676 415
175650 175649 2679
175666 175649 873
175678 175688 818
175669 175680 1342
174536 174531 893
174536 174535 452
174535 174536 452
174535 174537 1882
176416 174537 581
210940 210941 137
210948 210949 843
210948 210951 1098
210949 210948 843
210949 210954 774
210956 210954 1590
210956 210973 883
210973 210956 883
210973 210972 355
208316 208317 744
210979 208317 989
211041 210980 739
211041 210983 1521
210962 210983 1300
210982 210983 932
210985 210984 649
210985 210988 801
210989 210988 1811
210989 211017 469
211105 211102 1090
211105 211103 867
211106 211102 751
211106 211777 960
211422 211103 605
211777 211106 960
211777 211771 705
211778 211771 918
211778 211779 1106
211778 211791 751
211017 210989 469
211017 211020 2688
211017 211022 277
211081 211082 850
212072 211791 1247
212072 211794 1073
203026 203025 106
203026 211813 580
211813 203026 580
211813 211810 1559
211813 211814 779
163514 163513 782
163514 163515 782
172393 163513 766
163534 163533 584
163543 163533 590
163543 163542 139
163552 163551 556
163552 163555 683
163570 163555 2335
163570 163748 683
163808 163809 1184
163808 163810 796
163814 163812 1449
163814 163813 782
163815 163812 782
163815 163816 766
163819 163816 782
163819 163837 782
163824 163813 683
163748 163570 683
163748 163747 2224
163748 163751 842
163753 163751 2334
163753 163764 683
163779 163764 1556
163779 163783 766
163789 163782 1000
163789 163788 778
165224 163782 2109
163788 163783 758
163788 163789 778
165220 163783 782
163790 163773 1352
163790 163791 667
163790 163869 778
163784 163791 778
163872 163791 1685
163869 163772 1179
163869 163776 778
163869 163790 778
163868 163776 1685
163868 163865 778
163837 163819 782
163837 163840 782
163839 163840 766
163839 163859 782
163844 163859 1449
163844 163863 893
163777 163775 674
163865 163775 1685
163865 163864 889
163865 163868 778
163864 163863 337
163864 163865 889
166376 163721 818
163852 163846 1153
163848 163847 796
166417 163847 1552
166421 163847 796
163028 163027 758
163028 163029 933
163041 162982 1798
163041 163029 713
163458 163442 541
163458 163457 355
163460 163457 2590
163460 163459 766
163474 163459 1686
163474 164984 850
163515 163514 782
163515 163516 766
163525 163521 871
164985 163522 1686
164985 164984 683
164987 163522 790
164983 164984 2153
163027 163026 927
163027 163028 758
163049 163026 1695
163049 163059 710
1565
180307
185083
185084
185086
185090
185141
185138
185130
185151
185152
163695
166410
166594
166605
166622
166600
166601
160136
166650
166307
166854
166861
166890
166975
166974
166308
166836
166850
185012
163690
180597
180764
180792
180515
180527
180589
180551
180556
180586
180545
182405
182383
178955
182523
182530
180037
182455
181966
181946
181955
182004
182244
182536
182542
182462
173734
173742
182563
185146
152182
152198
152176
176295
176302
176323
176347
176386
176378
176384
176397
152301
152268
176342
185136
173962
173964
173647
173651
173808
173738
174547
174552
174645
174657
174672
174661
174676
174743
174747
175220
174749
175297
175343
175265
175249
175459
175461
175450
174963
175453
175919
175440
175961
175695
175592
175601
176024
175711
175754
175755
175736
176778
176904
176906
174785
175548
175614
175612
185795
175537
175675
175648
175687
175672
175681
174471
174528
174534
176399
174530
174538
210842
210953
210969
210976
210986
211042
211045
211095
211101
211104
211767
211776
211789
210991
211023
211079
203019
211790
211793
211809
163512
163536
163541
163550
163554
163731
163800
163806
163741
163811
163749
163750
163755
163778
163774
163780
163771
163860
163861
163718
166355
163720
163722
163030
163456
163467
163473
163466
163518
163025
163432
163444
163441
163044
164012
164293
164287
164294
164178
164218
164180
164204
164289
164189
164314
164198
164303
164297
164299
164301
164106
164155
164159
164160
164167
164151
164163
212398
164496
164485
164494
164144
164140
164165
164482
211812
198918
211823
211824
212132
212135
212136
212140
212146
212159
212336
212164
212163
207786
212331
212332
212380
178711
114618
115391
114633
114672
114596
114595
114670
114444
114448
114458
114421
114442
114449
114052
115165
115156
115163
114826
114893
114946
114906
114877
114883
115039
115044
92078
92100
115120
115305
115308
115320
115412
115363
115655
115705
106815
106949
107020
107148
107160
107005
107303
106893
92867
92920
101763
92931
102847
92947
106890
106701
106907
106897
106909
106189
105753
106233
105762
116022
116044
116115
116123
105738
113880
105746
192029
191885
191726
191576
191578
191571
192070
192823
192829
192837
192797
192844
193017
193020
193021
193970
107618
109835
109847
107635
109821
109823
107719
107733
107728
107721
107688
107647
107645
107687
107693
107697
107787
111015
111117
111157
111115
111919
111938
111941
111944
111948
111966
112091
112095
112099
112123
112018
112022
112023
112026
112282
112281
112136
112127
112301
112332
112339
112341
112417
112446
112447
112444
112437
112439
112441
112391
112675
112693
112902
112680
112921
112925
112947
112948
112386
112384
112383
112269
112676
112964
112984
113001
113002
113159
113165
113111
113252
113367
113265
113266
113393
113101
112980
113041
113097
113160
113218
113083
112928
113520
105285
113511
105295
105289
104647
104658
104695
104556
104652
104631
104655
104636
105394
105398
105363
105379
105377
104690
39869
39866
39875
39923
39835
39847
39848
39855
39857
105263
104886
104972
104888
104933
105138
105141
105160
105136
105217
105219
105244
105190
104983
104979
113617
105109
105121
105116
105124
105383
105423
105086
104699
105081
105089
105424
105425
39734
39736
39917
39768
39941
39945
39962
40020
40025
41093
41086
41112
41098
41102
41123
41211
41111
41128
41122
41201
41206
41204
41223
41227
41191
41189
41355
41364
41678
55035
55072
55109
55125
55285
55378
55289
55313
53770
55372
55375
48642
48628
48640
48647
49238
49242
49201
49210
49219
49220
49226
49230
49356
49366
49395
49400
49392
49394
49398
49151
49155
49163
49354
49157
49159
48981
49449
49453
49244
49249
49465
129924
131793
49654
54320
49632
49693
49696
53787
53810
53812
53816
53818
142441
142461
142462
144390
144403
144406
144412
144452
144453
144461
144467
144593
144594
144599
144636
144638
196699
196700
196706
196711
196728
196436
196437
196727
196766
196433
196769
141559
141565
141564
141596
150663
150668
150674
139793
139867
139873
139874
140155
140176
140221
140236
141549
141551
140144
142262
142299
142306
142468
142471
142386
142447
141855
141858
142264
141528
141613
141623
141780
141799
141802
141648
141804
141816
141846
141847
141851
142443
142444
56070
56071
55954
55996
56004
54996
54997
55998
56092
56093
56139
56287
196626
196860
204680
204746
207629
207631
207637
207640
207644
207647
207520
207754
207755
207749
207695
207696
207748
207694
207682
207688
207680
196758
196806
196854
196855
196818
196847
196833
196834
196763
196811
196827
196829
145353
145368
145362
145371
145363
145440
145445
145449
145466
145471
145473
145990
145993
146015
146028
146076
151413
151420
151430
151429
151425
151436
151438
146032
146033
151381
151382
151389
151391
151348
203682
203680
203570
203579
204104
204107
204111
204123
204133
204124
204128
204327
204652
214421
203695
203697
203700
203731
203734
203737
203757
203789
203795
204008
203804
204015
204033
204031
204034
207613
207825
207577
207602
207603
207741
208063
208064
207575
207562
208071
207523
207802
207807
207820
207821
195346
207823
207998
208079
208080
208125
208127
208130
208144
208157
208159
208168
214531
208377
208397
208398
208395
208432
208426
208441
208435
208448
210689
210692
210695
178675
178678
185311
178692
186031
178698
178729
178775
178784
180621
180627
180290
180306
163059
163433
163438
162982
164011
164403
164304
164177
164103
164219
164188
164322
164199
164309
164306
164307
164105
164168
164176
164175
164169
164161
212399
212400
164495
172420
164492
164138
164164
164488
164490
164484
211814
212124
212125
212128
212131
212138
212145
212153
212158
212327
212328
212165
212168
207785
212333
212334
212347
212381
178710
114664
114593
114575
114443
114445
115192
114457
114420
114422
114438
114050
114051
114417
115152
115183
115060
114825
114827
114892
114948
114947
114882
114955
92086
92099
92127
115301
115309
115310
115318
115352
115361
115654
115718
106894
106901
106950
113875
107019
107149
107144
107154
107161
107171
107305
113741
92880
92881
92927
92919
92932
106703
106906
106896
106898
106188
116013
116014
116023
116045
116116
116124
105765
115977
191517
191504
192852
191574
191573
191593
192821
192824
192830
192841
192795
192840
193016
193018
190988
107619
107633
109877
107785
107720
107732
107513
107727
107701
107646
111014
111103
111200
111156
111161
111210
111917
111920
111942
111945
111955
112086
112092
112097
112105
112124
112019
112285
112293
112283
112284
112134
112131
112302
112319
112331
112338
112342
112418
112419
112445
112431
112436
112413
112435
112438
112390
112400
112674
112901
112908
112917
112679
112912
112946
112387
112276
112275
112268
112677
112963
112986
112988
112997
113003
113103
113365
113370
113264
113378
113392
113102
112981
113084
113040
113049
113068
113098
113082
113081
112927
112929
105286
104648
104659
104688
104694
104557
104560
104627
104613
104635
104624
104616
104701
105374
105380
104692
39868
39865
39873
39828
39830
39920
39837
39846
39842
104862
104973
104975
104887
105139
105132
105140
105161
105130
105135
105215
105216
105214
105245
104980
50225
105107
105110
105119
105106
105120
105381
104696
104697
104700
105082
105088
105434
105426
39714
39728
39733
39758
39766
39939
39943
39959
39979
40016
40023
41087
41071
41079
41083
41048
41085
41097
41116
41199
41106
41195
41155
41200
41202
41205
41208
41225
41226
41190
41231
41184
41234
41339
41368
41335
41677
55070
55073
55135
55288
55953
55296
55307
55315
55383
55370
55373
55380
48641
48625
48645
48637
48639
48650
49231
49243
48808
49202
49211
49212
49221
49223
49224
49369
49343
49389
49391
49349
49397
49150
49153
49154
49162
49350
49355
49119
49161
49458
49442
49452
49455
49245
49250
49464
48336
129920
131805
131812
131817
49628
49655
54321
54323
54325
49633
53792
53820
53826
53828
55052
55054
144391
144405
144413
144414
144454
144460
144468
144469
144604
144601
144602
144637
144642
196701
196712
196708
196709
196724
196729
196435
196438
196613
196434
196784
196742
196770
141602
141603
141566
141567
141597
141598
150657
139857
150399
150673
139794
139868
139869
139875
140154
140159
140177
140219
140237
141550
141552
142263
142300
142307
142469
142472
142478
142448
142465
141856
142266
142265
141599
141612
141622
141625
141795
141633
141647
141807
141815
141848
141854
141852
141860
56073
55993
56005
56110
56072
56134
56140
204681
207630
207633
207642
207643
207646
207757
207756
207759
207750
207697
207698
207751
207689
207684
207685
196852
196805
196853
196793
196845
196846
196803
196832
196749
196810
196809
196826
145348
145354
145365
145370
145374
145367
145424
145441
145448
145464
145467
145474
145476
145991
146014
146027
146036
146078
151423
151433
151434
151432
151426
151500
151439
146034
146038
139762
151386
151390
151392
139763
203683
204039
204105
204110
204497
204498
204131
204135
204646
204648
204653
204677
203684
203701
203702
203732
203733
203735
203739
203772
203787
203793
203797
203799
204013
204016
204035
204040
208500
208503
208073
208095
207610
208100
208501
208065
208074
208066
208076
208077
207758
207805
207808
195347
207830
207816
207827
208069
208070
208083
208085
208131
208147
208161
208184
208378
208412
208416
208431
208429
208434
208447
208446
208453
210696
210701
210699
178660
178807
178694
178781
178782
180615
180620
180617
180288
180291
180287
180603
180611
180622
166864
166868
166872
185091
185092
185144
185159
185154
185149
166591
166512
166596
166620
166624
166623
166617
166616
166609
166976
166989
166983
166652
166667
166858
166860
166921
166919
166931
166981
166315
166835
166847
180600
180595
180563
180782
180518
180602
180578
180554
180472
180483
182380
182376
182540
182392
180039
182374
182265
181969
182015
181979
179722
181939
181949
181953
182227
182002
182266
182541
182550
182546
185251
182558
185147
185155
185917
152228
152230
152232
166945
152233
152196
152244
152235
152170
152171
185318
176343
176344
176355
176376
176388
176375
176392
176391
176393
152278
152270
152275
176336
176337
176341
173938
173955
174794
185820
173645
173655
173805
174550
174654
174649
174651
174686
174751
175302
175355
175341
175347
175261
175251
175349
175460
175463
175465
175922
175481
152005
175917
175448
175857
175868
175866
176908
175594
175751
175759
176021
175599
176012
175785
175713
175748
175750
175734
175768
175006
176659
177069
176917
176912
176918
174800
174819
175616
175044
185466
175682
175650
175666
175678
175669
174536
174535
176416
210948
210949
210956
210973
210979
210962
210982
210989
211105
211106
211422
211777
211081
212072
203026
211813
163514
163534
163543
163552
163570
163808
163814
163815
163819
163748
163753
163779
165224
163788
165220
163790
163784
163872
163869
163868
163837
163839
163844
163865
163864
166376
163852
166417
166421
163028
163041
163458
163460
163474
163515
163525
164985
164987
164983
163027
163049
