626
40595 40593 2363
40595 40594 825
40595 40829 2171
40830 40829 709
40830 40832 2273
40833 40832 849
40833 40838 2535
40839 40838 905
40839 40847 2305
40852 40847 905
40852 40849 1768
40855 40849 861
40855 40859 1845
40860 40859 1531
40860 40911 2956
40918 40919 848
40915 40912 746
40584 40579 1665
40591 40588 2769
40593 40588 838
40593 40595 2363
40925 40922 788
40928 40814 279
40928 40929 789
40929 40818 2242
40929 40928 789
40927 40922 1153
40916 40912 2617
40916 40914 960
40916 40922 1258
40934 40932 338
40934 40937 2799
55226 55233 2348
55226 55244 906
55246 55233 985
55246 55240 2143
55250 55249 276
55250 55251 552
55252 55419 511
55417 55418 1284
55468 55428 1546
55426 55418 2630
55426 55427 948
55426 55428 810
41630 41627 1407
41638 41639 842
41638 41641 1774
48392 41640 1592
40937 40934 2799
40937 40935 984
41642 41643 517
41648 41644 600
41648 41649 1701
48407 48408 951
48523 48521 1260
48523 48524 1398
48526 48524 552
48526 48528 270
48539 48530 866
48547 48549 589
48551 48549 1503
48551 48553 511
48551 48670 984
48344 48342 807
48344 48346 2204
48369 48346 674
48369 48367 1331
48372 48368 683
48372 48378 373
48338 41633 336
48338 48342 355
48670 48551 984
48670 48669 1221
48670 48674 552
48674 48670 552
48674 48677 1221
48689 48678 495
48689 48709 848
48709 48689 848
48709 48708 139
48726 48728 650
48726 48729 1225
48738 48729 790
48733 48729 984
48733 48732 1181
48733 48734 984
48740 48734 906
48736 48734 1530
48736 48735 1253
48715 48589 404
48735 48714 305
48735 48736 1253
48889 48888 552
48889 48890 511
48590 48588 2273
48590 48904 790
48590 48911 650
48905 48887 1146
48912 48911 305
48912 49045 848
48890 48847 1211
48890 48889 511
48892 48894 294
48892 48895 279
48896 48848 1413
48896 48931 773
48869 48863 1380
48869 48871 848
48933 48871 828
48941 48872 1028
48941 48877 337
48947 48879 276
48951 48882 275
48951 48953 403
48951 48956 1371
48952 48956 976
48952 48961 1224
48866 48843 1210
48866 48863 885
48866 48868 713
48931 48868 1363
48931 48896 773
48961 48952 1224
48961 50320 494
48962 48956 2287
48962 50319 194
48989 48987 1609
48985 48984 592
49004 49002 1014
49004 49003 906
49004 49025 857
50484 50483 942
49028 49026 1538
49030 49031 3242
49043 49042 1110
48315 48314 537
48315 48319 752
48319 48315 752
48319 48320 1458
48319 48321 1000
48326 131374 1121
131376 131375 202
48311 48309 1939
48311 48395 2650
131379 131377 1228
131379 131380 2654
131382 131380 953
131382 131383 2379
131386 131383 1081
131386 131476 2557
131638 131476 940
131638 131639 1477
131642 131481 1968
131643 131481 2608
131643 131648 3052
131657 131653 337
131657 131654 1345
131803 131804 1907
131659 131658 5266
131751 131752 1762
131751 131830 928
131751 131838 846
131751 131839 1229
131826 131827 581
54362 54363 202
54421 56642 807
54424 54414 606
54424 54425 848
54424 54426 1758
54444 54426 789
54444 54447 2353
54448 54447 885
54448 54494 2353
54494 54448 2353
54494 54515 789
54494 54530 2436
54531 54532 739
54377 54363 2366
54377 54365 752
54559 54558 511
54559 54576 3774
54576 54559 3774
54576 54560 751
54576 54583 1813
54587 54589 337
54588 54667 436
52718 52719 2732
54534 54536 4580
54534 54679 1014
54745 53777 1571
54745 54536 713
54533 54529 337
54533 54530 558
54539 54528 337
54679 54534 1014
55152 55171 279
55171 55152 279
55165 55169 890
55169 55165 890
55206 55212 1881
55212 55206 1881
55212 55244 475
144495 144490 2497
144495 144491 2393
144490 144495 2497
144490 144527 2836
144527 144490 2836
144678 144679 394
144679 144678 394
144690 144692 755
150604 143291 788
143291 150603 573
143291 150604 788
150603 143291 573
150621 150634 430
150634 150621 430
139908 140190 556
140190 139908 556
141864 141875 2400
144491 144495 2393
141875 141864 2400
141876 141913 2407
141913 141876 2407
142090 140044 926
140044 142090 926
142059 142060 486
142060 142059 486
142584 142585 1533
142585 142584 1533
142538 142542 1341
142542 142538 1341
204843 204848 1459
204848 204843 1459
207877 207781 1021
207781 207877 1021
144692 144690 755
144706 144708 905
144708 144706 905
144757 144761 734
144720 144719 293
144761 144757 734
144719 144720 293
145545 145546 771
145546 145545 771
145603 145598 795
145598 145603 795
145598 145610 740
145610 145598 740
145773 145774 792
145784 145783 801
145783 145784 801
145774 145773 792
145863 145864 744
145864 145863 744
146099 146101 770
146101 146099 770
151483 151490 735
151490 151483 735
151566 151563 2064
151560 151563 1536
203821 203823 683
151563 151560 1536
151563 151566 2064
203823 203821 683
208618 208621 1227
208621 208618 1227
207882 207883 972
207883 207882 972
207853 207891 237
207891 207853 237
208679 208680 710
208680 208679 710
208717 208726 800
208726 208717 800
167091 167104 1831
166751 166749 1185
166749 166751 1185
166749 166782 842
166782 166749 842
167038 167050 850
167050 167038 850
167104 167091 1831
180378 179704 751
179704 180378 751
181914 182115 2364
182115 181914 2364
182123 182144 782
182144 182123 782
182189 182199 2690
182199 182189 2690
152316 152361 397
152361 152316 397
152361 152360 559
152360 152361 559
152346 152347 764
152347 152346 764
173593 173594 418
173594 173593 418
153018 153039 1034
153039 153018 1034
176123 176131 782
176509 176514 1447
176514 176509 1447
176520 176522 2483
176522 176520 2483
176131 176123 782
176510 176143 842
176143 176510 842
155620 155618 683
155592 155600 1124
155600 155592 1124
155618 155620 683
176955 176971 796
177166 177213 765
177213 177166 765
177179 177181 789
177181 177179 789
177191 177170 238
176112 176114 2093
176114 176112 2093
176114 176204 952
176204 176114 952
177172 177171 810
176971 176955 796
177170 177191 238
177171 177172 810
174950 174951 2007
174951 174950 2007
167287 167320 810
167320 167287 810
165102 165100 562
165102 165133 688
165133 165102 688
165100 165102 562
164582 164581 436
164744 164743 1032
164743 164744 1032
164581 164582 436
211525 211526 660
211526 211525 660
211531 211532 556
211532 211531 556
211539 211549 278
211549 211539 278
211559 212175 727
212175 211559 727
212203 212204 679
212204 212203 679
114901 114937 2344
114937 114901 2344
107447 107452 930
107452 107447 930
107452 108506 785
107463 107465 1424
107465 107463 1424
108506 107452 785
92823 103133 1916
103133 92823 1916
107563 107562 1224
107562 107563 1224
111324 111325 788
111325 111324 788
111326 111334 1028
111334 111326 1028
103355 103354 583
111483 111494 1124
111494 111483 1124
103354 103355 583
111562 111561 778
111556 111569 713
111569 111556 713
111561 111562 778
111681 111683 889
111683 111681 889
111683 111686 672
111686 111683 672
111686 111689 889
111689 111686 889
111708 111709 893
111709 111708 893
111709 111714 580
111717 111714 1348
111714 111709 580
111714 111717 1348
104146 104118 551
104118 104146 551
39210 39225 2458
39225 39210 2458
39195 39196 1700
39196 39195 1700
104812 104832 2737
104833 104832 354
104854 104853 848
104853 104854 848
104832 104812 2737
104832 104833 354
104905 104918 737
104918 104905 737
104995 104996 1623
104996 104995 1623
39478 39480 168
39480 39478 168
40594 40588 2336
40594 40595 825
40829 40595 2171
40829 40830 709
40832 40830 2273
40832 40833 849
40838 40833 2535
40838 40839 905
40847 40839 2305
40847 40852 905
40849 40852 1768
40849 40855 861
40859 40855 1845
40859 40860 1531
40911 40860 2956
40919 40918 848
40912 40915 746
40912 40916 2617
40579 40584 1665
40588 40591 2769
40588 40593 838
40588 40594 2336
40922 40916 1258
40922 40925 788
40922 40927 1153
40814 40914 2835
40814 40928 279
40818 40929 2242
40818 40932 552
40914 40814 2835
40914 40916 960
40932 40818 552
40932 40934 338
40932 40935 2614
55233 55226 2348
55233 55246 985
55244 55212 475
55244 55226 906
55240 55246 2143
55240 55249 752
55249 55240 752
55249 55250 276
55251 55250 552
55251 55419 1813
55419 55251 1813
55419 55252 511
55418 55417 1284
55418 55426 2630
55428 55426 810
55428 55468 1546
55427 55426 948
41627 41630 1407
41639 41638 842
41639 41640 849
41641 41638 1774
41640 41639 849
41640 41644 673
41640 48392 1592
40935 40932 2614
40935 40937 984
40935 41643 1085
41643 40935 1085
41643 41642 517
41643 41644 1221
41644 41640 673
41644 41643 1221
41644 41648 600
41649 41648 1701
48408 48407 951
48521 48523 1260
48524 48523 1398
48524 48526 552
48524 48528 652
48528 48524 652
48528 48526 270
48530 48539 866
48549 48547 589
48549 48551 1503
48553 48551 511
48342 48338 355
48342 48344 807
48346 48344 2204
48346 48369 674
48367 48368 713
48367 48369 1331
48368 48367 713
48368 48372 683
48378 48372 373
41633 48338 336
48669 48670 1221
48677 48674 1221
48677 48678 296
48678 48677 296
48678 48689 495
48708 48709 139
48728 48726 650
48728 48732 222
48729 48726 1225
48729 48733 984
48729 48738 790
48732 48728 222
48732 48733 1181
48734 48733 984
48734 48736 1530
48734 48740 906
48589 48588 984
48589 48715 404
48714 48735 305
48888 48889 552
48588 48589 984
48588 48590 2273
48904 48590 790
48911 48590 650
48911 48912 305
48887 48905 1146
49045 48912 848
48847 48890 1211
48847 48894 384
48894 48847 384
48894 48892 294
48895 48848 475
48895 48892 279
48848 48868 951
48848 48895 475
48848 48896 1413
48863 48866 885
48863 48869 1380
48871 48869 848
48871 48872 848
48871 48933 828
48872 48871 848
48872 48941 1028
48877 48879 418
48877 48941 337
48879 48877 418
48879 48947 276
48882 48951 275
48953 48951 403
48956 48951 1371
48956 48952 976
48956 48962 2287
48843 48866 1210
48868 48848 951
48868 48866 713
48868 48931 1363
50320 48961 494
50319 48962 194
48987 48989 1609
48984 48985 592
49002 49004 1014
49003 49004 906
49025 49004 857
50483 50484 942
49026 49028 1538
49031 49030 3242
49042 49043 1110
48314 48315 537
48320 48319 1458
48321 48319 1000
131374 48326 1121
131374 131375 1211
131375 131374 1211
131375 131376 202
131375 131377 2557
48309 48311 1939
48395 48311 2650
131377 131375 2557
131377 131379 1228
131380 131379 2654
131380 131382 953
131383 131382 2379
131383 131386 1081
131476 131386 2557
131476 131638 940
131476 131639 1505
131639 131476 1505
131639 131638 1477
131481 131642 1968
131481 131643 2608
131648 131643 3052
131653 131657 337
131654 131657 1345
131804 131803 1907
131658 131659 5266
131752 131751 1762
131830 131751 928
131838 131751 846
131839 131751 1229
131827 131826 581
54363 54362 202
54363 54377 2366
56642 54421 807
54414 54424 606
54425 54424 848
54426 54424 1758
54426 54444 789
54447 54444 2353
54447 54448 885
54447 54515 2291
54515 54447 2291
54515 54494 789
54515 54529 2291
54530 54494 2436
54530 54532 610
54530 54533 558
54532 54530 610
54532 54531 739
54365 54377 752
54558 54559 511
54558 54560 3804
54560 54558 3804
54560 54576 751
54583 54576 1813
54583 54589 418
54589 54583 418
54589 54587 337
54667 54588 436
52719 52718 2732
54536 54534 4580
54536 54745 713
53777 54745 1571
54529 54515 2291
54529 54533 337
54528 54539 337
983
40595
40830
40833
40839
40852
40855
40860
40918
40915
40584
40591
40593
40925
40928
40929
40927
40916
40934
55226
55246
55250
55252
55417
55468
55426
41630
41638
48392
40937
41642
41648
48407
48523
48526
48539
48547
48551
48344
48369
48372
48338
48670
48674
48689
48709
48726
48738
48733
48740
48736
48715
48735
48889
48590
48905
48912
48890
48892
48896
48869
48933
48941
48947
48951
48952
48866
48931
48961
48962
48989
48985
49004
50484
49028
49030
49043
48315
48319
48326
131376
48311
131379
131382
131386
131638
131642
131643
131657
131803
131659
131751
131826
54362
54421
54424
54444
54448
54494
54531
54377
54559
54576
54587
54588
52718
54534
54745
54533
54539
54542
54679
54683
54664
53867
53869
56778
56779
53922
53919
55152
55171
55165
55169
55206
55212
144495
144490
144527
144541
144678
144679
144688
144690
150604
150614
143291
150603
150621
150634
150644
150656
151886
150689
139907
150690
139908
140190
140187
140208
140211
140430
140432
140442
141864
142505
142533
142544
144491
141875
141876
141913
141930
151754
142090
142091
142101
140044
142059
142060
142063
142071
142565
142566
142584
142585
142593
142605
142612
142732
142734
142509
142538
142542
142733
142766
142767
55476
55479
56360
56368
56365
204541
204717
204539
204714
204736
204797
204842
204843
204848
204851
207876
207877
207781
144692
144699
144702
144697
144706
144708
144726
144757
144720
144729
144761
144719
145052
145094
145097
145100
145112
145104
145122
145495
145500
145537
145538
145545
145546
145594
145603
145598
145610
145773
145775
145784
145783
145782
145787
145621
145788
145774
145779
145846
145851
145863
145864
145875
145879
146087
146099
146101
151474
151483
151490
151494
151554
151811
148164
151552
151566
151584
151560
203821
151563
151585
203823
203832
204441
204521
208618
208624
207867
194686
208645
208646
212989
208640
208637
208630
208621
207788
207792
207882
207883
207886
207853
207891
208610
208679
208667
208668
208680
208674
208708
208717
208726
208727
208732
211108
211171
211173
211174
180261
180471
180183
180263
180249
185562
180467
180469
180415
180449
166495
166510
166504
166554
166546
166559
166571
166579
166731
172660
166735
166702
167200
167236
167262
167223
167212
167091
166718
166726
166751
166749
166782
166762
167009
167027
167038
167050
167098
167113
172177
167104
152419
152423
152414
152410
152411
186058
180127
180384
180393
180378
180398
179702
179704
177720
180187
182346
173588
182311
179712
181916
181914
182115
182123
182099
182144
182183
182189
182199
182283
182308
152316
152361
152334
152950
152351
152360
152943
152313
152353
152367
152939
152947
152945
152320
152342
152338
152346
152344
152347
152324
152450
152473
152483
153091
153132
155705
155781
155725
153112
153140
173523
173593
173594
173581
173559
173687
185433
186087
173163
173167
173690
173854
173873
185444
152917
153012
153018
153039
153023
155490
153032
153034
153044
153020
153037
155509
155519
155549
155484
155495
176116
176123
176509
176506
176471
176495
176493
176503
176514
176513
176516
176520
176522
176131
176510
176138
176143
155671
155678
156248
156252
155635
155630
155620
155632
155538
155592
155600
155618
175973
177109
177116
177115
177146
177098
177145
177100
177016
177102
176995
185696
176957
176955
176968
177166
177029
177045
177044
177213
177009
177177
177179
177181
177190
177189
177191
176112
176077
176106
176203
176114
176204
176961
177172
176965
176971
177170
177171
175013
176849
176868
176783
173879
174950
174951
174981
174975
176631
176761
174964
174960
174957
176757
211361
211330
165082
165321
165263
165231
165269
165439
167287
167320
167307
167330
166543
166550
166552
167296
166538
166542
165084
165055
165057
165102
165133
165069
165100
165090
164477
165139
165119
165135
164453
164697
164451
164443
164446
164802
164837
165165
165340
165354
165381
165143
164582
164722
164731
164724
164735
164698
164727
164729
164744
164741
164743
164594
164581
161410
164583
164585
211389
211402
211525
211216
211388
211526
211531
211532
211539
211549
211551
211558
211559
211546
212175
212181
212183
212184
212203
212204
212242
211404
211405
212450
212459
212511
161403
161431
212517
212531
212257
212262
212446
114381
114323
114430
114200
114206
114569
114017
114021
114037
119124
119309
119321
118563
118564
119155
119342
119386
114913
114940
114911
114901
114937
114935
115030
115006
92018
92027
92069
92071
92123
94363
92206
92278
92279
115750
115808
115814
92310
92313
92314
105806
107030
107034
107086
107203
107177
107200
106962
106965
107119
107418
107447
107452
107438
107487
107463
107465
108506
107445
107530
107515
107478
109500
107475
92823
92906
103133
92960
92964
93035
92849
92807
115972
115965
115786
115848
115856
92748
92516
92729
115853
115864
191890
191513
191522
191525
191788
191533
190883
190896
190899
191699
191968
191698
194030
191730
191732
192755
191562
191555
191786
191904
191554
191853
191917
191948
191771
192122
192739
192773
193848
194017
194026
192720
192722
194249
192812
114067
114366
114723
114730
194380
107563
109462
109775
107562
109770
109801
109813
109792
109819
109816
109893
109930
109931
109913
109907
103361
105185
110976
111007
111087
111085
111324
111325
111326
111334
111335
111342
103355
111354
103332
103336
111470
111483
111494
111495
111502
103354
111504
111536
111572
111562
111556
111569
111561
111568
103695
103697
111681
111683
111686
111689
111708
111709
111717
111714
111720
111656
111635
111638
111641
111449
111451
111655
112592
111704
111710
112617
111761
111780
104298
112576
104146
104118
112883
112751
104351
104360
104362
104406
39210
39225
39532
39527
39514
39549
39554
39524
46130
39215
104740
104284
104791
39157
39195
39196
104812
104833
104854
104378
104853
104832
104894
104905
104918
104934
104466
104995
104996
104999
39342
39344
39337
39343
39336
39334
39324
39388
39380
39419
39425
39433
39478
39480
39496
40441
40456
40457
40464
40465
40492
40604
40468
40479
40559
40545
40375
40550
50410
40594
40829
40832
40838
40847
40849
40859
40911
40912
40579
40588
40814
40818
40914
55233
55244
55240
55249
55251
55419
55418
55428
41627
41639
41641
41640
40935
41644
48408
48521
48524
48530
48549
48553
48342
48346
48367
48368
48378
41633
48669
48677
48678
48708
48728
48732
48734
48589
48714
48888
48588
48904
48911
48887
48847
48848
48863
48871
48872
48877
48879
48882
48953
48956
48843
48868
48987
48984
49002
49003
49025
50483
49026
49031
48314
48320
48321
131374
48309
48395
131377
131380
131383
131476
131639
131481
131648
131653
131654
131658
131752
131830
131838
131839
131827
54363
56642
54414
54425
54426
54447
54515
54532
54365
54558
54560
54583
54589
54667
52719
54536
53777
54529
54528
