592
111242 110152 1483
111242 111243 975
111242 111248 672
111248 111242 672
111248 111247 2289
111254 111247 809
111254 111253 279
111278 111253 473
111278 111279 201
111275 111277 1072
111275 111284 696
111279 111278 201
111279 111280 536
103352 103367 699
111287 103366 1213
111287 111288 1161
111350 111297 1630
111350 111310 344
111350 111352 1500
111362 111363 333
103364 103365 453
111489 111490 1608
111489 111509 1179
111509 111489 1179
111509 111510 782
111516 111517 452
111529 111530 667
111529 111610 504
111616 111603 1181
111616 111610 796
111621 111613 1375
111621 111618 434
111609 111446 628
111609 111608 511
111618 111607 930
111618 111612 1292
111618 111621 434
111617 111613 434
111617 111614 778
111614 111604 504
111614 111617 778
111445 111453 111
111411 111409 1501
111411 111410 2340
111432 111431 747
111432 111446 1775
111434 111436 950
111446 111430 788
111446 111432 1775
111446 111609 628
112481 112482 649
112481 112625 1344
104133 104132 950
104092 104099 2613
104092 104104 1780
104092 104105 1098
104093 104094 886
104162 104151 1306
104162 104163 672
104104 104092 1780
104104 104106 435
104102 103979 2368
104102 104103 1956
104102 112828 1672
112878 112873 713
112645 112618 1114
112645 112628 2346
112738 112739 806
112738 112742 948
112746 112747 598
112746 112752 580
104355 104356 836
104355 104368 872
104123 104124 869
104347 104204 975
104347 104348 737
104347 104399 737
104368 104348 1762
104368 104355 872
104398 104399 1811
104398 104449 737
104448 104449 2410
104448 104450 806
104448 113442 1066
39502 39301 1015
39502 39503 672
39505 39309 420
39503 39502 672
39503 39508 344
39182 39183 581
39171 39170 2205
39171 39174 1357
39186 39183 904
104235 104233 1206
104240 104237 1398
104731 104724 279
104726 104723 238
104728 39063 418
104737 104738 2194
104769 104768 747
104769 104770 2103
104773 104231 1022
104773 113699 1152
104777 104776 464
104280 104209 6740
104280 104279 1481
104389 104388 1362
104389 104800 2111
104787 104788 1894
104787 104800 1085
104797 104798 605
104797 104799 809
104289 104290 188
104782 104781 1715
104782 104783 536
39178 39166 363
39178 50298 1529
39166 39164 848
39166 39178 363
39168 39143 3742
39168 39165 1014
39170 39148 1633
39170 39171 2205
104841 104800 2271
104841 104842 610
104374 104373 649
104382 104383 2407
104382 104846 1223
104847 104846 884
104842 104388 889
104842 104841 610
104480 104474 672
104480 104479 1085
104480 104496 672
104482 104474 1420
104482 104892 737
104908 104907 336
104908 104911 279
104911 104908 279
104911 104912 1283
104500 104501 947
104914 104501 975
104914 104913 1008
104453 104452 122
104603 104599 738
104600 104497 276
104600 104599 2087
104490 104478 2212
104490 104489 836
104490 104491 750
104497 104499 473
104497 104600 276
39377 39356 697
39379 39436 537
39320 39283 475
39307 39300 3291
39330 39283 2273
39330 39311 2441
37261 37254 788
37261 37258 418
37276 37273 1254
37276 37277 1085
39364 37277 1902
39364 39366 738
37279 37270 5392
37279 39393 1079
37279 39394 336
37254 37251 1026
37254 37261 788
39358 39347 418
39394 37279 336
39394 37286 2365
37289 37283 697
37289 37288 1338
37289 39403 629
39405 39403 952
39405 39407 1716
39407 39405 1716
39407 50257 229
40216 38419 629
40216 40217 677
40217 40216 677
40217 40219 951
40218 40219 844
40218 50412 1639
40220 40219 156
40220 40221 2407
40276 40273 790
40276 40443 452
40275 40273 2358
40275 40277 337
40308 40304 1143
40308 40307 1111
40291 40290 1640
40291 40294 562
40291 40304 924
40306 40294 517
40284 40282 2237
40288 40266 1697
40379 40380 751
40380 40379 751
40436 40438 210
40438 40436 210
40798 40801 2566
40801 40798 2566
55186 51716 1010
51716 55186 1010
40783 40785 2690
40785 40783 2690
41614 41606 445
41606 41614 445
48535 48534 408
48534 48535 408
47711 47709 1161
47711 47710 1293
47710 47711 1293
47715 48360 818
48360 47715 818
47709 47711 1161
48564 48567 893
48567 48564 893
48849 48851 1153
48851 48849 1153
131469 131470 2273
131470 131469 2273
131486 131458 789
131458 131486 789
131504 131512 1182
131512 131504 1182
54451 54459 2353
54549 54569 2783
54569 54549 2783
54569 54573 3249
54573 54569 3249
54643 54644 1577
54459 54451 2353
54704 54706 476
54706 54704 476
54644 54643 1577
53895 53945 418
53945 53895 418
53967 53972 238
53972 53967 238
55183 55178 948
55178 55183 948
150602 150733 755
150733 150602 755
140278 140284 674
140284 140278 674
140286 150741 559
150741 140286 559
140438 140451 2258
140438 140455 807
140455 140438 807
140451 140438 2258
140530 140529 791
140529 140530 791
141947 141956 2356
141956 141947 2356
141956 141960 2348
141960 141956 2348
142109 142643 3296
142643 142109 3296
142674 142672 901
142672 142671 879
142672 142674 901
142671 142672 879
142080 142588 2484
142588 142080 2484
204776 204777 1701
204777 204776 1701
145057 145059 1305
145059 145057 1305
145059 145106 385
145106 145059 385
145673 145674 741
145674 145673 741
145702 145704 410
145704 145702 410
145807 145855 708
145899 145897 777
145897 145895 783
145897 145899 777
145895 145897 783
145855 145807 708
145936 145937 1448
145937 145936 1448
146091 146097 1718
151595 197577 1327
197577 151595 1327
203844 204447 522
146097 146091 1718
204447 203844 522
207731 214947 372
214947 207731 372
214479 214855 1746
214855 214479 1746
197018 208768 759
208768 197018 759
208773 195326 617
211123 211124 197
195326 208773 617
211124 211123 197
211119 211122 1566
211122 211119 1566
211122 211178 897
211178 211122 897
167352 167354 885
167357 167363 1516
167363 167357 1516
167373 167371 893
167371 167373 893
167550 166738 253
152540 152537 1661
152537 152540 1661
166816 166798 1154
166819 166769 889
166798 166816 1154
166738 167550 253
166769 166790 1101
166769 166819 889
166790 166769 1101
167055 168411 671
168411 167055 671
167065 167068 2516
167068 167065 2516
152438 152439 372
152439 152438 372
152721 152739 389
152739 152721 389
152386 152378 663
152378 152386 663
155734 155732 1734
155780 155770 2283
155980 155978 837
155978 155980 837
155770 155780 2283
155732 155734 1734
153498 155809 673
155809 153498 673
173031 173043 404
173043 173031 404
174850 174911 967
152922 152923 4132
156257 156260 1431
176547 176546 924
176546 176547 924
156260 156257 1431
156242 156286 2019
156286 156242 2019
152923 152922 4132
156340 156352 3898
156414 156411 2377
156411 156414 2377
156352 156340 3898
177054 177131 1687
177236 177244 279
177244 177236 279
177131 177054 1687
177289 177316 984
177230 177231 1483
177272 177316 1181
177316 177272 1181
177316 177289 984
176218 176229 1733
176229 176218 1733
176229 176230 789
176230 176229 789
177231 177230 1483
176855 176860 2022
176860 176855 2022
174911 174850 967
167354 167352 885
211487 211486 710
211194 211195 1448
211195 211194 1448
211179 211182 681
211182 211179 681
211209 211281 802
211281 211209 802
211486 211487 710
212526 212544 1980
164612 164611 872
164611 164612 872
212544 212526 1980
94472 94474 4182
94474 94472 4182
107431 108518 610
108518 107431 610
191905 191640 730
191635 191752 1137
191640 191905 730
191752 191635 1137
114086 114264 2078
114264 114086 2078
109536 109537 2347
109537 109536 2347
109940 109947 1916
109947 109940 1916
110982 110984 750
110984 110982 750
111063 111062 946
111062 111063 946
110152 111242 1483
111243 111242 975
111247 111248 2289
111247 111254 809
111253 111254 279
111253 111278 473
111277 111275 1072
111284 111275 696
111280 111279 536
103367 103352 699
103366 103365 1351
103366 111287 1213
111288 111287 1161
111297 111350 1630
111310 111350 344
111352 111350 1500
111363 111362 333
103365 103364 453
103365 103366 1351
111490 111489 1608
111510 111509 782
111510 111517 782
111517 111510 782
111517 111516 452
111530 111529 667
111610 111529 504
111610 111616 796
111603 111604 905
111603 111616 1181
111613 111604 893
111613 111612 551
111613 111617 434
111613 111621 1375
111608 111607 378
111608 111609 511
111607 111608 378
111607 111618 930
111612 111613 551
111612 111618 1292
111604 111603 905
111604 111613 893
111604 111614 504
111453 111445 111
111409 111411 1501
111410 111411 2340
111431 111430 1700
111431 111432 747
111436 111434 950
111430 111431 1700
111430 111446 788
112482 112481 649
112625 112481 1344
104132 104133 950
104132 104151 418
104099 104092 2613
104105 104092 1098
104094 104093 886
104151 104132 418
104151 104162 1306
104163 104162 672
104106 104104 435
103979 104102 2368
104103 104102 1956
112828 104102 1672
112873 112878 713
112618 112645 1114
112628 112645 2346
112739 112738 806
112742 112738 948
112747 112746 598
112752 112746 580
104356 104355 836
104124 104123 869
104204 104347 975
104348 104347 737
104348 104368 1762
104399 104347 737
104399 104398 1811
104449 104398 737
104449 104448 2410
104450 104448 806
113442 104448 1066
39301 39502 1015
39309 39505 420
39508 39503 344
39183 39182 581
39183 39186 904
39174 39171 1357
104233 104235 1206
104237 104240 1398
104724 104731 279
104723 104726 238
39063 104728 418
104738 104737 2194
104768 104769 747
104770 104769 2103
104231 104773 1022
113699 104773 1152
104776 104777 464
104209 104280 6740
104279 104280 1481
104388 104389 1362
104388 104842 889
104800 104389 2111
104800 104787 1085
104800 104841 2271
104788 104787 1894
104798 104797 605
104799 104797 809
104290 104289 188
104781 104782 1715
104783 104782 536
50298 39178 1529
39164 39165 905
39164 39166 848
39143 39168 3742
39165 39164 905
39165 39168 1014
39148 39170 1633
104373 104374 649
104383 104382 2407
104846 104382 1223
104846 104847 884
104474 104480 672
104474 104482 1420
104479 104478 750
104479 104480 1085
104496 104480 672
104496 104907 1115
104892 104482 737
104907 104496 1115
104907 104908 336
104907 104913 672
104912 104911 1283
104501 104491 1393
104501 104500 947
104501 104914 975
104913 104907 672
104913 104914 1008
104452 104453 122
104599 104600 2087
104599 104603 738
104478 104479 750
104478 104490 2212
104489 104490 836
104491 104490 750
104491 104501 1393
104499 104497 473
39356 39377 697
39436 39379 537
39283 39320 475
39283 39330 2273
39300 39307 3291
39311 39330 2441
37258 37261 418
37273 37276 1254
37277 37276 1085
37277 39364 1902
39366 39364 738
37270 37279 5392
39393 37279 1079
37251 37254 1026
39347 39358 418
37286 37288 1152
37286 39394 2365
37283 37289 697
37288 37286 1152
37288 37289 1338
39403 37289 629
39403 39405 952
50257 39407 229
38419 40216 629
40219 40217 951
40219 40218 844
40219 40220 156
50412 40218 1639
40221 40220 2407
40273 40275 2358
40273 40276 790
40443 40276 452
40277 40275 337
40304 40291 924
40304 40308 1143
40307 40308 1111
40290 40291 1640
40294 40291 562
40294 40306 517
40282 40284 2237
40266 40288 1697
979
111242
111248
111254
111278
111275
111279
103352
111287
111350
111362
103364
111489
111509
111516
111529
111616
111621
111609
111618
111617
111614
111445
111411
111432
111434
111446
112481
104133
104092
104093
104162
104104
104102
112878
112645
112738
112746
104355
104123
104347
104368
104398
104448
39502
39505
39503
39182
39171
39186
104235
104240
104731
104726
104728
104737
104769
104773
104777
104280
104389
104787
104797
104289
104782
39178
39166
39168
39170
104841
104374
104382
104847
104842
104480
104482
104908
104911
104500
104914
104453
104603
104600
104490
104497
39377
39379
39320
39307
39330
37261
37276
39364
37279
37254
39358
39394
37289
39405
39407
40216
40217
40218
40220
40276
40275
40308
40291
40306
40284
40288
40328
40372
40379
40380
40392
50258
40419
40436
40438
40570
40742
50405
40842
40798
40807
40801
55186
51716
56344
56346
55425
40783
40785
41614
41606
41619
47683
48454
48459
48469
48533
48535
41651
48534
47711
47710
47715
48360
48375
50378
47709
48820
48828
48562
48563
48564
48567
48831
48827
48826
48849
48851
48852
48861
48187
48224
48200
48232
49006
49582
48273
48278
131362
131369
49587
131469
131470
131474
131486
131487
131490
131458
131504
131512
131680
131741
131742
131748
131771
131835
131779
131837
131850
131851
131854
54543
54544
54042
54449
54451
54549
54569
54573
54633
54643
56332
52746
54459
54477
54481
54704
54706
54723
51249
52658
54644
53880
53883
53895
53954
53945
53953
53967
53972
55183
55173
55178
52569
52792
55175
144546
150495
150501
150619
150489
150491
150695
150602
150733
140278
140284
140286
150741
150742
140437
140438
140455
140457
140451
140460
141869
141885
141899
141903
140530
141943
140529
141947
141956
141960
141992
143266
143419
143462
142119
142133
142135
142130
142656
142109
142643
142650
142674
142672
142081
142633
142646
142671
142008
143263
142080
142588
142596
142618
142626
142745
142746
142758
142782
142783
144512
144787
144786
144802
144514
144791
144792
144819
204531
204591
204559
204568
214417
204776
204777
204806
204811
204880
204884
204885
204872
204875
204899
144550
144832
144833
144838
144840
144847
144849
144837
145046
145057
145059
145106
145130
145522
145530
145532
145549
139770
145642
145673
145674
145677
145696
145702
145704
145807
145899
145897
145895
145886
145904
145706
145891
145919
145855
145857
145936
145937
145945
146085
146091
151595
197577
203847
151803
203844
145956
145960
146112
151626
146097
146110
204457
204460
204440
204447
207731
214947
213040
214479
208703
214855
208702
208704
197018
208752
208754
208768
208773
211111
211123
195326
211124
208778
211119
211122
211145
211178
211169
211198
211162
211369
211373
211376
167352
167357
167363
167373
167552
167586
167371
167550
152549
152568
152578
152582
162527
167270
152540
152554
152537
152538
172488
167115
167126
167242
167253
167250
166778
167627
166814
166816
166819
166798
166738
166769
166790
167046
167047
167059
167055
168411
167065
167102
167068
167081
167117
167120
152428
152438
152439
152441
152442
162540
152453
152455
185316
179604
179652
179657
179659
180145
180150
180162
180173
182070
182072
179709
182080
182077
182175
182177
180033
182192
182273
182280
182295
182301
152976
152970
152962
152967
172829
172817
152519
152653
152724
152718
152729
152721
152739
152386
152374
152991
152984
152999
153146
152383
152378
152503
152508
152694
155734
155740
155755
155780
155798
155966
155980
155690
155975
155695
155974
155978
155747
155758
155770
153100
153416
155732
153155
153184
153194
153198
153498
153483
153414
153420
155809
173031
173043
173526
173538
173110
173543
173156
173157
173677
173697
173679
173708
173709
173176
173201
173205
173049
173115
173172
174758
174829
174850
185702
152922
153130
153114
153121
153117
153126
153068
153060
153078
155476
155534
156240
156257
176172
176547
176540
176546
176537
176197
176527
156260
156271
176536
176528
176159
176183
155661
156242
156061
156286
152923
155566
156340
156334
156336
156267
156279
156277
156284
156318
156324
156299
156414
156411
156330
156056
156289
156305
156355
156352
156566
156602
156608
155542
155587
177151
177134
177139
177154
177054
177055
177236
177240
177244
177251
177131
177280
177289
177230
177262
177266
177274
177272
177316
176234
177279
177285
176243
176165
176218
176229
176230
177231
176855
176860
174911
176718
174898
176764
176845
174955
176716
176812
165113
165429
167335
165372
165373
165369
165278
167331
167354
167366
167388
167390
167391
167297
167302
165179
165528
165532
165537
165156
165183
165194
165360
165383
165384
165464
167480
165451
172693
165188
165190
165415
164775
164767
164665
164764
164769
164794
164781
211372
211487
211488
211498
208762
208780
211139
211194
211197
211195
211149
215016
211179
211182
211205
211208
211209
211281
211284
211480
211486
211516
212269
212287
212272
212293
212296
212289
212290
212474
212521
212526
160141
164612
164861
164865
164611
212544
212292
212480
114308
114325
116159
113984
114173
114210
114028
114033
119213
119270
119282
119280
119297
118568
119129
119140
119378
119156
114866
114867
114863
102932
91987
92038
92044
92050
102191
92117
94376
94378
103230
101789
92244
92257
94457
94472
95903
94479
94480
94471
94474
115826
92341
92410
92436
92324
92439
92496
116054
107072
107111
107100
93188
94120
107070
107107
107207
107226
107216
108495
107431
108508
108518
107534
109221
109225
109227
109231
109245
109485
92968
93064
103123
93013
93042
93061
93062
93058
92779
92781
92600
92839
115793
115820
115836
115858
190864
192017
191545
193924
190889
191672
191683
191905
191706
191039
191738
194038
191759
191761
191633
191635
191640
191752
192712
192700
192703
192803
114075
114100
114106
114086
114251
114264
109468
109257
113903
109430
109653
103272
103274
109380
109536
109537
109561
109383
109963
109935
109944
109926
109940
111038
111041
110147
109947
111047
110982
110984
110987
111053
111063
111062
111061
111057
111079
110152
111243
111247
111253
111277
111284
111288
111297
111310
111352
111363
103365
111490
111510
111517
111610
111603
111608
111607
111612
111604
111453
111409
111410
111431
111436
111430
112482
112625
104132
104099
104105
104094
104151
104163
104106
103979
104103
112828
112873
112618
112628
112739
112742
112752
104356
104124
104204
104348
104399
104449
104450
39301
39309
39508
39174
104233
104237
104724
104723
39063
104768
104770
104231
104776
104209
104279
104388
104788
104290
104781
50298
39164
39143
39165
39148
104373
104383
104846
104474
104479
104496
104501
104913
104599
104478
104489
104491
104499
39356
39283
39300
39311
37258
37273
37277
39366
37270
39393
37251
39347
37286
37283
37288
39403
50257
38419
40219
50412
40221
40273
40304
40307
40290
40294
40282
40266
