1300
33418 33188 835
33418 33419 1299
33423 33427 445
33423 33429 611
33461 33462 1932
33461 33466 4399
33486 33488 1635
33491 16952 1663
33491 33488 1335
33475 33472 252
33475 33476 889
33492 33658 403
14698 14707 1848
14698 14708 688
16963 14710 1635
16963 16964 871
17006 17007 1292
17006 17007 1292
16967 16969 1575
16967 17008 796
17015 17016 1445
17015 17017 938
15064 17017 1954
15064 17465 924
17002 17001 809
17002 17004 889
17051 17037 750
17051 17049 2479
17130 17080 238
17130 17135 975
17143 17139 551
17143 17144 1031
17144 17143 1031
17144 17155 604
17148 17156 1963
17148 17179 1445
17050 17049 750
17050 17052 672
17538 17498 796
17056 17052 344
17056 17497 1959
17534 17498 950
34455 34456 340
17562 17565 788
17562 17569 354
17576 17579 868
17576 17581 1375
17578 17638 527
17578 17640 3183
17640 17578 3183
17640 17641 611
17505 17504 927
17522 17521 950
17522 17523 550
17053 17047 847
17053 17496 2697
17496 17053 2697
17496 17497 818
17489 17043 1221
17489 17488 628
17492 17488 475
17492 17494 707
17481 17476 950
17481 17477 796
17643 17641 628
17696 17649 903
17696 17703 344
17697 17698 2031
17697 17701 1222
9080 9126 2090
17844 17845 96
17844 17846 336
17845 17839 278
17845 17844 96
17845 17846 372
17848 17847 492
17848 17849 417
17855 17838 750
17855 17849 1585
17855 17857 2347
17939 17937 826
17939 17942 2796
17942 17938 708
17942 17939 2796
17952 17944 516
17952 17951 222
17946 17945 1025
17946 17947 2123
17949 17948 516
17949 17950 893
17966 17964 3614
18731 18730 504
18733 18732 950
18737 18738 580
18755 18739 2123
18755 18756 713
18763 18756 994
18763 18762 4363
17914 17912 796
17962 17912 2239
17962 17961 884
17968 17965 516
17896 18118 1214
17896 18509 3325
18520 18524 629
18290 18289 2362
18290 18516 1362
18290 18517 3209
18529 18528 516
18529 18553 210
18529 18554 1008
18759 8894 980
18759 20324 570
20326 8893 1692
20326 20325 975
18555 18554 3199
18555 35423 4096
18756 18755 713
18756 18758 931
18756 18763 994
18760 18758 2453
18760 18764 788
18760 18766 672
18778 18779 1225
18780 18781 504
18780 18782 893
18783 18769 2358
18783 18782 688
18772 18771 672
18772 18775 1675
18785 18775 931
18893 18894 713
18893 18895 796
18897 18899 598
18903 18895 982
18903 18906 2577
18906 18902 826
18906 18903 2577
18906 19013 818
35299 19025 193
35299 35300 257
18870 18773 461
18838 18834 877
18841 18836 516
18847 18836 1672
18847 18892 688
35460 35461 1048
35460 35462 461
25322 25320 806
25322 25323 1768
25322 25324 1901
19002 19003 2005
19004 19003 708
19004 19013 1797
19005 18997 1160
25323 18986 826
25323 18996 3385
25323 25322 1768
25316 25315 452
25316 25317 747
25382 25380 612
25382 25381 403
25392 25384 708
25392 25393 2068
25386 25309 848
25386 25312 893
25317 25316 747
25317 25326 1028
25328 25326 877
25324 25321 676
25324 25322 1901
25324 25326 1160
25393 25392 2068
25393 25394 403
25368 25365 788
25368 25366 1681
25405 34421 793
25405 34422 493
25417 25420 643
25424 25403 734
26734 26733 7271
26820 35016 1065
26929 26916 1672
26917 26916 737
26917 26919 1022
26924 26923 738
26925 26920 750
26925 26923 1576
26922 26747 2078
26919 26915 737
26919 26917 1022
26919 26920 1863
26753 26754 1482
26753 26756 1863
26757 26756 878
26757 26772 2420
26774 26772 1187
26775 26773 1341
26762 27051 537
26716 26712 872
26716 26714 1205
26718 26714 605
26718 27051 279
26752 26710 537
26752 26751 1530
27044 27043 1811
27044 27045 1115
27049 26717 738
27049 27051 2926
27047 27045 1008
27048 26376 1226
27048 27046 476
27057 27046 1103
27065 26376 1342
27065 27067 418
27066 26401 1610
27066 27069 1161
27067 26398 557
27067 27065 418
27071 27069 939
27071 27075 2694
27150 27075 982
14345 14344 746
14345 26497 747
26498 26497 1074
26498 27151 610
26486 26354 373
26486 26482 1745
26486 26485 884
26501 26485 1946
26501 26500 951
26503 26500 2214
26503 26502 984
14343 14344 268
26354 26347 8319
26354 26486 373
26354 26493 238
26536 26534 1855
26536 26535 673
26537 26534 738
26537 27186 2088
27187 27186 763
27187 27188 191
27410 27411 3697
27417 27419 4018
34082 34166 2365
53375 52769 450
53375 53382 1410
53376 29438 831
53376 53371 7124
52759 52758 1716
52765 52762 1248
55546 55548 1258
55546 55552 790
55717 55552 1867
55717 55718 709
55519 55538 2179
55539 55538 1022
55539 55548 1027
54846 54847 1282
54846 54864 2117
54870 54869 610
54870 54871 1629
54873 54871 928
54873 55502 1979
55505 55502 789
55505 55522 1556
55521 55522 610
55540 55541 747
55540 55542 2636
55540 55543 747
53672 53671 202
53698 53694 1811
53698 53701 558
53699 53702 2014
140846 140842 857
140846 140847 2919
140846 140851 1458
140855 140851 771
140855 140854 3486
140856 140854 807
140856 141179 2061
140856 141180 880
195100 195103 834
195100 195123 1266
195270 195122 1384
195270 195355 238
195316 195317 406
195316 195318 439
214445 195358 746
214445 214433 984
195319 195320 1402
195319 195355 283
195325 195357 794
195325 195358 364
144182 144179 1075
144182 144181 1475
140590 140591 774
140590 140866 1359
140863 140864 286
140863 140865 398
140863 140866 245
140870 140871 417
140885 140871 767
140885 140888 1252
140891 140888 825
140891 140892 2016
140893 140892 776
140893 140935 1998
140840 140845 693
140840 140945 1963
140844 140843 830
140844 140845 1351
140943 140933 738
140943 140945 889
140943 140946 2003
140842 140843 1181
140842 140846 857
140938 140935 803
140938 140941 1972
140933 140943 738
140933 140944 2055
140948 140944 767
140948 140950 2349
140949 140950 791
140949 140965 243
140949 140967 854
186268 186288 565
186287 186280 590
186272 186271 862
186272 186280 1434
186272 186298 734
186298 186272 734
186298 186302 805
186420 186294 787
186420 186302 790
186429 186294 795
186429 186463 778
186459 186645 847
186461 186462 401
186461 186463 426
186461 186550 771
186644 186548 593
186644 186550 659
186644 186645 1979
186653 186654 1407
186653 186673 821
186672 186673 2025
186672 186688 418
186672 186694 1529
186765 186694 694
186765 186767 722
186765 186768 1413
186765 186771 800
186771 186765 800
186771 186770 1359
186774 186770 817
186774 186776 1322
186798 186799 639
186792 186776 718
186792 186793 898
186792 186800 752
186810 186800 819
186810 186803 958
186817 186803 793
186817 186818 428
186817 186824 772
186823 186824 2481
187130 187117 874
187130 187143 425
186928 186927 858
186906 186897 1088
186906 186918 954
186908 186896 3628
186908 190587 658
187139 190518 594
186923 186922 457
186923 186926 572
186925 186926 2291
190519 186914 901
190519 190518 654
140650 140647 723
140650 140657 1230
140653 140657 999
140653 140660 352
140653 140661 1385
140627 140625 925
140627 140626 1298
140627 140647 1558
140633 140662 807
140633 140663 1428
140635 140655 771
140651 140654 1004
140651 140655 851
187143 186914 406
187143 187116 817
187143 187130 425
55718 55553 2068
55718 55717 709
55720 55553 752
55720 55556 1631
55723 55556 828
55723 55662 1534
55726 55662 807
55726 55665 1631
55796 55672 951
55796 55795 752
55810 55811 766
55810 55812 2063
55810 55813 1067
55810 55814 1483
55764 55765 1375
55768 55765 766
55768 55818 1467
55866 55818 790
55866 55867 790
55866 55868 1375
55867 55866 790
55867 55869 1357
55878 55869 791
55878 55877 2063
55878 55879 766
55879 55878 766
55879 55894 1701
55895 55894 849
55880 55877 84
55880 55881 556
55880 55894 872
55898 55914 672
56550 56564 435
56550 56565 1592
56551 56565 790
56563 56564 581
56569 56567 871
56569 56573 796
55578 55577 1269
55578 56573 1200
56567 56564 435
56567 56569 871
56567 56570 796
189804 189802 1394
189804 189803 825
189804 190193 1052
190192 190193 449
190192 190582 504
189802 189779 792
189802 189804 1394
189724 186279 1424
189724 189723 801
190193 189804 1052
190193 190192 449
190193 190194 804
190199 190194 948
190199 190200 792
190239 190234 1395
190239 190240 366
190239 190241 665
190240 189723 1367
190240 190239 366
190206 190200 522
190206 190208 853
190233 190208 1315
190233 190234 769
190234 190221 1342
190234 190230 459
190234 190233 769
190234 190239 1395
190234 190243 296
195103 195099 858
195103 195100 834
195103 195122 2803
195097 195098 1218
195099 195098 665
195099 195103 858
195099 195121 2147
194735 194734 79
214906 194734 1491
214906 195265 269
195273 195300 116
195273 195383 625
195306 195307 709
195760 195307 860
195768 195763 2839
195768 195769 813
195822 195823 678
195822 195828 660
195821 195823 779
195821 195862 1339
195848 195849 772
195848 195862 674
195841 195844 678
195841 195849 1099
195842 195843 299
195842 195844 765
195842 195845 283
195832 195833 314
195832 195836 571
195833 195832 314
195833 195998 567
196021 196018 1644
196021 196020 380
196105 196103 846
196105 196113 1424
202741 202743 1091
202741 202744 342
202741 202749 559
202749 202741 559
202749 202751 1845
202750 202751 736
202750 203146 1990
203146 202750 1990
203146 203227 760
203230 203227 2056
203230 203232 835
203230 203247 1975
203247 203230 1975
203247 203244 860
203247 203281 1983
203282 203281 753
203445 203442 1156
203445 203446 648
203446 203442 1385
203446 203445 648
203446 203447 852
203457 203458 591
203293 203288 790
203293 203308 556
203428 203310 1168
203499 203502 1354
203509 203502 1249
203509 203537 204
203524 203537 508
203450 203317 805
203450 203449 990
203460 203459 2837
203460 203473 761
203539 203543 776
205679 205714 522
205703 205707 2524
203455 203458 825
203464 203462 1145
203464 203463 1226
203464 203465 683
203463 203461 1390
203463 203464 1226
202508 202509 948
202512 202509 1540
202512 202537 759
202512 202541 2431
202544 202541 938
202544 202560 1445
202560 202544 1445
202560 202547 867
202560 202569 1734
202566 202569 876
202676 202677 848
202717 202677 1706
202717 202718 828
202717 202721 1389
202721 202717 1389
202721 202722 774
196114 196113 539
196114 196115 573
196115 196112 1305
196115 196114 573
196110 196109 1886
196110 196472 936
196110 196526 439
196553 196535 1164
196555 196557 224
197101 197098 673
197106 197105 1032
197100 197096 2134
197100 197112 524
197112 197100 524
205764 205925 1604
205925 205764 1604
205912 206578 867
206578 205912 867
206578 206580 1133
206580 206578 1133
206826 195321 2692
195321 206826 2692
206841 206840 1228
206840 206841 1228
206876 206894 1620
209197 209213 864
209213 209197 864
209208 209217 1510
209217 209208 1510
206894 206876 1620
180930 180931 474
180931 180930 474
181158 181160 562
181160 181158 562
181196 181245 2778
181245 181196 2778
181496 181518 344
181518 181496 344
184434 184432 238
184359 184358 790
184358 184359 790
184483 184485 355
184432 184434 238
184485 184483 355
181903 181907 562
181907 181903 562
181911 181901 1827
181901 181902 766
181901 181911 1827
181902 181901 766
185667 185666 1502
185666 185667 1502
182664 182670 3116
182670 182664 3116
182979 182981 1864
182981 182979 1864
183265 183225 1140
183225 183265 1140
184122 184123 912
184123 184122 912
210327 210328 790
210328 210327 790
209224 209253 1486
209253 209224 1486
209429 209430 2004
209430 209429 2004
210118 210126 987
210126 210118 987
179358 179360 1879
179358 179366 893
179366 179358 893
179360 179358 1879
179360 179410 2420
179410 179360 2420
179411 179424 2199
179424 179411 2199
106076 106078 1556
106078 106076 1556
114781 114780 2034
114780 114781 2034
30356 30352 3064
30578 30580 1374
30580 30578 1374
30352 30356 3064
33182 33185 1077
33185 33182 1077
33186 33188 3634
33188 33186 3634
33188 33418 835
33419 33418 1299
33427 33423 445
33429 33423 611
33462 33461 1932
33466 33461 4399
33488 33486 1635
33488 33491 1335
16952 33491 1663
33472 33475 252
33476 33475 889
33658 33492 403
14707 14698 1848
14708 14698 688
14708 14710 1085
14710 14708 1085
14710 16963 1635
16964 16963 871
17007 17006 1292
17007 17006 1292
17007 17016 903
16969 16967 1575
17008 16967 796
17016 17007 903
17016 17015 1445
17017 15064 1954
17017 17015 938
17465 15064 924
17001 17002 809
17004 17002 889
17037 17051 750
17049 17050 750
17049 17051 2479
17080 17130 238
17135 17130 975
17139 17143 551
17155 17144 604
17155 17156 1031
17156 17148 1963
17156 17155 1031
17179 17148 1445
17052 17047 2879
17052 17050 672
17052 17056 344
17498 17497 818
17498 17534 950
17498 17538 796
17497 17056 1959
17497 17496 818
17497 17498 818
34456 34455 340
17565 17562 788
17569 17562 354
17579 17576 868
17581 17576 1375
17638 17578 527
17641 17640 611
17641 17643 628
17504 17505 927
17504 17521 1693
17521 17504 1693
17521 17522 950
17523 17522 550
17047 17052 2879
17047 17053 847
17043 17489 1221
17488 17489 628
17488 17492 475
17494 17492 707
17476 17481 950
17477 17481 796
17649 17696 903
17703 17696 344
17698 17697 2031
17698 17701 1139
17701 17697 1222
17701 17698 1139
9126 9080 2090
17846 17844 336
17846 17845 372
17846 17847 84
17839 17845 278
17847 17846 84
17847 17848 492
17847 17849 580
17849 17847 580
17849 17848 417
17849 17855 1585
17838 17855 750
17838 17857 2203
17857 17838 2203
17857 17855 2347
17937 17938 2718
17937 17939 826
17938 17937 2718
17938 17942 708
17944 17945 344
17944 17952 516
17951 17952 222
17945 17944 344
17945 17946 1025
17947 17946 2123
17947 17948 1730
17948 17947 1730
17948 17949 516
17950 17949 893
17964 17965 696
17964 17966 3614
18730 18731 504
18730 18732 818
18732 18730 818
18732 18733 950
18738 18737 580
18738 18739 373
18739 18738 373
18739 18755 2123
18762 18763 4363
18762 20325 696
17912 17914 796
17912 17962 2239
17961 17962 884
17961 17965 1222
17965 17961 1222
17965 17964 696
17965 17968 516
18118 17896 1214
18509 17896 3325
18524 18520 629
18289 18290 2362
18516 18290 1362
18517 18290 3209
18517 18528 336
18528 18517 336
18528 18529 516
18553 18529 210
18554 18529 1008
18554 18555 3199
8894 8893 865
8894 18759 980
8894 18764 1083
20324 18759 570
8893 8894 865
8893 20326 1692
20325 18762 696
20325 20326 975
35423 18555 4096
18758 18756 931
18758 18760 2453
18764 8894 1083
18764 18760 788
18766 18760 672
18779 18778 1225
18781 18780 504
18782 18780 893
18782 18783 688
18769 18783 2358
18771 18772 672
18771 18773 1565
18775 18772 1675
18775 18773 681
18775 18785 931
18894 18893 713
18894 18899 708
18895 18893 796
18895 18902 1906
18895 18903 982
18899 18894 708
18899 18897 598
18902 18895 1906
18902 18906 826
19013 18906 818
19013 19004 1797
19025 35299 193
35300 35299 257
18773 18771 1565
18773 18775 681
18773 18870 461
18834 18838 877
18836 18841 516
18836 18847 1672
18892 18847 688
35461 35460 1048
35462 35460 461
25320 18986 1631
25320 25321 1948
25320 25322 806
19003 19002 2005
19003 19004 708
18997 18996 904
18997 19005 1160
18986 25320 1631
18986 25323 826
18996 18997 904
18996 25323 3385
25315 25312 504
25315 25316 452
25380 25309 1055
25380 25381 672
25380 25382 612
25381 25380 672
25381 25382 403
25384 25392 708
25309 25380 1055
25309 25386 848
25312 25315 504
25312 25386 893
25326 25317 1028
25326 25324 1160
25326 25328 877
25321 25320 1948
25321 25324 676
25394 25365 629
25394 25393 403
25365 25368 788
25365 25394 629
25366 25368 1681
34421 25405 793
34421 25420 495
34422 25405 493
25420 25417 643
25420 34421 495
25403 25424 734
26733 26734 7271
35016 26820 1065
26916 26915 1022
26916 26917 737
26916 26929 1672
26923 26924 738
26923 26925 1576
26920 26919 1863
26920 26925 750
26747 26773 836
26747 26922 2078
26915 26916 1022
26915 26919 737
26754 26753 1482
26756 26753 1863
26756 26757 878
26772 26757 2420
26772 26774 1187
26773 26747 836
26773 26775 1341
27051 26718 279
27051 26762 537
27051 27049 2926
26712 26710 2180
26712 26716 872
26714 26716 1205
26714 26717 2967
26714 26718 605
26710 26712 2180
26710 26752 537
26751 26752 1530
27043 26717 1640
27043 27044 1811
27045 27044 1115
27045 27047 1008
26717 26714 2967
26717 27043 1640
26717 27049 738
26376 27048 1226
26376 27065 1342
27046 27048 476
27046 27057 1103
26401 26398 927
26401 27066 1610
27069 27066 1161
27069 27071 939
26398 26401 927
26398 27067 557
27075 26497 2045
27075 27071 2694
27075 27150 982
14344 14343 268
14344 14345 746
26497 14345 747
26497 26498 1074
26497 27075 2045
27151 26498 610
26482 26486 1745
26485 26486 884
26485 26501 1946
26500 26501 951
26500 26503 2214
26502 26503 984
26347 26354 8319
26493 26354 238
26534 26536 1855
26534 26537 738
26535 26536 673
27186 26537 2088
27186 27187 763
27188 27187 191
27411 27410 3697
27411 27419 947
27419 27411 947
27419 27417 4018
34166 34082 2365
52769 53375 450
53382 53375 1410
29438 53376 831
53371 53376 7124
52758 52759 1716
52762 52765 1248
55548 55539 1027
55548 55546 1258
55552 55546 790
55552 55553 807
55552 55717 1867
55538 55519 2179
55538 55539 1022
55538 55543 713
54847 54846 1282
54864 54846 2117
54869 54870 610
54871 54870 1629
54871 54873 928
55502 54873 1979
55502 55505 789
55522 55505 1556
55522 55521 610
55541 55540 747
55542 55540 2636
55543 55538 713
55543 55540 747
53671 53672 202
53694 53698 1811
53701 53698 558
53702 53699 2014
140847 140846 2919
140851 140846 1458
140851 140855 771
140854 140855 3486
140854 140856 807
141179 140856 2061
141180 140856 880
195123 195100 1266
195122 195103 2803
195122 195270 1384
195355 195270 238
195355 195319 283
195317 195316 406
195318 195316 439
195358 195325 364
195358 214445 746
214433 214445 984
195320 195319 1402
195320 195357 2549
195357 195320 2549
195357 195325 794
144179 144181 662
144179 144182 1075
144181 144179 662
144181 144182 1475
140591 140590 774
140866 140590 1359
140866 140863 245
140866 140864 128
140864 140863 286
140864 140865 161
140864 140866 128
140865 140863 398
140865 140864 161
140871 140870 417
140871 140885 767
140888 140885 1252
140888 140891 825
140892 140891 2016
140892 140893 776
140935 140893 1998
140935 140938 803
140845 140840 693
140845 140844 1351
140845 140945 2097
140945 140840 1963
140945 140845 2097
140945 140943 889
140843 140842 1181
140843 140844 830
140946 140943 2003
140946 140944 760
140941 140938 1972
140941 140965 555
140944 140933 2055
140944 140946 760
140944 140948 767
140950 140948 2349
140950 140949 791
140965 140941 555
140965 140949 243
140967 140949 854
186288 186268 565
186288 186279 436
186280 186272 1434
186280 186279 1635
186280 186287 590
186271 186272 862
186271 186302 720
186302 186271 720
186302 186298 805
186302 186420 790
186294 186420 787
186294 186429 795
186463 186429 778
186463 186461 426
186645 186459 847
186645 186644 1979
186645 186654 468
186462 186461 401
186550 186461 771
186550 186644 659
186548 186644 593
186654 186645 468
186654 186653 1407
186673 186653 821
186673 186672 2025
186688 186672 418
186694 186672 1529
186694 186765 694
186767 186765 722
186768 186765 1413
186768 186770 738
186770 186768 738
186770 186771 1359
186770 186774 817
186776 186774 1322
186776 186792 718
186799 186798 639
186793 186792 898
186800 186792 752
186800 186810 819
186803 186810 958
186803 186817 793
186818 186817 428
186824 186817 772
186824 186823 2481
186824 187117 611
187117 186824 611
187117 187116 423
187117 187130 874
186927 186928 858
186897 186896 790
186897 186906 1088
186918 186906 954
186896 186897 790
186896 186908 3628
190587 186908 658
190518 187139 594
190518 190519 654
186922 186923 457
186926 186923 572
186926 186925 2291
186914 187143 406
186914 190519 901
140647 140627 1558
140647 140650 723
140657 140650 1230
140657 140653 999
140660 140653 352
140660 140654 468
140661 140653 1385
140625 140627 925
140626 140627 1298
140662 140633 807
140663 140633 1428
140663 140655 944
140655 140635 771
140655 140651 851
140655 140663 944
140654 140651 1004
140654 140660 468
187116 187117 423
187116 187143 817
55553 55552 807
55553 55718 2068
55553 55720 752
55556 55720 1631
55556 55723 828
55662 55723 1534
55662 55726 807
55665 55726 1631
55665 55795 475
55672 55796 951
55795 55665 475
55795 55796 752
55811 55810 766
55811 55813 796
55812 55810 2063
55813 55810 1067
55813 55811 796
55814 55810 1483
55765 55764 1375
55765 55768 766
55818 55768 1467
55818 55866 790
55868 55866 1375
55868 55869 871
55869 55867 1357
55869 55868 871
55869 55878 791
55877 55878 2063
55877 55880 84
55894 55879 1701
55894 55880 872
55894 55895 849
55881 55880 556
55914 55898 672
56564 56550 435
56564 56563 581
56564 56567 435
56565 56550 1592
56565 56551 790
56573 55578 1200
56573 56569 796
56573 56570 871
55577 55578 1269
56570 56567 796
56570 56573 871
189803 189804 825
189803 190194 951
190582 190192 504
189779 189802 792
186279 186280 1635
186279 186288 436
186279 189724 1424
189723 189724 801
189723 190240 1367
190194 189803 951
190194 190193 804
190194 190199 948
190200 190199 792
190200 190206 522
190241 190239 665
190208 190206 853
190208 190233 1315
190221 190234 1342
190230 190234 459
190230 190243 326
190243 190230 326
190243 190234 296
195098 195097 1218
195098 195099 665
195121 195099 2147
195121 195265 400
194734 194735 79
194734 214906 1491
195265 195121 400
195265 214906 269
195300 195273 116
195383 195273 625
195307 195306 709
195307 195760 860
195763 195768 2839
195769 195768 813
195769 195843 2490
195823 195821 779
195823 195822 678
195828 195822 660
195862 195821 1339
195862 195848 674
195849 195841 1099
195849 195848 772
195844 195841 678
195844 195842 765
195843 195769 2490
195843 195842 299
195843 195845 161
195845 195842 283
195845 195843 161
195836 195832 571
195998 195833 567
196018 196021 1644
196020 196021 380
196103 196105 846
196113 196105 1424
196113 196114 539
202743 202741 1091
202744 202741 342
202751 202749 1845
202751 202750 736
202751 203227 1983
203227 202751 1983
203227 203146 760
203227 203230 2056
203232 203230 835
203232 203244 1967
203244 203232 1967
203244 203247 860
203281 203247 1983
203281 203282 753
203281 203288 2170
203442 203445 1156
203442 203446 1385
203447 203446 852
203458 203455 825
203458 203457 591
203458 203461 439
203288 203281 2170
203288 203293 790
203308 203293 556
203308 203310 1063
203310 203308 1063
203310 203428 1168
203502 203499 1354
203502 203509 1249
203537 203509 204
203537 203524 508
203317 203450 805
203449 203450 990
203449 203465 901
203459 203460 2837
203473 203460 761
203543 203539 776
205714 205679 522
205707 205703 2524
203462 203461 110
203462 203464 1145
203465 203449 901
203465 203464 683
203461 203458 439
203461 203462 110
203461 203463 1390
202509 202508 948
202509 202512 1540
202537 202512 759
202541 202512 2431
202541 202544 938
202541 202547 1339
202547 202541 1339
202547 202560 867
202569 202560 1734
202569 202566 876
202677 202676 848
202677 202717 1706
202718 202717 828
202718 202722 1235
202722 202718 1235
202722 202721 774
196112 196115 1305
196109 196110 1886
196472 196110 936
196526 196110 439
196535 196553 1164
196557 196555 224
197098 197101 673
197098 197105 548
197105 197096 804
197105 197098 548
197105 197106 1032
197096 197100 2134
197096 197105 804
933
33418
33423
33461
33486
33491
33475
33492
14698
16963
17006
16967
17015
15064
17002
17051
17130
17143
17144
17148
17050
17538
17056
17534
34455
17562
17576
17578
17640
17505
17522
17053
17496
17489
17492
17481
17643
17696
17697
9080
17844
17845
17848
17855
17939
17942
17952
17946
17949
17966
18731
18733
18737
18755
18763
17914
17962
17968
17896
18520
18290
18529
18759
20326
18555
18756
18760
18778
18780
18783
18772
18785
18893
18897
18903
18906
35299
18870
18838
18841
18847
35460
25322
19002
19004
19005
25323
25316
25382
25392
25386
25317
25328
25324
25393
25368
25405
25417
25424
26734
26820
26929
26917
26924
26925
26922
26919
26753
26757
26774
26775
26762
26716
26718
26752
27044
27049
27047
27048
27057
27065
27066
27067
27071
27150
14345
26498
26486
26501
26503
14343
26354
26536
26537
27187
27410
27417
34082
53375
53376
52759
52765
55546
55717
55519
55539
54846
54870
54873
55505
55521
55540
53672
53698
53699
140846
140855
140856
195100
195270
195316
214445
195319
195325
144182
140590
140863
140870
140885
140891
140893
140840
140844
140943
140842
140938
140933
140948
140949
186268
186287
186272
186298
186420
186429
186459
186461
186644
186653
186672
186765
186771
186774
186798
186792
186810
186817
186823
187130
186928
186906
186908
187139
186923
186925
190519
140650
140653
140627
140633
140635
140651
187143
55718
55720
55723
55726
55796
55810
55764
55768
55866
55867
55878
55879
55895
55880
55898
56550
56551
56563
56569
55578
56567
189804
190192
189802
189724
190193
190199
190239
190240
190206
190233
190234
195103
195097
195099
194735
214906
195273
195306
195760
195768
195822
195821
195848
195841
195842
195832
195833
196021
196105
202741
202749
202750
203146
203230
203247
203282
203445
203446
203457
203293
203428
203499
203509
203524
203450
203460
203539
205679
205703
203455
203464
203463
202508
202512
202544
202560
202566
202676
202717
202721
196114
196115
196110
196553
196555
197101
197106
197100
197112
197130
197164
202502
205897
205916
205980
205998
205918
205898
205706
205755
205764
205753
205925
205928
205938
205912
214746
206578
206580
206603
206590
206642
206652
206826
195321
206841
206840
206875
206876
206893
209197
209212
209213
209208
209210
209217
209221
209225
206892
206894
180967
180973
180207
180945
180942
180935
180930
180931
180988
181154
181158
181160
181169
181175
181171
181196
181245
181496
181518
181545
184285
184302
184414
184438
184434
184435
184297
184224
184274
184279
184269
184277
184289
184225
184342
184143
184323
184331
184330
184335
184340
184346
184359
184345
184358
184429
184483
184432
184485
181903
181897
181907
181911
183094
183095
183135
184501
184620
185907
184236
184498
181811
181878
181901
181902
173511
180255
184610
181810
183062
183055
183087
185665
185667
185666
185909
185504
181503
185594
185970
182664
182670
181606
181718
182702
182715
182729
182744
182749
182741
182747
182810
182806
185739
182783
182909
182966
182979
182981
183506
183521
183542
183597
183625
183621
183639
183586
183617
183725
183708
183710
183573
183211
183265
183574
183225
183263
183646
183652
183188
183191
183245
183248
183251
183254
183260
183271
183086
184122
184123
184127
184133
184136
184139
210327
210328
210394
210390
210393
209224
209253
209418
209422
209429
209430
209444
209447
209595
209617
209625
210118
210126
210129
210200
210205
210381
162807
162564
162681
162809
162812
162823
210503
179156
179158
179198
179196
179354
179358
179366
179360
179364
179420
179410
179411
186121
179424
180969
115557
115916
115918
115925
106447
106452
106476
106280
106775
106309
106365
106360
106431
32363
106076
106094
106078
113855
115012
114781
114780
114772
114783
191719
193098
191629
193096
194095
192141
194115
193171
193104
193269
193274
193200
193202
193227
192425
192164
192563
190898
192521
192591
192408
192185
192551
35138
35140
35060
35123
30321
30323
30328
30348
30356
30360
30424
30573
30578
30565
30433
30476
30580
30432
30429
30448
30364
30372
30863
30873
30526
34960
30784
30665
30794
30352
30337
30347
31704
31710
31146
31074
31730
34440
31145
31156
31783
31788
31806
31814
31826
31851
31855
31860
32850
32894
32955
32962
32984
32994
33161
23783
33182
33185
33186
33188
33419
33427
33466
33488
16952
33472
33476
33658
14708
14710
16964
16969
17008
17016
17017
17465
17001
17004
17037
17049
17080
17139
17155
17156
17179
17565
17569
17579
17581
17641
17504
17047
17043
17488
17476
17477
17649
17703
17698
17701
9126
17846
17839
17838
17857
17937
17938
17944
17951
17945
17947
17948
17964
18730
18732
18738
18739
18762
17912
17961
18118
18524
18289
18516
18553
18554
8893
20325
18758
18764
18779
18782
18769
18771
18902
19013
19025
18834
18836
18892
25320
19003
18997
18986
18996
25315
25381
25384
25309
25312
25326
25321
25365
25366
34421
25420
25403
26733
35016
26916
26923
26920
26747
26915
26754
26756
26772
26773
26712
26714
26710
26751
27043
27045
26717
26376
27046
26401
27069
26398
27075
14344
26497
26482
26485
26500
26502
26347
26493
26534
26535
27186
27411
52769
53382
29438
53371
52758
52762
55548
55552
54864
54869
54871
55502
55522
55541
55542
55543
53671
53694
53701
53702
140847
140851
140854
141179
141180
195122
195355
214433
195320
195357
144179
144181
140591
140866
140864
140865
140871
140888
140892
140935
140845
140945
140843
140946
140941
140944
140950
140965
140967
186288
186271
186302
186294
186463
186645
186550
186548
186673
186688
186767
186768
186770
186776
186793
186800
186803
186818
186824
186927
186897
186918
186896
190587
186922
186926
186914
140647
140657
140661
140625
140662
140663
140655
140654
187116
55553
55556
55662
55665
55672
55795
55811
55812
55813
55814
55765
55818
55868
55869
55877
55881
56564
56565
56570
189803
189779
186279
189723
190194
190200
190241
190208
190221
190230
190243
195098
195121
194734
195300
195383
195763
195769
195823
195828
195862
195849
195844
195845
195836
195998
196018
196020
196103
196113
202743
202744
202751
203227
203232
203244
203281
203442
203447
203288
203308
203310
203502
203537
203317
203449
203459
203473
203543
205714
205707
203462
203465
202509
202537
202541
202547
202569
202677
202718
202722
196112
196109
196472
196526
196535
196557
197098
197096
