1012
160562 160639 842
160566 160637 667
160630 160628 1445
160630 160642 600
160632 160633 747
160632 160636 1906
160652 160651 1004
156742 156749 2340
156770 156749 927
156770 156757 933
156770 172330 1891
156760 156757 889
156760 156759 1348
156773 156774 677
158085 158086 238
158085 158087 1323
157392 157393 111
157392 157399 562
158086 157398 1340
158086 158085 238
156779 156778 1558
156779 158078 1269
157439 157393 905
157440 157410 1255
157442 157411 562
158110 158116 1798
158138 158139 683
158138 158140 667
158149 158150 906
158149 158173 600
158173 158149 600
158173 158174 1865
158320 158321 2446
158320 158351 1101
158351 158320 1101
158351 158347 818
158380 158374 683
158380 158382 1332
158382 158373 766
158382 158380 1332
158376 158377 1773
158376 158394 1336
158393 158388 2887
158393 158408 766
158393 158438 1558
160675 160676 2017
160835 160834 999
158411 158406 1664
158458 158457 475
158554 158553 1825
158554 160758 893
160707 160705 1426
160707 160756 843
160703 160704 1576
160703 160773 767
160776 160777 672
160776 160779 1276
160785 160783 818
160785 160947 3388
160812 160779 984
160812 160962 1348
160963 160965 767
161021 160991 818
161021 161015 1118
161021 161020 790
160804 161001 59
160999 160998 2319
160999 161000 2119
160999 161004 1124
161002 161000 1177
161002 161001 366
160681 160680 1536
160681 160715 2184
160715 160681 2184
160715 160714 889
160678 160677 766
160678 160679 948
160694 160693 672
160694 160734 2649
160844 160834 222
160844 161291 918
160842 160841 610
160842 160868 1616
160870 160869 1283
160870 160871 905
160743 160721 790
160743 160744 905
160743 160894 3190
160864 160863 782
160864 160886 893
160828 160829 674
160828 160865 452
160832 160833 782
160832 160881 1522
160855 160853 998
160855 160856 849
160881 160832 1522
160881 160876 518
172633 172367 661
172633 172634 682
172633 172638 675
176623 176624 333
177521 177670 2208
177524 177525 1086
177524 186042 255
165938 165937 924
165940 165936 3090
165940 165947 739
165956 165937 872
165963 165962 222
165963 165964 1118
166068 165961 210
166068 166067 1675
166063 166065 2071
166066 166065 782
168186 168187 710
168186 168203 562
167709 167710 1413
167709 172184 713
167914 167919 924
167921 167920 674
167921 167925 1055
167989 167988 1919
168000 167999 552
168005 167998 475
168222 167995 934
168222 168219 782
168183 168182 713
168183 168219 1353
168174 168175 562
168174 168227 552
168224 168225 590
168224 168228 782
167776 167777 674
167776 167893 667
167884 167885 759
167884 167886 2451
165942 165941 169
167885 166047 506
167885 167884 759
167885 167887 2451
161585 161586 767
161585 161898 782
161903 161902 506
161903 161913 202
161910 162029 1472
161910 162040 796
161708 161707 678
161708 162028 238
161710 161711 238
161710 161712 907
162024 162025 851
162024 162026 672
162028 161708 238
162028 162025 1055
161706 161705 848
161706 161719 1146
161724 161725 1858
161724 161769 688
161725 161724 1858
161725 161765 1229
161725 161768 747
161728 161744 1029
161728 161765 688
161745 161695 818
161745 161744 747
161701 172883 309
161699 161695 676
161699 172883 937
161443 161444 2309
161443 164628 782
169001 169000 2044
161446 161445 2364
161446 161656 2486
161657 161656 849
161657 172651 711
169004 169000 872
161524 161533 710
165822 165823 1085
165822 165824 1106
165846 165851 1161
165827 165826 475
165827 166088 1018
165827 166144 2233
166117 166118 697
166117 166145 1210
158819 158820 688
166093 158820 1934
166093 166094 747
166093 166097 1183
166095 166097 673
166095 166098 1169
166113 166098 954
166113 166114 829
166118 166117 697
166118 166120 1087
166119 166114 613
166119 166120 948
165853 165854 778
165853 169778 684
165860 165859 481
165860 169778 672
165850 165851 752
165850 172455 610
165857 165856 818
165857 166103 1075
169714 169716 276
169717 169716 1658
169717 169726 253
169727 169726 1229
165854 165853 778
165854 169777 1897
165854 169780 590
169776 169777 673
169776 169786 2092
169730 169729 678
169730 169785 1534
169440 169393 559
169440 169441 667
160313 169080 1822
169319 169318 1124
169317 169316 1083
169317 169318 782
118858 118859 197
118669 118928 2787
118671 118872 274
118933 118928 1119
118933 118932 1163
118888 119375 313
118939 118894 3635
118932 118893 1138
118932 118933 1163
118601 118600 433
118601 118602 1219
118884 118885 1196
118901 118900 802
118881 118880 3403
118655 118664 1176
118655 118917 3785
118914 118915 627
118914 118916 638
118659 118660 1848
118661 118662 1542
118666 118667 386
118666 119453 236
119394 119395 18559
119394 119447 1609
94846 94847 2438
94846 94851 2250
94543 94542 1362
94543 94545 696
94810 94789 3858
94810 94811 1474
97356 97358 1334
101977 101978 1052
101977 101979 1104
97361 97362 78
94679 94669 1350
94679 102179 1171
94681 94682 658
103158 97524 5263
103158 103163 1365
103159 103160 390
93913 93916 1447
108258 108086 1454
108280 108056 824
108280 113918 2367
108215 108216 750
108215 108219 1437
108313 108307 1066
108313 108314 2354
108352 108295 1268
108352 108351 514
108084 108085 1695
108096 108085 750
108093 108094 475
108093 108095 1560
108682 108683 1097
108682 108709 2668
108728 108712 2027
108728 108729 4589
108847 108704 475
113786 113791 938
93264 93262 809
93264 102671 2011
93592 93593 2383
93592 93594 930
102336 102337 48
101933 93739 200
93770 93768 1445
93770 93771 1175
93785 93781 3002
93785 93894 1032
93959 93960 688
93959 93987 1432
93961 93962 756
93961 93987 1565
93961 93988 1097
93963 93967 1014
93963 93971 354
93963 93973 1092
93753 93750 2090
93753 93754 2063
93750 93753 2090
93750 93754 1120
93755 93756 649
93755 93884 3720
93881 93884 1558
93881 93887 1850
95841 102664 2258
95841 103247 3435
95841 103248 126
103224 103225 3537
93260 93266 5634
93260 93283 810
93258 93222 5570
93258 101996 2886
93261 102672 506
194295 194296 583
191434 194204 136
191434 194206 1060
190871 190872 77
190871 194356 1764
190912 190910 1644
190912 191445 2969
192108 191339 479
192108 194171 562
191146 191145 1216
191146 194201 970
191252 191145 2212
191252 191250 2316
191252 191311 3766
191156 191155 341
191156 191157 1214
191617 191618 492
191617 191953 712
194346 194359 1868
194346 194465 1409
191258 190947 3574
191258 191259 2791
192608 190944 1598
192608 192611 610
118767 118766 1635
118767 118768 6059
118786 118779 3600
194263 194265 1113
194263 194266 1224
108816 108817 1254
108816 108842 516
108817 108816 1254
108817 108841 1608
108368 108874 672
108373 108372 1082
108373 108400 904
109616 109617 1254
109616 109620 826
110368 110369 2549
110368 110379 1362
110370 110369 950
110370 110377 1139
108859 108858 2504
108859 110291 536
108890 108891 1600
108890 110291 1167
108877 108875 4624
108877 108878 2923
108878 108877 2923
108878 108879 789
109983 109984 806
109983 109985 336
110060 109984 2528
110436 110427 788
110440 110427 750
110440 110441 3291
110452 110451 252
110452 110466 649
110466 110441 750
110466 110451 809
110466 110452 649
110371 110372 1817
110371 110379 1306
110406 110405 872
110406 110442 2308
110443 110444 1344
110443 110446 836
110405 110406 872
110405 110429 889
110419 110431 627
110057 109984 809
110383 110384 884
110383 110384 884
110394 110393 353
110394 110451 238
110621 110634 1945
110657 110658 4449
110657 110659 4419
103807 103808 2007
103807 103818 1517
36125 36121 2004
103831 103822 1222
103831 103825 418
105774 103372 480
110934 110588 947
110885 110884 1025
103396 103395 2299
103396 103400 371
36812 36808 1098
36812 36810 1188
36810 36812 1188
36808 36812 1098
36940 36941 983
36941 36610 927
36941 36940 983
36610 36941 927
36967 36801 1592
36801 36967 1592
38166 38223 1412
38223 38166 1412
38287 38288 1281
38288 38287 1281
38288 38292 1387
38292 38288 1387
38292 38303 1469
38303 38292 1469
38627 38634 476
38634 38627 476
38818 38819 1354
38819 38818 1354
38675 38674 1798
38674 38675 1798
38727 38776 1428
38776 38727 1428
41510 41513 1694
41513 41510 1694
47526 47511 2586
47513 47507 713
47507 47513 713
47511 47526 2586
47554 47563 2085
47563 47554 2085
47568 47574 951
47574 47568 951
47578 47832 2044
47346 47340 1594
47832 47578 2044
47340 47346 1594
130574 130614 1616
130614 130574 1616
130630 130632 673
130468 130473 5769
130473 130468 5769
130632 130630 673
130955 130960 1396
130957 130956 2241
130960 130955 1396
130956 130957 2241
132014 132015 474
132015 132014 474
132015 132017 2631
132017 132015 2631
132062 132064 811
132064 132062 811
132064 132076 1075
131016 131028 1036
131028 131016 1036
132076 132064 1075
132076 132086 613
132086 132076 613
56411 56682 1426
53647 53645 222
53645 53647 222
56682 56411 1426
150784 150800 2473
150800 150784 2473
148328 148331 972
148331 148328 972
148331 148355 714
148355 148331 714
148528 148531 805
148531 148528 805
148395 148403 844
148403 148395 844
144030 144029 1249
144029 144030 1249
144037 146138 828
146138 144037 828
146148 146155 887
146155 146148 887
146181 146182 709
146182 146181 709
146222 146206 1409
146206 146222 1409
146357 146358 800
146358 146357 800
142996 142999 220
142999 142996 220
142999 143001 806
143001 142999 806
143007 143011 2612
143011 143007 2612
143022 143107 2361
143107 143022 2361
143139 143144 1326
143144 143139 1326
143673 143675 762
143675 143673 762
143680 143682 1142
143682 143680 1142
146409 146466 1214
146466 146409 1214
146466 146471 788
146471 146466 788
146728 146731 1784
146731 146728 1784
146742 146741 819
146741 146742 819
179737 179735 3224
179735 179737 3224
179735 179794 848
179794 179735 848
153884 153885 1758
153939 153965 1035
153885 153884 1758
156211 156209 558
156732 156749 850
156209 156211 558
154643 154644 1307
154644 154643 1307
154730 154728 1023
154728 154730 1023
154717 154746 3886
154746 154717 3886
153965 153939 1035
157063 157169 1017
157169 157063 1017
157186 157189 778
157189 157186 778
157194 157192 600
157192 157194 600
177821 177820 788
177824 177872 1481
177820 177821 788
177872 177824 1481
178552 178553 672
178553 178552 672
177833 177967 1182
177967 177833 1182
160457 160602 1576
160602 160457 1576
160625 160639 3605
160639 160562 842
160639 160625 3605
160637 160566 667
160637 160636 474
160628 160630 1445
160642 160630 600
160633 160632 747
160636 160632 1906
160636 160637 474
160651 160652 1004
156749 156732 850
156749 156742 2340
156749 156770 927
156757 156760 889
156757 156770 933
172330 156770 1891
156759 156760 1348
156774 156773 677
158087 158085 1323
157393 157392 111
157393 157439 905
157399 157392 562
157399 157398 667
157398 157399 667
157398 158086 1340
156778 156779 1558
158078 156779 1269
157410 157440 1255
157411 157442 562
158116 158110 1798
158116 158140 1145
158139 158138 683
158140 158116 1145
158140 158138 667
158150 158149 906
158174 158173 1865
158174 158321 452
158321 158174 452
158321 158320 2446
158347 158351 818
158347 158373 843
158374 158373 1336
158374 158380 683
158373 158347 843
158373 158374 1336
158373 158382 766
158377 158376 1773
158394 158376 1336
158388 158393 2887
158408 158393 766
158438 158393 1558
160676 160675 2017
160676 160677 4218
160834 160835 999
160834 160844 222
158406 158411 1664
158457 158458 475
158553 158554 1825
160758 158554 893
160705 160707 1426
160756 160707 843
160704 160703 1576
160773 160703 767
160777 160776 672
160777 160779 1717
160779 160776 1276
160779 160777 1717
160779 160812 984
160783 160785 818
160947 160785 3388
160962 160812 1348
160965 160963 767
160991 161021 818
161015 161021 1118
161020 161021 790
161001 160804 59
161001 161002 366
160998 160999 2319
161000 160999 2119
161000 161002 1177
161004 160999 1124
160680 160679 3817
160680 160681 1536
160680 160714 3366
160714 160679 796
160714 160680 3366
160714 160715 889
160677 160676 4218
160677 160678 766
160679 160678 948
160679 160680 3817
160679 160714 796
160693 160694 672
160734 160694 2649
161291 160844 918
160841 160842 610
160868 160842 1616
160868 160869 796
160869 160868 796
160869 160870 1283
160871 160870 905
160721 160743 790
160744 160743 905
160894 160743 3190
160894 160886 1120
160863 160864 782
160886 160864 893
160886 160894 1120
160829 160828 674
160829 160833 667
160865 160828 452
160833 160829 667
160833 160832 782
160853 160855 998
160856 160855 849
160876 160881 518
172367 172633 661
172634 172633 682
172638 172633 675
176624 176623 333
177670 177521 2208
177525 177524 1086
186042 177524 255
165937 165936 872
165937 165938 924
165937 165956 872
165937 165964 782
165936 165937 872
165936 165940 3090
165947 165940 739
165962 165963 222
165964 165937 782
165964 165963 1118
165961 166068 210
166067 166068 1675
166065 166063 2071
166065 166066 782
168187 168186 710
168203 168186 562
167710 167709 1413
172184 167709 713
167919 167914 924
167919 167920 3879
167920 167919 3879
167920 167921 674
167925 167921 1055
167988 167989 1919
167988 167999 337
167999 167988 337
167999 168000 552
167998 167995 344
167998 168005 475
167995 167998 344
167995 168222 934
168219 168183 1353
168219 168222 782
168182 168183 713
168175 168174 562
168227 168174 552
168225 168224 590
168228 168224 782
167777 167776 674
167893 167776 667
167886 167884 2451
167886 167887 759
165941 165942 169
166047 167885 506
167887 167885 2451
167887 167886 759
161586 161585 767
161898 161585 782
161902 161903 506
161913 161903 202
162029 161910 1472
162029 162025 782
162040 161910 796
161707 161705 1658
161707 161708 678
161711 161710 238
161712 161710 907
162025 162024 851
162025 162028 1055
162025 162029 782
162026 162024 672
161705 161706 848
161705 161707 1658
161719 161706 1146
161769 161724 688
161769 161768 2012
161765 161725 1229
161765 161728 688
161768 161725 747
161768 161769 2012
161744 161728 1029
161744 161745 747
161695 161699 676
161695 161745 818
172883 161699 937
172883 161701 309
161444 161443 2309
161444 161445 976
164628 161443 782
169000 169001 2044
169000 169004 872
161445 161444 976
161445 161446 2364
161445 161656 558
161656 161445 558
161656 161446 2486
161656 161657 849
172651 161657 711
161533 161524 710
165823 165822 1085
165824 165822 1106
165851 165846 1161
165851 165850 752
165826 165827 475
166088 165827 1018
166144 165827 2233
166144 166145 1030
166145 166117 1210
166145 166120 811
166145 166144 1030
158820 158819 688
158820 166093 1934
166094 166093 747
166097 166093 1183
166097 166095 673
166098 166095 1169
166098 166113 954
166114 166113 829
166114 166119 613
166120 166118 1087
166120 166119 948
166120 166145 811
169778 165853 684
169778 165860 672
165859 165860 481
172455 165850 610
165856 165857 818
166103 165857 1075
169716 169714 276
169716 169717 1658
169726 169717 253
169726 169727 1229
169777 165854 1897
169777 169776 673
169780 165854 590
169786 169776 2092
169729 169730 678
169785 169730 1534
169393 169080 2327
169393 169440 559
169441 169440 667
169080 160313 1822
169080 169393 2327
169318 169317 782
169318 169319 1124
169316 169317 1083
118859 118858 197
118928 118669 2787
118928 118933 1119
118872 118671 274
119375 118888 313
118894 118893 514
118894 118939 3635
118893 118894 514
118893 118932 1138
118600 118601 433
118602 118601 1219
118885 118884 1196
118885 118900 282
118900 118885 282
118900 118901 802
118880 118881 3403
118664 118655 1176
118917 118655 3785
118915 118914 627
118916 118914 638
118660 118659 1848
118662 118661 1542
118667 118666 386
118667 119453 342
119453 118666 236
119453 118667 342
119395 119394 18559
119447 119394 1609
94847 94846 2438
94851 94846 2250
94542 94543 1362
94542 94545 982
94545 94542 982
94545 94543 696
94789 94810 3858
94811 94810 1474
97358 97356 1334
101978 101977 1052
101979 101977 1104
97362 97361 78
94669 94679 1350
102179 94679 1171
94682 94681 658
97524 103158 5263
103163 103158 1365
103160 103159 390
93916 93884 2723
93916 93913 1447
108086 108056 1322
108086 108085 747
108086 108258 1454
108056 108086 1322
108056 108280 824
113918 108280 2367
108216 108215 750
108216 108219 1682
108219 108215 1437
108219 108216 1682
108307 108313 1066
108314 108313 2354
108295 108352 1268
108351 108352 514
108085 108084 1695
108085 108086 747
108085 108096 750
108094 108093 475
108095 108093 1560
108683 108682 1097
108709 108682 2668
108709 108712 1656
108712 108709 1656
108712 108728 2027
108729 108728 4589
108704 108847 475
113791 113786 938
93262 93264 809
102671 93264 2011
102671 102672 1719
93593 93592 2383
93594 93592 930
102337 102336 48
93739 101933 200
93768 93770 1445
93768 93781 3104
93771 93770 1175
93781 93768 3104
93781 93785 3002
93894 93785 1032
93960 93959 688
93987 93959 1432
93987 93961 1565
93962 93961 756
93988 93961 1097
93967 93963 1014
93971 93963 354
93973 93963 1092
93754 93750 1120
93754 93753 2063
93756 93755 649
93884 93755 3720
93884 93881 1558
93884 93916 2723
93887 93881 1850
102664 95841 2258
103247 95841 3435
103248 95841 126
103225 103224 3537
93266 93260 5634
93283 93260 810
93222 93258 5570
101996 93258 2886
102672 93261 506
102672 102671 1719
194296 194295 583
194204 191434 136
194206 191434 1060
190872 190871 77
194356 190871 1764
190910 190912 1644
191445 190912 2969
191339 192108 479
194171 192108 562
191145 191146 1216
191145 191252 2212
194201 191146 970
191250 191252 2316
191311 191252 3766
191155 191156 341
191157 191156 1214
191618 191617 492
191953 191617 712
194359 194346 1868
194465 194346 1409
190947 191258 3574
191259 191258 2791
190944 192608 1598
192611 192608 610
118766 118767 1635
118768 118767 6059
118779 118786 3600
194265 194263 1113
194266 194263 1224
108842 108816 516
108841 108817 1608
108874 108368 672
108874 108875 1008
108372 108373 1082
108400 108373 904
109617 109616 1254
109620 109616 826
110369 110368 2549
110369 110370 950
110379 110368 1362
110379 110371 1306
110377 110370 1139
108858 108859 2504
110291 108859 536
110291 108890 1167
108891 108890 1600
108875 108874 1008
108875 108877 4624
108879 108878 789
109984 109983 806
109984 110057 809
109984 110060 2528
109985 109983 336
110427 110431 873
110427 110436 788
110427 110440 750
110441 110440 3291
110441 110442 836
110441 110466 750
110451 110393 364
110451 110394 238
110451 110452 252
110451 110466 809
110372 110371 1817
110442 110406 2308
110442 110441 836
110444 110443 1344
110446 110443 836
110429 110405 889
110431 110419 627
110431 110427 873
110384 110383 884
110384 110383 884
110393 110394 353
110393 110451 364
110634 110621 1945
110658 110657 4449
110658 110659 475
110659 110657 4419
110659 110658 475
103808 103807 2007
103818 103807 1517
36121 36125 2004
103822 103831 1222
103825 103831 418
103372 105774 480
110588 110934 947
110884 110885 1025
103395 103396 2299
103400 103396 371
924
160562
160566
160630
160632
160652
156742
156770
156760
156773
158085
157392
158086
156779
157439
157440
157442
158110
158138
158149
158173
158320
158351
158380
158382
158376
158393
160675
160835
158411
158458
158554
160707
160703
160776
160785
160812
160963
161021
160804
160999
161002
160681
160715
160678
160694
160844
160842
160870
160743
160864
160828
160832
160855
160881
172633
176623
177521
177524
165938
165940
165956
165963
166068
166063
166066
168186
167709
167914
167921
167989
168000
168005
168222
168183
168174
168224
167776
167884
165942
167885
161585
161903
161910
161708
161710
162024
162028
161706
161724
161725
161728
161745
161701
161699
161443
169001
161446
161657
169004
161524
165822
165846
165827
166117
158819
166093
166095
166113
166118
166119
165853
165860
165850
165857
169714
169717
169727
165854
169776
169730
169440
160313
169319
169317
118858
118669
118671
118933
118888
118939
118932
118601
118884
118901
118881
118655
118914
118659
118661
118666
119394
94846
94543
94810
97356
101977
97361
94679
94681
103158
103159
93913
108258
108280
108215
108313
108352
108084
108096
108093
108682
108728
108847
113786
93264
93592
102336
101933
93770
93785
93959
93961
93963
93753
93750
93755
93881
95841
103224
93260
93258
93261
194295
191434
190871
190912
192108
191146
191252
191156
191617
194346
191258
192608
118767
118786
194263
108816
108817
108368
108373
109616
110368
110370
108859
108890
108877
108878
109983
110060
110436
110440
110452
110466
110371
110406
110443
110405
110419
110057
110383
110394
110621
110657
103807
36125
103831
105774
110934
110885
103396
103649
106294
110687
110866
110874
36128
36679
36677
36686
36812
36810
36836
36808
36832
36842
36782
36873
36880
39071
36802
36615
36628
36633
36637
37042
37552
38137
38139
38142
36940
36941
36610
36605
36608
36934
37593
38162
38143
36931
36966
36967
36801
37597
38166
38223
38235
38287
38288
38292
38303
38296
38309
38298
38282
38318
38285
38324
38631
38627
38629
38634
38641
38642
38818
38819
38855
38844
38675
38760
38674
38677
38778
38712
38719
38735
38703
38722
38758
38727
38761
38776
38751
38754
38749
41510
41513
41525
41527
47526
47505
47513
47507
47511
47537
47541
47545
47554
47563
47568
47574
47578
47346
47832
47314
47324
47279
47280
47316
47322
47340
47363
47379
47282
35486
47217
47370
129978
129963
129973
130564
130574
130614
130628
130630
129967
130468
35481
130473
130632
130646
130683
130684
121136
130670
130673
130678
130983
130989
130967
130996
130987
130955
130957
130952
130960
130278
130956
131228
131097
131224
131232
131996
132014
132015
132017
132055
132062
132064
130267
130280
131016
131064
131028
131034
131036
131095
132076
132086
121208
132186
132189
132127
132129
218006
222633
222621
222629
222625
222631
56411
53615
54009
53627
53640
53642
53647
53645
56682
150574
146976
150562
150573
150782
150784
150800
139779
143685
148328
148331
148355
148358
148372
143892
144152
148508
148510
148528
148531
143927
148395
148525
148527
148403
148408
144024
144028
144094
144095
144065
144030
144029
143941
144070
144085
144086
143953
144071
144037
146138
146143
146148
146137
146156
146155
146177
146181
146207
146182
146205
146201
146221
146222
146206
146357
146358
142917
142921
142996
142999
143001
143007
143011
143022
143107
143115
143067
143076
143104
143069
143074
143124
143129
143139
143144
143654
143661
143663
143667
143671
143669
143673
143675
143677
143680
143682
212613
212614
212621
212635
212648
146409
146403
146466
146471
146483
146492
146642
146728
146731
146770
146779
146742
146744
146761
146741
146801
149966
149977
151655
150381
153677
152094
153660
162488
153658
153671
162490
153676
153653
153655
168255
168456
168540
168544
168543
179628
179625
177694
179763
179754
179611
179618
179644
179737
179735
179790
179805
179794
179895
177873
177876
179913
179915
153884
154599
153896
153735
153741
153750
153835
153939
153885
156128
156135
156155
156211
156732
156209
156216
156735
154606
154626
154621
154643
154644
152512
157328
152290
157132
154608
154610
154730
154728
154732
154704
154715
154717
154720
153961
154740
154746
154770
153965
154734
154689
154906
154901
154908
154923
154928
157063
157169
157186
157189
157197
157194
157192
157219
157613
157057
157151
156137
156140
157314
156148
156149
157334
178047
178034
177821
177824
177820
177872
179925
177886
178095
178102
178335
178344
178549
178546
178360
178552
178287
178553
178597
173371
177809
177834
177803
177833
177967
177983
177972
173416
173418
173453
173487
173506
173434
185487
160292
160296
160317
160454
160457
160522
160602
160610
160623
160625
160639
160637
160628
160642
160633
160651
156749
156757
156759
156774
158087
157399
157398
156778
158078
157410
157411
158116
158140
158150
158174
158321
158347
158374
158377
158388
158408
158438
160676
158406
158457
158553
160758
160705
160756
160704
160773
160777
160779
160783
160947
160962
160965
160991
161015
161020
160998
161000
161004
160677
160693
160734
160841
160871
160721
160744
160863
160886
160829
160833
160853
160856
160876
172367
177525
165936
165947
165964
165961
166067
166065
168187
168203
167919
167925
167988
167999
167998
167995
168219
168182
168175
168227
168228
167893
167886
165941
166047
167887
161586
161898
161902
161913
162029
162040
161707
162025
161705
161769
161765
161768
161744
161695
161444
164628
169000
172651
161533
165824
165851
165826
166088
166144
166145
158820
166094
166098
166114
166120
169778
165859
165856
166103
169716
169726
169777
169780
169786
169729
169785
169441
169080
169318
169316
118859
118928
118872
119375
118894
118893
118600
118885
118900
118664
118917
118662
118667
119453
119395
119447
94847
94542
94545
94789
94811
97358
97362
94669
94682
97524
103163
93916
108056
108216
108219
108307
108314
108295
108351
108683
108709
108712
108729
108704
93262
102671
93593
93594
102337
93739
93768
93781
93894
93987
93988
93967
93971
93973
93754
93756
93884
102664
103247
93283
93222
102672
194204
190872
194356
190910
191339
194171
191145
191250
191311
191155
191157
191618
191953
194359
190947
191259
190944
192611
118766
118768
118779
194265
108841
108874
108372
108400
109617
109620
110369
110379
108858
110291
108891
108875
110427
110451
110372
110442
110444
110446
110429
110384
110393
110634
110658
110659
103808
103818
36121
103822
103825
103372
110588
110884
103395
103400
