976
130518 130519 355
130516 47400 1837
130516 130511 1009
130521 130514 1343
47397 47395 476
47397 47398 1903
47397 47400 778
47399 47398 738
47391 47390 2756
47391 47426 837
47431 47426 1411
47431 47433 837
130508 130505 1276
130508 130515 976
130508 130602 885
130522 130515 2284
130699 130700 965
130699 130703 1534
130699 130705 1010
130705 130699 1010
130705 130707 1422
130710 130707 738
130538 130037 518
130538 130536 1000
130538 130539 511
130549 130547 1264
130549 130586 976
130549 130587 1484
130590 130546 885
130590 130591 940
130609 130606 2014
130609 130708 751
130736 130732 752
130736 130737 1957
130739 130737 673
130756 130753 1211
130756 130757 1336
130786 130757 766
130787 130758 927
130787 130789 1111
130789 130787 1111
130789 130856 916
130814 130813 1114
130814 130816 506
130820 130819 1241
130826 130825 1689
130868 130867 421
130813 130755 556
130813 130814 1114
130824 130803 2195
130824 130812 1000
130824 130825 889
130808 130807 1689
130808 130809 1161
130808 130832 951
130812 130809 2531
130812 130824 1000
132378 132377 742
130841 130836 673
130841 130842 2419
130851 130850 928
130851 130852 1255
130899 131152 537
131125 131124 238
131122 131112 874
131122 131121 1067
131132 131130 133
131144 131133 1683
131144 131135 2798
131145 131143 1381
131145 131146 1594
131146 131145 1594
131146 131147 1304
131260 131261 683
131266 131263 1673
131266 131265 337
131279 131269 843
131279 131281 1446
131285 131291 767
131285 131295 2790
131149 131141 2567
131149 131148 581
131149 131151 970
131257 131150 1183
131301 131295 791
131301 131305 674
131553 131305 553
131553 131555 954
131555 131553 954
131555 131557 1778
131560 121340 1102
131560 131557 279
121339 121340 558
131609 131610 1381
131609 131611 789
131616 131611 1658
131616 131617 747
131617 131613 1705
131617 131616 747
132149 131613 848
132149 132121 1735
132151 132147 1580
132151 132152 697
132160 132152 1616
132146 132118 2663
132146 132121 789
132146 132147 890
132159 132152 928
132159 132153 1631
132166 132154 1759
132183 132175 2217
132213 132214 837
132233 132214 1679
132233 132234 789
132234 132216 1612
132234 132233 789
132234 132235 837
132235 132217 1679
132235 132234 837
132239 132217 837
132239 132241 879
132239 132246 673
132246 132239 673
132246 132247 475
132248 132245 3093
132248 132247 1485
132244 132243 2035
132244 132280 874
132244 132281 1212
54144 54145 1067
54146 54145 552
53987 54145 789
53992 53993 1413
53992 53994 1121
53995 53994 1747
53995 53996 1023
54223 53996 2220
54223 54222 789
54043 54021 1438
54043 54090 1114
50640 50641 194
50640 50660 486
50640 54019 573
54106 56414 374
54106 56422 1687
54107 56422 650
54107 56435 1414
56437 56447 650
56437 56449 940
54092 54040 1212
54092 54093 1105
56450 56453 337
54035 54034 2292
54035 54040 747
54035 54085 1023
54102 54084 2221
54102 54105 337
54105 54101 475
54105 54102 337
56681 54256 505
56681 54265 721
54085 54031 2235
54085 54035 1023
54085 54084 751
54277 50689 562
54277 54278 2237
50823 50824 254
50823 50847 599
54222 54072 2235
54222 54223 789
54068 54066 1545
54068 54070 650
54068 54072 697
54077 54070 2221
54077 54076 747
54229 54076 2221
54229 54243 475
54247 54244 808
54247 54246 928
54252 54246 673
54252 54275 885
140334 140333 319
140334 150811 1427
140335 140336 854
140335 140337 1766
146967 150761 868
146967 150764 2304
146967 151980 705
150771 150761 308
150771 150772 795
150771 150790 266
150806 150790 845
150806 150807 1803
150806 150809 685
140337 140335 1766
140337 140347 837
140354 140347 2393
140354 140350 816
143548 143547 1647
143548 143558 756
143559 143394 188
143559 143558 2827
143547 143548 1647
143547 143549 614
143552 143568 420
143552 143574 855
143575 143574 751
143575 143578 2483
143575 143613 823
143613 143575 823
143613 143614 825
143832 143833 810
143832 143851 2241
143850 143852 1124
143850 143853 593
143637 146966 1083
139777 143645 770
139777 143651 2717
139777 143652 893
143630 143628 448
143630 143631 1195
143978 143980 2529
143978 143988 822
143979 143987 479
143975 143980 824
143975 143983 1101
143981 143822 894
143981 143982 790
143981 143983 749
143815 143821 1015
143822 143821 766
143822 143823 1493
143822 143981 894
143801 143807 2517
143808 143807 880
143808 143819 1117
143820 143819 873
143820 143821 820
143760 143762 1063
143804 143806 990
143804 143807 717
143805 143762 822
143805 143806 867
143805 143893 1512
143761 143762 766
143761 143838 1521
141155 141154 173
141155 141275 353
143747 141154 793
143828 141154 1487
143828 143829 851
143827 143830 791
143827 143833 2586
143829 143828 851
143829 143830 2365
143829 143836 899
142891 142903 858
142891 144004 1905
144003 144004 747
144003 144005 1233
142901 142902 771
142901 142903 2226
142895 142898 684
142895 142902 1592
142897 142898 1510
142897 142899 880
144935 142899 767
144935 144936 1535
144938 144936 737
144938 144939 918
144938 144943 1799
144927 144948 1872
144947 144948 788
144947 144949 1483
144939 144938 918
144939 144944 1762
144939 144949 693
144951 144948 827
144951 144954 839
144951 144955 1473
144952 144954 1637
144968 144998 2329
144997 144998 802
144997 145012 858
144990 144993 495
144990 144994 583
144999 144996 581
144999 145001 260
145002 145012 968
145002 145022 981
145002 145023 869
143034 143026 2840
143034 143035 802
143175 143035 2122
143037 143028 2122
143037 143035 778
143036 143028 1014
143036 143040 888
143039 143040 1318
143039 143208 828
143205 143206 1118
143223 143220 493
143223 143222 743
143223 143224 648
143225 143224 1789
143225 143233 407
143235 143233 952
143235 143236 2651
143239 143236 1084
143239 143327 2852
143355 143327 723
143355 143359 2601
143360 143359 900
143360 143375 1625
143375 143360 1625
143375 143374 867
143373 143371 876
143373 143372 1537
143373 143376 753
143389 143376 3173
143389 143392 696
143394 143392 385
143394 143559 188
144982 145016 312
144982 145017 209
145015 145017 770
145015 145019 2296
145191 145019 998
145191 145174 870
145191 145195 2369
145174 145191 870
145174 145194 2364
198793 198794 1486
198793 214461 533
212584 212585 2644
212584 212586 550
145246 145248 1934
145206 145208 290
145210 145208 388
145210 145211 1547
145249 145248 840
145249 145257 1750
145258 145259 698
145258 145262 1731
145256 145218 907
145256 145254 1582
145256 145260 858
146420 145218 1958
146420 146419 963
146420 146423 1002
146440 145262 1039
146440 146442 1049
146432 146421 1046
146432 146431 1676
146432 146434 716
146448 146431 493
146448 146452 788
146453 146452 935
146453 146456 2189
146456 146453 2189
146456 146455 1027
146456 146632 791
146618 146632 1050
146618 146635 1311
146635 146618 1311
146635 146634 1036
146635 146648 1309
146651 146648 858
146651 146654 911
146654 146651 911
146654 146653 856
146654 146691 1008
146692 146691 841
146692 146697 1499
146697 146692 1499
146697 146693 778
146697 146703 2369
146706 146703 813
146706 146712 2426
146713 146712 763
146830 146712 2323
146830 146880 750
146884 146880 2412
146884 146882 745
146888 146882 2449
146888 146887 892
146895 146887 1919
146895 146908 1001
146912 146909 775
146912 146910 543
146900 146897 2057
146900 146905 776
146900 146910 812
146910 146900 812
146910 146912 543
153567 153566 139
153566 153567 139
153560 153564 562
153564 153560 562
168526 162502 337
162502 168526 337
167810 167814 2286
167814 167810 2286
180075 178825 2004
178825 180075 2004
179835 179859 1223
179859 179835 1223
153864 153866 562
153866 153864 562
153852 153853 1343
153632 153634 610
153634 153632 610
153634 153828 475
153828 153634 475
153840 153845 1813
153845 153840 1813
153853 153852 1343
153276 153275 253
153283 153284 683
153284 153283 683
153275 153276 253
153281 153282 333
153321 153336 1017
153282 153281 333
153336 153321 1017
153359 153452 2113
153452 153359 2113
157001 157002 1664
155961 155963 558
155963 155961 558
157002 157001 1664
178158 178157 1265
178157 178158 1265
174933 174931 475
174931 174933 475
160244 160248 1940
160270 160269 782
160248 160244 1940
160269 160270 782
160281 160289 1225
156576 156781 2111
160425 160422 581
160422 160425 581
160289 160281 1225
160576 160577 3118
160577 160576 3118
156781 156576 2111
156722 156784 1000
156963 156961 1000
156961 156963 1000
156784 156722 1000
177326 177421 1248
177421 177326 1248
172460 165982 747
167722 167724 1101
167724 167722 1101
167934 167932 759
167874 167875 767
167932 167934 759
167875 167874 767
165982 172460 747
164672 164683 610
164683 164672 610
165749 165750 4010
165750 165749 4010
119184 119183 561
119183 119184 561
119169 119249 1712
119249 119169 1712
118986 118985 1379
118985 118986 1379
118996 118995 353
118995 118996 353
93161 93162 905
93162 93161 905
94138 94125 275
94125 94138 275
108290 108291 1306
108291 108290 1306
108576 108634 1361
108634 108576 1361
92631 92676 809
92676 92631 809
191331 194302 354
194302 191331 354
191195 192625 1342
192625 191195 1342
109315 109345 1124
109339 109311 1111
109345 109315 1124
109311 109339 1111
109720 106210 256
106210 109720 256
110777 110783 1445
110783 110777 1445
39086 39120 1280
39120 39086 1280
39240 39239 2633
39239 39240 2633
37053 37048 476
37048 37053 476
36996 37001 2286
37001 36996 2286
38875 38876 951
38876 38875 951
38906 38907 709
38907 38906 709
38944 38940 2241
38943 38940 3255
38940 38943 3255
38940 38944 2241
38958 38953 344
38953 38958 344
47587 47597 766
47597 47587 766
47627 47636 1375
47636 47627 1375
47899 47903 871
47903 47899 871
47446 47442 1641
47442 47446 1641
47433 47431 837
130519 130518 355
47400 47397 778
47400 130516 1837
130511 130514 1346
130511 130516 1009
130514 130511 1346
130514 130515 789
130514 130521 1343
47395 47397 476
47398 47397 1903
47398 47399 738
47390 47391 2756
47426 47391 837
47426 47431 1411
130505 130508 1276
130515 130508 976
130515 130514 789
130515 130522 2284
130602 130508 885
130700 130699 965
130703 130699 1534
130703 130707 807
130707 130703 807
130707 130705 1422
130707 130710 738
130037 130538 518
130536 130538 1000
130539 130538 511
130539 130547 4214
130547 130539 4214
130547 130549 1264
130586 130549 976
130587 130549 1484
130546 130590 885
130591 130590 940
130606 130609 2014
130708 130609 751
130732 130736 752
130737 130736 1957
130737 130739 673
130753 130756 1211
130753 130757 1154
130757 130753 1154
130757 130756 1336
130757 130786 766
130758 130787 927
130856 130755 1958
130856 130789 916
130816 130814 506
130819 130820 1241
130819 130825 337
130825 130819 337
130825 130824 889
130825 130826 1689
130867 130868 421
130755 130813 556
130755 130856 1958
130803 130809 1055
130803 130824 2195
130807 130808 1689
130809 130803 1055
130809 130808 1161
130809 130812 2531
130832 130808 951
132377 132378 742
130836 130841 673
130836 130850 436
130842 130841 2419
130850 130836 436
130850 130851 928
130852 130851 1255
130852 131124 789
130852 131152 1182
131152 130852 1182
131152 130899 537
131124 130852 789
131124 131125 238
131112 131122 874
131121 131122 1067
131130 131132 133
131133 131144 1683
131135 131143 1395
131135 131144 2798
131143 131135 1395
131143 131145 1381
131143 131147 1632
131147 131143 1632
131147 131146 1304
131147 131148 1055
131261 131260 683
131263 131266 1673
131265 131266 337
131269 131279 843
131281 131279 1446
131281 131291 791
131291 131281 791
131291 131285 767
131295 131285 2790
131295 131301 791
131141 131149 2567
131148 131147 1055
131148 131149 581
131151 131149 970
131151 131150 1201
131150 131151 1201
131150 131257 1183
131305 131301 674
131305 131553 553
131557 131555 1778
131557 131560 279
121340 121339 558
121340 131560 1102
131610 131609 1381
131611 131609 789
131611 131613 848
131611 131616 1658
131613 131611 848
131613 131617 1705
131613 132149 848
132121 132146 789
132121 132149 1735
132147 132146 890
132147 132151 1580
132152 132151 697
132152 132159 928
132152 132160 1616
132118 132146 2663
132153 132154 610
132153 132159 1631
132154 132153 610
132154 132166 1759
132175 132183 2217
132214 132213 837
132214 132216 837
132214 132233 1679
132216 132214 837
132216 132217 789
132216 132234 1612
132217 132216 789
132217 132235 1679
132217 132239 837
132241 132239 879
132247 132246 475
132247 132248 1485
132245 132243 2419
132245 132248 3093
132243 132244 2035
132243 132245 2419
132280 132244 874
132281 132244 1212
54145 53987 789
54145 54144 1067
54145 54146 552
53993 53992 1413
53994 53992 1121
53994 53995 1747
53996 53995 1023
53996 54072 927
53996 54223 2220
54021 54019 1855
54021 54043 1438
54090 54043 1114
54090 56414 1855
50641 50640 194
50641 50660 337
50660 50640 486
50660 50641 337
54019 50640 573
54019 54021 1855
56414 54090 1855
56414 54106 374
56422 54106 1687
56422 54107 650
56435 54107 1414
56435 56447 253
56447 56435 253
56447 56437 650
56447 56449 1096
56449 56437 940
56449 56447 1096
56449 56453 843
54040 54035 747
54040 54092 1212
54093 54092 1105
56453 50689 934
56453 56449 843
56453 56450 337
54034 54031 928
54034 54035 2292
54084 54085 751
54084 54102 2221
54101 54105 475
54256 56681 505
54265 56681 721
54031 54034 928
54031 54085 2235
50689 54277 562
50689 56453 934
54278 50824 264
54278 54277 2237
50824 50823 254
50824 54278 264
50847 50823 599
54072 53996 927
54072 54068 697
54072 54222 2235
54066 54068 1545
54070 54068 650
54070 54077 2221
54076 54077 747
54076 54229 2221
54243 54229 475
54243 54244 808
54244 54243 808
54244 54247 808
54246 54247 928
54246 54252 673
54275 54252 885
140333 140334 319
150811 140334 1427
140336 140335 854
140336 140347 1844
150761 146967 868
150761 150771 308
150764 146967 2304
151980 146967 705
150772 150771 795
150790 150771 266
150790 150806 845
150807 150806 1803
150809 150806 685
140347 140336 1844
140347 140337 837
140347 140354 2393
140350 140354 816
143558 143548 756
143558 143549 1429
143558 143559 2827
143549 143547 614
143549 143558 1429
143568 143552 420
143574 143552 855
143574 143575 751
143578 143575 2483
143614 143613 825
143833 143827 2586
143833 143832 810
143851 143832 2241
143851 143853 519
143852 143850 1124
143853 143850 593
143853 143851 519
146966 143637 1083
143645 139777 770
143651 139777 2717
143652 139777 893
143628 143630 448
143631 143630 1195
143980 143975 824
143980 143978 2529
143988 143978 822
143988 143987 1213
143987 143979 479
143987 143988 1213
143983 143975 1101
143983 143981 749
143982 143981 790
143821 143815 1015
143821 143820 820
143821 143822 766
143823 143822 1493
143807 143801 2517
143807 143804 717
143807 143808 880
143819 143808 1117
143819 143820 873
143762 143760 1063
143762 143761 766
143762 143805 822
143806 143804 990
143806 143805 867
143893 143805 1512
143838 143761 1521
141154 141155 173
141154 141275 326
141154 143747 793
141154 143828 1487
141275 141154 326
141275 141155 353
143830 143827 791
143830 143829 2365
143836 143829 899
142903 142891 858
142903 142901 2226
144004 142891 1905
144004 144003 747
144005 144003 1233
142902 142895 1592
142902 142901 771
142898 142895 684
142898 142897 1510
142899 142897 880
142899 144935 767
144936 144935 1535
144936 144938 737
144943 144938 1799
144943 144944 923
144948 144927 1872
144948 144947 788
144948 144951 827
144949 144939 693
144949 144947 1483
144944 144939 1762
144944 144943 923
144954 144951 839
144954 144952 1637
144954 144993 786
144955 144951 1473
144998 144968 2329
144998 144997 802
144998 145016 570
145012 144997 858
145012 145002 968
144993 144954 786
144993 144990 495
144993 144994 369
144994 144990 583
144994 144993 369
144994 144996 737
144996 144994 737
144996 144999 581
145001 144999 260
145022 145002 981
145023 145002 869
143026 143034 2840
143035 143034 802
143035 143037 778
143035 143175 2122
143028 143036 1014
143028 143037 2122
143040 143036 888
143040 143039 1318
143208 143039 828
143208 143206 1191
143206 143205 1118
143206 143208 1191
143206 143220 764
143220 143206 764
143220 143223 493
143222 143223 743
143222 143224 314
143224 143222 314
143224 143223 648
143224 143225 1789
143233 143225 407
143233 143235 952
143236 143235 2651
143236 143239 1084
143327 143239 2852
143327 143355 723
143359 143355 2601
143359 143360 900
143359 143374 1974
143374 143359 1974
143374 143371 774
143374 143375 867
143371 143373 876
143371 143374 774
143372 143373 1537
143376 143373 753
143376 143389 3173
143392 143389 696
143392 143394 385
145016 144982 312
145016 144998 570
145016 145017 207
145017 144982 209
145017 145015 770
145017 145016 207
145019 145015 2296
145019 145191 998
145195 145191 2369
145195 145194 921
145194 145174 2364
145194 145195 921
145194 145208 822
198794 198793 1486
214461 198793 533
212585 212584 2644
212586 212584 550
145248 145211 111
145248 145246 1934
145248 145249 840
145208 145194 822
145208 145206 290
145208 145210 388
145211 145210 1547
145211 145248 111
145257 145249 1750
145257 145259 55
145259 145257 55
145259 145258 698
145262 145258 1731
145262 145260 983
145262 146440 1039
145218 145256 907
145218 146420 1958
145254 145256 1582
145260 145256 858
145260 145262 983
146419 146420 963
146423 146420 1002
146442 146440 1049
146421 146432 1046
146431 146432 1676
146431 146448 493
146434 146432 716
146452 146448 788
146452 146453 935
146452 146455 2186
146455 146452 2186
146455 146456 1027
146632 146456 791
146632 146618 1050
146632 146634 1322
146634 146632 1322
146634 146635 1036
146648 146635 1309
146648 146651 858
146648 146653 937
146653 146648 937
146653 146654 856
146691 146654 1008
146691 146692 841
146691 146693 1452
146693 146691 1452
146693 146697 778
146703 146697 2369
146703 146706 813
146712 146706 2426
146712 146713 763
146712 146830 2323
146880 146830 750
146880 146884 2412
146882 146884 745
146882 146888 2449
146887 146888 892
146887 146895 1919
146908 146895 1001
146908 146909 700
146909 146908 700
146909 146912 775
146897 146900 2057
146905 146900 776
957
130518
130516
130521
47397
47399
47391
47431
130508
130522
130699
130705
130710
130538
130549
130590
130609
130736
130739
130756
130786
130787
130789
130814
130820
130826
130868
130813
130824
130808
130812
132378
130841
130851
130899
131125
131122
131132
131144
131145
131146
131260
131266
131279
131285
131149
131257
131301
131553
131555
131560
121339
131609
131616
131617
132149
132151
132160
132146
132159
132166
132183
132213
132233
132234
132235
132239
132246
132248
132244
54144
54146
53987
53992
53995
54223
54043
50640
54106
54107
56437
54092
56450
54035
54102
54105
56681
54085
54277
50823
54222
54068
54077
54229
54247
54252
140334
140335
146967
150771
150806
140337
140354
143548
143559
143547
143552
143575
143613
143832
143850
143637
139777
143630
143978
143979
143975
143981
143815
143822
143801
143808
143820
143760
143804
143805
143761
141155
143747
143828
143827
143829
142891
144003
142901
142895
142897
144935
144938
144927
144947
144939
144951
144952
144968
144997
144990
144999
145002
143034
143175
143037
143036
143039
143205
143223
143225
143235
143239
143355
143360
143375
143373
143389
143394
144982
145015
145191
145174
198793
212584
145246
145206
145210
145249
145258
145256
146420
146440
146432
146448
146453
146456
146618
146635
146651
146654
146692
146697
146706
146713
146830
146884
146888
146895
146912
146900
146910
150159
212215
213379
153574
153605
153607
153620
153629
153817
153567
153557
153566
153560
153564
152076
168526
162502
152080
152092
152079
168530
167810
167814
178616
178624
178656
178851
178848
180076
180075
178825
179773
179835
179859
177714
179933
179954
153260
153864
152884
153866
153852
153867
153632
153634
153828
153840
153845
153853
153855
152881
153276
153283
153284
153275
153281
153321
153282
155959
156166
156204
156579
156727
156718
153336
153300
153358
153359
153452
154661
154671
153400
155877
157001
157018
154866
157024
153396
154839
154859
155961
155963
157078
157081
157002
157006
157011
155927
177703
172926
172919
185286
172922
180015
178111
178115
178531
178555
178556
173280
173282
178574
172967
178063
178018
178032
177985
177988
178000
178083
178149
178158
178157
178159
173287
173307
173339
174772
173497
173459
173460
176746
185501
173475
174933
174931
176708
177601
177401
177605
177609
177596
177637
160158
160153
160162
160154
160208
160244
156520
160270
160248
160269
156525
160281
160334
160283
160288
160164
160200
156576
160377
160364
160353
160356
160386
160425
160422
160286
160289
160576
160585
160414
160577
156899
160376
156897
156901
156867
156781
156646
156722
156729
156903
156963
156961
160462
160473
160476
160487
156683
160511
160670
160507
160497
160503
160552
156644
156784
156811
156812
156800
156818
156822
156931
158135
156979
158332
156928
156974
156670
158352
158469
160690
177326
177375
177421
177414
177419
177394
177613
177402
177615
177399
176697
172170
172460
165659
165861
165646
165662
167793
167816
167732
167773
167722
167724
167748
172186
167822
168433
165407
167708
167934
167938
167953
167874
167932
167854
167875
165982
166015
166016
165774
165693
161535
161423
164638
164688
169065
169068
164890
169308
164616
164672
164683
161434
165723
165778
165787
165796
165712
165752
165749
165750
165735
165738
165740
164974
169380
169382
169367
169365
118849
119049
119046
119053
119112
119116
119184
119183
119248
119167
119169
119249
119206
119329
119201
118809
119429
118986
118985
118989
118996
118995
118998
94660
94364
103256
94835
94355
94362
94518
94522
92381
92370
92360
94484
100412
92274
93161
93162
93834
93843
93864
94089
94134
94138
94119
94125
94154
108422
105916
105901
108111
108020
108302
108290
108463
108070
108466
108291
106116
106118
108558
108572
108589
108576
108603
109283
109287
109296
108634
108655
93587
102292
102289
93808
93725
93733
93819
93807
93801
93802
92623
92634
92631
92632
92676
92680
92683
92641
92645
93244
191171
193910
191179
191990
192002
194084
194165
194198
191987
194207
191687
191695
192127
191638
194075
191331
194302
191183
191195
191198
192625
192644
192648
192649
190943
109331
109334
109320
109309
108650
109315
109339
109345
108661
109557
109575
113793
109311
113803
109597
109600
113805
108850
109720
106210
106207
109753
109746
110028
109762
109756
110035
110107
110019
110121
110214
110229
113827
113832
110777
110794
110783
110039
110622
110729
110736
110752
110754
110764
110739
110743
103844
103856
103842
112824
112863
103851
103898
103919
112493
106181
110893
110788
110805
103936
104022
103874
103928
103929
103891
103886
103941
39052
39056
39084
39086
39120
36902
39080
39083
39088
37195
39235
39241
39240
37145
37176
37182
37191
39239
39271
37050
37053
37048
38152
38177
37022
37028
37033
37023
37064
38185
36990
36996
37001
37149
36995
37144
37146
38202
38368
38384
38400
38403
38481
38502
38495
38340
38522
38513
38526
38821
38826
38871
38875
38876
38906
38907
36004
38915
38982
38986
38993
38938
38944
38913
38943
38954
38940
38958
38802
38953
41534
41542
41545
47583
47587
47597
47600
47605
47631
47627
47619
47636
47640
47902
47906
47899
47903
47853
47860
47858
47882
47900
47870
47446
47357
47352
47442
47448
47451
47453
47433
130511
47395
47398
47390
47426
130505
130515
130602
130700
130703
130707
130037
130536
130539
130547
130586
130587
130546
130606
130732
130737
130753
130758
130816
130819
130755
130803
130807
130809
130832
132377
130836
130850
131112
131121
131130
131133
131135
131143
131147
131261
131263
131265
131269
131291
131295
131141
131151
131150
131305
131557
121340
131611
131613
132121
132147
132152
132118
132153
132154
132175
132241
132243
132280
53994
53996
54021
54090
50641
50660
54019
56414
56422
56435
56447
54040
54093
54034
54084
54101
54256
54265
54031
50689
54278
50824
54072
54066
54070
54076
54243
54244
54246
54275
150811
140336
150761
150764
151980
150772
150790
150807
150809
140347
140350
143558
143549
143568
143574
143578
143614
143833
143851
143852
143853
143645
143651
143652
143628
143980
143988
143987
143983
143982
143823
143807
143819
143762
143806
143893
143838
141275
143830
143836
142903
144004
142902
142898
142899
144936
144943
144948
144949
144944
144954
144955
144998
145012
144993
144996
145001
145022
145023
143026
143035
143028
143040
143208
143220
143222
143224
143233
143236
143327
143359
143371
143372
143376
143392
145016
145017
145019
145195
145194
198794
212586
145248
145211
145259
145218
145254
145260
146419
146421
146431
146434
146452
146455
146632
146634
146648
146653
146691
146693
146703
146712
146880
146882
146887
146908
146909
146897
146905
