1422
45390 45387 1853
45391 45360 683
45391 45392 581
125151 125127 1447
125151 125150 1067
125141 125139 1458
123728 123727 15074
125143 126243 4864
125149 125202 650
125149 125204 1949
125199 125200 871
125199 125201 1664
45145 45144 276
45145 45144 276
45157 45144 1366
45157 45155 1355
45157 45155 1355
125150 125127 1532
125150 125151 1067
125160 45182 452
125160 125161 404
125161 125160 404
125161 125163 3826
125263 125267 650
45357 45350 1010
45357 45359 948
45357 45360 1812
45295 45296 1798
45295 45307 630
45304 45303 1121
45305 45303 1064
45305 45327 2967
45328 45327 924
45328 45329 517
45350 45356 558
45350 45357 1010
45351 45339 445
45351 45352 355
45355 45353 1357
45355 45356 2058
125585 125580 1258
125585 125586 1121
125586 125585 1121
125586 125603 1029
125586 125605 2621
125916 125917 2790
125916 125921 612
125917 125916 2790
125917 125918 985
45491 45487 3975
45492 45487 336
45492 45524 948
45533 45524 4686
45532 45526 879
45532 45536 1396
45521 45517 2484
45521 45527 928
45646 45645 1345
45647 45645 1887
45647 45649 697
45657 45656 1327
45658 45592 2080
45602 45659 336
126268 126255 2467
126268 126267 1615
126294 126284 581
126295 126286 509
126303 126301 474
126303 126304 2216
126304 126303 2216
126304 126306 751
126390 126306 374
126390 126375 558
126377 126376 1161
126377 126384 511
126379 126378 1142
126374 126369 2084
126374 126375 976
126374 126378 751
126384 126377 511
126384 126381 279
126357 126356 1423
126358 125903 1636
126358 126347 202
126359 126342 1210
126349 125907 2551
126349 126348 1642
128580 128574 2320
128580 128581 796
128596 128581 1450
128598 128593 2237
128598 132428 581
128598 132429 1107
128746 128603 1308
128746 128747 808
128747 128746 808
128747 128750 874
128755 128750 2254
128755 128759 751
128759 128755 751
128759 128760 2042
128759 128761 1210
128761 128759 1210
128761 128763 1116
128761 132370 480
128798 128764 2144
128798 128797 613
128804 128799 1030
128804 128803 404
128804 128806 811
128806 128804 811
128806 128805 976
128813 128801 673
128813 128815 1121
128815 128813 1121
128815 128817 697
128826 128821 710
128831 128832 527
128877 128876 1379
128877 128881 455
128886 128884 689
128886 128887 701
128891 128890 1147
128989 128990 818
128989 128992 891
128996 128997 808
128998 132517 1160
120590 120580 747
120592 120591 1849
128893 120579 1364
128893 128874 2956
120594 120582 672
120594 120591 778
120656 120657 789
120661 120664 1206
120661 120672 880
120667 120668 843
120667 120675 491
120670 120668 768
120670 120676 3062
120670 120719 759
129058 120715 675
129058 120719 1891
128984 128982 673
128984 128987 477
128985 128882 1884
128985 128982 1933
128988 128987 511
129041 129040 2285
129041 129047 767
129041 129063 2323
129049 129047 2424
129049 129223 889
129223 129049 889
129223 129227 422
120733 120732 1277
120733 120734 778
120733 120735 1382
129064 120717 1018
129064 129063 747
129048 129047 452
120756 120755 337
120760 120754 674
120760 120761 1811
120763 120761 949
120763 120943 1439
120712 120711 631
120794 120792 1818
120795 120792 1979
120795 120800 355
120800 120793 506
120800 120795 355
120801 120793 2224
120801 120798 791
120788 120786 1019
120788 120789 2223
120790 120786 506
120790 120796 253
120810 120808 711
120810 120819 851
120810 120820 1124
120813 120804 1183
120813 120808 3293
120823 120819 688
120829 120826 1827
68558 68535 3787
68558 68550 941
68562 78813 2615
68566 78814 127
68518 68513 422
68518 68517 672
68626 68624 436
68626 68631 796
68633 68629 951
120907 120896 2386
120907 120906 562
120907 120908 581
120908 120899 2321
120908 120907 581
120910 120900 2374
120910 120912 688
120915 68628 518
120915 120912 1675
120915 120932 553
120828 120826 924
120828 120827 767
120895 120891 873
120895 120902 672
120906 120905 1857
120906 120907 562
68713 68666 1019
68713 68715 1019
68713 68720 1561
68715 68713 1019
68715 68721 1268
68730 68721 553
68730 68731 1505
68731 68730 1505
68731 68735 1484
68741 68745 1182
68741 68753 2015
68753 68741 2015
68753 68747 1187
68758 68972 512
68761 68978 2878
68761 69138 1010
69142 69138 1996
69142 69143 1082
69153 69143 2043
69153 69155 954
69156 69155 698
69156 69199 1230
69199 69156 1230
69199 69158 891
69199 69201 436
69201 69199 436
69201 69203 2217
69204 69203 791
69204 69207 739
69204 69208 1968
69207 69204 739
69207 69210 1832
69218 69210 808
69218 69387 1535
69399 78815 615
69401 69402 935
69403 69402 1265
72632 72635 344
69633 69636 1111
69633 69637 768
78484 78771 1199
69377 69372 606
69377 69380 650
69478 69476 140
69463 69456 1857
69463 69461 667
69463 69465 924
69461 69457 1773
69461 69463 667
69465 69462 2038
69465 69463 924
69465 69474 672
69398 69397 2445
69398 69415 506
69398 69417 519
69417 69398 519
69417 69409 796
69411 69409 1043
69411 69412 1102
69449 69448 1386
69472 69471 768
69472 69473 1114
69474 69465 672
69474 69473 1692
69065 69063 1632
69065 69064 753
69081 69080 601
69079 69076 873
69079 69082 1023
69470 69469 1103
69470 69471 1906
71624 71681 1589
71606 71607 875
71606 71608 519
71626 71619 403
71626 71804 1970
71631 71632 1445
71631 71692 2479
71794 71783 1042
71807 71808 1889
71807 71867 404
71816 71821 2221
71816 71883 1225
71971 71972 2161
72058 72055 760
72077 72081 672
72078 72124 337
71829 71830 580
71833 71834 284
69032 69033 1451
69042 69041 1535
69049 69047 837
69049 69059 1731
69067 69068 562
69067 69072 422
69069 69068 768
69083 69082 924
69083 69490 1310
69490 69083 1310
69490 69492 873
72368 72370 936
72368 72378 969
72325 72323 1467
72370 72368 936
72370 72377 889
72374 72375 1467
72374 72376 1623
72376 72374 1623
72376 72377 1895
72381 72379 2463
72381 72385 1148
72386 72385 464
72452 72444 1038
72452 72453 782
72557 72543 611
72557 72558 1307
72564 72558 476
72564 72594 1584
72588 72594 818
72588 72595 1540
72589 72595 688
72589 72599 830
69705 69707 1226
69706 69703 647
69706 69707 465
69703 69706 647
69703 69713 380
69709 69708 397
69709 69712 724
220305 220298 480
220299 220298 1095
220299 220637 1168
224959 224960 655
224959 224961 1008
224959 224961 1008
220812 220809 727
220812 220814 1873
220814 220657 698
220814 220812 1873
220825 220816 2216
220825 220826 839
220866 220826 2179
220866 220867 775
220875 220867 2388
220875 220876 788
221145 220876 2285
221145 221146 796
221145 221150 1806
220597 220596 1144
220597 220601 1183
220597 220610 993
220600 220601 1077
220600 220602 693
220600 220605 612
220627 220626 188
220612 220610 570
220612 220613 1129
220617 220631 1578
220617 220632 411
220359 220360 331
220359 220370 2171
220378 220377 1369
220378 220379 643
220391 220390 906
220391 224276 449
220678 223718 827
220678 224852 607
220397 220684 2610
220397 223718 1743
220397 224664 1587
220676 220723 3737
220676 220979 573
220722 220718 2867
220722 220723 2854
224258 224263 3366
220249 220035 3834
220249 220251 164
220401 218151 1228
220401 220402 4548
220431 220441 623
220431 220442 769
220431 224673 459
224538 220441 2353
224538 224539 320
220033 220034 2449
220352 220351 460
220352 221711 1332
220367 220363 1584
220367 220368 998
219694 219695 697
219694 219709 2278
219708 219709 796
219373 219376 2481
219373 219697 1348
219695 219694 697
219695 219712 2320
219701 219697 1149
219701 219702 165
219701 219703 2434
219716 219712 828
219716 219717 853
219679 219676 2395
219679 219685 2603
219679 219727 814
219684 219685 802
219684 219711 2495
219710 219709 828
219710 219711 769
219710 219713 2418
219676 215704 659
219676 219679 2395
219634 215704 1655
219634 219631 2149
219358 219356 887
219358 219370 2473
219371 219370 846
219371 221409 1090
219376 219373 2481
219376 219699 1151
219376 221415 2390
221410 221408 76
221410 221603 545
219315 219316 834
219354 219316 1716
219354 219355 870
224340 219356 1612
221150 221145 1806
221150 221149 1243
221152 221154 1425
221152 221155 841
221153 221147 254
221153 221156 777
219313 219305 782
219313 219317 2003
219313 221344 879
221330 221331 1355
221192 221180 1053
221194 221201 1452
221196 221195 558
221196 221202 2375
221183 221155 2489
221183 221185 865
221185 221163 3104
221185 221183 865
221186 221170 2134
221186 221204 805
221202 221196 2375
221202 221203 898
221202 221204 2343
219305 219313 782
219305 219316 2009
216405 216406 380
216405 216407 1452
216425 216426 1217
216425 216427 519
216446 216448 349
216446 216469 2046
216395 216411 1848
216395 216412 2215
216413 216411 1076
215605 215644 1875
215605 215645 2295
215645 215605 2295
215645 215644 548
215645 215662 4311
215785 215786 153
215806 215807 1153
215806 218140 655
215834 215807 454
218140 215806 655
218140 215841 860
215562 215547 578
215562 215560 2731
215562 215564 774
215568 215566 745
215568 215688 1596
215564 215562 774
215564 215563 1856
215564 215567 761
215566 215567 1331
215566 215568 745
215689 215688 916
215687 215685 1382
215687 215691 652
215902 215901 1281
215902 215909 1415
215902 215916 766
215870 215871 468
215870 215880 360
215879 215871 1220
215879 215875 711
215879 215886 1578
215880 215870 360
215880 215901 239
215812 215840 451
215844 215850 250
215844 215925 1463
215845 215925 774
215845 224154 447
215916 215902 766
215916 215910 1612
215916 215918 793
215917 215918 1158
215917 215921 727
215925 215844 1463
215925 215845 774
215925 215928 198
215925 215931 990
215939 215929 188
215939 215941 730
215941 215939 730
215941 215942 1447
215941 215943 715
215954 215943 2058
215954 215959 759
215957 215959 804
215957 215960 874
215921 215917 727
215921 217280 1162
215921 217282 753
217295 224729 397
217296 217284 973
217282 215921 753
217282 217281 1082
217282 217284 734
215960 215957 874
215960 215962 994
215960 217301 658
217306 217300 1290
217306 217301 808
217307 217396 3365
217304 216840 731
217304 224729 860
217309 224153 1651
217336 216840 828
217336 222532 187
217336 224385 997
217340 217396 647
217340 217398 850
217340 217399 1041
215491 215493 1006
215536 215535 819
215536 215537 714
215536 216555 951
215547 215558 3187
215547 215562 578
215539 215537 760
215539 215557 2429
217981 217978 461
217981 222419 810
222419 217981 810
222419 222422 1204
222423 222422 1156
222423 222433 739
216089 216114 573
216128 216143 415
216098 216097 1695
216098 222433 740
216099 216097 749
216099 216127 1683
216099 216143 1396
222356 222358 777
222375 222358 1762
222375 222376 540
222375 222377 722
217976 217975 109
217976 217978 449
222418 222435 992
222418 222442 1562
216019 216022 506
216019 216025 1066
216017 216015 1095
216017 216033 547
216118 216117 564
216118 216119 1099
216111 216119 774
219635 219630 1386
219635 219636 985
219638 219640 884
219652 219649 1682
219652 219653 729
219827 219826 1382
219827 224127 705
219882 222380 465
219882 222384 441
222383 219890 882
222383 222381 884
222383 222385 1827
219879 219877 994
219879 219880 985
219887 219889 223
219887 219891 1107
219889 219887 223
219889 219894 1538
219890 222383 882
219890 222387 1827
219888 222355 761
219888 222373 1886
219888 222380 870
219871 222354 975
219871 222355 1369
222353 222349 900
222353 222354 238
222359 222349 772
222359 222358 1088
215518 215521 905
215518 215531 764
215531 215518 764
215531 215530 805
215515 215519 1009
215520 215519 477
215520 215522 134
223737 215519 1020
223527 215895 250
223519 223517 844
223519 223533 1835
223521 223535 870
223521 223558 190
223534 223535 3048
223534 223536 890
223500 223508 866
223517 223518 504
223517 223519 844
223517 223532 1802
223492 223489 678
223492 223494 2738
223496 223494 809
223496 223509 861
223499 223507 371
223499 223509 872
215535 215536 819
215535 215553 2502
223381 223383 657
223381 223384 1506
223381 223385 1112
223382 223385 1579
223382 223548 882
223382 223551 2282
223548 223382 882
223548 223550 2219
223549 223550 701
223549 223559 2698
223489 223491 324
223489 223492 678
223502 223501 1260
223479 223501 732
147048 147104 596
147104 147048 596
147107 147113 918
147113 147107 918
147192 147189 1320
147189 147192 1320
148115 148113 1807
148113 148115 1807
171598 171596 928
171596 171598 928
159251 159263 1114
159263 159251 1114
97929 97930 2556
97930 97929 2556
98868 98867 1481
98867 98868 1481
98794 98807 756
98812 98807 708
98807 98794 756
98807 98812 708
98095 98099 782
98099 98095 782
98382 98403 1304
98403 98382 1304
43496 43492 336
43492 43496 336
43525 43628 3659
42359 42360 806
42360 42359 806
42360 42367 737
42367 42360 737
43628 43525 3659
43651 43645 1426
43645 43651 1426
43795 43794 2376
43656 43658 1062
43543 43587 2787
43658 43656 1062
43587 43543 2787
43564 43566 1254
43566 43564 1254
43794 43795 2376
43786 43790 2291
43790 43786 2291
125610 125925 337
125922 125605 1075
125925 125610 337
125931 125920 2785
125920 125918 1308
125920 125931 2785
126105 126106 2237
126106 126105 2237
45382 45387 1558
45387 45356 674
45387 45382 1558
45387 45390 1853
45360 45357 1812
45360 45391 683
45392 45391 581
125127 125150 1532
125127 125151 1447
125139 125141 1458
123727 123728 15074
126243 125143 4864
125202 125149 650
125202 125201 1023
125204 125149 1949
125200 125199 871
125201 125199 1664
125201 125202 1023
45144 45145 276
45144 45145 276
45144 45157 1366
45155 45157 1355
45155 45157 1355
45182 125160 452
125163 125161 3826
125267 125263 650
45359 45357 948
45296 45295 1798
45296 45303 1225
45307 45295 630
45303 45296 1225
45303 45304 1121
45303 45305 1064
45327 45305 2967
45327 45328 924
45329 45328 517
45356 45350 558
45356 45355 2058
45356 45387 674
45339 45351 445
45339 45352 474
45352 45339 474
45352 45351 355
45352 45353 985
45353 45352 985
45353 45355 1357
125580 125585 1258
125603 125586 1029
125605 125586 2621
125605 125921 1116
125605 125922 1075
125921 125605 1116
125921 125916 612
125918 125917 985
125918 125920 1308
45487 45491 3975
45487 45492 336
45524 45492 948
45524 45533 4686
45526 45532 879
45536 45532 1396
45517 45521 2484
45527 45521 928
45645 45646 1345
45645 45647 1887
45649 45647 697
45656 45657 1327
45592 45658 2080
45592 45659 418
45659 45592 418
45659 45602 336
126255 126267 1642
126255 126268 2467
126267 126255 1642
126267 126268 1615
126284 126294 581
126286 126295 509
126301 126303 474
126306 126304 751
126306 126390 374
126375 126374 976
126375 126390 558
126376 126377 1161
126376 126378 650
126378 126374 751
126378 126376 650
126378 126379 1142
126369 126374 2084
126381 126384 279
126356 126342 1674
126356 126357 1423
125903 126358 1636
126347 126358 202
126342 126356 1674
126342 126359 1210
125907 126349 2551
126348 126349 1642
128574 128580 2320
128581 128580 796
128581 128596 1450
128593 128598 2237
132428 128598 581
132429 128598 1107
128603 128746 1308
128750 128747 874
128750 128755 2254
128750 128760 1010
128760 128750 1010
128760 128759 2042
128763 128761 1116
128763 128764 1075
132370 128761 480
128764 128763 1075
128764 128798 2144
128764 128799 1210
128797 128798 613
128799 128764 1210
128799 128804 1030
128799 128805 874
128803 128804 404
128805 128799 874
128805 128806 976
128801 128813 673
128817 128815 697
128821 128826 710
128832 128831 527
128876 128877 1379
128881 128877 455
128881 128884 1194
128884 128881 1194
128884 128886 689
128887 128886 701
128887 128992 845
128890 128891 1147
128990 128989 818
128992 128887 845
128992 128989 891
128997 128996 808
132517 128998 1160
120580 120579 1423
120580 120582 2697
120580 120590 747
120591 120592 1849
120591 120594 778
120579 120580 1423
120579 128893 1364
128874 128893 2956
120582 120580 2697
120582 120594 672
120657 120656 789
120664 120661 1206
120672 120661 880
120668 120667 843
120668 120670 768
120675 120667 491
120676 120670 3062
120719 120670 759
120719 129058 1891
120715 120717 791
120715 129058 675
128982 128882 874
128982 128984 673
128982 128985 1933
128987 128984 477
128987 128988 511
128882 128982 874
128882 128985 1884
129040 129041 2285
129040 129063 949
129047 129041 767
129047 129048 452
129047 129049 2424
129063 129040 949
129063 129041 2323
129063 129064 747
129227 129223 422
120732 120733 1277
120732 120734 1012
120734 120732 1012
120734 120733 778
120734 120735 1285
120735 120733 1382
120735 120734 1285
120717 120715 791
120717 129064 1018
120755 120754 1256
120755 120756 337
120754 120755 1256
120754 120760 674
120761 120760 1811
120761 120763 949
120943 120763 1439
120711 120712 631
120792 120794 1818
120792 120795 1979
120793 120800 506
120793 120801 2224
120798 120796 759
120798 120801 791
120786 120788 1019
120786 120790 506
120789 120788 2223
120796 120790 253
120796 120798 759
120808 120810 711
120808 120813 3293
120819 120810 851
120819 120823 688
120819 120826 767
120819 120827 1140
120820 120810 1124
120820 120827 767
120804 120813 1183
120826 120819 767
120826 120828 924
120826 120829 1827
68535 68558 3787
68550 68558 941
78813 68562 2615
78814 68566 127
68513 68518 422
68517 68518 672
68624 68626 436
68631 68626 796
68629 68628 202
68629 68628 202
68629 68633 951
120896 120899 452
120896 120907 2386
120899 120896 452
120899 120900 796
120899 120908 2321
120900 120899 796
120900 120910 2374
120912 120910 688
120912 120915 1675
68628 68629 202
68628 68629 202
68628 120915 518
120932 120915 553
120827 120819 1140
120827 120820 767
120827 120828 767
120891 120895 873
120902 120895 672
120902 120905 518
120905 120902 518
120905 120906 1857
68666 68713 1019
68720 68713 1561
68720 68721 829
68721 68715 1268
68721 68720 829
68721 68730 553
68735 68731 1484
68735 68745 1014
68745 68735 1014
68745 68741 1182
68747 68753 1187
68972 68758 512
68972 68978 1452
68978 68761 2878
68978 68972 1452
69138 68761 1010
69138 69142 1996
69143 69142 1082
69143 69153 2043
69155 69153 954
69155 69156 698
69155 69158 1143
69158 69155 1143
69158 69199 891
69203 69201 2217
69203 69204 791
69208 69204 1968
69208 69210 753
69210 69207 1832
69210 69208 753
69210 69218 808
69387 69218 1535
78815 69399 615
69402 69401 935
69402 69403 1265
72635 72632 344
69636 69633 1111
69637 69633 768
78771 78484 1199
69372 69377 606
69380 69377 650
69476 69478 140
69456 69457 672
69456 69462 672
69456 69463 1857
69457 69456 672
69457 69461 1773
69462 69456 672
69462 69465 2038
69397 69398 2445
69415 69398 506
69409 69411 1043
69409 69417 796
69412 69411 1102
69448 69449 1386
69471 69470 1906
69471 69472 768
69473 69472 1114
69473 69474 1692
69063 69065 1632
69064 69065 753
69080 69081 601
69076 69079 873
69076 69082 1161
69082 69076 1161
69082 69079 1023
69082 69083 924
69469 69470 1103
71681 71624 1589
71607 71606 875
71608 71606 519
71619 71626 403
71804 71626 1970
71632 71631 1445
71692 71631 2479
71783 71794 1042
71808 71807 1889
71867 71807 404
71821 71816 2221
71883 71816 1225
71972 71971 2161
72055 72058 760
72081 72077 672
72124 72078 337
71830 71829 580
71834 71833 284
69033 69032 1451
69041 69042 1535
69047 69049 837
69059 69049 1731
69068 69067 562
69068 69069 768
69072 69067 422
69492 69490 873
72378 72368 969
72323 72325 1467
72377 72370 889
72377 72376 1895
72377 72379 2256
72375 72374 1467
72379 72377 2256
72379 72381 2463
72385 72381 1148
72385 72386 464
72444 72452 1038
72453 72452 782
72543 72557 611
72558 72557 1307
72558 72564 476
72594 72564 1584
72594 72588 818
72595 72588 1540
72595 72589 688
72599 72589 830
69707 69705 1226
69707 69706 465
69713 69703 380
69708 69709 397
69712 69709 724
220298 220299 1095
220298 220305 480
220637 220299 1168
224960 224959 655
224961 224959 1008
224961 224959 1008
220809 220812 727
220657 220814 698
220657 220816 828
220816 220657 828
220816 220825 2216
220826 220825 839
220826 220866 2179
220867 220866 775
220867 220875 2388
220876 220875 788
220876 221145 2285
221146 221145 796
221146 221147 688
221146 221149 776
220596 220597 1144
220601 220597 1183
220601 220600 1077
220610 220597 993
220610 220612 570
220602 220600 693
220605 220600 612
220626 220627 188
220613 220612 1129
220631 220617 1578
220631 220632 1559
220632 220617 411
220632 220631 1559
220360 220359 331
220370 220359 2171
220377 220378 1369
220379 220378 643
220390 220391 906
224276 220391 449
223718 220397 1743
223718 220678 827
224852 220678 607
220684 220397 2610
224664 220397 1587
224664 220979 520
220723 220676 3737
220723 220722 2854
220979 220676 573
220979 224664 520
220718 220722 2867
224263 224258 3366
220035 220249 3834
220251 218151 3773
220251 220249 164
218151 220251 3773
218151 220401 1228
220402 220401 4548
220441 220431 623
220441 224538 2353
220442 220431 769
224673 220431 459
224539 224538 320
220034 220033 2449
220351 220352 460
221711 220352 1332
220363 220367 1584
220368 220367 998
219709 219694 2278
219709 219708 796
219709 219710 828
219709 219712 781
219697 219373 1348
219697 219699 2444
219697 219701 1149
219712 219695 2320
219712 219709 781
219712 219716 828
219702 219701 165
219703 219699 769
219703 219701 2434
219717 219713 816
219717 219716 853
219685 219679 2603
219685 219684 802
219727 219679 814
219711 219684 2495
219711 219710 769
219713 219710 2418
219713 219717 816
215704 219634 1655
215704 219676 659
219631 219630 1334
219631 219634 2149
219356 219355 708
219356 219358 887
219356 224340 1612
219370 219358 2473
219370 219371 846
221409 219371 1090
219699 219376 1151
219699 219697 2444
219699 219703 769
221415 219376 2390
221408 221410 76
221603 221410 545
219316 219305 2009
219316 219315 834
219316 219317 707
219316 219354 1716
219355 219317 1774
219355 219354 870
219355 219356 708
221149 221146 776
221149 221147 1096
221149 221150 1243
221154 221152 1425
221154 221155 1500
221155 221152 841
221155 221154 1500
221155 221163 850
221155 221183 2489
221147 221146 688
221147 221149 1096
221147 221153 254
221156 221153 777
219317 219313 2003
219317 219316 707
219317 219355 1774
221344 219313 879
221331 221203 2610
221331 221330 1355
221180 221192 1053
221180 221201 800
221201 221180 800
221201 221194 1452
221195 221196 558
221163 221155 850
221163 221185 3104
221170 221186 2134
221204 221186 805
221204 221202 2343
221203 221202 898
221203 221331 2610
216406 216405 380
216407 216405 1452
216426 216425 1217
216427 216425 519
216448 216446 349
216469 216446 2046
216411 216395 1848
216411 216413 1076
216412 216395 2215
215644 215605 1875
215644 215645 548
215662 215645 4311
215786 215785 153
215807 215806 1153
215807 215834 454
215807 215841 286
215841 215807 286
215841 215840 1339
215841 218140 860
215560 215562 2731
215560 215563 1141
215688 215568 1596
215688 215689 916
215563 215560 1141
215563 215564 1856
215563 215685 1577
215567 215564 761
215567 215566 1331
215685 215563 1577
215685 215687 1382
215691 215687 652
215901 215880 239
215901 215902 1281
215909 215902 1415
215909 215910 623
215871 215870 468
215871 215879 1220
215875 215879 711
215886 215879 1578
215840 215812 451
215840 215841 1339
215850 215844 250
224154 215845 447
215910 215909 623
215910 215916 1612
215918 215916 793
215918 215917 1158
215918 217280 701
215928 215925 198
215928 215929 326
215931 215925 990
215929 215928 326
215929 215939 188
215942 215941 1447
215943 215941 715
215943 215954 2058
215959 215954 759
215959 215957 804
215959 215962 920
217280 215918 701
217280 215921 1162
217280 217281 776
224729 217295 397
224729 217304 860
217284 217282 734
217284 217296 973
217281 217280 776
217281 217282 1082
215962 215959 920
215962 215960 994
217301 215960 658
217301 217306 808
217300 217306 1290
217396 217307 3365
217396 217340 647
216840 217304 731
216840 217336 828
224153 217309 1651
222532 217336 187
224385 217336 997
217398 217340 850
217399 217340 1041
215493 215491 1006
215537 215536 714
215537 215539 760
216555 215536 951
215558 215547 3187
215558 215557 704
215557 215539 2429
215557 215558 704
217978 217975 409
217978 217976 449
217978 217981 461
222422 222419 1204
222422 222423 1156
222433 216098 740
222433 222423 739
216114 216089 573
216143 216099 1396
216143 216128 415
216097 216098 1695
216097 216099 749
216127 216099 1683
222358 222356 777
222358 222359 1088
222358 222375 1762
222376 222375 540
222377 222375 722
217975 217976 109
217975 217978 409
222435 222418 992
222442 222418 1562
216022 216019 506
216025 216019 1066
216015 216017 1095
216033 216017 547
216033 216117 770
216117 216033 770
216117 216118 564
216119 216111 774
216119 216118 1099
219630 219631 1334
219630 219635 1386
219636 219635 985
219636 219640 746
219640 219636 746
219640 219638 884
219640 219649 700
219649 219640 700
219649 219652 1682
219653 219652 729
219826 219827 1382
224127 219827 705
222380 219882 465
222380 219888 870
222384 219882 441
222381 222383 884
222385 222383 1827
222385 222387 882
219877 219879 994
219880 219879 985
219880 219891 1795
219891 219880 1795
219891 219887 1107
219891 219894 2135
219894 219889 1538
219894 219891 2135
222387 219890 1827
222387 222385 882
222355 219871 1369
222355 219888 761
222355 222354 696
222373 219888 1886
222354 219871 975
222354 222353 238
222354 222355 696
222349 222353 900
222349 222359 772
215521 215518 905
215521 215522 532
215521 215530 814
215530 215521 814
215530 215531 805
215519 215515 1009
215519 215520 477
215519 223737 1020
215522 215520 134
215522 215521 532
215895 223527 250
223533 223519 1835
223533 223532 755
223533 223536 861
223535 223521 870
223535 223534 3048
223558 223521 190
223536 223533 861
223536 223534 890
223508 223500 866
223508 223507 710
223508 223532 787
223518 223517 504
223532 223508 787
223532 223517 1802
223532 223533 755
223494 223492 2738
223494 223496 809
223509 223496 861
223509 223499 872
223507 223499 371
223507 223508 710
215553 215535 2502
223383 223381 657
223384 223381 1506
223385 223381 1112
223385 223382 1579
223551 223382 2282
223551 223550 818
223550 223548 2219
223550 223549 701
223550 223551 818
223559 223549 2698
223491 223489 324
223501 223479 732
223501 223502 1260
898
45390
45391
125151
125141
123728
125143
125149
125199
45145
45157
125150
125160
125161
125263
45357
45295
45304
45305
45328
45350
45351
45355
125585
125586
125916
125917
45491
45492
45533
45532
45521
45646
45647
45657
45658
45602
126268
126294
126295
126303
126304
126390
126377
126379
126374
126384
126357
126358
126359
126349
128580
128596
128598
128746
128747
128755
128759
128761
128798
128804
128806
128813
128815
128826
128831
128877
128886
128891
128989
128996
128998
120590
120592
128893
120594
120656
120661
120667
120670
129058
128984
128985
128988
129041
129049
129223
120733
129064
129048
120756
120760
120763
120712
120794
120795
120800
120801
120788
120790
120810
120813
120823
120829
68558
68562
68566
68518
68626
68633
120907
120908
120910
120915
120828
120895
120906
68713
68715
68730
68731
68741
68753
68758
68761
69142
69153
69156
69199
69201
69204
69207
69218
69399
69401
69403
72632
69633
78484
69377
69478
69463
69461
69465
69398
69417
69411
69449
69472
69474
69065
69081
69079
69470
71624
71606
71626
71631
71794
71807
71816
71971
72058
72077
72078
71829
71833
69032
69042
69049
69067
69069
69083
69490
72368
72325
72370
72374
72376
72381
72386
72452
72557
72564
72588
72589
69705
69706
69703
69709
220305
220299
224959
220812
220814
220825
220866
220875
221145
220597
220600
220627
220612
220617
220359
220378
220391
220678
220397
220676
220722
224258
220249
220401
220431
224538
220033
220352
220367
219694
219708
219373
219695
219701
219716
219679
219684
219710
219676
219634
219358
219371
219376
221410
219315
219354
224340
221150
221152
221153
219313
221330
221192
221194
221196
221183
221185
221186
221202
219305
216405
216425
216446
216395
216413
215605
215645
215785
215806
215834
218140
215562
215568
215564
215566
215689
215687
215902
215870
215879
215880
215812
215844
215845
215916
215917
215925
215939
215941
215954
215957
215921
217295
217296
217282
215960
217306
217307
217304
217309
217336
217340
215491
215536
215547
215539
217981
222419
222423
216089
216128
216098
216099
222356
222375
217976
222418
216019
216017
216118
216111
219635
219638
219652
219827
219882
222383
219879
219887
219889
219890
219888
219871
222353
222359
215518
215531
215515
215520
223737
223527
223519
223521
223534
223500
223517
223492
223496
223499
215535
223381
223382
223548
223549
223489
223502
223479
147853
147047
147048
147104
147106
151735
147107
147113
147186
147192
147189
151991
147004
147007
147018
147026
151972
151911
151997
147308
151854
147993
147996
148115
148113
213002
212980
212991
198592
198628
171438
171595
171581
171598
171596
171501
152163
162358
162360
152160
159282
159290
159292
159251
159263
162364
159183
159228
159233
159316
159243
159330
159337
159336
159465
159471
159485
214674
213008
213011
170956
171038
171397
170930
170933
171433
171436
170957
171027
171024
102551
97952
98059
102453
95249
94756
94752
95455
95453
95459
95460
95794
95800
94624
97929
97930
98753
98754
98782
98762
98868
98871
98865
98867
93362
93363
93369
100172
98687
98794
93357
98812
98807
98793
98730
97877
97882
98374
95808
98427
97964
98008
98079
98062
98085
98095
98099
98101
98103
98104
98367
98368
98363
98382
98403
98408
98415
92851
98682
98686
43496
43492
43494
43506
43527
43530
43525
42340
42343
42359
42360
42367
42371
41964
42447
42448
43628
43651
43645
42644
43795
40605
41374
43803
43832
42677
42559
42560
42564
42657
42663
42676
43230
43236
43243
42209
42235
43258
43417
43434
43421
43455
45218
45260
45267
45301
45461
43656
43543
43649
43658
43587
43559
43561
43556
43532
42508
43573
43564
43566
43604
43607
43618
43794
43786
43790
44488
45451
45562
45445
45443
45458
45469
45583
45588
45599
44486
125610
125922
125925
125931
125920
125645
125637
125647
126224
126231
126105
126106
126263
126266
45368
45372
45369
45382
45360
125127
125139
123727
126243
125202
125204
125200
45144
45155
45182
125267
45359
45307
45327
45329
45339
45353
125580
125603
125921
125918
45487
45524
45526
45517
45527
45645
45649
45656
45592
126255
126267
126284
126286
126301
126306
126375
126376
126369
126381
126356
125903
126347
126342
125907
126348
128574
128581
128593
128603
128750
128760
128763
128764
128805
128801
128821
128832
128876
128881
128884
128890
128992
128997
120580
120591
120579
128874
120582
120657
120664
120668
120675
120676
120719
120715
128987
128882
120732
120735
120717
120755
120754
120761
120711
120792
120793
120798
120786
120789
120796
120808
120820
120804
68535
68550
78813
78814
68513
68517
68624
68631
68629
120896
120899
120900
120912
120827
120891
120902
68666
68720
68735
68745
68747
68972
68978
69138
69143
69155
69158
69203
69208
69210
69402
72635
69637
69372
69380
69476
69456
69457
69462
69397
69415
69409
69471
69473
69063
69064
69076
69469
71681
71619
71632
71692
71783
71867
71821
71883
71972
72055
72081
72124
71830
69033
69041
69047
69059
72378
72323
72379
72385
72444
72453
72543
72558
72594
72595
69707
69713
69708
69712
220637
224961
220809
220657
220816
220826
220867
220876
221146
220601
220610
220602
220605
220626
220631
220632
220360
220370
220390
223718
220684
220723
220979
220718
224263
220035
220251
218151
220402
220441
220442
220351
220363
219702
219703
219717
219685
219727
219711
219713
215704
219631
219356
219370
219699
221415
221408
219355
221154
221147
221156
219317
221344
221331
221180
221163
221170
221204
221203
216426
216427
216448
216469
216411
216412
215644
215560
215688
215563
215567
215685
215691
215901
215909
215871
215875
215840
215850
215910
215918
215931
215929
215942
215959
217280
224729
217284
217281
215962
217301
217300
217396
216840
224153
222532
217398
217399
215537
215558
215557
217978
222422
222433
216114
216143
216097
216127
222358
222377
217975
222435
222442
216022
216025
216015
216033
216117
216119
219630
219636
219640
219649
219653
219826
222380
222381
222385
219877
219880
219894
222387
222355
222373
222349
215530
215519
215522
215895
223533
223535
223536
223508
223532
223494
223509
223507
215553
223384
223385
223551
223550
223559
223501
