960
94037 94034 1051
94037 94036 612
94037 101835 1107
94034 94033 1024
94034 94037 1051
102392 102393 1167
102392 102394 1730
93676 93675 747
93676 93677 542
102405 102406 872
102405 102407 721
93978 102400 2078
94055 94067 718
94055 102435 3721
102415 102419 675
94173 94170 510
94173 94172 273
102421 102422 1236
102423 102430 1852
102423 103239 705
94170 94173 510
94170 94175 1181
94174 94175 667
94174 94187 847
97379 97380 1064
97379 97381 1508
97463 97464 4617
97463 97465 3875
97384 102069 507
102111 102097 4993
102111 102902 477
101985 101986 676
102100 102103 3695
102100 102104 2256
98472 98470 1996
98472 98479 1535
93322 93323 1031
93327 93622 306
93335 101767 2786
93336 93337 1696
93311 93309 1114
93643 93644 1941
93643 93645 2636
93637 102013 214
93639 93640 2228
93639 93641 2089
93639 93646 5049
93665 93666 6738
98542 93233 2144
98542 98538 3149
98504 98506 1883
191096 191095 745
194245 191112 263
191448 190877 1667
191353 191240 1228
191453 191449 4817
191453 194238 48
191148 194425 625
191149 191272 6647
191141 191142 3760
191141 191266 5256
191490 192001 891
191490 192005 1508
118722 118716 1175
118722 118728 760
118722 118733 1766
118525 118524 1042
118525 118719 146
118717 118716 787
118717 118718 1087
118737 118736 853
118737 118738 2579
118821 118790 4664
118821 118823 2246
118821 118868 944
109000 108996 1576
109060 109051 1852
109060 109068 629
109155 109154 965
110022 110023 1151
110022 110025 889
110332 109172 950
110332 110333 2141
110332 110354 1336
109081 109080 354
110323 109084 2555
36111 36109 950
36286 36284 1640
36286 36288 676
36287 36293 2048
36097 36096 1375
36097 36098 1658
36162 36157 1079
36162 36166 2870
36284 36285 3774
36284 36286 1640
36301 36297 1254
36301 36302 827
36315 36318 750
36315 36319 3078
103772 50360 610
103772 113600 2044
103773 36037 2104
103773 105836 4253
103776 103775 1167
103776 105781 3368
110486 106341 1850
110541 110542 2005
110541 110543 1140
110574 110575 926
36333 36322 2093
36367 36364 2633
35523 35522 3966
36903 39093 629
36458 35718 9006
37306 37293 612
37303 37302 751
37313 37315 1786
37308 37309 1120
37311 37293 1076
37311 46846 284
37386 37384 713
37386 37387 1697
37390 37384 1379
37390 37524 1290
37395 37392 610
37395 37393 1681
37395 37397 238
37528 37531 893
37601 37600 435
37604 37602 1933
37603 37476 3255
37603 37602 709
36417 36414 1163
36417 50468 1739
36442 36443 562
36439 36430 1305
36446 36440 1497
37619 37507 2320
37619 37616 1619
37619 37622 2126
37630 37629 373
37630 37631 610
37680 37682 1004
37947 37948 394
37940 37938 751
37939 37789 2350
37939 37959 581
37943 37936 1085
37943 37938 3664
37961 37959 3025
37961 37963 1396
38001 37978 836
37983 37982 403
37983 38006 1221
41471 41466 630
41471 41474 276
41472 41475 2516
41472 41478 276
41480 41478 878
41480 41481 2418
41480 41482 952
41482 41480 952
41482 41483 2378
41489 41483 933
46838 46822 610
46823 46822 817
46823 46824 168
37800 37797 1778
37800 37801 475
37800 37804 344
37823 37806 1578
37823 37809 610
37829 37827 1141
37829 37830 279
37980 37977 1258
38022 37893 336
38036 38006 605
38021 38020 1275
38028 37903 1421
38028 37906 1086
38029 37906 1819
38029 38048 993
38062 37929 3061
38062 38048 1406
38057 38051 2273
38057 38056 435
38059 38051 905
38056 38049 253
38056 38057 435
38052 37932 589
38052 38055 2511
38060 38055 709
38060 41468 437
41466 41467 696
41466 41471 630
41466 41473 2441
46826 36955 148
46828 46830 253
46828 46836 421
46836 46828 421
46836 46835 1742
46817 46815 1419
46817 46833 818
46817 46891 688
46892 46878 828
46892 46894 688
46895 38662 393
46896 46898 2063
46953 38661 34
46954 46955 346
46954 46957 368
46954 46958 769
46903 46902 752
46903 46905 747
46903 46963 279
46906 46905 1153
46906 46932 1067
46960 38557 871
46960 46963 2366
46946 46947 2877
46945 46942 1731
47238 47121 2142
47238 47237 276
47245 47236 1260
47243 46947 600
47121 47117 940
47121 47238 2142
46707 47110 2136
47084 47083 1303
47084 47085 558
47084 47106 1206
47127 47090 70
47118 47116 2878
47122 47117 2695
47082 47081 1023
47078 47079 940
47078 47081 111
47092 47077 355
47092 47089 511
127951 127950 2332
127951 128079 673
127952 127950 712
127948 132367 115
128079 127951 673
128079 128015 2232
128083 128084 1284
128083 130068 828
130004 130001 672
130004 130079 933
130068 128083 828
130068 128092 807
130068 130069 1411
127910 127909 333
127918 127908 1085
127918 127923 710
127872 127868 606
127877 127875 710
127877 127880 1534
127888 127267 368
127895 127894 1210
127896 127897 1657
126928 126916 1612
126928 126927 552
126928 126930 1344
126932 126930 518
126932 126933 688
126937 126936 948
126937 126938 1494
126962 126964 818
126960 126971 1389
126960 126972 1014
126970 126949 1161
126970 126983 2110
126965 126941 1533
126965 126964 893
127900 126942 1340
127900 127902 688
127902 127899 1283
127902 127900 688
127904 127864 1718
127904 127905 344
127904 127922 630
127920 127906 752
127920 127923 2044
132393 132395 1328
132393 132395 1328
132396 132395 342
46506 46502 807
46506 46503 1763
46506 46514 1410
46516 46520 1346
46521 46520 810
46521 47071 558
46545 46535 789
46545 46544 738
46546 46508 807
46546 46544 2551
47073 47076 605
47155 47076 1116
47077 47067 1355
47077 47089 677
47077 47092 355
46529 46524 890
46529 46528 1275
46529 46531 789
46534 46531 2352
46534 46535 747
46540 46537 673
46540 46541 202
130080 130079 1180
130080 130100 1502
128044 128043 1780
128044 128046 874
128093 128049 1060
128056 128052 850
128096 128097 674
128039 128032 874
128039 128052 2020
128038 128032 697
128038 128036 810
128125 128120 1672
128125 128124 739
128128 128127 356
128120 128116 1009
128120 128118 2005
128120 128125 1672
128121 128118 790
128121 128122 872
128034 128010 739
128034 128033 474
128036 128033 404
128036 128038 810
128151 128134 1578
128151 128148 518
128133 128122 337
128180 128183 683
128180 128184 650
128185 128184 1422
128185 128199 810
128193 128159 474
128193 128194 1881
128019 128017 874
128019 128020 558
128019 128021 697
128017 128018 279
128017 128019 874
128043 128041 630
128043 128044 1780
128025 128022 697
128025 128082 2356
128082 128025 2356
128082 128081 890
128082 128085 1395
130074 128092 253
130074 130079 1868
130176 130178 418
128319 128191 537
128218 128217 2889
128218 128321 751
128317 128191 537
128317 128217 1105
128322 128321 337
128322 128323 1121
128203 128197 767
128203 128202 1336
128203 128214 934
128208 128198 948
128208 128210 613
128211 128210 1856
128211 128264 683
128214 128203 934
128214 128204 511
128215 128204 1276
128215 128216 837
128219 128216 906
128219 128227 739
128227 128219 739
128227 128321 276
128268 128265 1621
130348 130349 404
130350 130346 808
130350 130349 2143
131914 130346 1494
131914 131916 374
131918 130383 1346
131918 131916 613
131935 131941 1447
131935 131945 879
131940 130383 811
131940 130386 1363
131940 131941 738
131945 131935 879
128350 128351 796
128267 128265 2347
128306 128300 581
128300 128299 924
128300 128306 581
128299 128300 924
128351 128350 796
128310 129840 1458
129840 128310 1458
129844 129845 885
129845 129844 885
129859 130293 848
130293 129859 848
130303 130304 1010
130304 130303 1010
130304 130337 751
130337 130304 751
130345 130346 2184
130345 130349 879
121440 121579 1925
121579 121440 1925
130445 130447 1814
130447 130445 1814
130426 130425 1953
130425 130426 1953
218017 218018 878
218018 218017 878
218302 218304 625
218304 218302 625
218355 218356 772
218356 218355 772
218484 216237 444
216237 218484 444
222830 222825 807
222825 222830 807
150980 150996 2415
150996 150980 2415
151040 151056 2395
149104 149103 809
149103 149104 809
149109 149407 813
149407 149109 813
148652 148656 761
148656 148652 761
149462 149468 392
149467 149460 791
149468 149462 392
149460 149467 791
149477 149475 908
149475 149477 908
148784 148780 797
148780 148782 1011
148780 148784 797
148782 148780 1011
148822 148826 764
148826 148822 764
146287 149306 183
149306 146287 183
146326 146334 650
146334 146326 650
146497 146500 1318
151056 151040 2395
151231 151229 772
151229 151231 772
148213 148216 902
148216 148213 902
148443 148444 830
148444 148443 830
146500 146497 1318
149895 149892 821
149892 149895 821
198823 214861 1770
214861 198823 1770
168630 168634 238
168633 168639 697
168634 168630 238
168625 168628 2033
168628 168625 2033
168727 168725 1285
168725 168727 1285
168663 168664 790
168664 168663 790
168639 168633 697
154050 154064 872
154064 154050 872
154084 154085 556
154085 154084 556
154089 154308 872
154308 154089 872
154372 154378 1367
154378 154372 1367
157503 157296 1773
157296 157503 1773
154413 154418 872
154418 154413 872
155033 155032 1344
155032 155033 1344
155206 155205 934
155205 155206 934
155410 155414 818
155414 155410 818
155419 155353 2340
155429 155428 778
155353 155419 2340
155428 155429 778
157644 155307 905
155307 157644 905
158184 158205 1055
158205 158184 1055
158874 158883 1234
158883 158874 1234
161836 161844 285
161844 161836 285
169171 169172 474
169172 169171 474
169122 169123 613
168084 168138 1189
168138 168084 1189
169505 169504 558
169504 169505 558
169123 169122 613
169430 169427 837
169427 169430 837
108381 108382 983
108382 108381 983
94161 102505 1281
102505 94161 1281
94036 94037 612
101835 94037 1107
94033 94034 1024
102393 102392 1167
102394 102392 1730
93675 93676 747
93677 93676 542
102406 102405 872
102407 102405 721
102400 93978 2078
94067 94055 718
102435 94055 3721
102419 102415 675
94172 94173 273
102422 102421 1236
102430 102423 1852
103239 102423 705
94175 94170 1181
94175 94174 667
94187 94174 847
97380 97379 1064
97381 97379 1508
97464 97463 4617
97465 97463 3875
102069 97384 507
102097 102111 4993
102902 102111 477
101986 101985 676
102103 102100 3695
102104 102100 2256
98470 98472 1996
98479 98472 1535
93323 93322 1031
93622 93327 306
101767 93335 2786
93337 93336 1696
93309 93311 1114
93644 93643 1941
93645 93643 2636
102013 93637 214
93640 93639 2228
93641 93639 2089
93646 93639 5049
93666 93665 6738
93233 98542 2144
98538 98542 3149
98506 98504 1883
191095 191096 745
191112 194245 263
190877 191448 1667
191240 191353 1228
191449 191453 4817
194238 191453 48
194425 191148 625
191272 191149 6647
191142 191141 3760
191266 191141 5256
192001 191490 891
192005 191490 1508
118716 118717 787
118716 118722 1175
118728 118722 760
118733 118722 1766
118524 118525 1042
118719 118525 146
118718 118717 1087
118736 118737 853
118738 118737 2579
118790 118821 4664
118823 118821 2246
118868 118821 944
108996 109000 1576
109051 109060 1852
109068 109060 629
109154 109084 803
109154 109155 965
110023 110022 1151
110025 110022 889
109172 110332 950
110333 110332 2141
110354 110332 1336
109080 109081 354
109084 109154 803
109084 110323 2555
36109 36111 950
36288 36286 676
36288 36293 1731
36293 36287 2048
36293 36288 1731
36096 36097 1375
36098 36097 1658
36157 36162 1079
36166 36162 2870
36285 36284 3774
36297 36301 1254
36302 36301 827
36318 36315 750
36319 36315 3078
50360 103772 610
113600 103772 2044
36037 103773 2104
105836 103773 4253
103775 103776 1167
105781 103776 3368
106341 110486 1850
110542 110541 2005
110543 110541 1140
110575 110574 926
36322 36333 2093
36364 36367 2633
35522 35523 3966
35522 39093 2214
39093 35522 2214
39093 36903 629
35718 36458 9006
37293 37306 612
37293 37311 1076
37302 37303 751
37315 37313 1786
37309 37308 1120
46846 37311 284
37384 37386 713
37384 37390 1379
37387 37386 1697
37524 37390 1290
37524 37392 583
37392 37395 610
37392 37524 583
37393 37395 1681
37397 37395 238
37531 37528 893
37531 37600 682
37600 37531 682
37600 37601 435
37602 37603 709
37602 37604 1933
37476 37603 3255
36414 36417 1163
50468 36417 1739
36443 36442 562
36430 36439 1305
36440 36446 1497
37507 37619 2320
37616 37619 1619
37622 37619 2126
37629 37630 373
37631 37630 610
37631 37948 318
37682 37680 1004
37948 37631 318
37948 37947 394
37938 37940 751
37938 37943 3664
37789 37939 2350
37959 37939 581
37959 37961 3025
37936 37943 1085
37963 37961 1396
37978 37982 276
37978 38001 836
37982 37978 276
37982 37983 403
38006 37983 1221
38006 38036 605
41474 41471 276
41474 41475 552
41475 41472 2516
41475 41474 552
41475 41481 1104
41478 41472 276
41478 41480 878
41481 41475 1104
41481 41480 2418
41481 41483 1027
41483 41481 1027
41483 41482 2378
41483 41489 933
46822 46823 817
46822 46838 610
46824 46823 168
37797 37800 1778
37801 37800 475
37801 37806 1009
37804 37800 344
37806 37801 1009
37806 37823 1578
37809 37823 610
37827 37829 1141
37830 37829 279
37977 37980 1258
37893 38020 976
37893 38022 336
38020 37893 976
38020 38021 1275
37903 38028 1421
37906 38028 1086
37906 38029 1819
38048 38029 993
38048 38062 1406
37929 38049 789
37929 38062 3061
38051 38057 2273
38051 38059 905
38049 37929 789
38049 38056 253
37932 38052 589
38055 38052 2511
38055 38060 709
41468 38060 437
41467 41466 696
41473 41466 2441
36955 46826 148
46830 46828 253
46835 46833 818
46835 46836 1742
46815 46817 1419
46833 46817 818
46833 46835 818
46891 46817 688
46891 46878 2111
46878 46891 2111
46878 46892 828
46894 46892 688
38662 38557 790
38662 38661 441
38662 46895 393
38662 46902 2388
46898 46896 2063
46898 46902 871
38661 38662 441
38661 46953 34
46955 46954 346
46957 46954 368
46958 46954 769
46902 38662 2388
46902 46898 871
46902 46903 752
46905 46903 747
46905 46906 1153
46963 38557 2262
46963 46903 279
46963 46960 2366
46932 46906 1067
38557 38662 790
38557 46960 871
38557 46963 2262
46947 46946 2877
46947 47236 2551
46947 47243 600
46942 46945 1731
47237 47238 276
47236 46947 2551
47236 47245 1260
47117 47116 677
47117 47121 940
47117 47122 2695
47110 46707 2136
47083 47084 1303
47085 47084 558
47106 47084 1206
47090 47127 70
47116 47117 677
47116 47118 2878
47081 47076 837
47081 47078 111
47081 47082 1023
47079 47078 940
47089 47077 677
47089 47092 511
127950 127951 2332
127950 127952 712
132367 127948 115
128015 128079 2232
128084 128083 1284
130001 130004 672
130079 130004 933
130079 130074 1868
130079 130080 1180
128092 128085 1560
128092 130068 807
128092 130074 253
130069 130068 1411
127909 127908 2193
127909 127910 333
127908 127906 889
127908 127909 2193
127908 127918 1085
127923 127918 710
127923 127920 2044
127868 127872 606
127875 127877 710
127880 127877 1534
127267 127888 368
127894 127895 1210
127897 127896 1657
126916 126928 1612
126927 126928 552
126930 126928 1344
126930 126932 518
126933 126932 688
126936 126937 948
126938 126937 1494
126938 126964 828
126964 126938 828
126964 126962 818
126964 126965 893
126971 126960 1389
126972 126960 1014
126949 126970 1161
126983 126970 2110
126941 126942 848
126941 126965 1533
126942 126941 848
126942 127900 1340
127899 127864 818
127899 127902 1283
127864 127899 818
127864 127904 1718
127905 127904 344
127922 127904 630
127906 127908 889
127906 127920 752
132395 132393 1328
132395 132393 1328
132395 132396 342
46502 46506 807
46503 46506 1763
46503 46508 807
46514 46506 1410
46520 46516 1346
46520 46521 810
47071 46521 558
46535 46534 747
46535 46545 789
46544 46545 738
46544 46546 2551
46508 46503 807
46508 46546 807
47076 47073 605
47076 47081 837
47076 47155 1116
47067 47077 1355
46524 46529 890
46524 46537 1211
46528 46529 1275
46531 46529 789
46531 46534 2352
46537 46524 1211
46537 46540 673
46541 46540 202
130100 130080 1502
128046 128044 874
128049 128052 747
128049 128093 1060
128052 128039 2020
128052 128049 747
128052 128056 850
128097 128096 674
128032 128038 697
128032 128039 874
128124 128116 1726
128124 128125 739
128127 128010 452
128127 128128 356
128116 128120 1009
128116 128124 1726
128118 128120 2005
128118 128121 790
128122 128121 872
128122 128133 337
128122 128134 1255
128010 128034 739
128010 128127 452
128033 128034 474
128033 128036 404
128134 128122 1255
128134 128151 1578
128148 128151 518
128183 128180 683
128184 128180 650
128184 128185 1422
128199 128185 810
128199 128194 837
128159 128193 474
128194 128193 1881
128194 128199 837
128194 128202 202
128020 128019 558
128021 128019 697
128021 128022 890
128018 128017 279
128041 128043 630
128022 128021 890
128022 128025 697
128022 128081 2311
128081 128022 2311
128081 128082 890
128085 128082 1395
128085 128092 1560
130178 130176 418
128191 128317 537
128191 128319 537
128217 128218 2889
128217 128317 1105
128321 128218 751
128321 128227 276
128321 128322 337
128323 128322 1121
128197 128198 1344
128197 128203 767
128202 128194 202
128202 128203 1336
128202 128204 1484
128198 128197 1344
128198 128208 948
128210 128208 613
128210 128211 1856
128264 128211 683
128264 128265 613
128204 128202 1484
128204 128214 511
128204 128215 1276
128216 128215 837
128216 128219 906
128265 128264 613
128265 128267 2347
128265 128268 1621
130349 130345 879
130349 130348 404
130349 130350 2143
130346 130345 2184
130346 130350 808
130346 131914 1494
131916 131914 374
131916 131918 613
130383 131918 1346
130383 131940 811
131941 131935 1447
131941 131940 738
130386 131940 1363
932
94037
94034
102392
93676
102405
93978
94055
102415
94173
102421
102423
94170
94174
97379
97463
97384
102111
101985
102100
98472
93322
93327
93335
93336
93311
93643
93637
93639
93665
98542
98504
191096
194245
191448
191353
191453
191148
191149
191141
191490
118722
118525
118717
118737
118821
109000
109060
109155
110022
110332
109081
110323
36111
36286
36287
36097
36162
36284
36301
36315
103772
103773
103776
110486
110541
110574
36333
36367
35523
36903
36458
37306
37303
37313
37308
37311
37386
37390
37395
37528
37601
37604
37603
36417
36442
36439
36446
37619
37630
37680
37947
37940
37939
37943
37961
38001
37983
41471
41472
41480
41482
41489
46838
46823
37800
37823
37829
37980
38022
38036
38021
38028
38029
38062
38057
38059
38056
38052
38060
41466
46826
46828
46836
46817
46892
46895
46896
46953
46954
46903
46906
46960
46946
46945
47238
47245
47243
47121
46707
47084
47127
47118
47122
47082
47078
47092
127951
127952
127948
128079
128083
130004
130068
127910
127918
127872
127877
127888
127895
127896
126928
126932
126937
126962
126960
126970
126965
127900
127902
127904
127920
132393
132396
46506
46516
46521
46545
46546
47073
47155
47077
46529
46534
46540
130080
128044
128093
128056
128096
128039
128038
128125
128128
128120
128121
128034
128036
128151
128133
128180
128185
128193
128019
128017
128043
128025
128082
130074
130176
128319
128218
128317
128322
128203
128208
128211
128214
128215
128219
128227
128268
130348
130350
131914
131918
131935
131940
131945
128281
128284
128285
128350
128267
128306
128300
128299
128351
128304
128310
129840
129844
129845
129859
130293
130303
130304
130337
130345
121480
121589
121593
121482
121620
121440
121579
70244
130444
130445
130464
130466
121456
130436
130447
131988
129892
129895
129900
130426
130425
127508
127509
218017
218018
218302
218073
218082
218083
215789
215799
218304
218355
218356
224038
218371
218377
218492
218495
218508
218033
218512
218589
218635
218519
218522
224045
218503
218484
218328
218340
216237
218347
222706
222715
222729
222731
222683
222681
222695
222691
222705
222708
222710
222703
222830
222813
222837
222860
222824
222825
218573
222602
222855
222899
222904
223004
150976
150980
150996
151039
151040
151812
148486
148490
149094
149104
149103
149109
149406
149407
148651
148652
148656
148655
149462
149467
149468
149460
149477
149475
149414
149416
149422
149443
147313
146277
146278
146569
148727
148784
148798
148797
148780
148782
148792
148822
148826
148835
146287
146576
146578
149306
146331
146327
146326
146334
146497
146341
146342
146320
151056
151074
151227
151231
151229
151249
151259
151268
142969
142967
142977
142986
143154
143157
147575
147581
147625
147629
147631
147642
148206
148213
148215
148216
148223
148308
146987
148270
148276
148305
148307
148433
148487
148443
148444
148455
149056
212672
195483
198343
212674
146500
146511
146513
146521
146553
146552
146557
146556
146338
146585
149895
149892
149899
150005
150012
150014
149852
146571
148837
148853
149827
149828
149786
149826
198823
215054
198858
214861
198847
204991
153724
152105
152109
162468
168630
168633
168634
168636
168618
168616
168275
168721
168723
168625
168628
168786
168727
168725
168739
168741
168787
168576
168663
168666
168675
168573
168678
168664
168645
168647
168639
153722
154001
154050
154064
154084
154085
154089
154308
154315
154372
153990
154378
157471
157503
152008
157556
157269
157296
157271
157495
157484
157813
154405
154413
154418
154949
154967
155012
155029
155033
155032
155063
155206
155205
155215
155248
155272
157809
157806
155314
155274
155276
155283
155410
155414
155419
155429
155353
155428
157644
157654
157669
157655
157709
157711
157724
155307
155379
155448
157705
157687
177898
177895
177937
177915
178317
178318
178327
185694
178405
178375
178403
177848
177768
157568
158179
158182
158184
158205
158239
158280
158285
158288
158249
158227
158237
158316
158672
158678
158837
158875
158884
158879
158915
158874
158950
158883
158928
159073
158958
159076
161078
158313
158493
158504
158643
158658
158669
158509
161084
161127
161114
161160
161164
161134
161203
161205
161214
161224
161228
168114
168321
168326
168317
168152
161836
161844
161516
161513
161867
161884
161930
161941
172378
162096
161963
162094
162134
162179
169571
169577
169185
169133
169171
169172
169183
161641
161667
161691
161694
169117
169122
161629
161639
168134
170434
168132
168137
168149
168084
168135
168138
170432
170436
170031
170438
169967
170016
170041
170008
169862
169548
169831
169940
169935
169836
169952
169850
169489
169505
169495
169504
169030
169038
172729
169025
169106
169115
169123
169139
169143
169209
169223
169243
169328
169052
172727
169032
169334
169430
169435
169427
119362
118795
118863
94968
95003
97363
97371
108276
108345
108381
108758
108775
108338
108382
94161
102267
102505
94036
101835
93675
93677
102400
94067
102435
94172
102422
102430
94175
94187
97380
97381
97464
97465
102069
102097
102103
98470
93622
101767
93337
93309
93644
93645
93641
93646
93666
93233
98538
98506
191112
190877
191240
191449
194238
194425
191272
191142
191266
192001
118716
118728
118733
118524
118719
118736
118790
118823
118868
108996
109051
109068
109154
110023
110025
109172
110333
110354
109080
109084
36109
36288
36293
36096
36157
36297
36302
36318
36319
50360
113600
36037
105836
103775
106341
110575
36322
36364
35718
37293
37302
37315
37384
37392
37393
37397
37531
37600
37602
37476
36414
36443
36430
36440
37507
37616
37622
37629
37682
37938
37789
37959
37936
37963
37978
38006
41474
41475
41478
41481
41483
46822
37797
37801
37804
37806
37809
37827
37830
37977
37893
38020
37903
37906
38048
37929
38051
38049
37932
38055
41468
41467
41473
36955
46830
46835
46815
46833
46891
46878
46894
46898
46957
46958
46902
46905
46932
38557
46947
46942
47237
47236
47117
47110
47083
47085
47106
47090
47116
47089
127950
128015
130001
127909
127923
127868
127875
127880
127267
127894
127897
126916
126927
126930
126936
126938
126964
126971
126972
126949
126983
126941
126942
127899
127864
127906
46502
46503
46514
46520
46535
46544
46508
47067
46524
46528
46531
46537
46541
128046
128049
128032
128124
128127
128116
128118
128010
128033
128148
128184
128199
128159
128021
128041
128081
128085
128191
128217
128197
128202
128198
128210
128264
128204
128216
130346
131916
130383
131941
130386
