610
48879 48873 734
48879 48878 890
48882 48878 413
48953 48954 1548
48953 48955 3449
48956 48954 742
48843 48840 657
48843 48842 975
48987 48239 1083
48984 48983 486
49002 48993 1401
49003 48992 1343
49025 49009 1087
50483 48963 1663
49026 49011 1026
49031 49032 522
48314 48313 169
48320 48324 1147
48321 48325 1269
131374 131366 2752
131374 131372 1105
48309 48308 1610
48309 48312 398
48395 48308 824
48395 48388 1556
131377 131366 1105
131377 131367 2654
131380 131367 1228
131380 131370 2366
131383 131370 1154
131383 131385 2654
131476 131385 1028
131476 131639 1505
131639 131476 1505
131639 131479 1075
131481 131479 1458
131481 131483 1121
131648 131478 2707
131648 131509 928
131648 131651 1578
131653 131507 3561
131653 131652 650
131654 131508 2762
131654 131651 1485
131658 131652 475
131658 131655 511
131752 131746 345
131830 131750 337
131830 131777 506
131830 131778 1236
131830 131833 789
131830 131834 1349
131838 131750 94
131839 131834 337
131839 131842 552
131827 131828 562
54363 54364 848
56642 56643 121
54414 54411 807
54414 54417 789
54414 54423 511
54425 54416 747
54425 54417 739
54425 54427 1630
54426 54427 789
54426 54445 2353
54447 54445 789
54447 54515 2291
54515 54447 2291
54515 54514 789
54515 54529 2291
54532 54675 1811
54365 54364 2922
54365 54368 606
54365 54552 928
54558 54552 650
54558 54557 612
54558 54560 3804
54560 54558 3804
54560 54562 650
54560 54584 1855
54583 54584 612
54583 54589 418
54589 54583 418
54589 54590 2088
54667 54593 279
54667 54668 1950
52719 52743 6224
52719 52744 577
53777 53778 3382
53777 56775 1740
54529 54515 2291
54529 54520 885
54528 54527 612
54730 54728 3989
54684 54685 279
54668 54595 810
54668 54667 1950
53865 53864 279
53865 53913 750
53866 53913 1447
53866 53914 890
53915 53920 810
53915 53936 1560
53916 53920 751
53916 53950 2966
53773 53772 2046
53773 56773 333
56777 53772 297
53940 53935 2356
53940 53938 1067
55151 55153 747
55151 55154 2686
53933 53934 337
53933 53935 1343
53936 53915 1560
53936 53937 673
55172 55154 810
55172 55192 1611
55228 55192 890
55228 55208 890
55228 55231 1225
55207 55208 1074
144496 144492 2416
144496 144497 801
144496 144507 2491
144507 144496 2491
144507 144508 785
144507 144544 2960
144542 144543 867
144542 144684 1965
144544 144507 2960
144544 144543 2074
144544 144545 806
144681 144682 397
144680 144682 329
144686 144687 471
144691 144693 1992
144691 144698 793
150615 150503 791
150615 150618 1698
150496 150497 505
150496 150499 1542
150496 150503 801
150497 150496 505
150497 150498 1568
150618 150615 1698
150618 150617 802
150640 150622 116
150640 150642 1483
150642 150640 1483
150642 150655 753
151910 150648 867
150727 140291 1079
150727 150730 810
150729 150646 604
150728 140272 1770
150728 150730 683
139909 140272 868
139909 140273 1489
139910 140188 613
139910 140365 209
140188 139910 613
140188 140189 1960
140191 140189 837
140191 140195 1955
140195 140191 1955
140195 140368 711
140195 140385 1424
140431 140433 1019
140431 140440 688
140441 140446 810
140441 141865 2368
141863 141865 819
141863 141866 2358
142535 142536 1939
142535 142546 2585
142545 142546 947
142545 144493 2600
144492 144493 763
144492 144496 2416
141866 141863 2358
141866 141867 786
141882 141867 2367
141882 141879 802
141882 141909 2393
141909 141882 2393
141909 141915 712
141929 141915 2235
141929 141937 828
141934 141896 2335
141934 141933 737
141934 141939 735
151752 141954 1513
151752 151749 4871
142097 140043 1642
142097 142111 2163
142097 142114 319
142097 142132 103
142098 142096 1132
142095 142096 912
142095 142105 441
142092 142088 923
142092 142102 311
140043 142097 1642
142582 142586 1715
142586 142582 1715
142537 142536 1698
142537 142540 1973
142540 142537 1973
204852 204853 773
204853 204852 773
144698 144691 793
144727 144728 776
144728 144727 776
145107 145115 803
145115 145107 803
145492 145493 446
145493 145492 446
145547 145548 867
145548 145547 867
145604 145617 699
145617 145604 699
145617 145618 786
145618 145617 786
145776 145778 815
145786 145785 805
145785 145786 805
145778 145776 815
145869 145870 779
145870 145869 779
146103 146104 718
146104 146103 718
150369 151562 2010
151562 150369 2010
151567 151569 730
151567 151569 730
151569 151567 730
151569 151567 730
208635 208636 773
208636 208635 773
208748 208749 237
208749 208748 237
166764 166783 1268
166783 166764 1268
166783 166787 927
166787 166783 927
182181 182180 682
182180 182181 682
182284 182278 512
182278 182284 512
152949 152948 358
152938 152978 1862
152978 152938 1862
152948 152949 358
152362 152363 724
152363 152362 724
155783 155782 276
155782 155783 276
153010 153011 2231
153011 153010 2231
176491 176494 2922
176494 176491 2922
176519 176523 1520
176177 176142 344
176523 176519 1520
176142 176177 344
177099 177101 788
177101 177099 788
177167 177161 333
177028 177027 673
177027 177028 673
176219 176207 2628
176202 176201 841
176201 176202 841
176206 176205 511
176207 176205 984
176207 176219 2628
176205 176206 511
176205 176207 984
177161 177167 333
167294 167295 790
167295 167294 790
165136 165148 828
165148 165136 828
164799 164798 1334
164798 164799 1334
165153 165197 2402
165197 165153 2402
164733 164734 169
164734 164733 169
211397 211403 583
211505 211507 686
211507 211505 686
211507 211528 750
211528 211507 750
212187 212205 640
212205 212187 640
211403 211397 583
114201 114207 1447
114207 114201 1447
107449 107448 1499
107448 107449 1499
115849 115854 680
115854 115849 680
191700 191967 950
191967 191700 950
191729 192745 1662
192745 191729 1662
192768 192770 3057
192770 192768 3057
114721 114731 1483
114731 114721 1483
109818 109817 2971
109817 109818 2971
109899 109924 756
109924 109899 756
111086 111315 672
111315 111086 672
111315 111317 788
111317 111315 788
111317 111328 672
111328 111317 672
111330 111332 889
111332 111330 889
103350 103347 677
103347 103350 677
111679 111680 778
111680 111679 778
111680 111685 782
111685 111680 782
111685 111687 778
111687 111685 778
111695 111646 788
111695 111698 778
111698 111695 778
111651 111649 826
111637 111639 889
111646 111695 788
111639 111637 889
111649 111651 826
104311 104312 975
104312 104311 975
104364 104363 806
104363 104364 806
39541 39548 581
39548 39541 581
39203 39200 511
39200 39203 511
104843 104852 765
104852 104843 765
104922 104997 750
104994 104924 1585
104924 104994 1585
104997 104922 750
39365 39362 939
39362 39365 939
40812 40910 2068
40910 40812 2068
55230 55192 1560
55230 55231 951
55232 55208 873
55232 55231 1085
48345 48339 677
48366 48357 713
48357 48366 713
48339 48345 677
48885 48846 900
48886 48903 1696
48903 48886 1696
48845 48842 1629
48846 48885 900
48840 48843 657
48865 48864 713
48864 48865 713
48873 48879 734
48878 48879 890
48878 48882 413
48954 48953 1548
48954 48956 742
48954 48963 1134
48955 48953 3449
48842 48843 975
48842 48845 1629
48239 48987 1083
48983 48984 486
48993 49002 1401
48992 49003 1343
49009 49025 1087
48963 48954 1134
48963 50483 1663
49011 49026 1026
49032 49031 522
48313 48314 169
48324 48320 1147
48324 48325 953
48325 48321 1269
48325 48324 953
131366 131374 2752
131366 131377 1105
131372 131374 1105
48308 48309 1610
48308 48388 733
48308 48395 824
48312 48309 398
48388 48308 733
48388 48395 1556
131367 131377 2654
131367 131380 1228
131370 131380 2366
131370 131383 1154
131385 131383 2654
131385 131476 1028
131479 131481 1458
131479 131639 1075
131483 131478 1055
131483 131481 1121
131478 131483 1055
131478 131648 2707
131509 131508 747
131509 131648 928
131509 131651 1459
131651 131509 1459
131651 131648 1578
131651 131654 1485
131507 131508 713
131507 131653 3561
131652 131653 650
131652 131658 475
131508 131507 713
131508 131509 747
131508 131654 2762
131655 131658 511
131746 131750 1903
131746 131752 345
131750 131746 1903
131750 131777 337
131750 131830 337
131750 131838 94
131777 131750 337
131777 131830 506
131778 131830 1236
131833 131830 789
131834 131830 1349
131834 131839 337
131842 131839 552
131828 131827 562
54364 54363 848
54364 54365 2922
56643 56642 121
54411 54414 807
54417 54414 789
54417 54425 739
54423 54414 511
54416 54425 747
54427 54425 1630
54427 54426 789
54445 54426 2353
54445 54447 789
54445 54514 2291
54514 54445 2291
54514 54515 789
54514 54520 2353
54675 54532 1811
54368 54365 606
54552 54365 928
54552 54558 650
54557 54558 612
54557 54562 3666
54562 54557 3666
54562 54560 650
54584 54560 1855
54584 54583 612
54590 54589 2088
54590 54593 404
54590 54595 1903
54593 54590 404
54593 54667 279
52743 52719 6224
52744 52719 577
52744 54685 3089
53778 53777 3382
56775 53777 1740
54520 54514 2353
54520 54529 885
54527 54528 612
54728 54730 3989
54685 52744 3089
54685 54684 279
54595 54590 1903
54595 54668 810
53864 53865 279
53913 53865 750
53913 53866 1447
53914 53866 890
53920 53915 810
53920 53916 751
53920 53937 1586
53950 53916 2966
53950 53938 2557
53772 53773 2046
53772 56777 297
56773 53773 333
53935 53933 1343
53935 53940 2356
53938 53937 2485
53938 53940 1067
53938 53950 2557
55153 55151 747
55154 55151 2686
55154 55172 810
53934 53933 337
53937 53920 1586
53937 53936 673
53937 53938 2485
55192 55172 1611
55192 55228 890
55192 55230 1560
55208 55207 1074
55208 55228 890
55208 55232 873
55231 55228 1225
55231 55230 951
55231 55232 1085
144497 144493 2336
144497 144496 801
144497 144508 2512
144508 144497 2512
144508 144507 785
144508 144545 2775
144543 144542 867
144543 144544 2074
144684 144542 1965
144545 144508 2775
144545 144544 806
144682 144680 329
144682 144681 397
144682 144687 1331
144687 144682 1331
144687 144686 471
144687 144693 220
144693 144687 220
144693 144691 1992
150503 150496 801
150503 150615 791
150503 150617 1683
150499 150496 1542
150499 150498 508
150498 150497 1568
150498 150499 508
150617 150503 1683
150617 150618 802
150617 150622 1695
150622 150617 1695
150622 150640 116
150655 150642 753
150655 150648 1367
150648 150655 1367
150648 151910 867
140291 150727 1079
150730 150727 810
150730 150728 683
150646 150729 604
140272 139909 868
140272 150728 1770
140273 139909 1489
140273 140365 845
140365 139910 209
140365 140273 845
140189 140188 1960
140189 140191 837
140189 140368 1981
140368 140189 1981
140368 140195 711
140385 140195 1424
140433 140431 1019
140440 140431 688
140446 140441 810
141865 140441 2368
141865 141863 819
141865 141867 2383
142536 142535 1939
142536 142537 1698
142546 142535 2585
142546 142545 947
144493 142545 2600
144493 144492 763
144493 144497 2336
141867 141865 2383
141867 141866 786
141867 141882 2367
141879 141882 802
141915 141909 712
141915 141929 2235
141937 141929 828
141896 141934 2335
141933 141934 737
141939 141934 735
141954 151752 1513
151749 151752 4871
142111 142097 2163
142114 142097 319
142132 142097 103
142096 142095 912
142096 142098 1132
142096 142105 825
142105 142095 441
142105 142096 825
142088 142092 923
142102 142092 311
981
48879
48882
48953
48956
48843
48987
48984
49002
49003
49025
50483
49026
49031
48314
48320
48321
131374
48309
48395
131377
131380
131383
131476
131639
131481
131648
131653
131654
131658
131752
131830
131838
131839
131827
54363
56642
54414
54425
54426
54447
54515
54532
54365
54558
54560
54583
54589
54667
52719
53777
54529
54528
54730
54684
54668
53865
53866
53915
53916
53773
56777
53940
55151
53933
53936
55172
55228
55207
144496
144507
144542
144544
144681
144680
144686
144691
150615
150496
150497
150618
150640
150642
151910
150727
150729
150728
139909
139910
140188
140191
140195
140431
140441
141863
142535
142545
144492
141866
141882
141909
141929
141934
151752
142097
142098
142095
142092
140043
142062
142061
142073
142582
142586
142594
142613
142614
142721
142735
142537
142540
142541
142553
142769
142770
142776
55475
56359
56372
56373
56364
204696
204711
204530
204707
204708
204713
204715
204716
204731
204794
204799
204844
204845
204852
204853
204854
144698
144700
144696
144704
144707
144709
144710
144727
144714
144718
144728
144721
145050
145051
145093
145096
145103
145107
145115
145492
145493
145496
145501
145540
145541
145547
145548
145600
145604
145617
145618
145776
145794
145786
145785
145790
145789
145623
145880
145778
145798
145847
145853
145869
145870
145878
146084
146098
146103
146104
151482
151489
151551
151586
151730
148407
151930
151384
150369
151562
151498
151589
151567
151569
203834
204438
204455
214420
204528
208625
208626
207897
208647
208643
212990
208641
208688
208631
207887
208635
208669
208681
208636
205176
208675
208676
208707
208718
208733
208737
208741
211110
208748
211167
208749
211337
180454
180470
180455
185566
180468
180416
180457
180448
166509
166505
166556
166560
166570
166580
166564
166732
172659
166744
166729
166703
167239
162532
167263
162533
167108
167220
167221
167090
166727
166768
172498
166764
166783
166787
166793
167008
167028
167020
167049
167097
167105
172662
152417
162542
152416
152422
152413
152444
180129
180392
180379
180399
180362
180375
179676
179681
179705
180166
180431
182347
173589
173597
182333
182109
181918
182112
182094
182098
182141
182181
182180
182198
182284
182278
182288
182306
152335
152949
153006
152938
152946
152978
152948
152321
152734
152345
152373
152337
152358
152362
152363
152323
152451
152474
152484
153092
153133
155704
155783
155777
155782
155726
153394
153138
153142
173522
185274
173592
173595
173578
173550
173682
185435
173162
173169
185446
173874
185443
152918
153010
153048
153031
155492
153064
153042
153055
153011
153051
155521
155518
155548
155494
155496
176115
176122
176472
176491
176494
156246
176502
176519
176177
176524
176521
176523
176140
176148
176139
176142
155658
155649
155677
156247
156291
156301
156250
155629
155642
155623
155537
155593
155599
155617
176079
177108
177121
177099
177111
176996
177014
177101
176970
177163
177167
177028
177047
177046
177217
177008
177027
177184
177186
177188
177192
177207
176113
176219
176107
176202
176201
176206
176207
176205
175147
177201
177194
176966
177161
177216
177168
175011
175014
176850
176864
176865
173880
175010
174984
174970
176768
174959
176820
211359
165083
165262
165232
165268
165265
165272
165437
165440
167286
167319
167309
167325
167343
166548
166549
167294
167295
165056
165134
165112
165098
165101
164478
164481
165138
165118
165149
165136
165148
164452
164799
164798
164804
164836
165153
165335
165341
165353
165197
165142
164732
164725
164733
164734
164736
164738
164771
164742
164746
164595
164584
211387
211397
195335
211400
211505
211191
211383
211399
211507
211528
211538
211537
211545
211560
211564
211561
211574
212180
212182
212186
212187
212205
212243
211395
211403
211442
212471
212512
161412
164588
161430
212518
212532
212254
212258
212264
212451
114380
114322
114324
114218
114221
114201
114207
114214
114568
114016
114191
114023
114036
119123
119467
119198
119310
118562
118565
119387
119343
119380
114857
114936
115010
115005
115019
92009
92011
92022
92028
92065
92059
92072
102182
94413
92208
92291
92275
92280
115807
115815
92402
92406
92315
92316
105805
107031
107091
107022
107035
107087
107211
107124
107201
107176
106963
107120
107419
107449
107448
107453
107436
107446
107504
107514
107479
109494
92820
92956
92961
93036
93037
92848
92803
92805
116019
115788
115849
115854
92730
92517
115831
115861
191889
191537
191903
190884
190902
190900
190893
191700
191967
191662
191716
191729
192745
192752
192743
190879
191553
191891
192006
191823
191895
191841
191949
191866
192730
192737
192768
192770
193847
194015
194059
190967
192717
194248
192808
192813
114071
114365
114367
114721
114728
114731
109464
109774
109516
109808
109794
109802
109811
109791
109818
109817
109899
109912
109924
109929
109938
109933
109910
109892
109904
103362
105186
111032
110978
111008
111083
111074
111086
111315
111317
111328
111330
111332
111333
111336
103350
111290
103334
111361
111482
111498
111496
111505
111503
103347
111539
111555
111557
111527
103698
111679
111680
111685
111687
111706
111695
111719
111698
111763
111642
111651
111637
111634
111646
111639
111438
111440
111454
111649
111703
111660
113583
111779
104299
104136
104145
104119
104122
112881
112882
112753
104311
104350
104312
104361
104364
104363
50476
39224
39521
39511
39541
39548
39553
39556
39520
39522
39203
104735
104739
104283
104285
39158
39191
39181
39200
104843
104850
104852
104377
104379
104810
104897
104899
104919
104922
104487
104994
104924
104997
39545
39339
39285
39328
39365
39387
39362
39417
39421
39432
39430
39486
40442
40463
40467
40494
40603
40453
40473
40476
40562
40564
40475
40374
40384
50259
50407
50409
40823
40824
40827
40834
40846
40848
40856
40907
40909
40577
40586
40812
40816
40910
55230
55239
55232
55241
55243
55422
55429
41625
40817
50384
48383
48409
48531
48550
48556
48345
48366
48357
48371
48373
41631
48339
48580
48698
48699
48702
48704
50272
48731
48884
48885
48585
48587
48886
48903
48845
48846
48840
48865
48864
48873
48878
48954
48955
48842
48239
48983
48993
48992
49009
49011
49032
48313
131366
131372
48312
48388
131367
131370
131385
131479
131483
131478
131509
131507
131652
131508
131655
131746
131777
131778
131833
131834
131842
131828
54364
54411
54417
54416
54427
54445
54514
54368
54552
54557
54562
54584
54590
54593
52743
52744
53778
54520
54527
54728
54595
53864
53913
53914
53950
53772
56773
53935
55153
55154
55192
144497
144508
144543
144684
144545
144682
144693
150503
150499
150498
150617
150622
150655
150648
140291
150730
150646
140272
140273
140365
140189
140368
140433
140440
140446
141865
142536
142546
144493
141867
141879
141915
141937
141896
141933
141939
141954
151749
142111
142114
142132
142096
142105
142088
142102
