1760
137769 137766 1074
137769 137770 311
137769 139691 71
137753 137754 1004
139690 139691 2397
138466 138463 476
138466 138465 354
138467 137899 2727
138467 138465 796
138467 138470 782
138470 137902 2644
138470 138467 782
138470 138471 796
139100 139101 276
139100 139102 344
138471 137903 2644
138471 138470 796
137908 137890 3004
137904 137889 2231
137904 137903 796
137906 137894 2042
137893 137892 506
137893 137921 595
137922 137917 682
137922 137921 1576
137922 137924 2371
137925 132840 1014
137925 137929 2644
137929 137925 2644
137929 138494 905
137929 138498 2616
138498 137929 2616
138498 138499 905
138507 138499 2644
138507 138548 905
138552 138548 2562
138552 138557 796
138557 138552 796
138557 138553 2562
138557 138561 688
138629 138561 2628
138629 138630 2153
138640 138679 600
138640 138680 778
139112 139105 751
139112 139124 2204
139117 139118 1224
139127 139128 1026
139127 139195 276
139128 139124 905
139128 139127 1026
139128 139132 847
139621 139135 5545
139074 139075 2280
139074 139108 2528
139674 139675 459
139105 139110 827
139105 139112 751
139105 139114 2204
199616 199625 395
199616 199626 2467
199616 199627 364
139210 139212 581
139210 139216 418
139275 139232 878
139275 139271 713
139275 139276 905
139310 139308 751
139310 139329 139
139310 139331 2558
139332 139282 1430
139437 139436 679
139437 139623 499
139438 139439 1268
139455 139439 1851
139455 139458 258
139455 139459 688
139457 139469 401
139457 139629 932
139469 139457 401
139469 139626 1153
139470 132960 1190
139470 139467 869
234494 234495 1333
234494 234496 1526
228807 228806 3563
228807 228814 1466
229522 229514 1225
229522 229515 3605
229601 229523 3310
229601 229600 2118
225332 225328 333
225332 225330 596
225332 225344 785
225350 225351 929
225350 225352 3770
225974 226020 11979
226000 226003 580
226000 226008 1684
226002 226005 1222
226002 226006 1510
225356 225355 2306
225356 225358 2107
225993 227775 10232
225993 228908 689
227817 227818 2546
227817 228911 6559
227817 228933 1761
228934 228933 561
228934 235193 633
228936 234579 1360
228975 228974 1454
228975 228980 1594
234860 234859 1376
229013 229014 782
229013 229016 1110
229036 229002 565
229039 229038 2027
229113 229114 1139
229138 229143 1525
229115 229108 1039
229115 229109 1006
229115 229117 1809
229163 229164 1021
229163 229245 2464
229117 229115 1809
229117 229162 2390
229172 229170 475
229184 234789 1186
234479 229189 1484
234479 229202 138
229201 229188 928
229201 229202 1297
234527 234528 1055
234527 234533 1084
234527 234536 241
234533 234527 1084
234533 234532 828
234547 234555 393
234547 234564 374
226677 226678 393
226677 229128 658
234551 229128 349
234551 234552 379
229042 229038 1187
229050 229038 1594
229050 229477 240
229484 229480 502
229484 229485 1004
229515 229487 1111
229515 229522 3605
228518 228517 845
228518 228522 452
228530 228529 139
228539 228524 1275
228536 228535 333
228546 228525 2785
228546 228547 344
228152 228150 1114
228152 228151 837
228152 228617 948
228602 228151 893
228602 228603 667
228606 228616 762
228606 228617 562
228623 228622 535
228623 228624 712
228623 228628 431
228667 228625 696
228667 228666 433
228669 228673 1004
228669 228674 473
228197 228190 2229
228197 228684 344
228197 228685 1662
228685 228197 1662
228685 228673 1011
229198 229199 1445
229198 229200 1344
229200 229198 1344
229200 229204 1011
229206 229204 1891
229206 229230 1023
229193 229192 787
229193 229194 1872
229197 234412 67
228720 228774 4365
228773 228768 1334
228773 228774 2704
228434 228435 2432
228434 235205 894
228767 228769 1055
228767 228770 2745
228768 228770 1084
228768 228773 1334
228768 228775 2679
228557 228558 597
228584 228550 433
228584 228552 353
228585 228578 670
228252 228250 1205
228318 228313 562
228318 235433 886
228321 228320 325
228346 228341 251
228346 228343 356
228346 235432 222
228504 228502 782
228504 228567 679
228378 228357 3998
228378 228373 2515
228380 228568 1225
228380 228572 670
235162 235237 147
228813 228814 2679
228813 228815 2038
228785 234964 827
228843 228845 475
228758 228759 1766
228758 228771 504
228454 228453 1412
228454 228455 1159
228782 228479 1139
228782 228480 3429
228784 228480 2498
228784 228789 475
16736 16738 261
16736 34189 2448
228795 228796 1830
226663 226661 1354
226663 226666 4447
226291 226288 1343
226291 226292 672
234851 234885 1978
234851 234886 836
226301 226302 1087
226301 226303 778
226208 226204 1021
226208 226207 1267
226214 226496 2084
226214 226501 1091
234589 234586 1093
234589 234588 1898
226191 226180 842
226191 226190 2016
226448 226449 1565
226448 226449 1565
226489 226449 1014
226489 226498 1126
226498 226489 1126
226498 234801 567
226509 226507 782
226509 226511 1176
226511 226481 782
226511 226509 1176
226511 226522 1010
226524 226523 712
226524 234800 228
226533 226558 1604
226574 226564 2185
226574 226569 335
226576 226567 580
226576 226607 926
226607 226576 926
226607 226613 1010
226329 226326 1272
226329 229553 832
226343 234358 2318
226343 234436 2303
235136 235135 1656
235136 235226 501
225537 229563 1594
225537 229568 1124
225537 229570 1447
234654 234664 493
228811 228806 1441
228811 228827 433
228812 228806 2501
228827 228811 433
228827 228828 649
228867 228868 922
228867 228869 924
228848 228798 1504
228848 228849 1096
228857 228858 1262
228800 228801 2266
228800 228852 782
228850 228798 746
6888 6889 1968
6888 6892 1237
6895 6894 1300
6895 16739 1393
7988 7986 1948
7988 7987 2030
7988 8633 1128
8083 7992 1697
8083 8086 1883
8084 8085 2860
8084 8087 2721
8103 8101 2177
8114 8113 2500
8114 35053 896
8127 8128 927
8127 8173 747
8176 8175 1145
8176 8183 1596
8185 8184 1255
8185 8847 987
8193 8192 533
8193 8194 559
8195 8194 978
8195 8200 1375
8166 8167 970
8166 8168 1835
8200 8168 1352
8200 8195 1375
8151 8149 3489
8151 8364 594
8400 8406 389
8407 8406 764
8417 8408 806
8409 8408 1212
8409 8419 754
8431 8428 606
8431 8432 644
8431 35227 256
9074 9075 539
9074 9076 944
9086 9084 552
9095 9097 1837
9151 8443 1915
9290 34557 454
9156 9153 3446
9156 9157 2861
9160 9157 1468
9214 9216 1546
9214 9219 1040
9590 9591 1138
9590 9597 1428
9609 9608 846
9609 16883 593
9614 9611 1350
9614 9615 1019
9614 9616 793
9611 9613 1296
9611 9614 1350
9645 9646 3438
9645 9714 735
9734 9735 2090
9734 9736 330
9747 9704 877
9747 9746 1414
9758 6884 635
9758 9759 1530
9764 9754 892
9239 10123 847
10134 10136 564
9812 9807 1045
9812 9813 903
9817 9756 703
16932 16928 611
16932 16931 664
9802 9801 1959
9802 9803 1871
9837 9836 1961
9841 9840 884
9841 9844 765
9891 9892 339
9891 9893 1563
9892 9891 339
9892 9894 1403
9896 9895 818
9896 34756 1421
9900 10499 2277
9900 10500 1229
9901 11392 3996
9901 11393 789
10517 10501 682
10517 35162 2266
10523 12331 783
10523 35248 3721
12332 12333 264
12332 35247 1493
12340 12337 671
12340 12344 147
12384 12383 2164
12388 12404 737
12401 12402 222
12396 12395 672
12396 12566 1007
12572 12566 763
12572 12573 445
12593 12623 580
12610 12609 1334
12610 12612 787
12614 12434 1711
12614 12604 672
12435 12431 819
12435 12437 2458
12437 12433 839
12437 12435 2458
12518 12510 1013
12518 12515 1556
12518 12519 1225
12521 12530 764
12521 12537 1336
12481 12478 930
12481 34101 1334
12486 12485 475
12486 12487 796
12523 12479 452
11562 11550 1683
11562 11561 782
11562 11563 782
12470 12471 822
12470 12488 1960
12822 11563 551
12823 11804 930
12823 12824 429
12830 11802 1934
12830 12838 1847
12511 12508 1264
12511 12509 1111
12511 12512 1007
12528 12512 889
12528 12530 1007
12531 12530 1111
12531 34470 1846
12537 12521 1336
12537 12540 252
11811 11798 756
11811 11810 1114
11813 11793 2361
11813 11843 1133
11809 11808 1031
11809 11810 1014
11845 11840 840
11845 11844 452
11841 11840 893
11764 11763 1014
11764 11828 708
11828 11764 708
11828 11824 778
11826 11821 847
11826 11827 778
11827 11824 1599
11827 11826 778
11765 11763 947
11768 11877 1114
11912 11902 541
11912 11913 905
11903 11897 788
11903 11900 2335
11901 11900 713
11901 12028 2688
11901 12041 782
12041 11901 782
12041 12029 2499
12041 12042 796
12049 12046 1404
12100 12098 847
12110 12108 847
12110 12111 2299
12114 12115 354
12114 12128 1188
12121 12115 1630
12135 12115 2347
12135 12129 1254
12146 12129 672
12146 12130 975
12130 12131 3152
12130 12140 884
12130 12146 975
12151 12140 1652
12151 12141 847
12153 12144 434
12153 12154 1282
12231 12226 950
12231 12233 1533
12224 12221 2451
12224 12222 847
12224 12239 713
12240 12239 1151
12243 12215 629
12243 12248 586
12248 12215 1214
12248 12243 586
12197 12193 1344
12197 12195 562
12197 12196 1336
12293 12294 36
12313 12312 2594
12313 23526 279
12313 23536 2244
23659 23536 1510
23660 23656 604
23660 23657 2004
12287 12288 416
12287 12289 1070
23651 23652 893
23651 23653 768
23698 23684 461
23698 23696 1336
23733 23696 1115
23733 23741 2688
12298 12291 186
12298 34153 889
23701 23699 3356
23762 23741 676
23708 23706 527
14388 14389 3877
14388 24799 1411
24784 24194 133
24784 24783 788
24786 24782 183
24791 24796 939
24791 24797 983
24846 24842 939
24846 24860 279
24866 24862 893
24869 24862 599
24869 24870 747
24869 24872 1482
24873 24872 697
24873 24919 1814
24918 24919 750
25001 24919 1475
25001 25000 747
34159 25156 697
25133 25109 745
25133 25132 782
25136 25137 1031
25136 25138 3377
188018 188017 778
188018 188023 1363
188024 188023 876
188024 188035 948
188035 188024 948
188035 188032 819
188035 188063 1293
188064 188063 919
188065 188063 890
188067 188069 833
188067 188078 902
188019 188017 2114
187177 187178 776
187177 188022 1911
188021 187591 677
188021 188017 843
188021 188022 761
187179 187178 931
187179 187597 2432
187593 187265 790
187593 187592 2695
190845 187265 356
190846 187166 314
190846 190485 563
190848 190844 1283
187954 187965 882
187967 187965 640
187964 187965 728
188239 187980 955
188239 188246 1062
188239 188253 802
134189 134190 326
188246 188239 1062
188246 188254 911
188255 188250 762
188255 188254 2173
188255 190711 784
188283 188267 1904
188283 188282 663
188283 188287 382
187985 187984 762
187985 188243 996
188259 188243 847
188259 188266 2768
188093 188261 1110
188260 188261 753
188260 188262 2727
188263 188262 924
188263 188266 771
188263 188267 2782
188078 188067 902
188078 188088 781
188078 188090 1257
188086 188084 2744
188086 188087 803
188086 188090 721
188087 188085 2710
188087 188086 803
188087 188261 827
187980 187981 843
187980 188239 955
134754 135117 1026
135114 135116 377
135114 135118 870
134755 134765 697
134755 135117 847
134765 134755 697
134765 134766 806
134767 134766 2004
134767 134769 1143
139558 135122 861
134769 134767 1143
134769 134812 950
134813 134812 1654
134813 134831 904
134813 135135 1494
134828 134830 827
134828 134831 2678
134825 135032 951
134829 134832 950
134829 135032 1730
134829 135038 983
135030 135032 927
135030 135035 1828
135034 135035 788
135073 135088 2916
135055 135052 827
135055 135059 2170
135055 135088 751
135051 135035 904
135051 135040 836
135051 135052 1026
135052 135051 1026
135052 135054 2542
135052 135055 827
135090 135061 2068
135090 135088 751
135090 135092 751
135098 135092 2928
135098 135099 1198
135102 135096 1932
135102 135104 1261
135103 135849 208
135099 135093 3627
135099 135098 1198
135822 135824 1458
135842 135824 1102
135842 135850 1730
135842 135859 1180
135912 135915 373
135912 136110 336
135907 135905 476
135907 135908 556
135907 135910 1152
136103 136104 2216
136103 136110 878
136103 136115 765
136111 136112 1234
135859 135842 1180
135859 135853 1631
135859 135860 806
135860 135859 806
135860 135861 1438
135862 135861 708
135862 135866 1417
135862 135867 341
135893 135866 1143
135893 135894 1160
135903 135895 412
135903 135904 893
135903 135905 1033
136113 136117 681
136113 136122 2145
136125 136121 2645
136125 136124 676
136137 136122 177
136138 136121 841
136138 136421 1778
136433 136421 848
136433 136436 765
136433 136441 2113
136435 136437 778
136435 136438 605
136436 136433 765
136436 136437 765
136436 136439 1004
136489 136490 418
136489 136493 5757
136489 136501 883
136487 136438 1209
136487 136440 2587
136792 136495 1257
136792 136497 1375
136793 136497 765
136793 136794 599
136793 136816 2920
136794 132593 2949
136794 136793 599
136794 136817 951
136806 132596 2933
136806 136808 765
136806 136817 765
136807 136808 2700
136810 136808 849
136810 136826 2700
136850 136826 751
136850 137784 476
136850 137786 927
137497 137498 848
137497 137785 2262
137784 136850 476
137784 137785 435
137784 137789 2857
137489 137490 1686
137489 137492 870
137489 137498 2714
137501 137492 765
137501 137502 1124
137501 137513 2700
137510 137511 672
137510 137517 2590
137510 137707 925
137514 137513 765
137514 137517 848
137514 137518 1592
137707 137510 925
137707 137708 344
137707 137710 2371
137711 137712 1331
137711 137715 682
134097 134095 261
134097 138460 2451
137737 137736 324
137734 137735 445
137734 137736 1152
134095 134097 261
134095 137751 1014
134095 137752 605
137766 137762 418
137766 137763 64
137766 137769 1074
137770 137767 919
137770 137769 311
139691 137769 71
139691 139690 2397
137754 137751 1248
137754 137753 1004
137754 137756 420
138463 137900 1063
138463 138465 344
138463 138466 476
138465 137898 2644
138465 138463 344
138465 138466 354
138465 138467 796
137899 137885 2561
137899 137898 782
137899 137902 796
137899 138467 2727
137902 137886 2479
137902 137899 796
137902 137903 796
137902 138470 2644
139101 139100 276
139102 139100 344
137903 137888 2313
137903 137902 796
137903 137904 796
137903 138471 2644
137890 137887 271
137890 137891 3584
137890 137892 333
137890 137908 3004
137889 137888 818
137889 137894 688
137889 137904 2231
137894 137887 1015
137894 137889 688
137894 137906 2042
137892 137890 333
137892 137893 506
137921 137893 595
137921 137916 765
137921 137922 1576
137917 137916 1592
137917 137918 765
137917 137920 2371
137917 137922 682
137924 132840 932
137924 137920 682
137924 137922 2371
132840 132841 2335
132840 137924 932
132840 137925 1014
132840 137930 848
138494 137929 905
138494 137930 1821
138494 138499 2616
138494 138500 905
138499 138494 2616
138499 138498 905
138499 138504 905
138499 138507 2644
138548 138504 2645
138548 138507 905
138548 138552 2562
138548 138553 796
138553 138508 2645
138553 138548 796
138553 138554 782
138553 138557 2562
138561 138554 2665
138561 138557 688
138561 138562 782
138561 138629 2628
138630 138563 2772
138630 138608 3418
138630 138629 2153
138679 138640 600
138679 138678 293
138679 139645 864
138680 138640 778
138680 138681 1262
139124 139112 2204
139124 139114 751
139124 139128 905
139124 139130 1831
139118 139117 1224
139195 139127 276
139195 139196 713
139195 139197 1302
139132 139128 847
139132 139133 847
139132 139196 1180
139135 139134 2170
139135 139136 827
139135 139621 5545
139075 139074 2280
139075 139152 907
139108 139074 2528
139108 139109 2340
139108 139110 709
139675 139674 459
139110 139105 827
139110 139108 709
139110 139111 2240
139114 139105 2204
139114 139111 751
139114 139124 751
139114 139129 1867
199625 199616 395
199625 199619 364
199626 199616 2467
199626 199676 608
199627 199616 364
199627 199623 1986
139212 139210 581
139212 139213 373
139212 139222 697
139216 139210 418
139216 139224 435
139216 139230 806
139232 139230 709
139232 139271 551
139232 139275 878
139271 139232 551
139271 139272 1188
139271 139274 677
139271 139275 713
139276 139274 1426
139276 139275 905
139276 139282 1180
139308 139307 517
139308 139310 751
139329 139309 827
139329 139310 139
139329 139330 2139
139331 139310 2558
139331 139355 983
139282 139276 1180
139282 139281 2110
139282 139291 1258
139282 139332 1430
139436 139437 679
139623 139437 499
139439 139438 1268
139439 139450 1851
139439 139455 1851
139458 139455 258
139458 139686 426
139459 139452 2045
139459 139455 688
139459 139460 672
139459 139472 1102
139629 139457 932
139626 132959 131
139626 139469 1153
132960 132959 845
132960 139470 1190
132960 139471 102
139467 139466 1188
139467 139468 551
139467 139470 869
234495 234494 1333
234496 234494 1526
228806 228807 3563
228806 228810 516
228806 228811 1441
228806 228812 2501
228814 228807 1466
228814 228813 2679
228814 228818 2086
229514 229487 3684
229514 229521 445
229514 229522 1225
229523 229520 761
229523 229595 1635
229523 229601 3310
229600 229572 682
229600 229574 1339
229600 229601 2118
225328 225325 1334
225328 225332 333
225330 225331 705
225330 225332 596
225344 225332 785
225344 225339 796
225344 225345 1192
225351 225349 386
225351 225350 929
225351 225353 678
225352 225350 3770
226020 225974 11979
226020 226225 6369
226020 226227 2197
226020 226228 2688
226003 226000 580
226008 226000 1684
226008 226005 1889
226008 226009 2122
226005 226002 1222
226005 226007 979
226005 226008 1889
226006 226002 1510
226006 226010 1556
226006 226011 2178
225355 225354 1722
225355 225356 2306
225358 225356 2107
225358 225357 492
225358 227736 1810
227775 225993 10232
227775 227777 1691
228908 225993 689
228908 228907 867
227818 227815 1401
227818 227817 2546
227818 234814 1988
228911 227817 6559
228933 227817 1761
228933 228934 561
235193 228934 633
234579 228936 1360
228974 228975 1454
228980 228975 1594
234859 234860 1376
229014 229013 782
229016 229013 1110
229002 229036 565
229038 229039 2027
229038 229042 1187
229038 229050 1594
229114 229113 1139
229143 229138 1525
229108 229109 135
229108 229115 1039
229109 229108 135
229109 229115 1006
229164 229163 1021
229245 229163 2464
229162 229117 2390
229170 229172 475
229170 229189 291
234789 229184 1186
229189 229170 291
229189 229188 1933
229189 234479 1484
229202 229201 1297
229202 234479 138
229188 229189 1933
229188 229201 928
234528 234527 1055
234536 234527 241
234532 234533 828
234555 234547 393
234564 234547 374
226678 226677 393
229128 226677 658
229128 234551 349
234552 234551 379
229477 229050 240
229480 229484 502
229485 229484 1004
229485 229487 2007
229487 229485 2007
229487 229514 3684
229487 229515 1111
228517 228518 845
228522 228518 452
228522 228524 905
228529 228530 139
228524 228522 905
228524 228525 234
228524 228539 1275
228535 228536 333
228525 228524 234
228525 228546 2785
228547 228546 344
228150 228152 1114
228151 228152 837
228151 228602 893
228617 228152 948
228617 228606 562
228603 228602 667
228616 228606 762
228622 228623 535
228624 228623 712
228624 228625 671
228628 228623 431
228625 228624 671
228625 228667 696
228666 228667 433
228673 228669 1004
228673 228685 1011
228674 228669 473
228190 228197 2229
228684 228197 344
229199 229198 1445
229204 229200 1011
229204 229206 1891
229230 229206 1023
229192 229193 787
229194 229193 1872
234412 229197 67
228774 228720 4365
228774 228773 2704
228435 228434 2432
235205 228434 894
228769 228767 1055
228770 228767 2745
228770 228768 1084
228770 228775 1797
228775 228768 2679
228775 228770 1797
228558 228557 597
228550 228584 433
228552 228584 353
228578 228585 670
228250 228252 1205
228313 228318 562
235433 228318 886
228320 228321 325
228341 228346 251
228343 228346 356
235432 228346 222
228502 228504 782
228567 228504 679
228357 228378 3998
228373 228378 2515
228568 228380 1225
228572 228380 670
235237 235162 147
228815 228813 2038
228815 228818 2900
234964 228785 827
234964 228796 6908
228845 228843 475
228759 228758 1766
228771 228758 504
228453 228454 1412
228455 228454 1159
228479 228782 1139
228480 228782 3429
228480 228784 2498
228789 228784 475
16738 16736 261
34189 16736 2448
228796 228795 1830
228796 234964 6908
226661 226663 1354
226666 226663 4447
226288 226291 1343
226292 226291 672
234885 234851 1978
234886 234851 836
226302 226301 1087
226303 226301 778
226204 226208 1021
226207 226208 1267
226496 226214 2084
226501 226214 1091
234586 234588 2134
234586 234589 1093
234588 234586 2134
234588 234589 1898
226180 226191 842
226190 226191 2016
226449 226448 1565
226449 226448 1565
226449 226489 1014
234801 226498 567
226507 226509 782
226481 226511 782
226522 226511 1010
226523 226524 712
234800 226524 228
226558 226533 1604
226564 226574 2185
226569 226567 669
226569 226574 335
226567 226569 669
226567 226576 580
226613 226607 1010
226326 226329 1272
229553 226329 832
234358 226343 2318
234436 226343 2303
234436 235135 1464
235135 234436 1464
235135 235136 1656
235226 235136 501
229563 225537 1594
229568 225537 1124
229570 225537 1447
234664 234654 493
228828 228827 649
228868 228867 922
228869 228867 924
228798 228848 1504
228798 228850 746
228849 228848 1096
228858 228857 1262
228801 228800 2266
228852 228800 782
6889 6888 1968
6892 6888 1237
6894 6895 1300
6894 7986 940
16739 6895 1393
7986 6894 940
7986 7988 1948
7987 7988 2030
8633 7988 1128
7992 8083 1697
8086 8083 1883
8085 8084 2860
8085 8087 1526
8087 8084 2721
8087 8085 1526
8101 8103 2177
8113 8114 2500
8113 8175 152
35053 8114 896
8128 8127 927
8173 8127 747
8175 8113 152
8175 8176 1145
8175 8183 1074
8183 8175 1074
8183 8176 1596
8183 8184 1040
8184 8183 1040
8184 8185 1255
8847 8185 987
8192 8193 533
8194 8193 559
8194 8195 978
8167 8166 970
8168 8166 1835
8168 8200 1352
8149 8151 3489
8364 8151 594
8406 8400 389
8406 8407 764
8408 8409 1212
8408 8417 806
8419 8409 754
8428 8431 606
8432 8431 644
35227 8431 256
9075 9074 539
9076 9074 944
9076 9084 832
9084 9076 832
9084 9086 552
9097 9095 1837
8443 9151 1915
34557 9290 454
9153 9156 3446
9157 9156 2861
9157 9160 1468
9216 9214 1546
9219 9214 1040
9591 9590 1138
9597 9590 1428
9608 9609 846
16883 9609 593
9615 9614 1019
9616 9614 793
9613 9611 1296
9646 9645 3438
9714 9645 735
9735 9734 2090
9736 9734 330
9704 9747 877
9746 9747 1414
6884 9758 635
9759 9758 1530
9754 9756 1963
9754 9764 892
10123 9239 847
10136 10134 564
9807 9812 1045
9813 9756 1569
9813 9812 903
9756 9754 1963
9756 9813 1569
9756 9817 703
16928 16932 611
16931 16932 664
9801 9802 1959
9803 9802 1871
9836 9837 1961
9840 9841 884
9844 9841 765
9893 9891 1563
9894 9892 1403
9894 9895 1663
9895 9894 1663
9895 9896 818
34756 9896 1421
10499 9900 2277
10500 9900 1229
10500 10501 794
11392 9901 3996
11393 9901 789
10501 10500 794
10501 10517 682
35162 10517 2266
12331 10523 783
35248 10523 3721
12333 12332 264
35247 12332 1493
12337 12340 671
12344 12340 147
12383 12384 2164
12404 12388 737
12402 12401 222
12395 12396 672
12566 12396 1007
12566 12572 763
12573 12572 445
12623 12593 580
12609 12610 1334
12612 12610 787
12434 12614 1711
12604 12614 672
12431 12433 2482
12431 12435 819
12433 12431 2482
12433 12437 839
12510 12509 923
12510 12512 1114
12510 12518 1013
12515 12518 1556
12519 12512 1007
12519 12518 1225
12519 12530 889
12530 12519 889
12530 12521 764
12530 12528 1007
12530 12531 1111
12478 12481 930
34101 12481 1334
12485 12486 475
12487 12486 796
12479 12508 445
12479 12523 452
11550 11562 1683
11561 11562 782
11563 11562 782
11563 12822 551
12471 12470 822
12488 12470 1960
11804 12823 930
12824 12823 429
11802 12830 1934
12838 12830 1847
12508 12479 445
12508 12511 1264
12509 12510 923
12509 12511 1111
12512 12510 1114
12512 12511 1007
12512 12519 1007
12512 12528 889
34470 12531 1846
12540 12537 252
11798 11811 756
11810 11809 1014
11810 11811 1114
11793 11813 2361
11843 11813 1133
11808 11809 1031
11840 11841 893
11840 11845 840
11844 11845 452
11763 11764 1014
11763 11765 947
11824 11827 1599
11824 11828 778
11821 11826 847
11877 11768 1114
11902 11912 541
11913 11912 905
11897 11903 788
11900 11901 713
11900 11903 2335
12028 11901 2688
12028 12029 713
12029 12028 713
12029 12041 2499
12042 12041 796
12042 12046 764
12046 12042 764
12046 12049 1404
12098 12100 847
12098 12108 1114
12108 12098 1114
12108 12110 847
12111 12110 2299
12111 12128 1145
12115 12114 354
12115 12121 1630
12115 12135 2347
12128 12111 1145
12128 12114 1188
12128 12129 2347
12129 12128 2347
12129 12135 1254
12129 12146 672
12131 12130 3152
12140 12130 884
12140 12151 1652
12141 12144 950
12141 12151 847
12144 12141 950
12144 12153 434
12154 12153 1282
12226 12231 950
12233 12231 1533
12221 12224 2451
12222 12224 847
12239 12224 713
12239 12240 1151
12215 12243 629
12215 12248 1214
12193 12196 511
12193 12197 1344
12195 12197 562
12196 12193 511
12196 12197 1336
12294 12293 36
12312 12313 2594
23526 12313 279
23536 12313 2244
23536 23659 1510
23656 23660 604
23657 23660 2004
12288 12287 416
12289 12287 1070
23652 23651 893
23653 23651 768
23684 23698 461
23696 23698 1336
23696 23733 1115
23741 23733 2688
23741 23762 676
12291 12298 186
34153 12298 889
23699 23701 3356
23706 23708 527
14389 14388 3877
24799 14388 1411
24194 24784 133
24783 24784 788
24782 24786 183
24796 24791 939
24797 24791 983
24842 24846 939
24860 24846 279
24862 24866 893
24862 24869 599
24870 24869 747
24872 24869 1482
24872 24873 697
24919 24873 1814
24919 24918 750
24919 25001 1475
25000 25001 747
25156 34159 697
25109 25133 745
25132 25133 782
25137 25136 1031
25138 25136 3377
188017 188018 778
188017 188019 2114
188017 188021 843
188023 188018 1363
188023 188024 876
188023 188032 1358
188032 188023 1358
188032 188035 819
188063 188035 1293
188063 188064 919
188063 188065 890
188069 188067 833
188069 188088 709
187178 187177 776
187178 187179 931
188022 187177 1911
188022 188021 761
187591 188021 677
187597 187179 2432
187265 187593 790
187265 190845 356
187592 187593 2695
187166 190846 314
190485 190844 245
190485 190846 563
190844 190485 245
190844 190848 1283
187965 187954 882
187965 187964 728
187965 187967 640
188253 187981 955
188253 188239 802
188253 188254 604
134190 134189 326
134190 135122 233
188254 188246 911
188254 188253 604
188254 188255 2173
188250 188255 762
190711 188255 784
188267 188263 2782
188267 188283 1904
188282 188283 663
188287 188283 382
187984 187985 762
188243 187985 996
188243 188259 847
188266 188259 2768
188266 188263 771
188261 188087 827
188261 188093 1110
188261 188260 753
188262 188260 2727
188262 188263 924
188088 188069 709
188088 188078 781
188090 188078 1257
188090 188086 721
188084 188085 826
188084 188086 2744
188085 188084 826
188085 188087 2710
187981 187980 843
187981 188253 955
135117 134754 1026
135117 134755 847
135116 135114 377
135118 135114 870
134766 134765 806
134766 134767 2004
135122 134190 233
135122 139558 861
134812 134769 950
134812 134813 1654
134831 134813 904
134831 134828 2678
135135 134813 1494
134830 134828 827
134830 134832 927
135032 134825 951
135032 134829 1730
135032 135030 927
134832 134829 950
134832 134830 927
135038 134829 983
135035 135030 1828
135035 135034 788
135035 135051 904
135088 135055 751
135088 135073 2916
135088 135090 751
135059 135055 2170
135040 135051 836
135054 135052 2542
135061 135090 2068
135092 135090 751
135092 135093 751
135092 135098 2928
135096 135102 1932
135104 135102 1261
135849 135103 208
135093 135092 751
135093 135099 3627
135824 135822 1458
135824 135842 1102
135850 135842 1730
135850 135853 1143
135915 135910 1009
135915 135912 373
136110 135912 336
136110 136103 878
135905 135903 1033
135905 135904 1140
135905 135907 476
135905 135908 537
135908 135905 537
135908 135907 556
135910 135907 1152
135910 135915 1009
136104 136103 2216
136115 136103 765
136115 136112 682
136112 136111 1234
136112 136115 682
136112 136117 354
135853 135850 1143
135853 135859 1631
135853 135861 708
135861 135853 708
135861 135860 1438
135861 135862 708
135866 135862 1417
135866 135893 1143
135867 135862 341
135894 135893 1160
135894 135895 415
135895 135894 415
135895 135903 412
135904 135903 893
135904 135905 1140
136117 136112 354
136117 136113 681
136122 136113 2145
136122 136124 1918
136122 136137 177
136121 136125 2645
136121 136138 841
136124 136122 1918
136124 136125 676
136421 136138 1778
136421 136433 848
136441 136433 2113
136441 136439 1533
136437 136435 778
136437 136436 765
136437 136438 672
136437 136439 1299
136438 136435 605
136438 136437 672
136438 136440 2227
136438 136487 1209
136439 136436 1004
136439 136437 1299
136439 136441 1533
136490 136440 3
136490 136489 418
136493 136489 5757
136501 136489 883
136440 136438 2227
136440 136487 2587
136440 136490 3
136495 136497 951
136495 136792 1257
136497 136495 951
136497 136792 1375
136497 136793 765
136816 136793 2920
132593 136794 2949
136817 136794 951
136817 136806 765
132596 136806 2933
136808 136806 765
136808 136807 2700
136808 136810 849
136826 136810 2700
136826 136850 751
136826 137786 475
137786 136826 475
137786 136850 927
137498 137489 2714
137498 137497 848
137785 137497 2262
137785 137784 435
137789 137784 2857
137490 137489 1686
137492 137489 870
137492 137501 765
137502 137501 1124
137513 137501 2700
137513 137514 765
137511 137510 672
137517 137510 2590
137517 137514 848
137517 137710 951
137518 137514 1592
137708 137707 344
137710 137517 951
137710 137707 2371
137710 137712 759
137712 137710 759
137712 137711 1331
137715 137711 682
138460 134097 2451
137736 137734 1152
137736 137737 324
137736 137762 344
137736 137763 104
137735 137734 445
137751 134095 1014
137751 137754 1248
137752 134095 605
137752 137756 1955
137762 137736 344
137762 137766 418
137762 137767 364
137763 137736 104
137763 137766 64
137767 137762 364
137767 137770 919
137756 137752 1955
137756 137754 420
137900 138463 1063
137898 137899 782
137898 138465 2644
137885 137886 818
137885 137899 2561
137886 137885 818
137886 137888 847
137886 137902 2479
137888 137886 847
137888 137889 818
137888 137903 2313
137887 137890 271
137887 137894 1015
137891 137890 3584
137916 137917 1592
137916 137921 765
137918 137917 765
137920 137917 2371
137920 137924 682
132841 132840 2335
137930 132840 848
137930 138494 1821
138500 138494 905
138500 138504 2616
138504 138499 905
138504 138500 2616
138504 138508 796
138504 138548 2645
138508 138504 796
138508 138553 2645
138554 138553 782
138554 138561 2665
138562 138561 782
138562 138563 1686
138563 138562 1686
138563 138630 2772
138608 138630 3418
138678 138679 293
139645 138679 864
138681 138680 1262
139130 139124 1831
139130 139129 677
139130 139133 878
139196 139132 1180
139196 139195 713
139197 139195 1302
139133 139130 878
139133 139132 847
139134 139135 2170
139136 139135 827
139152 139075 907
139109 139108 2340
139109 139111 751
139111 139109 751
139111 139110 2240
139111 139114 751
139129 139114 1867
139129 139130 677
199619 199625 364
199676 199626 608
199623 199627 1986
139213 139212 373
139222 139212 697
139222 139224 1398
139224 139216 435
139224 139222 1398
139224 139230 610
139230 139216 806
139230 139224 610
139230 139232 709
139272 139271 1188
139274 139271 677
139274 139276 1426
139307 139308 517
139307 139309 951
139309 139307 951
139309 139329 827
139330 139329 2139
139355 139331 983
139281 139282 2110
139291 139282 1258
139450 139439 1851
139686 139458 426
139452 139459 2045
139460 139459 672
139472 139459 1102
132959 132960 845
132959 139626 131
139471 132960 102
139466 139467 1188
139468 139467 551
228810 228806 516
228818 228814 2086
228818 228815 2900
229521 229514 445
229520 229523 761
229595 229523 1635
229572 229600 682
229574 229600 1339
225325 225328 1334
225331 225330 705
225339 225344 796
225345 225344 1192
225349 225351 386
225353 225351 678
226225 226020 6369
226227 226020 2197
226228 226020 2688
226009 226008 2122
226007 226005 979
226010 226006 1556
226011 226006 2178
225354 225355 1722
225354 225357 678
225357 225354 678
225357 225358 492
227736 225358 1810
227777 227775 1691
228907 228908 867
227815 227818 1401
234814 227818 1988
803
137769
137753
139690
138466
138467
138470
139100
138471
137908
137904
137906
137893
137922
137925
137929
138498
138507
138552
138557
138629
138640
139112
139117
139127
139128
139621
139074
139674
139105
199616
139210
139275
139310
139332
139437
139438
139455
139457
139469
139470
234494
228807
229522
229601
225332
225350
225974
226000
226002
225356
225993
227817
228934
228936
228975
234860
229013
229036
229039
229113
229138
229115
229163
229117
229172
229184
234479
229201
234527
234533
234547
226677
234551
229042
229050
229484
229515
228518
228530
228539
228536
228546
228152
228602
228606
228623
228667
228669
228197
228685
229198
229200
229206
229193
229197
228720
228773
228434
228767
228768
228557
228584
228585
228252
228318
228321
228346
228504
228378
228380
235162
228813
228785
228843
228758
228454
228782
228784
16736
228795
226663
226291
234851
226301
226208
226214
234589
226191
226448
226489
226498
226509
226511
226524
226533
226574
226576
226607
226329
226343
235136
225537
234654
228811
228812
228827
228867
228848
228857
228800
228850
6888
6895
7988
8083
8084
8103
8114
8127
8176
8185
8193
8195
8166
8200
8151
8400
8407
8417
8409
8431
9074
9086
9095
9151
9290
9156
9160
9214
9590
9609
9614
9611
9645
9734
9747
9758
9764
9239
10134
9812
9817
16932
9802
9837
9841
9891
9892
9896
9900
9901
10517
10523
12332
12340
12384
12388
12401
12396
12572
12593
12610
12614
12435
12437
12518
12521
12481
12486
12523
11562
12470
12822
12823
12830
12511
12528
12531
12537
11811
11813
11809
11845
11841
11764
11828
11826
11827
11765
11768
11912
11903
11901
12041
12049
12100
12110
12114
12121
12135
12146
12130
12151
12153
12231
12224
12240
12243
12248
12197
12293
12313
23659
23660
12287
23651
23698
23733
12298
23701
23762
23708
14388
24784
24786
24791
24846
24866
24869
24873
24918
25001
34159
25133
25136
188018
188024
188035
188064
188065
188067
188019
187177
188021
187179
187593
190845
190846
190848
187954
187967
187964
188239
134189
188246
188255
188283
187985
188259
188093
188260
188263
188078
188086
188087
187980
134754
135114
134755
134765
134767
139558
134769
134813
134828
134825
134829
135030
135034
135073
135055
135051
135052
135090
135098
135102
135103
135099
135822
135842
135912
135907
136103
136111
135859
135860
135862
135893
135903
136113
136125
136137
136138
136433
136435
136436
136489
136487
136792
136793
136794
136806
136807
136810
136850
137497
137784
137489
137501
137510
137514
137707
137711
134097
137737
137734
134095
137766
137770
227818
228911
228933
234579
228974
228980
234859
229002
229038
229114
229143
229108
229109
229164
229245
229162
229170
229188
234528
234564
229128
229477
229480
229485
228517
228522
228529
228524
228535
228525
228547
228150
228151
228617
228616
228622
228624
228628
228625
228666
228673
228190
228684
229199
229204
229192
228774
228435
228775
228550
228552
228578
228250
228313
235433
228320
228341
228343
235432
228502
228567
228357
228373
228568
228815
228845
228771
228453
228455
228479
228480
228789
34189
228796
226661
226666
226288
226292
226302
226303
226204
226207
226496
234586
234588
226180
226190
226507
226481
226523
226558
226564
226569
226567
226613
226326
229553
234358
234436
235135
229563
229568
229570
228869
228798
228852
6889
6892
6894
7986
7987
7992
8086
8085
8087
8101
8113
35053
8128
8184
8847
8192
8194
8167
8168
8149
8364
8406
8408
8419
8428
9076
9084
8443
9153
9216
9591
9608
16883
9615
9646
9714
9704
6884
9754
10123
9807
9813
16928
16931
9801
9840
9844
9894
9895
34756
11392
11393
10501
12331
12337
12344
12383
12404
12402
12395
12566
12573
12623
12609
12612
12434
12604
12431
12433
12510
12515
12478
12485
12479
11550
11561
11563
12471
12488
11804
11802
12508
12509
11798
11810
11793
11808
11840
11763
11824
11821
11877
11902
11897
11900
12028
12029
12042
12046
12098
12108
12111
12131
12140
12141
12144
12154
12226
12221
12222
12239
12215
12193
12195
12196
12294
12312
23526
23656
23657
12288
23684
23696
23741
12291
23699
23706
14389
24799
24194
24783
24782
24796
24842
24860
24862
24870
24872
24919
25000
25156
25109
25132
25137
25138
188017
188023
188032
188063
188069
187178
188022
187591
187597
187265
187592
187166
190485
190844
188253
188254
188250
188267
188282
188287
187984
188243
188266
188261
188262
188088
188090
188084
188085
187981
135117
135116
135118
134766
135122
134812
134831
135135
134830
135032
134832
135038
135035
135088
135059
135040
135054
135061
135092
135096
135104
135849
135093
135824
135850
135915
136110
135908
135910
136104
136115
135853
135866
135867
135894
135904
136117
136122
136121
136124
136421
136441
136437
136439
136490
136493
136501
136495
136497
136816
132593
136817
132596
136808
136826
137786
137498
137785
137789
137492
137513
137517
137518
137710
137712
137715
137735
137751
137752
137762
137767
137756
137900
137898
137885
137886
137887
137891
137916
137918
137920
132841
137930
138500
138508
138554
138562
138563
138608
138681
139130
139196
139197
139133
139134
139136
139152
139109
139111
139129
199619
199676
199623
139222
139224
139272
139274
139307
139309
139330
139355
139281
139291
139452
139460
139472
132959
139471
139466
228818
229521
229520
229595
229572
229574
225325
225331
225339
225345
225349
225353
226225
226227
226228
226009
226010
226011
225354
227736
227777
228907
227815
234814
