722
167533 167532 848
167533 167873 2868
167931 167876 1867
167544 167545 1009
167544 167876 2026
167930 167876 778
165903 165904 697
165903 165913 739
165910 165909 789
165910 165912 1949
165910 165921 1813
165919 165920 610
165984 165920 436
165984 165980 673
166003 166001 747
166003 166008 337
166005 166006 920
165996 165995 337
165996 165999 747
167462 167463 238
167462 172504 683
165995 165996 337
165995 166012 355
167834 167835 713
165559 165581 1340
165671 165670 818
165671 165687 1340
165686 165581 885
165686 165687 713
165686 165688 1145
161522 161521 2560
161522 161523 477
161522 161548 872
161572 161543 1363
161572 161574 272
161572 161577 237
213250 213252 312
213257 213260 838
213258 213260 1227
213403 213404 592
213403 214585 227
214283 214285 369
214585 213403 227
214585 214287 326
212706 161425 443
164634 164635 333
164634 164636 276
164867 164868 2315
164874 164875 674
164884 164885 581
164884 164899 2718
164899 164884 2718
164899 164900 578
164675 164676 818
164675 164677 477
165670 165671 818
165670 165672 1340
165673 165672 713
165673 165695 2050
165699 165698 562
165699 165708 1450
165700 165698 1936
165700 165706 818
165700 165707 518
165679 165714 202
165728 165714 1450
165728 165746 281
165728 165747 890
165732 165729 404
165732 165733 139
164970 164971 581
164970 165730 1447
165729 165730 673
165729 165732 404
164977 164976 782
164977 164978 2734
114299 114298 950
114299 114300 626
114137 114138 186
113959 113961 2200
114145 113961 649
114145 114146 626
119288 119289 268
119288 119290 289
118641 118640 920
118641 119078 2062
118846 118847 201
118639 118638 1913
118639 119070 1629
119189 119188 1405
119189 119246 2777
119192 119193 510
119255 119254 1069
119332 119254 1774
119332 119335 335
119315 119334 752
119337 119199 352
119337 119334 2771
119215 119193 693
119215 119214 408
119071 119070 3152
119071 119475 669
119088 119082 2731
119081 119080 672
119081 119082 597
119069 118638 1084
119069 119068 586
119080 118638 2084
119080 119081 672
118967 118808 936
118967 119002 874
118967 119006 230
119001 119000 687
119001 119002 344
119007 119000 1379
119007 119008 712
91988 91989 1599
94384 94348 3235
94384 94385 796
94394 94409 1013
94425 94426 5102
94404 94361 4128
94388 94389 1437
92150 92147 1188
92150 92151 949
92225 92226 4341
92225 92227 2217
92355 92377 5066
92355 92378 1499
92356 92357 1253
92356 92358 1007
94568 94570 1351
94568 94571 2204
94490 94487 5856
94490 95902 5573
98115 100417 3243
98115 100614 1354
94540 94541 288
92514 92527 749
92514 92528 2063
92521 92522 1111
92521 92523 929
93119 93120 1031
93119 93157 2527
93141 93157 445
93164 93165 806
93164 94087 2863
93797 93793 1124
93840 93841 672
93840 93847 923
94141 94139 950
94141 94150 2129
94146 94143 788
94145 94143 1425
94145 94153 681
108051 108052 556
105625 105664 1907
108132 108420 818
108195 108196 1196
108195 108418 1348
108136 108137 640
108136 108138 991
108187 108186 791
108187 108188 1279
108197 108183 972
108197 108196 1274
105791 105790 572
105791 105801 504
105791 105817 2087
108225 108109 2605
108225 108238 3262
108234 105817 2209
108234 108240 4790
108227 105790 803
108227 108232 2278
108048 105664 1491
108048 108049 5077
108098 108099 667
108098 108104 2731
107469 108145 755
108140 108138 3113
108142 108143 532
108416 108415 1629
108416 108425 2279
108426 108425 930
108426 108427 2451
108456 108427 982
108456 108457 2510
108456 108470 903
108471 108472 3470
108471 108473 420
108470 108456 903
108470 108468 2747
108470 108472 826
108545 108484 2340
108545 108556 1091
108557 108553 847
108557 108556 2002
108546 108548 1340
108546 108598 1656
108599 108600 2557
108599 108628 905
108613 108612 1234
108613 108614 1124
108612 108611 750
108612 108613 1234
108627 108637 1000
108627 109289 1981
108630 108629 664
108630 108632 707
93602 93603 3969
93611 93604 3804
93611 93613 3918
93718 93700 2445
93718 93727 1444
93790 93789 905
93790 93791 782
93790 93799 3197
93716 93717 420
93716 93789 1097
93792 93789 2110
93792 93793 1259
93114 93121 2227
93127 93124 1224
93127 93126 823
93124 93125 1114
93124 93126 905
93124 93127 1224
93125 93123 1361
93125 93124 1114
92523 92521 929
92523 92524 1669
92523 92526 1805
92537 92526 1734
92537 101891 885
103141 103142 594
94527 94528 276
92629 92627 1027
92679 92633 503
92648 92647 839
92648 92649 1225
92652 92653 2665
92652 92654 4445
92711 92713 1361
92711 92716 1209
92716 92711 1209
92716 101790 789
191357 191322 3959
191993 191920 1677
191976 190956 1223
191976 191609 1882
194398 192038 139
191837 191306 9086
191837 191856 247
191856 191837 247
191856 191855 122
191613 191614 472
191613 191765 1975
191666 191668 1016
191860 191686 417
191831 190865 739
191831 191668 2009
191187 191188 901
191187 191325 3472
192629 192626 2354
192634 192631 1413
192634 194505 583
191186 191314 671
192631 192630 677
192631 192634 1413
191052 191053 1393
191052 192639 537
192639 191052 537
192639 192650 1220
192654 192660 2120
190939 190940 726
190939 190941 1463
194255 192675 2725
113962 113961 782
113962 114054 651
114054 113962 651
109740 109741 1223
109741 109740 1223
110244 111367 747
111367 110244 747
104711 104722 1797
104722 104711 1797
39098 39094 2561
39094 39098 2561
39251 39266 1337
39266 39251 1337
37070 37073 1111
37073 37070 1111
38176 38190 939
38190 38176 939
37151 37160 1742
37160 37151 1742
38212 38367 1116
38367 38212 1116
38441 38445 1124
38445 38441 1124
38492 38493 747
38500 38501 810
38493 38492 747
38501 38500 810
38866 38868 1412
38868 38866 1412
40686 40687 1768
40687 40686 1768
40692 39000 2452
39000 40692 2452
38961 38962 2322
38962 38961 2322
41553 41555 2510
38970 38974 630
38974 38970 630
41555 41553 2510
47868 47873 904
47873 47868 904
47939 47863 853
47944 47949 1255
47863 47939 853
47949 47944 1255
47952 47954 789
47954 47952 789
130871 130845 1880
130871 130889 782
130889 130871 782
130845 130871 1880
131274 126187 443
126187 131274 443
131614 131623 1892
131623 131614 1892
131716 131717 747
131722 132204 1160
131717 131716 747
132204 131722 1160
132209 132222 1616
132222 132209 1616
132230 132232 874
132232 132230 874
132232 132252 808
132252 132232 808
132252 132257 837
132257 132252 837
132259 132261 1735
132261 132259 1735
54147 54149 650
54149 54147 650
54159 54166 807
54166 54159 807
54234 54235 1161
54235 54234 1161
143391 143388 197
143605 143826 892
143972 143816 804
143816 143972 804
143750 143751 1432
143751 143750 1432
143744 143738 384
143826 143605 892
143738 143744 384
144902 144907 916
144905 144922 366
144907 144902 916
144922 144905 366
143366 143370 755
143370 143366 755
143388 143391 197
144987 144986 1278
144978 144979 297
144984 144986 356
144986 144984 356
144986 144987 1278
144979 144978 297
145167 145168 523
145168 145167 523
145168 145171 827
145171 145168 827
146620 146621 1338
146621 146620 1338
146689 146690 858
146676 146677 854
146690 146689 858
146677 146676 854
146684 146823 2321
146823 146684 2321
153596 153602 1856
153602 153596 1856
153546 153547 667
153547 153546 667
167806 167808 2318
167808 167806 2318
178621 178846 3911
178846 178621 3911
179857 179893 153
179945 179944 291
179893 179857 153
179944 179945 291
152869 152870 683
153824 153826 476
153826 153824 476
152870 152869 683
153262 153272 766
153272 153262 766
153272 153277 766
153277 153272 766
156114 156020 1683
156020 156112 751
156020 156114 1683
156164 156716 2132
156716 156164 2132
153356 153362 590
153362 153356 590
153497 153496 924
153496 153497 924
155933 155934 697
155580 155578 837
155580 155581 1284
155578 155580 837
155934 155933 697
156112 156020 751
155581 155580 1284
155929 155928 672
155928 155929 672
156393 156397 672
156397 156393 672
160149 160147 1263
160147 160149 1263
156483 156479 849
156479 156483 849
156839 156840 683
156840 156839 683
156994 156997 973
156965 156970 1494
156970 156965 1494
160471 160480 1683
160480 160471 1683
160490 160499 3626
156997 156994 973
160496 160495 600
160495 160496 600
160499 160490 3626
165894 165893 475
165893 165894 475
165909 165910 789
165579 165581 818
167532 167533 848
167873 167533 2868
167873 167876 667
167876 167544 2026
167876 167873 667
167876 167930 778
167876 167931 1867
167545 167544 1009
165904 165903 697
165913 165903 739
165912 165910 1949
165921 165910 1813
165921 165920 139
165920 165919 610
165920 165921 139
165920 165984 436
165980 165984 673
166001 165999 713
166001 166003 747
166008 166003 337
166006 166005 920
165999 165996 747
165999 166001 713
167463 167462 238
172504 167462 683
166012 165995 355
167835 167834 713
165581 165559 1340
165581 165579 818
165581 165686 885
165687 165671 1340
165687 165672 818
165687 165686 713
165688 165686 1145
161521 161522 2560
161523 161522 477
161548 161522 872
161543 161572 1363
161574 161572 272
161577 161572 237
213252 213250 312
213260 213257 838
213260 213258 1227
213404 213403 592
213404 214285 166
213404 214287 268
214285 213404 166
214285 214283 369
214287 213404 268
214287 214585 326
161425 212706 443
164635 164634 333
164636 164634 276
164868 164867 2315
164875 164874 674
164885 164884 581
164900 164899 578
164676 164675 818
164677 164675 477
165672 165670 1340
165672 165673 713
165672 165687 818
165695 165673 2050
165698 165699 562
165698 165700 1936
165708 165699 1450
165706 165700 818
165707 165700 518
165714 165679 202
165714 165728 1450
165746 165728 281
165747 165728 890
165733 165732 139
164971 164970 581
165730 164970 1447
165730 165729 673
164976 164977 782
164978 164977 2734
114298 114299 950
114300 114299 626
114138 114137 186
113961 113959 2200
113961 113962 782
113961 114145 649
114146 114145 626
119289 119288 268
119290 119288 289
118640 118638 3110
118640 118641 920
119078 118641 2062
118847 118846 201
118638 118639 1913
118638 118640 3110
118638 119069 1084
118638 119080 2084
118638 119082 2848
119070 118639 1629
119070 119071 3152
119188 119189 1405
119246 119189 2777
119193 119192 510
119193 119215 693
119254 119255 1069
119254 119332 1774
119335 119332 335
119334 119315 752
119334 119337 2771
119199 119337 352
119214 119215 408
119475 119071 669
119082 118638 2848
119082 119081 597
119082 119088 2731
119068 119069 586
118808 118967 936
119002 118967 874
119002 119001 344
119006 118967 230
119000 119001 687
119000 119007 1379
119008 119007 712
91989 91988 1599
94348 94384 3235
94385 94384 796
94409 94394 1013
94426 94425 5102
94361 94404 4128
94389 94388 1437
92147 92150 1188
92151 92150 949
92226 92225 4341
92227 92225 2217
92377 92355 5066
92378 92355 1499
92357 92356 1253
92357 92358 1667
92358 92356 1007
92358 92357 1667
94570 94568 1351
94571 94568 2204
94487 94490 5856
95902 94490 5573
100417 98115 3243
100614 98115 1354
94541 94540 288
92527 92514 749
92528 92514 2063
92522 92521 1111
93120 93119 1031
93157 93119 2527
93157 93141 445
93165 93164 806
94087 93164 2863
93793 93792 1259
93793 93797 1124
93841 93840 672
93847 93840 923
94139 94141 950
94150 94141 2129
94143 94145 1425
94143 94146 788
94153 94145 681
108052 108051 556
105664 105625 1907
105664 108048 1491
108420 108132 818
108196 108195 1196
108196 108197 1274
108418 108195 1348
108137 108136 640
108138 108136 991
108138 108140 3113
108186 108187 791
108188 108187 1279
108183 108197 972
105790 105791 572
105790 108227 803
105801 105791 504
105817 105791 2087
105817 108234 2209
108109 108099 2334
108109 108225 2605
108238 108225 3262
108240 108234 4790
108232 108227 2278
108049 108048 5077
108099 108098 667
108099 108109 2334
108104 108098 2731
108145 107469 755
108143 108142 532
108415 108416 1629
108425 108416 2279
108425 108426 930
108427 108426 2451
108427 108456 982
108457 108456 2510
108457 108468 938
108472 108470 826
108472 108471 3470
108473 108471 420
108468 108457 938
108468 108470 2747
108484 108545 2340
108556 108545 1091
108556 108557 2002
108553 108557 847
108548 108546 1340
108598 108546 1656
108600 108599 2557
108628 108599 905
108614 108613 1124
108611 108612 750
108637 108627 1000
109289 108627 1981
108629 108630 664
108632 108630 707
93603 93602 3969
93603 93604 3281
93604 93603 3281
93604 93611 3804
93613 93611 3918
93700 93718 2445
93727 93718 1444
93789 93716 1097
93789 93790 905
93789 93792 2110
93791 93790 782
93799 93790 3197
93717 93716 420
93121 93114 2227
93121 93123 893
93126 93124 905
93126 93127 823
93123 93121 893
93123 93125 1361
92524 92523 1669
92526 92523 1805
92526 92537 1734
101891 92537 885
103142 103141 594
94528 94527 276
92627 92629 1027
92633 92679 503
92647 92648 839
92649 92648 1225
92653 92652 2665
92654 92652 4445
92713 92711 1361
101790 92716 789
191322 191357 3959
191920 191993 1677
190956 191976 1223
191609 191976 1882
192038 194398 139
191306 191837 9086
191855 191856 122
191614 191613 472
191765 191613 1975
191668 191666 1016
191668 191831 2009
191686 191860 417
190865 191831 739
191188 191187 901
191325 191187 3472
192626 192629 2354
194505 192634 583
191314 191186 671
192630 192631 677
191053 191052 1393
192650 192639 1220
192660 192654 2120
190940 190939 726
190941 190939 1463
192675 194255 2725
942
167533
167931
167544
167930
165903
165910
165919
165984
166003
166005
165996
167462
165995
167834
165559
165671
165686
161522
161572
213250
213257
213258
213403
214283
214585
212706
164634
164867
164874
164884
164899
164675
165670
165673
165699
165700
165679
165728
165732
164970
165729
164977
114299
114137
113959
114145
119288
118641
118846
118639
119189
119192
119255
119332
119315
119337
119215
119071
119088
119081
119069
119080
118967
119001
119007
91988
94384
94394
94425
94404
94388
92150
92225
92355
92356
94568
94490
98115
94540
92514
92521
93119
93141
93164
93797
93840
94141
94146
94145
108051
105625
108132
108195
108136
108187
108197
105791
108225
108234
108227
108048
108098
107469
108140
108142
108416
108426
108456
108471
108470
108545
108557
108546
108599
108613
108612
108627
108630
93602
93611
93718
93790
93716
93792
93114
93127
93124
93125
92523
92537
103141
94527
92629
92679
92648
92652
92711
92716
191357
191993
191976
194398
191837
191856
191613
191666
191860
191831
191187
192629
192634
191186
192631
191052
192639
192654
190939
194255
119356
113962
114054
114056
114111
114342
114350
114301
108605
108608
109272
109340
109318
109328
109406
109524
109660
108643
109337
109356
109359
109351
109595
109645
109629
109739
109726
109740
109759
109741
110075
110097
110138
110100
110014
110113
110119
110172
110225
110240
110161
110186
110242
110244
110824
110822
110864
110829
110862
110224
110732
110760
110746
110750
110780
110272
110277
111367
110237
110239
110256
103861
103855
103859
112857
112801
112804
112815
103906
103991
103992
103894
112495
112546
110850
110846
110860
110828
104021
103932
103939
104706
104711
104722
39058
39098
39090
39094
39233
39253
39246
39249
39251
39266
37181
37204
37099
37100
37107
37114
37070
37085
37073
37081
37063
37078
37205
38176
38183
38190
37151
37157
37160
38208
38212
38367
38370
38371
38394
38389
38392
38404
38441
38445
38543
38549
38492
38500
38493
38505
38501
38535
38572
38578
38866
38882
38883
38868
40655
40652
40654
40662
40686
40687
40692
38987
38989
38997
39000
38961
38948
38962
38972
38971
41553
38970
38974
41555
41568
47533
47602
47607
47650
47724
47728
47746
47751
47756
48049
48054
48061
47922
47927
47926
48053
48068
47868
47914
47873
47939
47946
47944
47863
47949
47952
47954
47958
47979
47982
130523
130526
46199
47402
47407
47459
47461
47476
130718
130706
130720
130608
130712
130747
130750
130775
130790
130821
130822
130858
130865
130870
130871
130889
130893
130845
130847
130854
131128
131154
131127
131158
131172
131176
131180
131191
131274
126187
131282
131188
131526
131286
131549
131302
131551
131552
131573
131614
131623
131631
131716
131636
131722
132157
131717
132163
132210
132211
132204
132209
132222
132230
132232
132252
132256
132257
132259
132261
132276
54147
54149
54156
54159
54166
54234
54097
54108
54110
54118
54112
54114
54115
54266
54268
54235
54226
54242
140330
140369
140340
140345
140487
140490
143449
143369
143530
143531
143391
140295
143534
143542
143550
143594
143596
143600
143605
143609
143634
143636
142852
143967
143965
143971
143972
143811
143816
143778
143800
143812
143753
143756
143797
143750
143751
143757
143741
143744
143826
143738
143742
142888
143969
142887
142885
142892
144902
144905
144907
144922
144926
144929
144933
144920
143176
143181
143203
143226
143232
143238
143294
143357
143366
143370
143388
144921
144970
144987
144978
144984
144986
204787
204965
207727
144979
145167
145168
145171
145184
145188
145189
145229
145250
145264
145270
145272
146441
146445
146446
146612
146617
146620
146621
146689
146676
146690
146696
146677
146684
146820
146821
146867
146823
146825
146839
146833
146843
146890
146891
146920
150131
211713
210013
152806
153809
172673
153537
153596
153599
153602
172672
153539
153546
153547
162506
162504
168524
162498
168500
162500
168452
167750
167806
167798
167808
178613
178621
178846
178644
178861
178843
180040
180050
177669
179775
179857
179945
179893
179944
179934
179956
152873
152878
152869
152876
153823
153824
153826
153843
152805
152815
153811
153820
172242
152870
153262
153251
153272
153278
153277
156105
156114
156020
156017
156164
156180
156581
156716
153334
153350
153356
153362
153376
153447
153371
154832
154836
153402
153497
154847
153496
153493
154843
157020
154864
154837
154867
154871
154869
155933
155580
155578
155585
155934
156134
156112
153460
153470
153465
155936
157013
154853
155880
157004
156999
155581
155929
155928
179973
172946
172276
172927
172931
172509
185283
178122
178522
178534
177699
173293
178579
173080
172969
177740
178020
178023
178164
178165
178085
178029
178146
173289
173264
173337
174774
173498
173500
174923
174927
185502
173472
174925
174942
176684
176693
177576
177575
177583
177578
156393
160157
177592
156397
160149
160147
177336
160205
156523
156528
160278
160257
160223
160266
160189
160193
156483
156479
156575
156839
160367
160351
160384
160338
160373
156840
156895
156883
156649
156711
156713
156790
156869
156959
156679
156994
156965
156970
160471
160480
160490
156997
156680
160496
160495
160499
156639
156891
156642
156815
156819
156914
156924
156889
156942
156946
156950
156694
156972
156939
156984
156671
158428
177329
177371
177380
177412
177373
177397
177391
176687
174903
174905
165894
165893
165909
165647
165648
165666
165864
165579
165639
165645
167790
167812
167697
167734
172691
167818
167823
167827
165457
165459
167838
167837
167532
167873
167545
165913
165921
165980
166001
166008
166006
165999
166012
165581
165687
165688
161521
161548
161543
161574
161577
213260
214287
161425
164636
164868
164885
164676
164677
165672
165695
165698
165708
165706
165714
165746
165747
165733
164971
165730
164976
164978
114298
114138
118847
119070
119188
119246
119193
119254
119335
119334
119199
119475
118808
119002
119006
119000
119008
94348
94385
94426
94361
94389
92147
92226
92227
92377
92378
92357
92358
94570
94487
100417
100614
94541
93157
93165
93793
93841
93847
94139
94150
94143
94153
105664
108196
108418
108138
108186
108183
105801
105817
108109
108238
108240
108232
108049
108099
108415
108425
108427
108457
108472
108468
108484
108556
108553
108598
108600
108628
108611
108637
108629
108632
93603
93604
93613
93700
93791
93799
93121
93126
93123
92524
92526
103142
94528
92627
92633
92647
92654
92713
191322
191920
190956
191609
192038
191306
191855
191614
191765
191668
191686
190865
191188
191325
192626
194505
191314
192630
192650
190940
192675
