956
141517 141515 749
141517 141518 795
151899 151900 858
151883 148161 363
148162 148161 1014
148162 151970 1060
141492 141543 844
141492 141555 2147
141492 141556 510
141493 141489 554
141493 141516 965
141496 141518 352
141496 141519 439
189964 189965 807
189964 190560 1282
150584 150666 451
143289 139858 1165
143289 139859 424
139860 139861 689
139860 139862 1384
139864 139862 828
139864 139872 1704
139871 139872 827
140166 140143 279
140171 140174 853
140171 140218 2044
140214 140218 826
140214 140223 2089
140226 140223 778
140226 140238 2073
140232 140234 767
140233 140238 778
140233 141538 737
140233 141547 1933
140169 140153 777
140169 140165 1303
140169 140174 1429
190559 190721 2007
190566 190565 1667
142239 142240 954
142239 142374 2289
142373 142374 906
142373 142380 2377
142379 142380 761
142379 142439 2554
142396 142397 122
142396 142398 165
149904 149915 4064
151810 151927 1769
151834 151841 2492
146994 146995 2620
146994 151931 201
151826 141526 2925
151826 151900 786
141530 141526 893
141530 141531 1706
142257 142260 837
142257 142296 3115
142295 142296 828
142295 142303 2812
142302 142303 852
142242 142241 795
142242 142305 939
142242 142377 2321
141823 141826 814
141823 141841 2371
141826 141823 814
141826 141827 2451
141826 141829 809
141828 141829 753
141839 141837 825
141839 141840 865
141839 142255 2311
142254 142255 908
142254 142260 1913
141531 141527 893
141531 141530 1706
141531 141534 2310
141671 141534 822
141671 141776 1938
141777 141776 779
141777 141781 1700
141782 141781 751
141782 141783 2389
141791 141783 735
141791 141808 1178
141809 141808 1021
141809 141811 2317
141809 141812 929
141812 141809 929
141812 141841 1009
141812 141842 1195
142240 142239 954
142240 142241 649
142240 142375 2396
142241 142240 649
142241 142242 795
142241 142376 2407
56078 56067 848
56078 56080 1380
56079 56080 747
56059 56003 848
56059 56067 1380
55936 55932 1182
55971 55957 709
55986 55985 168
55986 55989 905
55983 55992 778
55983 56000 766
55984 56000 713
55984 56003 1380
55905 55906 905
55905 55992 202
56094 56080 1503
56094 56091 747
56199 56805 191
56095 56091 1458
56095 56097 747
56202 56097 1932
56202 56267 747
56270 56268 1883
56270 56272 691
56270 56274 1436
56274 56270 1436
56274 56275 782
56282 56275 1389
56282 56279 672
56283 56279 1449
56283 56288 905
56291 56288 1436
56291 56301 782
56291 56302 1449
196665 196631 784
196632 196629 630
196632 196631 1359
196632 196633 1637
196633 196630 715
196633 196632 1637
196633 196891 2035
196892 196895 504
196892 196899 437
196899 196892 437
196899 196900 1666
196902 196903 846
204323 204330 434
204323 204332 1645
204344 204346 461
204350 204741 1637
204388 204389 452
204745 204743 1160
204745 204749 1021
204752 204749 758
204752 204757 884
204752 204758 679
204754 204757 1357
207618 207616 2041
207618 207619 663
207618 207620 381
207619 207618 663
207619 207621 2161
207623 207621 846
207623 207627 2286
207623 207628 846
207628 207623 846
207628 207638 2286
207628 207656 841
207656 207628 841
207656 207639 2059
207656 207657 681
207657 207656 681
207657 207660 846
207657 207661 2164
207500 207505 796
207500 207508 867
207500 207512 2216
207504 207503 860
207504 207505 2034
207508 207500 867
207508 207509 2027
207510 207509 955
207510 207738 2002
207670 203557 710
207670 207673 1020
207737 207738 692
207737 207742 598
207740 207743 584
207662 207660 846
207662 207671 480
207662 207672 93
207660 207657 846
207660 207662 846
207660 207663 2286
196858 196823 779
196858 196824 2336
196870 196851 349
196859 196823 954
196859 196857 796
196864 196863 346
196864 196866 504
196868 196866 346
196868 196867 522
196894 196893 1777
196894 196896 803
196882 196857 1722
196882 196880 779
196881 196880 821
196819 196816 757
196819 196820 781
196822 196820 1143
196822 196837 980
196822 196838 608
145346 145357 2374
145346 145357 2374
145346 145358 661
145431 145446 883
145431 145457 1848
145433 145457 783
145433 145459 2006
145433 145460 779
145460 145433 779
145460 145461 797
145460 145463 2038
145461 145460 797
145461 145982 2100
145985 145982 987
145985 145988 942
145985 145994 2171
146001 145995 773
146001 146004 3105
151410 151409 602
151410 151414 1020
151410 151415 1414
151371 151364 780
151371 151372 772
151371 151376 1631
151372 151371 772
151372 151416 481
151372 151431 846
151416 151372 481
151416 151428 998
146005 146025 969
146005 146029 770
151365 151367 722
151364 151371 780
151364 151374 1610
151373 151369 797
151373 151374 671
151339 151345 803
151339 151367 2283
151341 151344 906
151341 151345 1816
139761 139760 704
139761 139760 704
139761 151378 841
139761 151378 841
139761 203675 717
151342 151343 825
151342 151378 765
151343 151342 825
151343 151344 267
139759 139758 697
139759 139758 697
139759 203674 1414
203583 203572 843
203583 203587 594
203998 203996 750
203998 204029 2002
204004 194999 2233
204004 204029 901
204100 194999 810
204100 204101 762
204100 204106 1040
204101 204100 762
204101 204103 1638
204112 204114 990
204112 204115 277
204114 204112 990
204114 204119 1274
204113 204115 641
204113 204117 2395
204118 204117 773
204118 204322 710
204118 204325 937
204322 204118 710
204322 204328 1337
204330 204323 434
204330 204331 1493
203581 203582 816
203605 203606 624
203612 203613 573
203612 203616 709
203613 203612 573
203613 203618 683
203609 203607 277
203590 203588 773
203590 203589 2397
203590 203688 2130
203689 203690 804
203723 203690 1459
203723 203724 684
203723 203727 2213
203727 203723 2213
203727 203728 573
203752 203729 521
203752 203753 284
203755 203754 640
203755 203760 1559
203761 203760 841
203761 204005 1321
203980 204005 710
203980 204007 1407
204011 204007 1026
204011 204012 797
204011 204022 751
204011 204024 707
204011 204025 986
203996 203998 750
203996 204023 1898
204022 204011 751
204022 204023 715
204022 204025 706
207960 207959 1168
207960 207964 827
207598 207565 285
207598 207599 1383
207597 207605 1900
207597 207608 833
207565 207596 623
207565 207598 285
207565 207600 2925
207550 207551 814
207552 207551 905
207552 207556 1011
207552 207557 674
207556 207467 1133
207556 207552 1011
207556 207558 673
207959 207960 1168
207959 207961 805
207467 207556 1133
207467 207961 1168
207467 207962 869
207536 207564 1167
207536 207567 231
207563 207555 608
207563 207564 749
207566 207569 686
207566 207595 972
207555 207561 346
207555 207563 608
207503 207504 860
207503 207514 2059
207516 207514 816
207516 207521 2136
207522 207521 918
207522 207580 779
207522 207587 2106
207580 207522 779
207580 207588 1933
207590 207592 1302
207590 207593 1336
207604 207592 785
207604 207605 867
207604 207607 1950
207967 207964 1228
207996 208043 884
208043 207996 884
210585 210584 709
210584 210585 709
208445 210685 624
210685 208445 624
185070 185067 610
185067 185070 610
185129 185098 1225
166340 166339 1184
166339 166340 1184
166848 185061 1032
185061 166848 1032
180542 180575 1592
180575 180542 1592
152208 152209 1494
152209 152208 1494
176370 176371 373
176364 176359 373
176371 176370 373
176359 176364 373
185099 185098 683
185098 185099 683
185098 185129 1225
185114 185122 2804
185122 185114 2804
174545 174643 2032
174643 174545 2032
174740 174732 758
174732 174730 682
174732 174740 758
174730 174732 682
175280 174744 842
174744 175280 842
175236 175237 2873
175239 175238 1533
175238 175239 1533
175397 175403 890
175237 175236 2873
175403 175397 890
175512 175511 2559
175511 175512 2559
174442 174464 373
174464 174442 373
210974 210910 1548
210910 210974 1548
211094 211091 846
211775 211788 901
211091 211094 846
211788 211775 901
163745 163744 842
163744 163745 842
163678 163677 452
163677 163678 452
163803 163804 782
163804 163803 782
162972 162953 1901
163453 163454 758
163454 163453 758
162769 162771 139
162953 162972 1901
162771 162769 139
164206 164202 1145
164202 164206 1145
164110 164112 537
164112 164110 537
164122 164124 1255
164124 164122 1255
212372 212375 787
212375 212372 787
212378 212388 745
212388 212378 745
212389 212396 727
212396 212389 727
211966 211968 986
211968 211966 986
114463 114462 556
114462 114463 556
115199 115202 609
115202 115199 609
114873 114874 556
114874 114873 556
106883 106881 672
106881 106883 672
116039 116040 3385
116040 116039 3385
191928 191930 214
191930 191928 214
192111 192854 567
192854 192111 567
107597 107598 905
107597 107626 1031
107598 107597 905
107626 107597 1031
112104 112125 848
112028 112277 788
112277 112028 788
112125 112104 848
112451 112462 672
112465 113153 445
113153 112465 445
112462 112451 672
112461 112455 1454
112455 112461 1454
113116 113114 889
112920 112936 1031
112936 112920 1031
112957 113112 764
113112 112957 764
113114 113116 889
112662 112661 905
112661 112662 905
113500 113496 796
113496 113500 796
113505 113512 1701
113512 113505 1701
105346 105357 1571
105357 105346 1571
105357 105364 1179
103479 103575 1093
103479 103578 1447
105391 105393 2508
105393 105391 2508
105364 105357 1179
39887 39888 1742
39888 39887 1742
39926 39989 556
105165 105129 969
105129 105165 969
105447 105449 2903
103575 103479 1093
103578 103479 1447
105431 105449 1471
105449 105431 1471
105449 105447 2903
39989 39926 556
41096 41113 2453
41113 41096 2453
55368 55367 3339
55367 55368 3339
49368 49373 772
49373 49368 772
49164 49165 796
49165 49164 796
49692 49797 1085
49797 49692 1085
144387 144388 793
144388 144387 793
144381 144380 370
144380 144381 370
142439 142379 2554
142434 142398 1193
144409 144410 593
144410 144409 593
144595 144596 420
144596 144595 420
144596 144600 933
144600 144596 933
196722 196363 1254
196363 196722 1254
196372 196416 1764
196416 196372 1764
141543 141492 844
141544 141538 999
141515 141489 913
141515 141516 488
141515 141517 749
141518 141496 352
141518 141516 791
141518 141517 795
151900 151826 786
151900 151899 858
148161 148162 1014
148161 151883 363
151970 148162 1060
141555 141492 2147
141556 141492 510
141489 141493 554
141489 141515 913
141516 141493 965
141516 141515 488
141516 141518 791
141519 141496 439
189965 189964 807
190560 189964 1282
150666 150584 451
139858 139859 802
139858 139861 266
139858 143289 1165
139859 139858 802
139859 143289 424
139861 139858 266
139861 139860 689
139862 139860 1384
139862 139864 828
139872 139864 1704
139872 139871 827
139872 140143 1748
140143 139872 1748
140143 140165 359
140143 140166 279
140174 140169 1429
140174 140171 853
140218 140171 2044
140218 140214 826
140223 140214 2089
140223 140226 778
140238 140226 2073
140238 140233 778
140234 140232 767
140234 141538 1258
141538 140233 737
141538 140234 1258
141538 141544 999
141547 140233 1933
140153 140169 777
140165 140143 359
140165 140169 1303
190721 190559 2007
190565 190566 1667
142374 142239 2289
142374 142373 906
142374 142375 872
142380 142373 2377
142380 142379 761
142397 142396 122
142397 142398 143
142398 142396 165
142398 142397 143
142398 142434 1193
149915 149904 4064
151927 151810 1769
151841 151834 2492
146995 146994 2620
151931 146994 201
141526 141527 1723
141526 141530 893
141526 151826 2925
142260 142254 1913
142260 142257 837
142296 142257 3115
142296 142295 828
142303 142295 2812
142303 142302 852
142305 142242 939
142377 142242 2321
142377 142376 870
141841 141812 1009
141841 141823 2371
141841 141827 851
141827 141826 2451
141827 141841 851
141829 141826 809
141829 141828 753
141829 141837 792
141837 141829 792
141837 141839 825
141840 141839 865
142255 141839 2311
142255 142254 908
141527 141526 1723
141527 141531 893
141534 141531 2310
141534 141671 822
141776 141671 1938
141776 141777 779
141781 141777 1700
141781 141782 751
141783 141782 2389
141783 141791 735
141808 141791 1178
141808 141809 1021
141811 141809 2317
141842 141812 1195
142375 142240 2396
142375 142374 872
142375 142376 689
142376 142241 2407
142376 142375 689
142376 142377 870
56067 56059 1380
56067 56078 848
56080 56078 1380
56080 56079 747
56080 56094 1503
56003 55984 1380
56003 56059 848
55932 55936 1182
55957 55971 709
55985 55986 168
55989 55986 905
55992 55905 202
55992 55983 778
56000 55983 766
56000 55984 713
55906 55905 905
56091 56094 747
56091 56095 1458
56805 56199 191
56097 56095 747
56097 56202 1932
56267 56202 747
56267 56268 139
56268 56267 139
56268 56270 1883
56272 56270 691
56275 56274 782
56275 56282 1389
56279 56282 672
56279 56283 1449
56288 56283 905
56288 56291 1436
56301 56291 782
56302 56291 1449
196631 196632 1359
196631 196665 784
196629 196630 1611
196629 196632 630
196630 196629 1611
196630 196633 715
196630 196867 1874
196891 196633 2035
196891 196893 598
196891 196895 255
196895 196891 255
196895 196892 504
196895 196896 1665
196900 196896 936
196900 196899 1666
196900 196903 433
196903 196900 433
196903 196902 846
204332 204323 1645
204332 204331 404
204332 204346 319
204346 204332 319
204346 204344 461
204741 204350 1637
204741 204389 1425
204389 204388 452
204389 204741 1425
204389 204743 859
204743 204389 859
204743 204745 1160
204749 204745 1021
204749 204752 758
204757 204752 884
204757 204754 1357
204758 204752 679
207616 207618 2041
207616 207621 709
207620 207618 381
207621 207616 709
207621 207619 2161
207621 207623 846
207627 207623 2286
207627 207638 846
207638 207627 846
207638 207628 2286
207638 207639 755
207639 207638 755
207639 207656 2059
207639 207661 797
207661 207639 797
207661 207657 2164
207661 207663 796
207505 207500 796
207505 207504 2034
207505 207514 715
207512 207500 2216
207512 207509 727
207509 207508 2027
207509 207510 955
207509 207512 727
207738 207510 2002
207738 207737 692
203557 207670 710
207673 207670 1020
207673 207672 1151
207742 207737 598
207742 207743 183
207743 207740 584
207743 207742 183
207671 207662 480
207671 207672 499
207672 207662 93
207672 207671 499
207672 207673 1151
207663 207660 2286
207663 207661 796
196823 196858 779
196823 196859 954
196824 196851 583
196824 196858 2336
196851 196824 583
196851 196870 349
196857 196859 796
196857 196882 1722
196863 196864 346
196866 196864 504
196866 196868 346
196867 196630 1874
196867 196868 522
196867 196893 255
196893 196867 255
196893 196891 598
196893 196894 1777
196896 196894 803
196896 196895 1665
196896 196900 936
196880 196881 821
196880 196882 779
196816 196819 757
196820 196819 781
196820 196822 1143
196837 196822 980
196838 196822 608
145357 145346 2374
145357 145346 2374
145358 145346 661
145446 145431 883
145457 145431 1848
145457 145433 783
145459 145433 2006
145459 145463 849
145463 145459 849
145463 145460 2038
145463 145982 725
145982 145461 2100
145982 145463 725
145982 145985 987
145982 145988 295
145988 145982 295
145988 145985 942
145994 145985 2171
145994 145995 336
145995 145994 336
145995 146001 773
146004 146001 3105
146004 146025 773
151409 151410 602
151414 151410 1020
151415 151410 1414
151376 151371 1631
151376 151374 765
151431 151372 846
151431 151428 915
151428 151416 998
151428 151431 915
146025 146004 773
146025 146005 969
146029 146005 770
151367 151339 2283
151367 151365 722
151367 151369 2230
151374 151364 1610
151374 151373 671
151374 151376 765
151369 151367 2230
151369 151373 797
151345 151339 803
151345 151341 1816
151344 151341 906
151344 151343 267
139760 139758 802
139760 139758 802
139760 139761 704
139760 139761 704
151378 139761 841
151378 139761 841
151378 151342 765
203675 139761 717
139758 139759 697
139758 139759 697
139758 139760 802
139758 139760 802
203674 139759 1414
203674 203587 808
203572 203583 843
203587 203583 594
203587 203674 808
204029 203998 2002
204029 204004 901
204029 204023 709
194999 204004 2233
194999 204100 810
204106 204100 1040
204106 204103 955
204103 204101 1638
204103 204106 955
204103 204119 774
204115 204112 277
204115 204113 641
204119 204103 774
204119 204114 1274
204117 204113 2395
204117 204118 773
204325 204118 937
204328 204322 1337
204331 204330 1493
204331 204332 404
203582 203581 816
203606 203605 624
203606 203607 1701
203616 203612 709
203618 203613 683
203607 203589 523
203607 203606 1701
203607 203609 277
203588 203590 773
203589 203590 2397
203589 203607 523
203688 203590 2130
203690 203689 804
203690 203723 1459
203724 203723 684
203724 203728 2307
203728 203724 2307
203728 203727 573
203728 203729 701
203729 203728 701
203729 203752 521
203753 203752 284
203753 203754 1668
203754 203753 1668
203754 203755 640
203760 203755 1559
203760 203761 841
204005 203761 1321
204005 203980 710
204007 203980 1407
204007 204011 1026
204007 204012 499
204012 204007 499
204012 204011 797
204024 204011 707
204024 204025 750
204025 204011 986
204025 204022 706
204025 204024 750
204023 203996 1898
204023 204022 715
204023 204029 709
207964 207960 827
207964 207961 1023
207964 207967 1228
207599 207598 1383
207599 207608 622
207605 207597 1900
207605 207604 867
207608 207597 833
207608 207599 622
207596 207565 623
207596 207595 1064
207600 207565 2925
207551 207550 814
207551 207552 905
207557 207552 674
207557 207558 1010
207558 207556 673
207558 207557 1010
207961 207467 1168
207961 207959 805
207961 207964 1023
207962 207467 869
207564 207536 1167
207564 207561 944
207564 207563 749
207567 207536 231
207569 207566 686
207595 207566 972
207595 207596 1064
207561 207555 346
207561 207564 944
207514 207503 2059
207514 207505 715
207514 207516 816
207521 207516 2136
207521 207522 918
207587 207522 2106
207587 207588 947
207588 207580 1933
207588 207587 947
207588 207593 346
207592 207590 1302
207592 207593 451
207592 207604 785
207593 207588 346
207593 207590 1336
207593 207592 451
207607 207604 1950
963
141517
151899
151883
148162
141492
141493
141496
189964
150584
143289
139860
139864
139871
140166
140171
140214
140226
140232
140233
140169
190559
190566
142239
142373
142379
142396
149904
151810
151834
146994
151826
141530
142257
142295
142302
142242
141823
141826
141828
141839
142254
141531
141671
141777
141782
141791
141809
141812
142240
142241
56078
56079
56059
55936
55971
55986
55983
55984
55905
56094
56199
56095
56202
56270
56274
56282
56283
56291
196665
196632
196633
196892
196899
196902
204323
204344
204350
204388
204745
204752
204754
207618
207619
207623
207628
207656
207657
207500
207504
207508
207510
207670
207737
207740
207662
207660
196858
196870
196859
196864
196868
196894
196882
196881
196819
196822
145346
145431
145433
145460
145461
145985
146001
151410
151371
151372
151416
146005
151365
151364
151373
151339
151341
139761
151342
151343
139759
203583
203998
204004
204100
204101
204112
204114
204113
204118
204322
204330
203581
203605
203612
203613
203609
203590
203689
203723
203727
203752
203755
203761
203980
204011
203996
204022
207960
207598
207597
207565
207550
207552
207556
207959
207467
207536
207563
207566
207555
207503
207516
207522
207580
207590
207604
207967
207986
207988
207993
207996
208043
208048
208134
208150
208156
208365
208375
208370
208371
208389
208391
208338
208421
210585
210584
210683
208345
208440
208445
210685
210686
210599
210657
178672
178687
178734
178740
177534
180273
163674
163707
163708
163717
184950
185073
185070
185067
185129
185134
163692
166356
166595
166340
166364
166339
166346
160138
166853
166889
166839
166848
185061
163688
180766
180795
180512
180790
180799
180529
180558
180542
180575
182395
182451
182513
182516
182418
182448
181971
181974
182006
182247
182521
182527
182519
182490
182525
172471
173740
173746
182622
182561
185176
152201
152239
152208
152178
152209
152187
176358
176304
176370
176372
176364
176371
176359
152224
152226
185099
185098
185114
185122
185125
173967
174790
173649
173810
173897
173777
174518
174545
174643
174677
174740
174670
174663
174665
174732
174730
175201
175216
186025
174706
175292
175281
175290
175279
174287
174288
175288
175294
175280
175304
174744
175236
175239
175238
175243
175209
175391
175397
175237
175403
175227
175433
175441
175703
175709
175744
175742
175738
175645
174985
175512
185793
175511
175542
175624
175629
175677
175683
175637
175646
175689
174441
174448
174467
174526
174456
174465
174541
176356
174442
174464
176382
210846
210857
210974
210910
210912
211040
211044
211094
211099
211765
211775
211048
211073
211077
211091
211788
211806
211808
163508
163526
163531
163545
163619
163740
163499
163745
163744
163768
163678
163713
163677
163684
163803
163685
163804
162972
163453
163464
163023
163454
162769
162976
162953
162771
164014
164285
164102
164092
164047
164173
164031
164076
164206
164279
164191
164202
164196
164276
164101
164110
164112
164153
164122
164127
164124
164130
212372
212375
212378
212388
212389
212396
164137
164146
164149
211816
211820
211821
211825
211966
211968
212137
212143
212147
212312
212313
212161
212329
212330
178714
114610
115389
114635
114591
114455
114463
114462
114481
114581
115199
115202
115218
115038
115145
115140
115214
114873
114869
114895
114874
114880
114988
115063
92081
92092
92125
115126
115123
115108
115323
115351
115657
115659
106812
107001
107017
107172
107310
107312
107004
107300
106869
92917
92923
92936
92937
92946
106883
106717
106719
106881
106487
105755
105759
116039
116040
116063
116104
116120
116121
106235
105739
105741
191523
192019
192128
193853
191928
191930
191584
191585
191899
192111
192835
194219
192854
193023
193026
193966
107597
109833
107707
107710
107681
107717
107736
107705
107723
107652
107679
107654
107598
107626
107627
113639
107584
107674
107642
107690
107714
107715
107735
107839
107849
111017
111011
111136
111131
111936
111947
111960
111967
111994
112096
112104
112017
112021
112028
112277
112125
33612
33626
113430
113437
112346
112347
112452
112451
112465
113153
112460
112462
112461
112455
113116
113121
112393
112907
112920
112936
112952
112956
112957
113112
113114
112683
112938
112983
113000
113163
113172
113106
113268
112662
112661
113488
113099
112973
113243
113170
113221
113222
113225
112975
105716
113500
113496
113505
113512
105299
105306
105291
105341
105346
105357
105302
105333
104629
104651
104646
103479
103482
103736
105396
105391
105393
105362
105364
39887
39888
39882
39879
39926
39928
39850
39854
39861
39862
40056
40071
40072
104884
104931
105143
105163
105232
105192
104989
104991
104986
105256
105220
105165
105128
105129
105427
105447
103575
103578
103666
103701
103741
105385
105084
105091
105431
105449
39989
39913
39918
39969
39973
39983
39924
39932
40013
40038
40047
40050
41263
41096
41113
41119
41115
41126
41213
41315
50418
41214
41209
41238
41245
41233
41237
41366
53269
53399
53423
55051
55120
55122
55287
55300
55302
53598
55368
55306
55312
55367
53407
53409
48648
53436
41544
49203
49227
49368
49376
49373
49416
49402
49404
49405
49412
49259
49164
49353
49165
49169
49360
50365
49447
50347
48979
35717
49471
49630
49801
48178
49636
49660
49665
49692
49796
49797
53807
53809
53819
144387
144388
144381
142455
144380
142439
142400
142401
142434
142436
144400
144409
144410
144450
144464
144466
144580
144595
144596
144600
144632
196688
196691
196696
196704
196722
196363
196414
196427
196372
196416
141537
141542
141543
141544
141515
148161
151970
141555
141556
141489
141519
150666
139858
139861
139862
139872
140174
140218
140223
140238
140234
141538
141547
140153
140165
142374
142380
142397
146995
151931
141526
142260
142296
142303
142305
142377
141841
141827
141829
141837
141840
142255
141527
141534
141776
141781
141783
141808
141811
141842
142375
142376
56067
56080
56003
55932
55957
55985
55989
55992
56000
55906
56091
56097
56267
56268
56272
56275
56279
56288
56302
196631
196629
196630
204346
204741
204743
204749
207616
207621
207627
207638
207639
207661
207505
207512
207509
207738
203557
207673
207742
207743
207671
207672
207663
196823
196824
196851
196857
196863
196866
196880
196816
196820
145357
145358
145446
145457
145459
145463
145988
145994
145995
146004
151409
151414
151415
151376
151431
151428
146025
146029
151367
151369
151345
151344
139760
151378
203675
139758
203674
203572
203587
204029
194999
204106
204103
204115
204119
204117
204325
204328
204331
203582
203606
203588
203589
203688
203690
203724
203729
203753
203754
203760
204005
204007
204012
204024
204025
204023
207964
207605
207608
207596
207600
207551
207557
207558
207961
207962
207564
207567
207569
207561
207514
207521
207587
207588
207592
207593
207607
