588
165042 165038 1366
165042 165071 581
165077 165076 552
165302 167278 606
165239 165238 581
165239 165261 710
165256 165257 1419
165256 165259 796
165248 165249 465
165248 165259 1419
165238 165239 581
165238 165311 790
165298 165323 650
165316 165317 789
165316 165323 630
165314 165313 374
165326 165325 511
165326 165328 1812
165327 165328 562
165329 167290 276
166462 166461 782
166462 166465 778
166462 166487 1172
166463 166467 674
166463 167279 1556
166458 166480 674
166460 166461 667
166460 166489 337
166479 166478 950
166470 166469 546
165021 165046 506
165021 172655 1881
165015 165037 1449
165039 165038 1095
165039 165044 556
165022 165029 475
165022 165033 1389
165024 165035 1185
165024 165036 556
165034 165033 581
165034 165035 672
165029 165022 475
165029 165032 1348
165031 165032 562
165064 165063 818
165064 165065 276
163062 172690 221
164472 164473 506
172687 172688 1081
164376 164437 751
164436 164437 673
164436 164438 2272
164450 164814 672
164433 164430 1091
164433 164432 541
164460 164461 940
164460 164462 874
165166 165168 790
164381 164355 1542
164381 164363 499
164360 164359 1032
164365 164359 828
164365 164380 1632
164362 164357 1293
164384 164357 2510
164384 164388 2646
164429 164428 1211
164429 164431 612
164425 164428 2171
164434 164417 610
164434 164435 630
164414 164415 850
164414 164464 1000
161384 161383 874
161384 161387 1002
161380 161383 818
161380 161386 2452
161382 161386 688
161382 161397 767
161397 161382 767
161397 161398 684
161400 161398 1357
161400 161401 595
164352 164351 600
164352 164699 2129
164342 164346 662
164342 164351 1067
164344 164346 520
164536 164535 344
164536 164539 1936
164558 164539 789
164574 164575 808
164574 164706 1140
164575 164574 808
164575 164705 1357
164704 164702 1471
164704 164705 790
164708 164564 672
164708 164701 667
164552 164553 759
164552 164711 790
164552 164719 688
164714 164713 80
164563 164562 688
164563 164564 710
161392 161393 238
161392 161401 1189
164531 164528 1537
164531 164541 1689
164541 164528 511
164541 164531 1689
164550 164549 872
164579 164549 1121
164579 164577 1028
164537 164535 374
164537 164538 2210
211446 211420 1712
211446 211421 990
211446 211447 976
211465 211447 2147
211465 211467 875
212095 211469 827
212095 212108 143
211443 211456 653
212111 211554 989
212111 211555 1094
212111 212170 765
212189 212170 2024
212189 212190 753
212195 212196 1759
212195 212197 990
212195 212201 973
212196 212195 1759
212196 212232 766
212105 212104 1029
212105 212112 897
211461 211458 892
211461 211459 2096
211461 211471 417
211476 211474 719
211476 212104 345
211458 211457 1928
211458 211461 892
211458 211472 706
211472 211458 706
211472 211463 255
212456 212444 1350
212456 212445 744
212460 212461 608
212460 212462 781
212460 212463 544
212463 212460 544
212463 212466 1259
161407 161406 3271
212514 212513 1258
212514 212515 239
212514 212528 1352
212235 212233 817
212235 212240 565
212236 212232 674
212236 212233 835
212247 212248 835
212247 212249 1474
212436 212249 923
212436 212438 752
212436 212441 1224
212438 212436 752
212438 212443 745
212443 212438 745
212443 212444 164
161388 161387 330
119418 119419 679
119419 119418 679
106760 106759 782
107384 107385 1111
107385 107384 1111
107330 107331 1653
107331 107330 1653
106739 106738 1426
106738 106739 1426
106759 106760 782
115778 115779 1498
115779 115778 1498
115986 115983 2700
115983 115986 2700
111318 111346 557
111346 111318 557
111234 111544 1264
111544 111234 1264
111553 105274 1084
105274 105275 877
105274 111553 1084
111588 111586 889
105275 105274 877
111586 111588 889
111728 111729 889
111729 111728 889
112143 112144 905
112144 112143 905
111756 111744 756
111674 112578 344
112578 111674 344
112603 112604 975
111744 111756 756
112604 112603 975
112893 112889 222
113334 112889 610
103329 103328 737
103328 103329 737
103322 112769 1167
112769 103322 1167
112889 112893 222
112889 113334 610
104333 104336 747
104336 104333 747
104439 104441 672
104441 104439 672
104819 104826 1669
104826 104819 1669
105039 105042 1141
105042 105039 1141
39638 39644 610
39644 39638 610
39640 39643 697
39468 39469 511
39643 39640 697
39469 39468 511
39680 39684 2299
39684 39680 2299
40861 40639 2412
40884 40887 572
40887 40884 572
40980 40979 828
40639 40861 2412
40939 40950 1268
40979 40980 828
40950 40939 1268
55215 55219 807
55219 55215 807
55446 55458 890
48411 48419 796
48419 48411 796
48672 48673 561
48673 48672 561
48673 48685 390
48685 48673 390
48695 48752 828
48752 48695 828
48781 48783 1447
48783 48781 1447
48900 48902 713
48902 48900 713
49000 50318 365
50318 49000 365
49039 49181 1320
49181 49039 1320
49610 49602 374
49602 49610 374
131897 131898 2930
131898 131897 2930
54348 54346 789
54346 54348 789
54581 54657 1300
54657 54581 1300
55163 55161 751
55161 55163 751
144479 142527 2444
144479 144487 2479
144487 144479 2479
144487 144524 2782
144524 144487 2782
144533 144537 1130
144537 144533 1130
144666 144668 713
139893 139899 909
150610 150605 2030
150612 150613 671
150613 150612 671
150605 150610 2030
150637 150647 463
150647 150637 463
150650 150652 831
150652 150650 831
139899 139893 909
142527 144479 2444
141905 141907 2301
141907 141905 2301
142017 142019 311
142019 142017 311
142042 142043 1707
142043 142042 1707
142562 142576 985
142576 142562 985
142331 142333 1677
142333 142331 1677
142500 142508 1610
142508 142500 1610
55458 55446 890
56105 54994 810
54994 56105 810
204513 204514 597
195577 204704 834
204704 195577 834
144668 144666 713
144781 145117 73
145117 144781 73
145509 145514 823
145514 145509 823
145575 145577 726
145577 145575 726
145577 145578 809
145578 145577 809
145751 145763 788
145758 145753 779
145753 145758 779
145763 145751 788
145824 145825 722
145825 145824 722
146051 146053 761
146053 146051 761
151546 151576 830
151549 151548 1980
151576 151546 830
151578 142100 744
151533 151534 801
151534 151533 801
151548 151549 1980
142100 151578 744
204514 204506 686
204514 204513 597
203837 204412 1808
203837 204417 1026
204412 203837 1808
204417 203837 1026
204506 204514 686
208595 208594 1685
208594 208595 1685
208181 208588 885
208588 208181 885
208651 208655 1875
208655 208651 1875
210760 210764 1650
210764 210760 1650
167209 167211 879
167211 167209 879
167085 167087 2132
167087 167085 2132
152397 152407 3273
180172 180170 1225
180170 180172 1225
173604 173609 878
173609 173604 878
182120 182129 1779
182129 182120 1779
182129 182143 1266
182143 182129 1266
182217 182223 1293
182223 182217 1293
181992 182240 1505
182240 181992 1505
152407 152397 3273
173841 173842 4042
173842 173841 4042
155487 153030 517
153030 155487 517
152042 155526 1029
155526 152042 1029
175953 175955 782
175996 175984 1558
176005 176004 777
175955 175953 782
176004 176005 777
175984 175996 1558
177022 177019 3110
177019 177022 3110
177033 177039 2791
177039 177033 2791
176088 176080 751
176080 176088 751
176946 176943 1086
176943 176946 1086
211352 211358 2522
211358 211352 2522
211419 211421 1059
211416 211420 885
211416 211421 1988
211000 211001 1180
211001 211000 1180
166449 166469 2335
165043 165035 562
165043 165036 1101
165038 165037 452
165038 165039 1095
165038 165042 1366
165071 165042 581
165076 165077 552
167278 165302 606
165261 165239 710
165261 165257 818
165257 165256 1419
165257 165261 818
165259 165248 1419
165259 165256 796
165249 165248 465
165311 165238 790
165311 165313 562
165323 165298 650
165323 165316 630
165317 165313 600
165317 165316 789
165313 165311 562
165313 165314 374
165313 165317 600
165325 165326 511
165328 165326 1812
165328 165327 562
167290 165329 276
166461 166460 667
166461 166462 782
166465 166462 778
166487 166462 1172
166467 166463 674
167279 166463 1556
166480 166458 674
166489 166460 337
166478 166479 950
166469 166449 2335
166469 166470 546
165046 165021 506
172655 165021 1881
172655 165065 918
165037 165015 1449
165037 165036 222
165037 165038 452
165044 165039 556
165033 165022 1389
165033 165032 796
165033 165034 581
165035 165024 1185
165035 165034 672
165035 165043 562
165036 165024 556
165036 165037 222
165036 165043 1101
165032 165029 1348
165032 165031 562
165032 165033 796
165063 165064 818
165065 165064 276
165065 172655 918
172690 163062 221
164473 164472 506
172688 172687 1081
164437 164376 751
164437 164436 673
164438 164436 2272
164814 164450 672
164430 164428 276
164430 164431 1718
164430 164433 1091
164432 164433 541
164461 164460 940
164461 164462 1114
164462 164460 874
164462 164461 1114
165168 165166 790
164355 164381 1542
164363 164381 499
164359 164360 1032
164359 164365 828
164380 164365 1632
164357 164362 1293
164357 164384 2510
164357 164388 673
164388 164357 673
164388 164384 2646
164428 164425 2171
164428 164429 1211
164428 164430 276
164431 164429 612
164431 164430 1718
164417 164434 610
164435 164434 630
164415 164414 850
164464 164414 1000
161383 161380 818
161383 161384 874
161387 161384 1002
161387 161388 330
161386 161380 2452
161386 161382 688
161398 161397 684
161398 161400 1357
161401 161392 1189
161401 161400 595
164351 164342 1067
164351 164352 600
164699 164352 2129
164346 164342 662
164346 164344 520
164535 164536 344
164535 164537 374
164539 164536 1936
164539 164538 751
164539 164558 789
164706 164574 1140
164706 164705 710
164705 164575 1357
164705 164704 790
164705 164706 710
164702 164701 778
164702 164704 1471
164564 164563 710
164564 164708 672
164701 164702 778
164701 164708 667
164553 164552 759
164711 164552 790
164719 164552 688
164713 164714 80
164562 164563 688
161393 161392 238
164528 164531 1537
164528 164541 511
164549 164550 872
164549 164579 1121
164577 164579 1028
164538 164537 2210
164538 164539 751
211420 211416 885
211420 211446 1712
211421 211416 1988
211421 211419 1059
211421 211446 990
211447 211446 976
211447 211465 2147
211467 211465 875
211467 211469 759
211469 211467 759
211469 212095 827
212108 212095 143
212108 212104 349
211456 211443 653
211554 212111 989
211555 212111 1094
212170 212111 765
212170 212189 2024
212190 212189 753
212197 212195 990
212201 212195 973
212201 212232 2699
212232 212196 766
212232 212201 2699
212232 212236 674
212104 211476 345
212104 212105 1029
212104 212108 349
212112 212105 897
211459 211457 822
211459 211461 2096
211471 211461 417
211471 211474 779
211474 211471 779
211474 211476 719
211457 211458 1928
211457 211459 822
211463 211472 255
212444 212443 164
212444 212445 1200
212444 212456 1350
212445 212444 1200
212445 212456 744
212461 212460 608
212462 212460 781
212466 212463 1259
212466 212513 1440
161406 161407 3271
212513 212466 1440
212513 212514 1258
212515 212514 239
212528 212514 1352
212233 212235 817
212233 212236 835
212240 212235 565
212248 212247 835
212249 212247 1474
212249 212436 923
212441 212436 1224
970
165042
165077
165302
165239
165256
165248
165238
165298
165316
165314
165326
165327
165329
166462
166463
166458
166460
166479
166470
165021
165015
165039
165022
165024
165034
165029
165031
165064
163062
164472
172687
164376
164436
164450
164433
164460
165166
164381
164360
164365
164362
164384
164429
164425
164434
164414
161384
161380
161382
161397
161400
164352
164342
164344
164536
164558
164574
164575
164704
164708
164552
164714
164563
161392
164531
164541
164550
164579
164537
211446
211465
212095
211443
212111
212189
212195
212196
212105
211461
211476
211458
211472
212456
212460
212463
161407
212514
212235
212236
212247
212436
212438
212443
212424
161388
114656
114650
114386
114305
114590
114574
114039
119117
119414
119422
119412
119418
119419
119425
114897
114917
114902
114928
115024
115036
92076
92108
92134
92137
92285
92286
115403
115402
115331
115336
115393
115424
115427
115712
115714
115672
115674
115688
115734
115736
115441
115442
105810
106760
107027
107053
107060
106957
107049
107133
107152
107384
107385
107291
107115
107230
107227
107288
107387
107163
107485
107488
107524
107320
107507
107330
107331
109502
92816
92965
102819
92836
92868
92944
92951
106739
106738
106742
106759
115778
115779
115986
115983
116006
116001
92726
115998
191539
191507
191791
190881
191714
192763
191059
191782
191875
191956
192778
192780
192783
192994
193958
193928
109458
109783
109788
109790
109870
107768
110949
109842
110953
110968
111096
111100
111174
111323
111318
111346
111461
103341
111348
111464
103359
111225
111234
111544
111553
105274
111549
111588
105275
111584
111586
112065
112070
111721
111692
111728
111729
112143
112144
112157
112159
111755
111756
111735
111674
112578
111675
112586
112603
111736
111744
112604
111771
112170
112161
112187
112189
112606
112695
112705
112721
112771
112893
113334
113339
113341
104305
105718
104316
104329
112782
112786
103329
103328
103322
112769
112715
112716
112723
112712
112766
112796
112798
112779
112889
112812
113845
104507
104513
104333
104336
104437
104439
104441
104564
104431
104565
39230
39598
39600
39573
39536
39538
39593
39594
39777
104758
39214
104746
104753
104819
104839
104871
113615
104826
104928
104942
104916
104945
104952
105048
104421
105014
113924
104461
105019
105039
105042
39561
39577
39638
39644
39640
39468
39643
39469
39474
39472
39389
39441
39454
39485
39680
39684
39694
39695
39746
39753
40486
40490
40513
40534
40542
40532
40533
41132
41134
40555
40553
40633
40636
40861
40863
40867
40882
40884
40887
40898
40956
40961
40980
40623
40639
40987
40939
40947
40979
40950
40943
55205
55215
55219
55386
55392
55396
55416
55442
55446
48387
40942
41654
48411
48419
48426
48541
48657
48665
48672
48396
48412
50387
48673
48685
48690
48695
48752
48725
48766
48778
48781
48783
49082
49086
48900
48914
48918
49050
49051
49049
49055
48902
48924
48943
48945
48940
48959
48976
48977
49000
49014
50318
49040
49039
49181
49198
49594
49610
49602
49033
49599
49608
48328
48331
131393
131394
131416
131419
131661
131422
131646
131650
131671
129987
131897
49706
49709
131888
131890
131898
54338
54357
54348
54350
54353
54345
54346
54409
54428
54438
54493
54512
54373
54380
54399
54581
52913
52662
52740
54677
54673
54657
49687
53860
53774
53906
53863
53912
53924
55147
55167
55163
55161
55201
144479
144487
144524
144533
144537
144674
144625
144624
144651
144666
139893
139894
150610
150612
150613
150628
150605
150637
150647
150653
150650
150652
150685
139899
140192
140202
140204
140255
140266
140268
141579
141592
142327
142492
142502
142530
142519
142527
142326
141595
141905
141907
141925
141926
142017
142019
142031
142042
142043
142051
142054
142562
142576
142577
142603
142608
142718
142331
142333
142500
142508
142723
55458
55463
56105
54994
55470
55472
204513
204664
195577
204704
204723
204727
204760
214521
204733
204768
204865
214566
207871
144668
144670
144734
144737
144736
144742
144752
145307
144741
145317
145319
144780
144776
144764
144781
145117
145479
145485
145489
145490
145509
145514
145519
145575
145577
145578
145751
145752
145758
145753
145754
145614
145607
145613
145763
145769
145771
145819
145824
145825
145840
145865
146045
146051
146053
146069
146073
151454
151477
151546
151549
151575
151576
151578
151531
151533
151534
151548
142100
203816
204514
203811
203819
203831
203836
204409
203837
204412
204417
204486
204487
204495
204506
208573
208611
208595
208593
208594
208561
208562
208580
208181
208588
208589
207843
207844
208600
208604
208653
208651
208655
208670
208471
208494
208495
208723
208729
211155
210760
210764
180672
180675
180677
180237
180239
185722
176652
180412
166402
166508
166522
166576
166706
166746
166720
166678
166712
167194
167205
167209
167184
167187
167182
167191
167151
167174
167211
167085
172667
166681
166715
166756
167003
172478
167037
167072
167087
167035
167145
152397
152402
162547
186057
180172
180386
180389
180395
180170
180177
179696
180409
180442
178647
186064
170263
170621
173604
173609
169507
169840
181989
182238
182241
182317
182222
179715
181924
181930
182120
182129
182143
182148
182145
182200
182217
182220
182223
181992
182240
182334
182353
173608
173640
152213
152309
152304
152310
152261
152327
152407
152462
152332
152889
152896
152215
152910
152925
152892
185772
185776
185941
173865
173867
173572
173644
173517
173688
173841
173842
173852
173858
173883
152902
152914
153007
153015
175332
155487
153030
153026
175306
152042
155514
155526
155504
155489
175953
175996
176005
175990
176489
176468
176488
175955
176004
176002
176007
175994
172799
152061
176466
152040
155525
155575
155608
155570
155607
155611
155612
152067
175909
175980
175984
175834
175832
177104
177022
177019
177018
176937
176947
176940
177032
177035
177033
177039
175852
176082
176104
176098
177175
176088
175906
176080
176945
177159
176946
176943
176667
176786
176789
176779
176854
176874
176885
176884
176895
176878
173863
176646
174979
174980
185817
175023
176663
176635
176755
210776
211352
211358
211419
211416
211000
211001
211318
211322
211343
166449
166447
166404
165043
165038
165071
165076
167278
165261
165257
165259
165249
165311
165323
165317
165325
167290
166461
166465
166487
166467
167279
166478
166469
165046
165044
165063
165065
164473
164437
164438
164814
164432
165168
164355
164359
164380
164357
164388
164417
164415
164464
161383
161387
161386
161398
161401
164351
164699
164535
164706
164702
164564
164701
164553
164711
164719
164713
161393
164528
164549
164577
164538
211420
211421
211447
211467
211469
211456
211554
211555
212170
212190
212197
212201
211459
211471
211474
211457
211463
212445
212462
212466
161406
212513
212515
212233
212240
212248
212249
212441
