1032
174999 175000 873
174999 177869 598
179922 179929 1447
178076 178078 588
178076 178105 4198
178080 178079 1004
178080 178092 3152
178525 178526 713
178525 178543 2801
178543 178525 2801
178543 178561 869
178543 185721 696
178334 178339 480
178334 178392 658
178562 178561 354
173324 173315 1395
173324 173331 2460
173330 173331 1225
173330 173332 1446
173336 173332 1124
173336 173366 688
173366 173336 688
173366 173358 1282
173366 173378 1385
172963 172960 516
172963 177734 1919
173122 178064 782
177736 177737 445
177736 178065 681
177951 177950 2750
177946 177945 1114
177946 177947 7923
177953 177954 6253
177953 177955 6107
174768 174767 1324
177984 177970 1894
177984 178048 238
178053 177734 562
178053 178048 1517
178007 177995 4675
178007 185946 1473
178078 178076 588
178078 178108 2555
178010 178011 4200
178106 178105 835
178106 178118 1935
178106 178120 681
177959 177958 4814
177959 177960 3179
177960 177959 3179
177960 177961 336
173315 173324 1395
173315 173334 3044
173315 173343 1257
173260 173350 1407
173310 173309 201
173443 173295 1274
173443 173452 2244
173443 173456 672
173455 173456 1426
173455 173483 1671
173298 173296 796
173298 173299 1142
173304 173305 545
173304 173305 545
173422 173421 1869
173422 186135 1605
177617 177616 556
177617 177647 562
177643 177642 233
160231 160235 421
160184 160185 713
160184 160237 3050
160238 160181 2665
160238 160239 758
177641 160177 2966
177641 177642 672
160181 160180 879
160181 160238 2665
160186 160185 404
160245 160246 1343
160245 160252 2526
160241 160246 2536
160241 160250 889
160254 160255 3115
160254 160275 683
160263 160260 758
160263 160329 1786
160322 160321 80
160273 160276 562
160273 160324 1436
160343 160344 556
160343 160345 517
160408 160407 1447
160408 160409 505
160442 160439 818
160442 160513 766
160402 160403 688
160402 160451 1035
160438 160444 953
160593 160446 953
160593 160592 1108
160593 160604 600
160604 160593 600
160604 160605 1902
160618 160609 3400
160618 160619 758
160443 160444 1686
160443 160447 2234
160446 160447 933
160446 160593 953
160440 160439 782
160440 160517 766
160519 160517 3068
160519 160529 1184
160519 160533 2063
160526 160525 906
160526 160561 556
160541 160540 1615
160541 160561 1394
160540 160541 1615
160540 160567 3371
160540 160567 3371
156691 156692 1700
156691 156692 1700
160569 160568 3194
160569 160646 364
160645 160643 3065
160645 160656 511
156693 156692 1035
160654 160741 443
156740 156739 253
156767 156768 222
156795 156799 474
156797 156791 2138
156797 157437 683
156752 156753 871
156752 156771 2062
157435 158084 1695
158108 158107 3676
158165 158166 671
158165 158328 1366
158328 158165 1366
158328 158340 790
158336 158337 476
158336 158366 2006
158361 158360 905
158361 158396 683
158395 158396 2279
158370 158371 405
158370 158405 767
158398 158397 2552
158398 158404 160
160740 160653 1307
160824 160741 379
160827 160673 672
158357 158358 1615
158357 158430 790
158431 158409 674
158431 158430 1458
158434 158433 518
158434 158462 506
158466 158464 766
158466 160759 1780
158574 160759 683
160710 160709 3997
160710 160762 1905
160762 160710 1905
160762 160761 556
160700 160701 2641
160700 160782 2560
160700 160806 630
160684 160683 581
160729 160728 3140
160729 160787 1686
160729 160862 933
177632 176621 2113
177632 177635 589
177660 177661 1994
177660 177662 738
177672 177662 1623
177672 177664 933
185924 177671 680
185924 185923 600
177626 177625 421
177626 177636 1447
177631 177622 673
177631 177636 842
177625 177626 421
177625 177658 337
165949 165948 1142
165949 165953 2236
165952 165792 1357
165952 165951 683
165955 165951 1293
165955 165954 850
168205 167739 2191
168205 168204 667
167716 167715 790
167716 168214 629
167743 167742 672
167743 167744 1389
167721 167715 1675
167721 167719 337
167744 167739 222
167744 167743 1389
168217 167742 1234
168217 168216 253
168194 172520 905
167907 167917 3289
167907 167918 683
167909 167910 556
167909 167943 253
167946 167918 1248
167956 167958 683
167956 168006 1719
168007 168004 1032
168007 168006 843
168007 168169 1284
167883 167882 782
167944 167882 1353
167944 167943 222
167863 167864 759
167863 167865 672
167863 167882 843
167845 167779 893
167845 167847 1437
167845 167867 468
165716 165726 752
165716 165727 238
165786 165790 436
161582 161584 806
161582 161895 485
161715 161713 238
161715 161896 344
161716 161717 713
161716 161722 2642
161721 161702 1032
161721 161722 789
161721 161726 829
161419 161418 1357
164655 164656 445
164655 169007 1037
164657 161442 610
164657 164656 1522
169007 164655 1037
169007 169006 2667
169017 169013 2358
169017 169062 850
161527 161526 1420
161527 169015 3362
169014 169016 613
169014 169019 872
169062 169009 2153
169062 169017 850
161294 161295 452
161297 161298 650
161417 161418 672
164626 161418 2090
164681 172154 684
165792 165790 355
165792 165818 631
165792 165952 1357
165811 165803 418
165811 165843 710
165835 165834 552
165835 165844 139
165842 165843 1664
165830 165829 851
165830 166089 562
165849 166082 747
165849 166090 829
165834 158817 140
165834 165835 552
165799 165767 791
165799 165800 2171
165799 165805 752
165803 165802 581
165803 165811 418
165767 165768 139
165767 165799 791
165769 165768 2020
165769 165771 553
169703 169701 759
169703 169707 675
169703 169711 2000
169707 169703 675
169707 169709 893
169705 169712 782
169705 169725 759
165773 165772 1347
169708 165772 2000
169708 165809 843
169722 165809 782
169722 169723 782
169701 169699 1889
169701 169703 759
169396 169394 1557
169372 161298 1065
161293 161292 337
161293 161298 747
161293 169301 885
169301 161293 885
169301 169299 951
169383 169299 650
169383 169394 713
118853 118854 2410
118853 118854 2410
118853 118854 2410
119038 118854 1504
118855 118854 787
118855 118856 335
118947 118936 746
118947 118946 1404
118951 118930 1252
118951 118950 674
118955 118948 422
118955 118956 593
118875 118891 315
118890 118889 2583
118890 118891 1321
118890 118930 950
118479 118480 1786
118585 118480 590
118585 118586 1481
118605 118606 2118
118605 119083 695
119174 119175 540
119174 119195 1915
118904 118903 3109
118904 118905 670
118959 118961 669
118962 118961 2200
118814 118657 796
118814 118815 4263
118911 118912 495
118911 118913 1808
118879 118964 1255
118963 118964 1075
118963 118977 687
118977 118963 687
118977 118978 1296
118980 118978 817
118980 119427 2113
94830 94844 1232
94830 102218 3324
94831 94787 2750
94837 94840 2591
94837 102216 3551
97355 97354 1265
94351 94349 475
94671 94672 2366
94671 94672 2366
94676 94677 1714
94764 94765 1674
94764 94766 2016
92387 92388 2644
92387 92390 737
92391 92389 580
92615 92374 2685
92615 92612 672
92367 92373 226
102755 97522 130
93852 93859 2016
93862 93859 1114
93862 93863 1565
93867 93873 1114
93867 93920 101
93873 93867 1114
93873 93921 1797
93873 94096 2027
93871 93872 672
93871 93874 893
93871 94094 1013
93874 93871 893
93874 94096 1224
94127 94100 950
94127 94129 1357
108090 108091 628
108222 108212 598
108222 108223 696
108206 108207 3385
108286 108285 1225
108286 108287 2444
108298 108316 672
108315 108316 764
108080 108081 674
108080 108087 707
108080 108256 1457
108699 108680 1139
108699 108801 2548
108801 108699 2548
108801 108802 1712
108582 108580 930
108582 108583 1900
108808 108802 1906
108580 108581 1114
108580 108582 930
108809 108802 1432
108809 108812 1906
108811 108805 145
108811 109341 2225
113795 113796 1245
113795 113797 671
93578 93574 2109
93581 93576 1830
93581 103116 1253
102287 101866 697
102287 102288 1346
102380 102381 2313
93947 93766 2126
93947 93948 1007
93947 93951 2225
93926 93936 3791
93704 93705 1761
93704 93706 1893
93706 93704 1893
93706 93705 2353
93744 93742 750
93744 93747 1376
93744 93751 696
93745 93746 1114
93745 93817 2976
93817 93745 2976
93817 93818 983
93817 93831 3039
93833 93831 930
93833 93859 1013
93833 93860 1031
93831 93817 3039
93831 93833 930
93831 93882 3401
92394 98448 15011
93249 93254 2978
93249 93255 6359
93250 93253 4855
191380 194299 691
191380 194299 691
191378 194362 165
191378 194466 712
191303 191116 1873
191123 191340 1516
194167 194168 1033
194167 194195 151
191923 191974 2135
191923 191996 2047
191161 191162 634
191161 191329 1321
191161 194151 1024
191327 194342 1778
191327 194343 1652
194291 194292 746
194291 194292 746
191201 194311 458
191201 194503 912
192615 192613 3742
192615 192618 1394
110088 110603 1481
110420 110598 1723
110598 110420 1723
110601 110600 354
110600 110601 354
110603 110088 1481
110084 110184 275
110184 110084 275
38159 38168 336
36977 36983 1066
36983 36977 1066
38168 38159 336
38858 38857 1695
38857 38858 1695
38793 38922 3628
38922 38793 3628
38731 38732 403
38732 38731 403
41522 41524 871
41524 41522 871
47614 47838 517
47838 47614 517
47845 47847 2454
47847 47845 2454
47332 47333 1970
47343 47344 537
47344 47343 537
47333 47332 1970
130020 130025 590
130025 130020 590
130010 130028 2342
130028 130010 2342
130552 130554 202
130554 130552 202
131000 131001 2834
130972 131002 1116
131001 131000 2834
131002 130972 1116
131238 131235 2341
131235 131238 2341
131250 131252 1146
131252 131250 1146
131022 131023 344
131023 131022 344
131070 131074 333
131074 131070 333
132074 132108 850
132108 132074 850
132197 132201 2035
132201 132197 2035
56404 56405 759
56405 56404 759
53629 53630 537
53630 53629 537
53638 56388 1018
56388 53638 1018
56423 56434 1096
56434 56423 1096
54003 54054 374
54054 54003 374
151773 150769 1509
150769 151773 1509
143625 143633 756
143846 143847 792
143633 143625 756
144017 144016 1191
144016 144017 1191
143905 143901 811
143847 143846 792
143901 143905 811
146125 146134 933
146134 146125 933
146165 146166 766
146166 146165 766
146168 146185 315
146185 146168 315
146190 146191 1447
146191 146190 1447
146355 146368 2024
143003 143020 2287
143020 143003 2287
143118 143117 786
143117 143118 786
143329 143344 497
143344 143329 497
146368 146355 2024
146462 146475 1182
146475 146462 1182
146475 146478 880
146478 146475 880
146631 146643 892
146643 146631 892
146657 146659 957
146659 146657 957
146774 146776 1360
146776 146774 1360
153648 153649 1188
153649 153648 1188
179836 179832 983
179742 179741 848
179741 179742 848
179832 179836 983
179900 179899 841
179899 179900 841
153860 153892 782
153623 153762 848
153762 153623 848
154585 154588 581
154588 154585 581
153892 153860 782
154653 154639 2733
154639 154653 2733
157307 157308 1753
157308 157307 1753
175000 174999 873
177869 174999 598
179929 179922 1447
178105 178076 4198
178105 178106 835
178079 178080 1004
178092 178080 3152
178526 178525 713
178561 178543 869
178561 178562 354
185721 178543 696
178339 178334 480
178392 178334 658
173331 173324 2460
173331 173330 1225
173332 173330 1446
173332 173336 1124
173358 173366 1282
173378 173366 1385
172960 172963 516
177734 172963 1919
177734 178053 562
178064 173122 782
178064 178065 764
177737 177736 445
178065 177736 681
178065 178064 764
177950 177951 2750
177950 177961 504
177945 177946 1114
177947 177946 7923
177954 177953 6253
177955 177953 6107
174767 174768 1324
177970 177984 1894
178048 177984 238
178048 178053 1517
177995 178007 4675
185946 178007 1473
178108 178078 2555
178011 178010 4200
178118 178106 1935
178120 178106 681
177958 177959 4814
177961 177950 504
177961 177960 336
173334 173315 3044
173343 173315 1257
173350 173260 1407
173309 173310 201
173295 173296 1901
173295 173443 1274
173452 173443 2244
173456 173443 672
173456 173455 1426
173483 173455 1671
173296 173295 1901
173296 173298 796
173299 173298 1142
173305 173304 545
173305 173304 545
173421 173422 1869
186135 173422 1605
177616 177617 556
177647 177617 562
177642 177641 672
177642 177643 233
160235 160231 421
160185 160184 713
160185 160186 404
160185 160252 2874
160237 160184 3050
160239 160180 3095
160239 160238 758
160177 177641 2966
160180 160181 879
160180 160239 3095
160246 160241 2536
160246 160245 1343
160252 160185 2874
160252 160245 2526
160252 160250 1100
160250 160241 889
160250 160252 1100
160255 160254 3115
160275 160254 683
160275 160276 871
160260 160263 758
160329 160263 1786
160321 160322 80
160276 160273 562
160276 160275 871
160324 160273 1436
160344 160343 556
160345 160343 517
160407 160408 1447
160407 160513 905
160409 160408 505
160439 160440 782
160439 160442 818
160513 160407 905
160513 160442 766
160403 160402 688
160451 160402 1035
160444 160438 953
160444 160443 1686
160592 160593 1108
160605 160604 1902
160609 160618 3400
160619 160618 758
160447 160443 2234
160447 160446 933
160517 160440 766
160517 160519 3068
160529 160519 1184
160533 160519 2063
160525 160526 906
160561 160526 556
160561 160541 1394
160567 160540 3371
160567 160540 3371
156692 156691 1700
156692 156691 1700
156692 156693 1035
160568 160569 3194
160646 160569 364
160643 160645 3065
160656 160645 511
160741 160654 443
160741 160824 379
156739 156740 253
156768 156767 222
156799 156795 474
156791 156797 2138
157437 156797 683
156753 156752 871
156771 156752 2062
158084 157435 1695
158107 158108 3676
158166 158165 671
158340 158328 790
158337 158336 476
158366 158336 2006
158360 158361 905
158396 158361 683
158396 158395 2279
158396 158397 790
158371 158370 405
158405 158370 767
158397 158396 790
158397 158398 2552
158404 158398 160
160653 160740 1307
160673 160827 672
158358 158357 1615
158430 158357 790
158430 158431 1458
158409 158431 674
158433 158434 518
158462 158434 506
158464 158466 766
160759 158466 1780
160759 158574 683
160709 160710 3997
160709 160761 2560
160761 160709 2560
160761 160762 556
160701 160700 2641
160782 160700 2560
160806 160700 630
160683 160684 581
160728 160729 3140
160787 160729 1686
160862 160729 933
176621 177632 2113
177635 177632 589
177635 177658 926
177661 177660 1994
177662 177660 738
177662 177672 1623
177664 177671 896
177664 177672 933
177671 177664 896
177671 185924 680
185923 185924 600
177636 177626 1447
177636 177631 842
177622 177631 673
177658 177625 337
177658 177635 926
165948 165949 1142
165953 165949 2236
165953 165954 1438
165951 165818 1483
165951 165952 683
165951 165955 1293
165954 165953 1438
165954 165955 850
167739 167744 222
167739 168205 2191
168204 168205 667
167715 167716 790
167715 167721 1675
168214 167716 629
168214 167742 821
167742 167743 672
167742 168214 821
167742 168217 1234
167719 167721 337
168216 168217 253
172520 168194 905
167917 167907 3289
167918 167907 683
167918 167946 1248
167910 167909 556
167943 167909 253
167943 167944 222
167958 167956 683
168006 167956 1719
168006 168007 843
168004 168007 1032
168169 168007 1284
167882 167863 843
167882 167883 782
167882 167944 1353
167864 167863 759
167865 167863 672
167779 167845 893
167847 167845 1437
167867 167845 468
165726 165716 752
165727 165716 238
165790 165786 436
165790 165792 355
161584 161582 806
161895 161582 485
161713 161715 238
161896 161715 344
161717 161716 713
161722 161716 2642
161722 161721 789
161702 161721 1032
161726 161721 829
161418 161417 672
161418 161419 1357
161418 164626 2090
164656 164655 445
164656 164657 1522
161442 164657 610
169006 169007 2667
169013 169009 986
169013 169017 2358
161526 161527 1420
169015 161527 3362
169015 169016 506
169016 169014 613
169016 169015 506
169019 169014 872
169009 169013 986
169009 169062 2153
161295 161294 452
161298 161293 747
161298 161297 650
161298 169372 1065
172154 164681 684
165818 165792 631
165818 165951 1483
165843 165811 710
165843 165842 1664
165844 165835 139
165829 165830 851
166089 165830 562
166089 166090 984
166082 165849 747
166090 165849 829
166090 166089 984
158817 165834 140
165800 165799 2171
165805 165799 752
165802 165803 581
165768 165767 139
165768 165769 2020
165771 165769 553
169711 169699 767
169711 169703 2000
169709 169707 893
169709 169712 1696
169712 169705 782
169712 169709 1696
169725 169705 759
165772 165773 1347
165772 169708 2000
165809 169708 843
165809 169722 782
169723 169722 782
169699 169701 1889
169699 169711 767
169394 169383 713
169394 169396 1557
161292 161293 337
169299 169301 951
169299 169383 650
118854 118853 2410
118854 118853 2410
118854 118853 2410
118854 118855 787
118854 119038 1504
118856 118855 335
118936 118947 746
118946 118947 1404
118946 118948 1058
118930 118890 950
118930 118951 1252
118950 118951 674
118948 118946 1058
118948 118955 422
118956 118955 593
118891 118875 315
118891 118890 1321
118889 118890 2583
118480 118479 1786
118480 118585 590
118586 118585 1481
118606 118605 2118
119083 118605 695
119175 119174 540
119195 119174 1915
118903 118904 3109
118905 118904 670
118961 118959 669
118961 118962 2200
118657 118814 796
118815 118814 4263
118912 118911 495
118913 118911 1808
118964 118879 1255
118964 118963 1075
118964 118978 787
118978 118964 787
118978 118977 1296
118978 118980 817
119427 118980 2113
94844 94830 1232
102218 94830 3324
102218 102216 3015
94787 94831 2750
94840 94837 2591
102216 94837 3551
102216 102218 3015
97354 97355 1265
94349 94351 475
94672 94671 2366
94672 94671 2366
94672 94677 868
94677 94672 868
94677 94676 1714
94765 94764 1674
94766 94764 2016
92388 92387 2644
92388 92389 2746
92388 92390 2558
92390 92387 737
92390 92388 2558
92390 92389 675
92389 92388 2746
92389 92390 675
92389 92391 580
92374 92373 1022
92374 92615 2685
92612 92615 672
92373 92367 226
92373 92374 1022
97522 102755 130
93859 93833 1013
93859 93852 2016
93859 93862 1114
93863 93862 1565
93863 93920 912
93920 93863 912
93920 93867 101
93921 93873 1797
94096 93873 2027
94096 93874 1224
94096 94094 1565
93872 93871 672
94094 93871 1013
94094 94096 1565
94100 94127 950
94129 94127 1357
108091 108090 628
108212 108222 598
108223 108222 696
108207 108206 3385
108285 108286 1225
108285 108316 869
108287 108286 2444
108316 108285 869
108316 108298 672
108316 108315 764
108081 108080 674
108087 108080 707
108256 108080 1457
108680 108699 1139
108802 108801 1712
108802 108808 1906
108802 108809 1432
108583 108582 1900
108581 108580 1114
108812 108809 1906
108805 108811 145
109341 108811 2225
113796 113795 1245
113797 113795 671
93574 93578 2109
93576 93581 1830
103116 93581 1253
101866 102287 697
102288 102287 1346
102381 102380 2313
93766 93947 2126
93948 93947 1007
93951 93947 2225
93936 93926 3791
93705 93704 1761
93705 93706 2353
93742 93744 750
93747 93744 1376
93747 93746 782
93751 93744 696
93746 93745 1114
93746 93747 782
93746 93818 2680
93818 93746 2680
93818 93817 983
93860 93833 1031
93882 93831 3401
98448 92394 15011
93254 93249 2978
93255 93249 6359
93253 93250 4855
194299 191380 691
194299 191380 691
194362 191378 165
194466 191378 712
191116 191303 1873
191340 191123 1516
194168 194167 1033
194195 194167 151
191974 191923 2135
191996 191923 2047
191162 191161 634
191329 191161 1321
194151 191161 1024
194342 191327 1778
194343 191327 1652
194292 194291 746
194292 194291 746
194311 191201 458
194503 191201 912
192613 192615 3742
192618 192615 1394
926
174999
179922
178076
178080
178525
178543
178334
178562
173324
173330
173336
173366
172963
173122
177736
177951
177946
177953
174768
177984
178053
178007
178078
178010
178106
177959
177960
173315
173260
173310
173443
173455
173298
173304
173422
177617
177643
160231
160184
160238
177641
160181
160186
160245
160241
160254
160263
160322
160273
160343
160408
160442
160402
160438
160593
160604
160618
160443
160446
160440
160519
160526
160541
160540
156691
160569
160645
156693
160654
156740
156767
156795
156797
156752
157435
158108
158165
158328
158336
158361
158395
158370
158398
160740
160824
160827
158357
158431
158434
158466
158574
160710
160762
160700
160684
160729
177632
177660
177672
185924
177626
177631
177625
165949
165952
165955
168205
167716
167743
167721
167744
168217
168194
167907
167909
167946
167956
168007
167883
167944
167863
167845
165716
165786
161582
161715
161716
161721
161419
164655
164657
169007
169017
161527
169014
169062
161294
161297
161417
164626
164681
165792
165811
165835
165842
165830
165849
165834
165799
165803
165767
165769
169703
169707
169705
165773
169708
169722
169701
169396
169372
161293
169301
169383
118853
119038
118855
118947
118951
118955
118875
118890
118479
118585
118605
119174
118904
118959
118962
118814
118911
118879
118963
118977
118980
94830
94831
94837
97355
94351
94671
94676
94764
92387
92391
92615
92367
102755
93852
93862
93867
93873
93871
93874
94127
108090
108222
108206
108286
108298
108315
108080
108699
108801
108582
108808
108580
108809
108811
113795
93578
93581
102287
102380
93947
93926
93704
93706
93744
93745
93817
93833
93831
92394
93249
93250
191380
191378
191303
191123
194167
191923
191161
191327
194291
191201
192615
192617
192621
194280
194276
108644
109555
108829
108825
108868
109584
109587
109591
109665
108862
108882
110047
106200
110086
110088
110416
110420
110033
110438
110598
110601
110455
110457
110600
110400
110359
110407
110603
109990
110065
110071
110199
110210
110217
104164
110073
110084
110184
110607
110449
110477
110618
110769
103805
105776
103839
110855
106185
110715
110926
110896
110890
110767
110801
110858
110870
103871
36826
103881
36846
39039
39046
36882
39078
37123
37139
37165
37034
37037
37056
38153
38156
37008
37010
37013
37014
36957
38159
36977
36954
36983
37120
38168
38171
38173
38203
38218
38381
38477
38325
38310
38320
38330
38333
38341
38344
38520
38810
38828
38833
38889
38854
38858
38857
38861
38927
38919
38768
38790
38793
38922
38731
38732
38791
38783
41518
41522
41524
41530
47520
47529
47552
47555
47573
47612
47614
47838
47839
47845
47855
47844
47847
47332
47343
47344
47331
47333
47385
47416
130486
47372
47382
47227
47229
130013
130020
130025
129974
130010
130028
130029
130552
130554
130567
130570
130611
130618
130635
130477
130489
130636
130649
130651
130690
130744
130689
130693
130679
131000
131007
130994
130972
131001
131002
131220
131238
131235
131250
131252
131255
132019
132049
132066
131022
131023
131026
122649
131070
131074
131213
132078
132074
132108
132113
132115
132125
132134
132173
132141
132191
132197
132201
222609
56395
56404
56405
56410
54016
53613
53629
54010
53630
53636
56386
53638
56388
56394
56423
56434
56439
54007
54003
54054
54058
56443
56456
54048
54053
54045
54060
151773
150769
146971
146974
150785
150789
140364
143562
143582
139959
143625
143846
143873
143868
144149
148504
143881
143633
148361
148384
148398
148503
148401
143998
144001
144057
144059
144017
144016
143914
143905
144053
144060
143917
144052
143847
143901
144013
146117
146120
146125
146130
146129
146134
146165
146133
146166
146168
146185
146190
146174
146189
146191
145034
146355
142918
142991
142997
143003
143020
143029
143042
143118
143117
143317
143329
143344
143345
143120
143137
143318
143134
143138
143337
143342
143379
143383
143402
212606
146368
146458
146462
146373
146400
146475
146478
146489
146631
146643
146657
146659
146667
146774
146776
146786
146797
146784
151788
146802
150181
153587
153588
153586
172703
153625
153663
153648
162492
153649
153650
153694
152089
152087
168436
168459
177529
178853
179730
179755
179733
179828
179829
179836
179742
179741
179832
179812
179811
179822
179806
179900
179898
179899
153875
153860
153877
154594
153883
153889
153623
153759
153762
153738
153744
153850
153882
154570
154566
154572
155943
156131
156186
156195
154583
154585
154588
154590
154613
153892
154618
154653
157099
157128
157126
157086
154639
154640
154710
154712
154744
154686
154939
157069
157191
172724
157037
157052
155948
157307
157096
157108
157319
157308
157321
172933
172936
172951
172938
172942
177727
177725
177869
179929
178105
178079
178561
178339
178392
173331
173332
173358
173378
172960
177734
178064
178065
177950
177945
177947
174767
177970
178048
177995
178118
178120
177958
177961
173334
173343
173350
173309
173295
173452
173456
173296
173421
177616
177647
177642
160237
160239
160177
160180
160246
160250
160255
160275
160260
160329
160321
160276
160324
160407
160439
160513
160403
160451
160444
160592
160605
160609
160619
160447
160517
160529
160533
160525
160561
160567
160568
160646
160643
160656
156739
156791
157437
156753
156771
158084
158107
158166
158340
158337
158366
158360
158371
158405
158397
158404
160673
158358
158430
158409
158433
158462
158464
160759
160709
160761
160701
160782
160806
160683
160728
160787
160862
176621
177635
177661
177662
177664
185923
177636
177622
177658
165948
165953
165951
165954
167739
168204
167715
168214
167742
167719
168216
167917
167918
167943
167958
168006
168004
168169
167882
167865
167779
167847
167867
161584
161895
161713
161896
161717
161722
161702
161726
164656
161442
169006
169013
161526
169015
169009
165818
165843
165844
165829
166089
166082
166090
158817
165800
165805
165802
165768
165771
169711
169709
169712
169725
165772
165809
169723
169699
169394
161292
169299
118856
118936
118946
118930
118950
118889
118586
119175
119195
118903
118961
118657
118815
94844
102218
94787
94840
102216
97354
94349
94677
92612
92373
97522
93859
93863
93921
94096
94094
94100
108091
108212
108223
108207
108285
108081
108087
108256
108680
108802
108805
109341
93574
93576
101866
102288
102381
93766
93948
93951
93936
93705
93742
93747
93751
93818
93860
93882
98448
93254
93255
93253
194299
194362
191116
191340
194168
194195
191974
191996
191162
191329
194342
194292
194311
194503
192613
192618
