540
192737 192738 3189
192737 194016 631
192768 192769 865
192768 192770 3057
192770 192757 946
192770 192768 3057
192770 192771 1767
193847 193849 723
193847 194023 159
194015 194021 1122
194059 194063 1029
194059 194068 917
190967 190966 980
192717 192707 5836
192717 192724 2347
194248 194250 4201
192808 192807 1878
192808 192809 847
192813 193837 977
192813 193838 1236
114071 114072 1808
114071 114091 845
114071 114108 1675
114365 114364 1142
114365 114406 874
114367 114368 796
114367 114719 1030
114721 114722 1004
114721 114731 1483
114728 114719 445
114728 114729 1739
114731 114721 1483
114731 116231 465
109464 109465 774
109464 113909 164
109774 109480 3008
109774 113898 1116
109516 109418 4027
109516 109517 3535
109808 109809 1014
109794 109793 707
109794 109795 1695
109794 109825 3668
109802 109824 5229
109802 113958 3730
109811 109812 379
109791 109793 868
109818 109817 2971
109818 109895 2584
109817 109818 2971
109817 109903 1298
109899 109900 2347
109899 109924 756
109899 109925 1786
109912 109908 1031
109924 109899 756
109924 109923 1686
109924 109932 562
109929 111024 681
109929 111030 1675
109938 109923 672
109938 110146 1576
109938 111030 788
109933 105187 354
109933 111022 349
109910 109908 1180
109910 109911 782
109892 109890 506
109892 109891 891
109904 109890 688
109904 109905 1031
103362 111004 707
105186 105187 672
105186 111021 1066
105186 111027 889
111032 111004 1008
111032 111033 1008
110978 110979 672
110978 111071 1344
111008 111071 836
111008 111082 1282
111083 111081 558
111074 111073 809
111074 111075 1480
111074 111081 1084
111086 111080 475
111086 111315 672
111315 111077 884
111315 111086 672
111315 111317 788
111317 111315 788
111317 111316 1541
111317 111328 672
111328 111317 672
111328 111329 1609
111330 111257 1408
111330 111329 809
111330 111332 889
111332 111330 889
111332 111331 1282
111333 111283 1078
111333 111291 696
111333 111331 788
111336 111291 1410
103350 103347 677
103350 103349 1360
111290 103349 598
111290 111291 947
111290 111292 1817
103334 111360 647
111361 111359 750
111482 111359 750
111482 111501 279
111498 111497 737
111496 111497 975
111505 111497 750
111503 116295 353
103347 103348 1325
103347 103350 677
103347 111356 1592
111539 111538 1061
111555 111524 1025
111557 111522 2102
111527 111528 252
103698 111513 840
111679 111633 847
111679 111680 778
111680 111632 847
111680 111679 778
111680 111685 782
111685 111631 764
111685 111680 782
111685 111687 778
111687 111685 778
111687 111688 222
111706 111694 1516
111695 111646 788
111695 111694 667
111695 111698 778
111719 111764 1092
111698 111695 778
111698 111699 598
111763 111778 1055
111642 111643 252
111651 111649 826
111651 111650 1663
111637 111628 840
111637 111639 889
111634 111619 1532
111634 111630 1675
111646 111695 788
111646 111699 475
111639 111637 889
111639 111640 475
111438 111437 606
111440 111439 1695
111440 111441 1593
111454 111439 826
111454 111447 1730
111454 111648 1101
111649 111648 1635
111649 111651 826
111703 111699 238
111660 110834 418
111660 111664 1137
111779 111778 750
104311 104312 975
104312 104311 975
104364 104363 806
104363 104364 806
39541 39548 581
39548 39541 581
39203 39200 511
39200 39203 511
104843 104852 765
104852 104843 765
104922 104997 750
104994 104924 1585
104924 104994 1585
104997 104922 750
39365 39362 939
39362 39365 939
40812 40910 2068
40910 40812 2068
55230 55192 1560
48345 48339 677
48366 48357 713
48357 48366 713
48339 48345 677
48885 48846 900
48886 48903 1696
48903 48886 1696
48845 48842 1629
48846 48885 900
48865 48864 713
48864 48865 713
48842 48845 1629
131483 131478 1055
131478 131483 1055
131509 131508 747
131507 131508 713
131508 131507 713
131508 131509 747
54445 54514 2291
54514 54445 2291
54514 54520 2353
54557 54562 3666
54562 54557 3666
54590 54593 404
54590 54595 1903
54593 54590 404
54520 54514 2353
54595 54590 1903
55192 55230 1560
144497 144493 2336
144497 144508 2512
144508 144497 2512
144508 144545 2775
144545 144508 2775
150503 150617 1683
150499 150498 508
150498 150499 508
150617 150503 1683
150617 150622 1695
150622 150617 1695
150655 150648 1367
150648 150655 1367
140273 140365 845
140365 140273 845
140189 140368 1981
140368 140189 1981
141865 141867 2383
144493 144497 2336
141867 141865 2383
142096 142105 825
142105 142096 825
142105 142103 890
142102 142103 856
142103 142102 856
142103 142105 890
142074 142587 1866
142587 142074 1866
142548 142549 319
142549 142548 319
144501 142551 798
142551 144501 798
204847 204855 797
204855 204847 797
204855 204856 756
204856 204855 756
144557 144558 904
144558 144557 904
144712 144717 759
144564 144713 681
144713 144564 681
144717 144712 759
145108 145110 1341
145110 145108 1341
145110 145125 1168
145125 145110 1168
145554 145599 830
145599 145554 830
145605 145619 738
145619 145605 738
145619 145620 756
145620 145619 756
145795 145797 753
145801 145791 865
145791 145801 865
145797 145795 753
151478 151479 751
151479 151478 751
207894 207895 1367
207895 207894 1367
205175 208692 1089
208692 205175 1089
208746 208745 237
208745 208746 237
211176 211331 1477
211331 211176 1477
180461 180459 1254
180459 180461 1254
167109 167214 789
167214 167109 789
166765 166785 1179
166785 166765 1179
166785 166786 933
166786 166785 933
166786 167010 1095
167010 166786 1095
167030 167021 556
167021 167030 556
180377 180376 827
180376 180377 827
179674 179673 2578
179677 179679 2967
179673 179674 2578
179679 179677 2967
182111 182104 445
182095 182104 445
182104 182095 445
182104 182111 445
182179 182197 1496
182197 182179 1496
152951 152980 376
152980 152951 376
152369 152370 427
152370 152369 427
155536 155547 948
155547 155536 948
155595 155598 738
155598 155595 738
177124 177123 1454
177123 177124 1454
177059 177218 765
177215 177214 765
177218 177059 765
176208 176210 1034
176210 176208 1034
177214 177215 765
176814 176819 354
176819 176814 354
165267 165266 1774
165266 165267 1774
167317 167313 683
167313 167317 683
164800 164801 818
164801 164800 818
164801 164809 1531
164809 164801 1531
164821 164822 1426
164822 164821 1426
164756 164748 713
164748 164756 713
211386 211393 511
211393 211386 511
211408 211401 833
211401 211408 833
211506 211513 670
211513 211506 670
211513 211514 751
211514 211513 751
212208 212209 683
212209 212208 683
212244 212255 848
212267 212273 1259
212273 212267 1259
212453 212447 781
212536 212535 342
212535 212536 342
212255 212244 848
212447 212453 781
114320 114321 695
114321 114320 695
92008 92010 251
92010 92008 251
102206 94414 3108
94414 102206 3108
92407 92408 1583
92408 92407 1583
115841 115832 884
115832 115841 884
191681 191658 3314
191658 191681 3314
192746 193849 1267
192738 192737 3189
192738 192769 86
194016 192737 631
192769 192738 86
192769 192768 865
192757 192770 946
192771 192770 1767
193849 192746 1267
193849 193847 723
194023 193847 159
194021 194015 1122
194063 194059 1029
194068 194059 917
190966 190967 980
192707 192717 5836
192724 192717 2347
194250 194248 4201
192807 192808 1878
192809 192808 847
193837 192813 977
193838 192813 1236
114072 114071 1808
114072 114108 946
114091 114071 845
114108 114071 1675
114108 114072 946
114364 114365 1142
114364 114406 1225
114406 114364 1225
114406 114365 874
114368 114367 796
114719 114367 1030
114719 114728 445
114722 114721 1004
114729 114728 1739
116231 114731 465
109465 109464 774
113909 109464 164
109480 109774 3008
113898 109774 1116
109418 109516 4027
109517 109516 3535
109809 109808 1014
109793 109791 868
109793 109794 707
109795 109794 1695
109825 109794 3668
109824 109802 5229
113958 109802 3730
109812 109811 379
109895 109818 2584
109903 109817 1298
109900 109899 2347
109900 109925 1025
109925 109899 1786
109925 109900 1025
109925 109923 847
109908 109910 1180
109908 109912 1031
109923 109924 1686
109923 109925 847
109923 109938 672
109932 109924 562
111024 109929 681
111030 109929 1675
111030 109938 788
110146 109938 1576
105187 105186 672
105187 109933 354
105187 111021 893
111022 109933 349
111022 111021 662
109911 109910 782
109890 109892 506
109890 109904 688
109891 109892 891
109905 109904 1031
111004 103362 707
111004 111032 1008
111021 105186 1066
111021 105187 893
111021 111022 662
111027 105186 889
111027 111033 611
111033 111027 611
111033 111032 1008
110979 110978 672
111071 110978 1344
111071 111008 836
111082 111008 1282
111082 111081 611
111081 111074 1084
111081 111082 611
111081 111083 558
111073 111074 809
111075 111074 1480
111075 111080 473
111080 111075 473
111080 111077 1530
111080 111086 475
111077 111080 1530
111077 111315 884
111316 111317 1541
111316 111329 750
111329 111316 750
111329 111328 1609
111329 111330 809
111257 111330 1408
111257 111331 1008
111331 111257 1008
111331 111332 1282
111331 111333 788
111283 111333 1078
111291 111290 947
111291 111333 696
111291 111336 1410
103349 103348 704
103349 103350 1360
103349 111290 598
111292 111290 1817
111360 103334 647
111359 111361 750
111359 111482 750
111501 111482 279
111497 111496 975
111497 111498 737
111497 111505 750
116295 111503 353
103348 103347 1325
103348 103349 704
103348 111356 948
111356 103347 1592
111356 103348 948
111538 111539 1061
111524 111522 222
111524 111555 1025
111522 111524 222
111522 111557 2102
111528 111527 252
111513 103698 840
111633 111679 847
111632 111680 847
111631 111685 764
111688 111687 222
111688 111694 445
111694 111688 445
111694 111695 667
111694 111706 1516
111764 111719 1092
111699 111646 475
111699 111698 598
111699 111703 238
111778 111763 1055
111778 111779 750
111643 111642 252
111643 111650 475
111650 111643 475
111650 111648 750
111650 111651 1663
111628 111637 840
111628 111640 1188
111619 111634 1532
111630 111634 1675
111640 111628 1188
111640 111639 475
111437 111438 606
111439 111440 1695
111439 111454 826
111441 111440 1593
111447 111454 1730
111648 111454 1101
111648 111649 1635
111648 111650 750
110834 111660 418
111664 111660 1137
971
192737
192768
192770
193847
194015
194059
190967
192717
194248
192808
192813
114071
114365
114367
114721
114728
114731
109464
109774
109516
109808
109794
109802
109811
109791
109818
109817
109899
109912
109924
109929
109938
109933
109910
109892
109904
103362
105186
111032
110978
111008
111083
111074
111086
111315
111317
111328
111330
111332
111333
111336
103350
111290
103334
111361
111482
111498
111496
111505
111503
103347
111539
111555
111557
111527
103698
111679
111680
111685
111687
111706
111695
111719
111698
111763
111642
111651
111637
111634
111646
111639
111438
111440
111454
111649
111703
111660
113583
111779
104299
104136
104145
104119
104122
112881
112882
112753
104311
104350
104312
104361
104364
104363
50476
39224
39521
39511
39541
39548
39553
39556
39520
39522
39203
104735
104739
104283
104285
39158
39191
39181
39200
104843
104850
104852
104377
104379
104810
104897
104899
104919
104922
104487
104994
104924
104997
39545
39339
39285
39328
39365
39387
39362
39417
39421
39432
39430
39486
40442
40463
40467
40494
40603
40453
40473
40476
40562
40564
40475
40374
40384
50259
50407
50409
40823
40824
40827
40834
40846
40848
40856
40907
40909
40577
40586
40812
40816
40910
55230
55239
55241
55243
55422
55429
41625
40817
50384
48383
48409
48531
48550
48556
48345
48366
48357
48371
48373
41631
48339
48580
48698
48699
48702
48704
50272
48731
48884
48885
48585
48587
48886
48903
48845
48846
48840
48865
48864
48873
48878
48954
48955
48842
48239
48983
48993
48992
49009
49011
49032
48313
131366
131372
48312
48388
131367
131370
131385
131479
131483
131478
131509
131507
131652
131508
131655
131746
131777
131778
131833
131834
131842
131828
54364
54411
54417
54416
54427
54445
54514
54368
54552
54557
54562
54584
54590
54593
52743
52744
53778
54520
54527
54728
54595
53864
53913
53914
53950
53772
56773
53935
55153
55154
55192
144497
144508
144543
144684
144545
144682
150503
150499
150498
150617
150622
150655
150648
140291
150730
150646
140272
140273
140365
140189
140368
140433
140440
140446
141865
142536
142546
144493
141867
141879
141915
141937
141896
141933
141939
141954
151749
142111
142114
142132
142096
142105
142088
142102
142103
150721
142064
142065
142070
142074
142587
142591
142615
142624
142722
142736
142740
142548
142549
144501
142551
142775
142771
142772
142777
144783
56362
56363
204526
204701
204533
204709
196123
204771
204730
204735
204796
204801
204847
204857
204855
204856
204866
144694
144685
144705
144557
144558
144711
144712
144564
144713
144717
145037
145041
145042
145043
145049
145054
145108
145110
145125
145494
145498
145529
145543
145544
145554
145599
145602
145605
145619
145620
145795
145796
145801
145791
145792
145881
145693
145882
145797
145845
145849
145859
145873
145877
146083
146089
146100
151478
151479
151485
149091
151804
150368
151571
146115
151570
204463
204442
207894
207895
208648
208644
213041
214820
208689
208690
208696
208682
208683
208685
205175
205283
208678
208691
208692
208677
208712
208720
208734
208735
208738
208739
211114
211116
208746
208745
211166
211176
211331
211338
185565
180417
180461
180430
180459
180450
166539
166561
166582
166584
166569
166586
166565
167548
167347
167348
166743
166745
166728
162530
167238
152547
162531
162534
167109
167110
167124
167219
167241
167214
166752
166767
166780
166789
166741
166765
166785
166786
167010
167026
167030
167021
167022
167051
167063
167094
152418
152434
162535
152415
152426
152445
180128
180377
180376
180361
180373
179674
179677
179673
179679
180164
180167
182322
173561
185272
182331
182338
182074
182108
182113
182111
182095
182096
182097
182104
182179
182197
182272
182277
182287
182307
152336
152953
152957
152951
152993
153001
152937
152980
152322
152692
152714
152726
152733
152369
152371
152359
152357
152364
152370
152384
152449
152475
152485
153108
153135
155727
155703
155784
155776
155788
155969
155787
155751
153365
153137
153143
153205
153211
173536
175128
173599
173596
173576
173579
173533
173547
173552
173683
173684
173161
173209
173170
173197
185448
173875
185441
185706
152919
153046
153049
153090
153041
153056
155520
155535
155481
155536
155547
176121
176147
176474
156244
176501
176176
176190
176525
176531
176141
176149
176152
176154
155657
155648
155650
155681
156296
156290
156321
156302
156325
156063
156297
156306
155641
155683
155622
155645
155539
155594
155595
155598
155605
155626
176110
177124
177120
177123
177107
177049
177048
177059
177215
177218
177015
177126
177128
177052
177185
177202
177193
177205
177209
176220
176108
176128
176213
176208
176214
176210
176959
177198
176967
177214
177224
175015
176867
175017
176863
174949
175001
175009
174894
174972
176767
176814
176819
165095
165349
165233
165273
165267
165266
165271
165274
165436
165441
167293
167304
167318
167324
167326
166558
167317
167313
167314
165111
165115
165097
165141
165137
165107
165117
165151
165147
164800
164801
164805
164848
164838
165152
157784
165334
165163
165352
165198
165380
165144
164809
164817
164821
164782
164822
164756
164667
164759
164748
211385
211386
211393
211408
211401
195337
211506
211187
211188
211213
211380
211382
211483
211513
211514
211529
211541
211544
211562
211563
211568
211571
211573
212185
212206
212208
212209
212244
212267
212273
211362
211394
212453
212472
212519
161432
160145
164660
161429
172431
212534
212536
212535
212255
212256
212263
212447
114378
114320
114331
114333
114312
114321
113852
114222
114220
114215
114424
113971
114192
114190
114025
119120
119197
119296
118561
118566
119148
119385
119381
114941
115009
114855
115020
92007
92008
92010
92014
92020
92029
92056
92064
92057
92061
92073
102206
94412
94414
92259
92281
92264
92267
92282
94462
115804
115816
115818
92398
92404
92407
92408
92317
92325
105804
107032
107064
107090
93206
107057
107059
107088
107105
107212
107126
107121
107420
107454
107435
107421
107500
107517
109495
92897
92972
93038
93039
93046
92953
92789
92806
92792
116009
115789
115838
115841
115832
191787
191018
190891
190892
191681
191658
192133
191717
191728
191747
192746
191892
194144
191569
191916
191842
191918
191937
191770
193842
192738
194016
192769
192757
194023
194063
190966
192707
192724
194250
192807
114072
114091
114108
114406
114368
114719
114729
109465
109480
113898
109418
109517
109793
109824
113958
109812
109895
109900
109925
109908
109923
111024
111030
110146
105187
111022
109911
109890
109891
111004
111021
111027
111033
110979
111071
111082
111073
111075
111077
111316
111329
111257
111331
111283
111291
103349
111292
111359
111501
111497
103348
111356
111524
111522
111528
111513
111633
111632
111631
111688
111643
111628
111619
111630
111437
111439
111447
111648
110834
111664
