838
175724 175702 1732
175719 175721 1031
175719 175723 605
175722 175723 1323
175722 175739 878
185901 175644 2693
175508 175106 1686
175508 175516 4293
175515 175514 1008
175519 175513 3911
175519 175544 1029
175519 175623 537
175631 175636 2178
175631 175686 2753
175698 175685 927
175635 175636 878
175635 175639 1111
175760 175761 581
175760 185903 552
174436 174440 747
174449 174447 2896
174449 174457 3061
174452 174453 1634
174452 174454 782
174452 174524 1184
174520 174519 893
174524 174452 1184
174524 174525 889
174524 174539 414
174320 174319 373
174320 174440 2087
174319 174320 373
174319 174325 475
174322 174326 638
174324 174323 2612
174324 174326 2208
174324 176369 818
174255 174256 778
174255 174326 2116
210826 210677 1756
210826 210830 789
210832 210830 1205
210832 210837 810
210837 210832 810
210837 210836 1115
210837 210839 665
210845 210839 1295
210845 210856 788
210845 210859 844
210860 210856 1055
210860 210859 573
210860 210861 810
210865 210866 843
210909 210911 701
210920 210911 840
210920 210921 1892
210923 210921 834
210923 211053 1797
211055 211038 222
211055 211039 474
211064 211051 1718
211064 211065 805
211066 211065 1576
211066 211075 801
211057 211039 277
211057 211053 539
211060 211053 213
211092 211088 447
211092 211090 590
211757 211760 710
211757 211761 1041
211758 211761 709
211758 211764 752
211760 211757 710
211760 211762 1073
211760 211763 709
211780 211782 655
211780 211783 938
211075 211052 1786
211075 211066 801
211075 211085 763
211087 211078 736
211087 211085 1023
211088 211089 680
211088 211092 447
211783 211780 938
211783 211786 760
211783 211787 901
211784 211786 1196
211785 211786 822
211804 211787 2419
211804 211805 751
163485 163502 1117
163485 163507 782
163502 163485 1117
163502 163523 688
163502 163530 1389
163529 163528 683
163529 172400 1014
163622 163621 472
163496 163498 276
163496 163743 590
163668 163675 758
163668 163676 2445
163676 163668 2445
163676 163679 683
163625 163620 674
163625 163626 445
163682 163686 2106
163682 163799 782
162996 162959 276
162996 162973 436
162959 162960 537
162959 162996 276
163480 163481 871
163480 163507 600
163480 163510 796
163414 163415 674
163414 163452 674
163452 163414 674
163452 163451 452
163038 163022 445
163038 163415 790
163416 163415 1780
162767 162768 475
162767 162969 1182
162961 162960 677
162961 162967 1380
162968 162954 752
162968 162969 747
162775 162773 828
162775 162958 562
164016 164015 4436
164016 164260 885
164261 164260 2657
164267 164268 747
164267 164284 1960
164038 164037 2940
164079 164080 2518
164094 164095 884
164094 164096 337
164044 164045 374
164044 164046 1065
164050 164046 474
164050 164174 2010
164033 164032 474
164033 164034 1458
164066 164065 837
164066 164073 807
164066 172416 511
164062 164075 222
164065 164066 837
164065 164074 739
164068 164067 552
164068 164269 2614
164268 164267 747
164268 164270 355
164194 164193 928
164194 164195 355
164070 164069 1413
164277 164069 139
164277 164278 1142
164088 164093 202
164098 164097 1439
164098 164109 673
164109 164098 673
164109 164108 1534
164109 164113 739
164152 164113 1903
164152 164123 739
164152 172410 885
164118 164132 968
164143 164125 612
164081 164080 739
164081 164080 739
172411 164134 736
172411 164134 736
214314 212373 750
214314 214315 980
212385 212377 1296
212385 212387 612
212386 212394 701
214271 164147 1099
214271 212047 445
214271 212394 1034
211817 211818 844
211817 211957 367
211959 211958 834
211959 211961 817
211959 211962 2402
211967 211963 833
211967 211970 2751
211984 211970 710
211984 212304 1441
212305 212304 751
212305 212307 2087
212309 212307 883
212309 212310 750
212309 212311 1865
212319 212310 876
212319 212320 963
212321 212320 1083
212321 212326 607
211961 211959 817
211961 211963 2412
178716 178715 1307
178716 178717 3558
178792 178793 2180
114611 114609 231
114615 114616 603
114615 114669 3291
114629 114631 3021
114465 114453 748
114465 114464 2139
114465 114473 278
114474 114464 785
114474 114480 905
114488 114489 787
114488 116183 474
114489 114488 787
114489 116182 353
115205 115204 935
115207 115216 6695
116140 116141 927
116140 116142 502
115510 115511 342
114973 114971 12175
115131 115128 824
115131 116139 1298
115143 115142 306
115143 115144 922
115129 115127 1391
115139 115134 2053
115139 116250 2605
114871 114872 13496
114871 114896 13330
114972 114971 25927
114977 114879 511
114977 115042 332
114989 114987 1592
114999 115000 1173
92085 92083 3404
92085 92091 702
92126 92095 411
115113 115304 5330
115307 115117 2089
115307 115304 736
115119 115110 2239
115119 115118 2948
115182 115147 1161
115182 115341 8073
115359 115360 1322
115359 115367 902
115369 115367 1322
115369 115370 468
115369 115371 1055
115622 115623 765
115665 115658 924
115665 115707 1763
106860 106863 1114
106873 106863 1012
106194 106195 688
106939 106821 755
106822 106813 2306
106822 106821 3000
106822 106823 139
106994 106996 923
107014 107002 3891
107014 107016 238
107018 107311 2124
107008 107007 108
107010 107009 373
107010 107267 2140
107267 107010 2140
107267 107296 243
107297 107298 1394
107307 107298 238
107326 107325 3618
107274 107276 2041
107274 109550 1935
107276 107274 2041
107276 107415 1670
106699 106721 1248
106699 106878 1443
106845 106844 344
106845 106878 1014
106844 106845 344
106844 106862 825
106861 106850 1778
106861 106862 1004
106861 106872 1775
106850 106861 1778
106850 106863 922
92910 92911 838
92913 92912 778
92913 92914 1031
92915 92934 1622
92915 92935 981
106721 106699 1248
106721 106722 2153
106721 106882 1360
106714 106715 1140
106714 106879 1528
106722 106721 2153
106722 106877 1906
106722 106880 1695
106255 106253 867
106255 106491 688
106491 106255 688
106491 106492 825
106231 106232 7036
106231 116055 1466
116061 116062 950
116071 116062 434
116071 116103 950
116118 116103 1883
116118 116119 1357
106239 106237 1090
106239 106240 1669
116058 105740 475
192024 192025 2442
192024 192026 1184
192026 192024 1184
192026 192027 1311
191590 191821 939
191821 191590 939
107640 107554 598
107554 107640 598
107625 107639 354
107639 107625 354
111146 111147 1114
111147 111146 1114
111130 111140 1686
111140 111130 1686
111933 111958 373
111958 111933 373
111993 111997 111
111997 111993 111
112009 112008 788
112010 112007 788
112007 112010 788
112008 112009 788
113119 113117 420
112922 112959 1031
113117 113119 420
112959 112922 1031
113307 113306 796
113306 113307 796
113258 113255 713
113238 113239 796
113239 113238 796
113255 113258 713
113224 113234 796
113234 113224 796
113234 113235 818
113235 113234 818
39894 39897 1028
39897 39894 1028
39988 39998 1234
105453 105455 783
105455 105453 783
103667 103704 696
103704 103667 696
103742 103746 2079
103746 103742 2079
103750 103749 1838
103749 103750 1838
39998 39988 1234
41261 41262 796
41262 41261 796
41266 41268 2481
41268 41266 2481
55093 55096 2985
55096 55093 2985
55108 55262 837
55262 55108 837
55275 55282 905
55282 55275 905
49375 49422 279
49417 49415 468
49415 49417 468
49498 49408 279
49408 49498 279
49422 49375 279
144376 144396 924
144396 144376 924
144374 144373 65
142459 142457 739
144373 144374 65
142457 142459 739
142410 142402 1367
144573 144574 655
144574 144573 655
144574 144578 439
144578 144574 439
142402 142410 1367
142231 142232 798
141532 141533 1762
142297 142233 833
141533 141532 1762
141792 141794 855
141794 141792 855
142232 142231 798
142232 142233 768
142233 142232 768
142233 142297 833
56204 56201 713
56201 56204 713
56225 56273 1449
56273 56225 1449
196666 196669 1611
196669 196666 1611
196897 196901 346
196901 196897 346
207617 197426 451
197426 207617 451
207625 207626 846
207626 207625 846
207626 207653 709
207653 207626 709
207653 207658 774
207658 207653 774
207658 207659 779
207496 207499 1032
207499 207496 1032
207669 207659 867
207659 207658 779
207659 207669 867
196865 196869 973
196869 196865 973
145439 145462 1382
145462 145439 1382
145462 145983 349
145983 145462 349
145986 145987 951
145987 145986 951
151361 151360 751
146002 146003 369
146003 146002 369
151360 151361 751
203997 203995 767
204064 204065 679
204065 204064 679
204088 204090 523
204090 204088 523
204098 204099 802
204099 204098 802
203744 203745 1736
203745 203744 1736
203982 203983 841
203983 203982 841
203995 203997 767
207957 207465 1098
207957 207954 1122
207954 207957 1122
207549 207463 1024
207463 207466 1108
207463 207549 1024
207465 207957 1098
207466 207463 1108
207515 207578 867
207578 207515 867
207581 207589 285
207589 207581 285
207589 207591 623
207591 207589 623
207983 207990 665
207990 207983 665
207992 208042 1252
208042 207992 1252
208340 208390 2493
208390 208340 2493
210582 210583 779
210582 210592 726
210592 210582 726
210592 210596 867
210579 210577 751
210583 210582 779
210577 210579 751
210596 210592 867
210667 210677 880
178802 178805 1124
178805 178802 1124
166293 166295 767
166295 166293 767
166330 166341 674
166341 166330 674
166840 185078 924
185078 166840 924
180577 180576 1867
180541 180576 2007
180576 180541 2007
180576 180577 1867
182410 182419 2480
182419 182410 2480
182447 182444 1902
182444 182447 1902
185177 185175 818
174256 174255 778
185094 185097 630
185097 185094 630
185107 185106 2677
185106 185107 2677
185175 185177 818
174725 174724 890
174724 174725 890
175291 175286 751
175286 175291 751
174734 174731 758
174731 174734 758
175702 175724 1732
175721 175719 1031
175723 175719 605
175723 175722 1323
175739 175722 878
175644 185901 2693
175106 175508 1686
175516 175508 4293
175514 175513 612
175514 175515 1008
175513 175514 612
175513 175519 3911
175544 175519 1029
175623 175519 537
175636 175631 2178
175636 175635 878
175686 175631 2753
175686 175685 354
175685 175686 354
175685 175698 927
175639 175635 1111
175761 175760 581
185903 175760 552
174440 174320 2087
174440 174436 747
174447 174449 2896
174457 174449 3061
174453 174452 1634
174454 174452 782
174454 174525 1094
174519 174520 893
174519 174539 769
174525 174454 1094
174525 174524 889
174539 174519 769
174539 174524 414
174325 174319 475
174325 174323 279
174326 174255 2116
174326 174322 638
174326 174324 2208
174323 174324 2612
174323 174325 279
176369 174324 818
210677 210667 880
210677 210826 1756
210830 210826 789
210830 210832 1205
210830 210836 786
210836 210830 786
210836 210837 1115
210839 210837 665
210839 210845 1295
210856 210845 788
210856 210860 1055
210859 210845 844
210859 210860 573
210861 210860 810
210861 210866 1633
210866 210861 1633
210866 210865 843
210911 210909 701
210911 210920 840
210921 210920 1892
210921 210923 834
210921 211039 1804
211053 210923 1797
211053 211057 539
211053 211060 213
211038 211055 222
211039 210921 1804
211039 211055 474
211039 211057 277
211051 211064 1718
211065 211052 734
211065 211064 805
211065 211066 1576
211090 211089 683
211090 211092 590
211761 211757 1041
211761 211758 709
211761 211762 623
211764 211758 752
211762 211760 1073
211762 211761 623
211763 211760 709
211763 211782 1196
211782 211763 1196
211782 211780 655
211052 211065 734
211052 211075 1786
211085 211075 763
211085 211087 1023
211078 211087 736
211089 211088 680
211089 211090 683
211786 211783 760
211786 211784 1196
211786 211785 822
211787 211783 901
211787 211804 2419
211805 211804 751
163507 163480 600
163507 163485 782
163507 163523 1017
163523 163502 688
163523 163507 1017
163530 163502 1389
163530 163528 672
163528 163529 683
163528 163530 672
172400 163529 1014
163621 163622 472
163498 163496 276
163743 163496 590
163675 163668 758
163679 163676 683
163620 163625 674
163620 163799 782
163626 163625 445
163686 163682 2106
163799 163620 782
163799 163682 782
162973 162996 436
162960 162959 537
162960 162961 677
163481 163480 871
163510 163480 796
163415 163038 790
163415 163414 674
163415 163416 1780
163451 163452 452
163022 163038 445
162768 162767 475
162969 162767 1182
162969 162968 747
162967 162954 713
162967 162961 1380
162954 162967 713
162954 162968 752
162773 162775 828
162958 162775 562
164015 164016 4436
164260 164016 885
164260 164261 2657
164284 164267 1960
164037 164038 2940
164080 164079 2518
164080 164081 739
164080 164081 739
164095 164094 884
164096 164094 337
164045 164044 374
164046 164044 1065
164046 164050 474
164174 164050 2010
164032 164033 474
164034 164033 1458
164073 164066 807
164073 164074 789
172416 164066 511
164075 164062 222
164074 164065 739
164074 164073 789
164067 164068 552
164067 164069 837
164269 164068 2614
164269 164270 1023
164270 164268 355
164270 164269 1023
164193 164194 928
164195 164194 355
164069 164067 837
164069 164070 1413
164069 164277 139
164278 164277 1142
164093 164088 202
164093 164097 537
164097 164093 537
164097 164098 1439
164108 164109 1534
164113 164109 739
164113 164152 1903
164123 164152 739
172410 164152 885
164132 164118 968
164125 164143 612
164134 172411 736
164134 172411 736
212373 214314 750
214315 212326 1016
214315 214314 980
212377 212385 1296
212387 212385 612
212394 212386 701
212394 214271 1034
164147 214271 1099
212047 214271 445
211818 211817 844
211957 211817 367
211958 211959 834
211962 211959 2402
211962 211963 841
211963 211961 2412
211963 211962 841
211963 211967 833
211970 211967 2751
211970 211984 710
212304 211984 1441
212304 212305 751
212307 212305 2087
212307 212309 883
212310 212309 750
212310 212319 876
212311 212309 1865
212320 212319 963
212320 212321 1083
212326 212321 607
212326 214315 1016
178715 178716 1307
178717 178716 3558
178793 178792 2180
114609 114611 231
114616 114615 603
114669 114615 3291
114631 114629 3021
114453 114465 748
114464 114465 2139
114464 114474 785
114473 114465 278
114480 114474 905
116183 114488 474
116182 114489 353
115204 115205 935
115216 115207 6695
116141 116140 927
116142 116140 502
115511 115510 342
114971 114972 25927
114971 114973 12175
115128 115127 1023
115128 115131 824
116139 115131 1298
115142 115143 306
115144 115143 922
115127 115128 1023
115127 115129 1391
115134 115139 2053
116250 115139 2605
114872 114871 13496
114896 114871 13330
114879 114977 511
115042 114977 332
114987 114989 1592
115000 114999 1173
92083 92085 3404
92091 92085 702
92095 92126 411
115304 115113 5330
115304 115307 736
115117 115307 2089
115110 115119 2239
115118 115119 2948
115147 115182 1161
115341 115182 8073
115360 115359 1322
115367 115359 902
115367 115369 1322
115370 115369 468
115371 115369 1055
115623 115622 765
115658 115665 924
115707 115665 1763
106863 106850 922
106863 106860 1114
106863 106873 1012
106195 106194 688
106195 106821 2363
106821 106195 2363
106821 106822 3000
106821 106939 755
106813 106822 2306
106823 106822 139
106996 106994 923
107002 107014 3891
107016 107014 238
107311 107018 2124
107007 107008 108
107009 107010 373
107296 107267 243
107298 107297 1394
107298 107307 238
107325 107326 3618
109550 107274 1935
107415 107276 1670
106878 106699 1443
106878 106845 1014
106878 106882 1234
106862 106844 825
106862 106861 1004
106872 106861 1775
92911 92910 838
92912 92913 778
92914 92913 1031
92934 92915 1622
92935 92915 981
106882 106721 1360
106882 106878 1234
106715 106714 1140
106879 106714 1528
106877 106722 1906
106880 106722 1695
106253 106255 867
106253 106492 562
106492 106253 562
106492 106491 825
106232 106231 7036
116055 106231 1466
116062 116061 950
116062 116071 434
116103 116071 950
116103 116118 1883
116119 116118 1357
106237 106239 1090
106240 106239 1669
105740 116058 475
192025 192024 2442
192027 192026 1311
953
175724
175719
175722
185901
175508
175515
175519
175631
175698
175635
175760
174436
174449
174452
174520
174524
174320
174319
174322
174324
174255
210826
210832
210837
210845
210860
210865
210909
210920
210923
211055
211064
211066
211057
211060
211092
211757
211758
211760
211780
211075
211087
211088
211783
211784
211785
211804
163485
163502
163529
163622
163496
163668
163676
163625
163682
162996
162959
163480
163414
163452
163038
163416
162767
162961
162968
162775
164016
164261
164267
164038
164079
164094
164044
164050
164033
164066
164062
164065
164068
164268
164194
164070
164277
164088
164098
164109
164152
164118
164143
164081
172411
214314
212385
212386
214271
211817
211959
211967
211984
212305
212309
212319
212321
211961
178716
178792
114611
114615
114629
114465
114474
114488
114489
115205
115207
116140
115510
114973
115131
115143
115129
115139
114871
114972
114977
114989
114999
92085
92126
115113
115307
115119
115182
115359
115369
115622
115665
106860
106873
106194
106939
106822
106994
107014
107018
107008
107010
107267
107297
107307
107326
107274
107276
106699
106845
106844
106861
106850
92910
92913
92915
106721
106714
106722
106255
106491
106231
116061
116071
116118
106239
116058
192024
192026
194394
192041
193989
191743
194231
191590
191821
191878
192861
192863
192866
193035
107596
107709
107682
107657
107581
107640
107554
107602
107625
107609
107639
103430
107666
107751
107752
111126
107759
107843
107836
107859
111010
111124
111794
111146
111147
111804
111133
111890
111892
111130
111140
111933
111958
111963
111969
111993
111997
112009
111981
112012
112010
112007
112008
33616
33624
113428
113440
113443
113152
113177
112469
112470
113183
113448
113119
113123
112906
112922
112954
112989
113117
112959
112991
113157
113168
103428
113249
113296
113297
113305
113307
103493
113507
113306
113423
113426
113497
113258
113247
113241
113238
113239
113255
112970
112971
113257
113209
113231
113224
113234
113235
105712
113518
113501
113515
105296
105313
105310
105293
105344
105367
105409
105315
104657
105336
105340
103587
103732
103734
105404
105388
105392
105420
35362
39891
39896
40078
39894
39897
39988
40060
40066
40069
40068
105159
105145
105172
105196
104985
105201
105258
105453
105222
105227
105445
105457
105455
103667
103704
103672
103742
103746
103750
105429
103749
103751
103753
105467
105459
39997
39998
39933
39975
40008
39931
39994
40014
40022
40048
40164
40166
41261
41271
41262
41266
41268
41282
41289
41317
41219
41239
41242
41249
41250
41257
53271
53272
53424
55043
55044
55046
55093
55096
55108
55262
55276
55275
55282
55335
55362
55341
55342
55360
53412
53417
53414
53418
53437
49233
49375
49420
49417
49415
49418
49498
49408
49496
49361
49362
49383
49445
49377
50363
49422
49474
49247
49252
49482
49488
49491
49569
45973
46289
49495
49678
49680
53804
53808
55036
144376
144396
144428
144374
142459
144373
142458
142457
142410
142423
142429
144402
144442
144441
144573
144574
144578
144579
144590
144630
196687
196692
196702
196359
195567
196360
196410
196425
195112
196368
196409
196424
140141
140229
141482
141535
141536
141481
148198
151824
151882
151884
151872
141490
141494
189841
189966
150582
151601
139863
139870
140011
140147
140172
140215
140225
140227
140168
189972
190010
189985
190558
189963
190048
142394
142402
142231
142238
142372
142378
142381
142370
149903
147002
151833
141523
151827
141532
142252
142294
142297
141822
141825
141836
142253
141533
141673
141778
141786
141792
141794
142232
142233
56066
56081
56065
55970
55973
55987
55980
55981
55982
56087
56195
56204
56201
56225
56273
56281
56286
56297
196667
196666
196669
196897
196901
196909
204294
204324
204345
204349
204387
204392
204750
204753
207617
197426
207625
207626
207653
207658
207241
207475
207496
207499
207507
207667
207511
207668
207669
207659
196871
196872
196865
196869
196883
196890
196821
145347
145432
145435
145439
145462
145983
145986
145987
139963
151361
151411
146002
146003
151355
151360
151363
151366
151337
151338
151330
151340
151331
203997
204002
204064
204065
204088
204102
204090
204098
204099
204321
203577
203593
203611
203617
203610
203691
203687
203693
203744
203745
203759
203979
203982
203983
203995
207957
207954
207594
207585
207546
207548
207549
207463
207465
207466
207537
207547
207540
207477
207502
207513
207515
207578
207581
207589
207591
207958
207982
207983
207990
207992
208042
208044
208132
208149
208154
208155
208363
208387
208340
208390
208288
210582
210592
210579
210583
208339
208355
208443
210577
210681
210596
210598
210655
210656
210667
210838
178670
178802
178805
178688
178735
178739
177533
180305
163673
163703
163711
184951
185066
185069
185128
163701
166293
166590
163693
166295
166330
166362
166341
166337
166344
166840
185078
163657
180767
180798
180805
180511
180800
180530
180577
180541
180576
182396
182410
182452
182478
182419
182447
182444
181973
182007
182229
182517
182481
182520
182489
182618
182524
172469
169408
182621
168879
185244
182620
176280
185177
152202
152207
152179
152186
174256
176305
176368
176363
176361
152223
152225
185094
185097
185107
185106
185123
185175
173969
173797
173811
173779
173782
174516
174641
174673
174742
174669
174664
174725
174724
174704
175202
186026
174707
175291
175286
175276
175277
174289
175285
175289
174734
175278
174731
175235
175240
175211
175213
175395
175223
175225
175434
175702
175721
175723
175739
175644
175106
175516
175513
175544
175623
175636
175686
175685
175639
175761
174440
174447
174457
174454
174519
174525
174325
174326
174323
176369
210677
210836
210839
210856
210859
210861
210866
210911
210921
211038
211051
211090
211764
211762
211763
211782
211052
211085
211078
211089
211787
211805
163507
163523
163530
163528
163621
163498
163743
163675
163679
163620
163686
163799
162973
162960
163510
163451
163022
162768
162969
162967
162954
162773
162958
164015
164260
164284
164037
164096
164046
164174
164032
164073
164075
164074
164067
164269
164270
164193
164195
164093
164097
164108
164113
164123
164132
164125
164134
212373
214315
212377
212387
212394
164147
212047
211818
211958
211962
211963
211970
212304
212307
212310
212311
212320
212326
178715
114609
114616
114669
114453
114464
114480
115204
115216
116142
114971
115128
115142
115144
115127
115134
114872
114896
114879
115042
114987
115000
92083
92091
92095
115304
115117
115110
115118
115147
115341
115360
115367
115658
106195
106813
107002
107016
107311
107009
107296
107298
107325
109550
106878
106862
92911
92934
92935
106882
106715
106879
106877
106880
106253
106492
106232
116055
116062
116103
116119
106237
105740
192025
192027
