3870
147419 147417 1791
147419 147442 688
147448 147442 2638
147448 147451 826
147599 147451 2456
147599 147598 783
147599 147607 2207
147607 147599 2207
147607 147601 791
147661 147601 2370
147661 147660 873
147663 147660 2418
147663 147664 700
147663 147702 2387
147702 147663 2387
147702 147709 274
147711 147709 2362
147711 147727 828
147711 147728 1848
147731 147728 792
147731 147734 298
147734 147731 298
147734 147732 751
147734 147736 2772
148239 147736 807
148239 148241 816
148239 148249 2571
148241 148239 816
148241 148252 2573
148251 148252 789
148251 148866 2566
148869 148866 558
148871 148874 779
148871 148877 335
148871 148878 1393
148874 148871 779
148874 148879 1544
148922 148924 1276
148927 148928 1595
148927 148929 334
148928 148927 1595
148928 148938 1411
148928 148939 1685
148940 148938 1397
148944 148938 438
148944 148968 3026
149062 148968 798
149062 149063 2449
149062 149064 794
149064 149062 794
149064 149065 2431
149067 149065 755
149067 149071 776
149084 149085 849
149084 149122 1214
149122 149084 1214
149122 149123 765
149124 149125 741
212738 212739 401
212738 212742 384
212738 212746 1271
142418 149322 1207
146594 146596 880
149991 149993 2422
149991 150033 687
146595 146596 2682
150022 150049 839
150050 149993 811
150050 150049 442
150078 150076 740
150078 150079 2100
150080 150079 893
150054 149993 2152
150054 150055 777
150054 150065 1970
150071 150100 1434
150099 150101 1888
150099 150102 894
150098 150108 30
150098 151753 368
145713 150095 1684
143921 143920 350
150188 150190 311
150188 150191 1386
150188 150197 505
150193 150194 388
150193 150195 1364
150195 150193 1364
150195 150199 414
150195 150204 1351
150203 150204 517
150203 150238 1463
149794 140086 1188
151713 149829 448
151713 151715 495
149829 140083 151
149829 151713 448
149212 149612 751
149212 149616 1170
149618 149616 882
149618 149619 991
149739 149619 749
149739 151710 71
149744 151712 59
149679 149682 795
149764 149767 846
149807 140082 202
149716 149715 2365
149718 149715 1620
150189 143920 1217
151662 149232 306
214913 197029 1206
214913 215043 1545
214911 214910 1013
214911 215039 309
198806 198821 867
198826 198800 495
205010 205007 750
205010 205011 910
204967 204966 2355
204967 205018 231
205015 205019 727
205015 205021 197
205015 205039 1906
205018 204967 231
205018 204970 833
205018 205019 2426
205012 205009 775
205023 205013 1898
205023 205020 792
205026 205020 1488
205026 205040 671
205026 205042 2013
152118 152120 767
152118 154006 355
152120 152118 767
152120 154012 630
154011 154013 796
162457 154013 872
162457 162456 951
168842 168840 829
168842 168843 1396
168840 168841 1968
168840 168842 829
168840 168886 710
168885 168886 1258
168885 168896 276
168897 168896 1796
168897 168899 872
168897 168911 1919
168399 168398 1889
168399 168400 1185
168399 168401 2113
168749 168747 1587
168749 168750 1547
168387 168389 253
168747 168748 1781
168747 168749 1587
168747 168766 890
168765 168766 2027
168765 172744 253
168803 168807 1018
168803 172645 398
168806 168807 1344
168806 168815 1102
168814 168815 2016
168814 168820 791
168924 168824 1114
168924 168925 253
168924 168928 759
168929 168916 556
168929 168927 2192
168825 168826 70
168825 168926 656
168809 168810 558
168809 168921 1485
168922 168877 848
168922 168921 1450
168884 168878 767
168884 168911 672
168863 168844 739
168864 168862 906
162456 162457 951
162456 168893 713
168890 168889 778
168890 168893 1269
168888 168866 739
168888 168867 1780
168866 168862 1813
168866 168888 739
153996 154006 355
154030 154036 344
154027 154047 893
154058 154057 3886
154058 154059 924
154058 154061 790
154062 154059 767
154062 154123 1592
154056 154057 823
154068 154069 1261
154068 154070 818
154072 154066 2515
154072 154125 710
154072 172283 581
154095 154094 2011
154095 154096 2248
154095 154103 581
154093 154094 885
154093 154330 2425
154328 154331 767
154337 154331 905
154337 154335 683
154336 154334 1111
154336 154335 953
154356 154334 674
154396 154358 253
154359 154358 421
154359 154360 843
157458 157456 893
157458 157459 1403
157458 157540 782
157540 157458 782
157540 157541 1333
157603 157601 1185
157603 158218 672
158187 157875 222
158187 158218 1471
158216 158218 556
157529 157528 476
157580 157528 337
157532 157528 556
157600 157599 778
157600 157859 850
154353 154352 759
154353 154357 778
154434 154432 850
154434 154437 752
154439 154429 893
154439 154437 1018
154439 172103 506
154433 154432 1014
154444 154432 1118
154444 154445 905
154444 154982 2574
154962 154981 893
154992 154981 1018
154992 154993 905
154993 154983 1018
154993 154992 905
154985 154983 905
154985 154986 448
154985 155000 3386
155003 155002 2371
155003 155046 843
155044 155045 710
155044 155055 672
157861 157860 372
157862 157879 1136
157862 157881 889
157850 157849 796
157852 157848 600
157852 157849 1813
155052 155002 1942
155052 155060 782
155060 155050 1825
155060 155052 782
155126 155127 518
155130 155128 355
155130 155129 2605
155129 155124 1118
155129 155130 2605
155129 155133 2262
155142 155146 2605
155142 155333 1118
155143 155133 1012
155143 155145 344
155143 155146 1185
155333 155142 1118
155333 155335 222
155336 155335 1735
155338 155334 811
157855 157882 404
157890 157884 782
157890 157891 924
157890 157892 3074
157888 157887 1439
157888 157917 1775
157893 157894 818
157893 157915 829
157896 157895 445
157896 157921 374
157899 157911 1375
155158 155155 1989
155158 155159 924
155158 155337 139
155159 155156 2119
155159 155158 924
155159 155160 475
155160 155157 2017
155160 155159 475
155160 155364 2377
155376 155364 1420
155376 155374 511
155376 155377 1028
155377 155375 475
155377 155376 1028
159845 159846 711
155404 155402 2237
155404 155405 2051
155404 155444 1004
155442 155443 2119
155442 159805 688
155441 155401 791
155441 155440 1169
157727 157742 672
157727 157744 843
157727 157773 1433
157763 157764 1686
157763 157773 848
157690 157692 5928
157751 157912 2130
157751 157981 1055
158018 157980 829
157966 157961 2407
157966 158024 791
157951 157948 811
157951 157953 650
157951 157964 537
157948 157947 739
157948 157951 811
157948 157955 1726
157766 157785 697
157941 157947 697
157952 157785 1411
157952 157947 1949
157952 157959 837
157742 157727 672
157742 157743 843
157742 157772 1686
157768 157772 781
178244 185717 452
178250 178251 344
178137 178476 1055
178246 178468 2155
178433 186109 614
178472 178471 213
178219 178220 1268
178270 178237 689
178227 178226 1405
178227 178237 1863
178229 178230 3355
178273 178274 947
178273 178275 562
178275 178273 562
178275 178276 504
178493 178494 782
178516 178494 681
178516 178517 1014
178416 178414 2600
178416 178449 7156
178418 186190 59
158627 158628 1055
158627 172117 374
158628 158627 1055
158628 158635 782
158636 158635 169
158636 172767 889
157971 157972 985
157971 158699 1769
158703 158699 808
158703 158704 2227
158695 158722 2227
158705 158704 879
158705 158722 808
158705 158725 1903
158688 158689 1032
158688 158690 796
158786 158787 1004
158788 158690 791
158788 158764 1936
158802 158787 1308
158802 158803 1161
158971 158966 905
158990 158989 606
158990 158991 477
159084 159053 850
159084 159090 562
159052 159051 710
159052 159053 222
159100 159097 511
159096 159097 684
158194 158195 630
158233 158234 476
172337 172765 281
161142 161147 796
161148 161147 1770
161146 161257 684
161146 161259 2889
161149 161147 885
161149 161257 3461
161260 161261 615
172763 161280 12926
152673 152674 354
168391 168390 1602
161462 161459 935
161462 161463 1336
161477 161478 404
161477 161479 422
213171 213168 1594
213171 213170 797
213171 213172 2143
161473 161472 1535
161463 161462 1336
161463 161464 518
161859 161860 432
213322 213280 1079
213322 213323 1211
213172 206760 624
213172 213168 1406
213172 213171 2143
213172 213202 1090
162006 162007 713
213323 213322 1211
213323 213325 431
161990 161988 1
213330 213326 548
161989 161982 1631
161989 161988 203
162008 162007 885
162008 172380 1306
162160 162159 650
162160 162174 1207
162157 162158 344
162208 162206 516
162208 162209 162
162205 162197 2603
162205 162204 2488
162205 162213 688
159966 159965 880
162215 162216 1891
162215 162216 1891
169606 169591 606
169606 169637 419
169592 169591 2163
169592 169593 1675
169628 169629 538
169614 169615 1345
169614 172560 844
169597 169598 1558
169597 169612 422
169195 169196 202
169273 169278 274
169283 169282 739
169283 169285 2506
169286 169287 606
169286 169288 279
170494 170528 438
170503 170504 445
170503 170516 1186
170676 170682 222
170679 170516 954
170679 170680 613
168359 152674 318
168359 168358 674
168363 168358 1268
170069 170070 685
170069 170070 685
170078 170079 445
170078 170079 445
170447 170448 684
170447 170462 667
170458 170460 767
170537 170546 452
172738 170467 425
170544 170547 1085
170545 170095 1221
170545 170546 1305
170545 170547 1459
170539 170549 907
170489 170490 1669
170556 170549 2778
170556 170554 1349
170555 170528 1000
170555 170554 893
170066 169981 684
170066 170068 344
170067 170068 1561
170067 170070 820
169980 169981 1023
169511 169510 893
169563 169562 675
169563 169886 367
169886 169563 367
169886 172566 613
172564 172565 506
172564 172569 222
169881 169692 1565
169881 169883 710
169694 169687 1908
169694 169692 872
169694 169888 2841
170085 170086 2461
170071 170068 333
170071 170076 1010
169984 169987 796
169984 170086 333
167161 169894 1018
172080 170088 1487
169253 169252 2086
169253 169276 404
169255 169251 1189
169255 169256 631
169251 169250 1323
169251 169255 1189
169251 169479 3320
169481 169480 1673
169481 169483 1010
169483 169481 1010
169483 169485 808
169483 169487 2182
169484 169485 419
169512 169510 1582
169512 169546 1719
118537 118538 502
118537 118541 2225
118650 118651 3425
118650 118652 3894
95124 95125 3798
95124 95139 5431
95030 95028 475
95030 95091 551
97393 94918 4226
97393 97394 2486
94220 94211 830
94220 94217 475
94238 94219 2043
94238 94253 1512
94238 102444 767
94273 94258 1072
94282 94261 1151
94282 94290 884
94295 94296 1542
94295 94297 649
108902 108903 3985
108902 108961 599
108765 108766 975
102269 101830 1009
102269 102332 538
102270 102301 1124
102270 102323 584
94321 94317 781
94321 102512 942
94321 103187 796
50058 50060 1142
50058 50061 796
94245 94244 395
94230 94229 278
94230 102460 1370
94194 94195 788
94194 94196 782
94194 102434 954
94223 94221 1028
94223 94226 418
94224 94226 666
94224 94227 516
94218 94217 991
101830 101831 376
101830 102269 1009
94210 94206 556
94210 94211 614
97411 97409 872
97418 102275 364
97422 97420 1466
97422 97454 782
97471 97474 1611
97471 97475 580
97471 97476 1035
97488 97491 727
97495 97496 1778
97495 97546 1007
97600 97597 676
97600 97603 1395
97600 97614 1257
97605 97603 1025
97605 97608 1022
97605 97616 950
97617 97616 1160
97617 97618 950
97617 97639 1081
95805 95806 1052
95805 102239 1365
102229 95717 1097
95564 95563 124
93689 95563 419
101770 101771 1415
101770 101773 2334
100621 100624 1278
100621 102237 2939
93347 93471 3668
93347 93474 681
93347 93475 1097
93473 93472 821
93478 93477 897
93478 93479 697
94071 94072 750
94071 94073 1768
101998 98549 700
101998 103226 1243
102676 102677 3078
98315 98309 1352
98487 98484 818
98494 101741 290
98494 102843 1065
98495 98496 1114
98500 98499 2831
191284 191101 1122
191284 191285 1255
191286 191285 930
191286 191287 456
194081 194315 661
191410 194236 1212
191207 191127 3576
191273 191205 381
191381 118493 13381
191381 194459 5207
191233 194426 411
191271 191270 444
118613 118612 2028
118613 118675 320
118615 118616 644
118615 118617 1146
118701 118619 2374
118701 118698 1951
118701 118710 2604
118707 118703 1147
118707 118708 1629
118712 118709 357
118675 118613 320
118675 118677 404
108906 108905 238
108906 108907 420
108906 108920 373
108936 108937 1014
108936 108938 452
108936 108939 847
108982 108919 1461
108981 108979 756
108981 108983 1466
109019 109016 139
109019 109033 1114
109073 113087 2361
109214 50204 1362
109214 50206 672
35488 50203 201
50210 50211 788
50210 50212 1553
109110 109111 2933
109110 109111 2933
109159 109160 1220
109159 109166 502
109159 109171 354
109164 109142 1575
109164 109165 516
110549 110550 1533
36072 36070 1808
36072 36071 1322
36144 35571 3873
36144 36141 3310
35554 35555 2578
35554 35566 2335
36053 36050 1395
36054 36050 5385
36054 36077 1935
36077 36054 1935
36077 36064 452
36176 36175 2125
36176 36177 893
36188 36257 1558
36188 36258 1612
36190 36258 1873
36261 36260 1028
36261 36263 893
36334 36262 238
36334 36339 1258
36338 50461 949
36338 50462 726
36329 50239 2146
36007 36006 2915
36007 50201 1695
36007 50208 848
36014 36010 904
36014 36017 847
36026 36027 3220
36033 36027 1213
35699 44189 982
35699 44191 1188
35700 35701 827
35700 45014 3066
35692 35688 1110
44189 35699 982
44189 44165 1417
44189 44190 901
35691 35688 1455
35691 35690 649
44616 44577 890
44616 44578 1610
41723 41728 4214
44533 44620 433
44622 44624 1201
44622 50532 130
35729 35714 2287
35729 35740 5597
35729 35756 3958
35753 35754 1732
35753 35755 4277
35760 35754 518
37403 35764 836
37403 37416 2729
37329 37330 924
37447 37406 791
37408 37406 452
37408 37407 333
37414 37413 976
37414 37415 3209
37416 37403 2729
37416 37417 713
37420 37421 1456
37441 37442 1555
37441 37479 558
36381 35673 336
36381 35676 1730
35676 35671 1702
35676 36381 1730
35635 35632 1887
35635 35633 950
35635 36222 950
36221 35633 3622
36221 36220 747
36221 36239 3067
36228 36227 751
36228 36231 1873
36239 36221 3067
36239 36267 1085
36269 36267 2252
36269 36281 649
36495 36496 610
35662 35661 1345
35662 35680 809
35670 35663 1612
35670 35669 1663
35681 35680 1073
35681 35682 1209
35682 35678 1120
35682 35681 1209
37445 37433 2113
37445 37443 1210
37482 37483 2648
37488 37718 354
37760 37726 529
37727 37709 1357
37727 37726 276
46737 46734 475
37725 37709 2378
37725 37712 605
35882 35875 476
35884 35881 677
35884 35883 884
35887 35888 1614
35887 37711 751
37731 37724 605
37731 37732 788
35898 35897 1412
35898 37736 673
37736 35898 673
37736 35900 476
35902 35896 2283
35902 35985 1115
35902 37835 2351
35903 35900 279
35903 35901 279
37835 35902 2351
37835 37836 1067
37844 37837 2365
37849 37837 1103
37849 37850 1695
37886 37852 1463
43891 44368 372
35533 35534 2973
35533 37909 699
37876 37873 1009
41418 37863 828
41418 37870 558
41418 41405 2280
41451 41449 152
41453 41450 464
46615 46586 1552
46615 46587 848
37872 37871 552
46617 46614 906
46617 46618 1575
46625 46618 933
46641 46626 818
46646 46648 709
46646 46688 952
46648 46646 709
46648 46687 818
46741 46740 2840
46752 46755 1035
46752 46756 610
46762 46756 279
46785 46768 511
46785 46775 344
46771 46769 2520
46771 46772 818
46771 46778 713
47042 47040 445
46730 46727 3527
46730 47039 849
46730 47040 2044
46731 46732 906
46731 46782 1104
46483 46481 252
46480 46473 1499
46480 46476 1124
47038 46475 766
47038 47039 2028
47038 47040 766
46782 46731 1104
46782 46779 2006
127209 127207 848
127209 127208 1620
127209 127223 837
127841 127842 1685
127207 127206 1837
127207 127209 848
127207 127211 738
127250 127249 630
127250 127263 1375
127230 127224 948
127219 127175 2443
127219 127217 1147
127220 127216 355
127220 127224 2273
127196 127195 1261
127196 127238 1308
127070 127069 1283
127070 127081 2816
127080 127079 1484
127080 127083 871
127084 127136 2588
127084 127139 1185
127182 127083 766
127182 127180 2496
127188 132484 162
127188 132484 162
127194 127189 333
127194 127193 404
127199 127197 629
127238 127196 1308
127238 127197 1009
127273 127274 1277
127273 127279 1095
127307 127308 418
127330 127319 1521
127330 127331 889
127334 127333 790
127334 127335 1669
127333 127334 790
127333 127336 1669
126897 126871 673
126897 126898 1813
126905 46205 612
126905 126898 673
126873 126869 879
126873 126870 374
132313 132312 794
126861 126857 337
126861 126862 404
126869 126860 537
126869 126873 879
126876 126843 1813
126876 126846 837
126846 126845 1887
126846 126876 837
126847 126844 3241
126847 126848 1017
126881 126879 2014
126881 126886 751
127223 126886 1546
127223 127209 837
46215 46194 2161
46215 46216 1560
46192 46183 3516
46192 46204 673
46408 46251 1701
46408 46407 506
46408 46422 447
46423 46422 735
46423 46426 440
46426 46423 440
46426 46424 2089
46429 46425 2340
46252 46251 392
46252 46255 184
46252 46256 238
46456 46454 2321
46462 46457 1975
46462 46478 848
46222 46219 1057
127368 127366 683
127368 127367 1344
127368 127372 683
127983 127372 674
127983 127373 556
127983 127996 1700
127300 127291 906
127300 127354 2014
127300 127441 4008
127357 127356 445
127357 127370 850
127360 127351 2088
127360 127371 752
127360 127373 1357
127364 127348 2865
127364 127359 688
127675 127676 2409
127686 127660 872
127685 127660 1114
127685 127661 953
127685 127688 1467
127689 127688 953
127689 127698 1344
127700 127698 767
127700 127701 1467
127717 127703 1075
127717 127718 1357
127723 127718 683
128229 127808 1367
127962 127955 2133
127954 127336 843
127954 127955 672
127363 127362 871
127363 127956 2138
127958 127956 766
130363 130362 986
130363 130365 1764
130363 130369 752
130372 130367 2092
130372 130369 872
130374 130367 874
130374 130397 811
130374 130437 1587
130397 130374 811
130397 130440 1534
127803 127752 767
127803 127795 1234
127807 127798 2402
127807 127806 796
127807 127809 1284
127780 127775 872
127780 127781 1187
127809 127807 1284
127809 127808 1592
127784 127778 2236
127784 127783 418
127786 127779 169
127786 127787 796
127830 127829 337
127831 127827 767
127831 127829 1701
129393 132410 1178
129395 129386 3114
129395 129397 905
129580 129581 1014
129580 129582 2089
129582 129580 2089
129582 129581 1785
129582 129594 1381
129582 129595 778
129696 129676 506
129696 129700 477
129697 129702 1030
129697 129864 829
121359 121358 1548
121359 121361 613
121359 121363 511
121369 121364 355
121369 121370 2384
121382 121377 1423
121382 121383 613
121382 121384 891
121395 121393 954
121395 121394 1346
121395 121397 1897
121395 121409 1382
121410 121415 678
121423 121422 655
121423 121425 747
121414 121416 759
121414 121417 1258
70000 70010 5456
70268 70267 3193
70268 70277 941
69980 69976 667
69980 69981 1434
69980 70239 935
56833 56834 403
56833 70317 1525
69985 69970 671
69985 69984 1603
69990 69974 556
56831 77468 1201
69864 69862 9098
69903 56828 3886
129737 129724 1347
129737 129736 3034
129737 129739 1587
129740 129763 606
129740 129764 419
129740 129768 1211
129790 129789 1161
129792 129789 1211
129792 129794 751
129792 129807 1169
129768 129740 1211
129768 129772 511
129794 129792 751
129794 129811 751
129812 129798 880
129812 129881 2284
129882 129878 789
129882 129881 1010
130404 130399 739
130404 130405 751
129753 129752 1211
129753 129759 789
129753 129765 752
129759 129746 1276
129759 129753 789
129759 129758 752
129760 129758 1684
129760 129762 752
129908 129776 253
121353 121335 949
121353 129907 1276
129771 129766 1684
129765 129749 1285
129765 129753 752
129765 129770 374
130406 130405 1956
130406 130408 1116
130407 130408 811
130407 130410 1534
130416 130439 1485
130438 130410 874
130438 130437 1448
130438 130439 874
121344 121345 1781
121347 121348 1308
224408 224409 168
215693 215692 2452
218075 218143 566
218983 224591 762
218387 218388 471
218387 218391 729
218444 218439 238
218444 218447 732
218444 218459 629
218411 218410 1940
218411 218443 488
218450 218410 1153
218450 218452 377
218450 218466 3645
218453 218455 673
218997 219010 728
218997 219012 2501
219012 218997 2501
219012 219014 1027
219027 219021 622
219027 219037 1026
219037 219027 1026
219037 219384 497
219038 219039 917
219038 219040 204
218565 218566 526
218565 218674 1678
218568 218570 842
218568 218571 1020
218578 218579 4833
218578 218580 1017
218581 218580 2302
218581 218582 753
218675 218672 2090
218675 218674 1810
218684 218672 429
218688 218680 1165
218650 218579 704
218650 218643 440
218653 218644 2336
218653 218851 776
218855 218851 938
218855 218864 819
218855 218865 756
218647 218648 593
218647 218649 2554
218649 218647 2554
218649 218664 640
218639 218867 2088
218639 218891 788
218639 218895 2068
218667 218664 1796
218667 218889 880
218862 218865 935
218886 218867 1396
218886 218885 1313
218867 218639 2088
218867 218866 976
218867 218886 1396
218392 218391 544
218404 218405 1220
218404 218439 1014
218458 218446 1172
218458 218459 1436
218458 218461 597
218610 218611 681
218610 218613 1310
218460 218461 518
218460 218462 685
218621 218462 1773
218621 218622 862
218626 218616 912
218626 218624 2701
218887 218882 727
218887 218888 889
224074 224075 2973
224074 224076 6744
218616 218626 912
218616 218627 3042
219162 219167 168
218618 218613 634
224135 224136 381
220264 220108 830
220264 220265 352
224377 224378 1101
222762 222764 2233
222762 222765 255
222975 222976 1468
224900 224901 277
224900 224902 221
224903 224904 316
224903 224907 792
222982 218537 1451
222982 222983 716
222988 222986 1184
222988 222991 670
222993 222994 673
222993 222995 1038
218683 218672 394
218683 222995 779
222986 222987 787
222986 222988 1184
218690 218691 1266
218690 218692 774
218690 222998 511
222998 218690 511
222998 220752 1333
222939 222938 764
222939 222947 1691
223000 220752 839
223000 223001 2395
222938 222939 764
222938 222940 982
222945 222940 593
222945 222946 1335
222960 222961 674
222960 222964 2020
222961 222960 674
222961 222963 2090
222962 222966 961
222920 223068 2144
222955 223068 781
223036 223038 2154
223037 223038 958
223037 223068 791
223037 223069 1246
223044 223045 1089
223043 223051 818
223043 223059 1110
223060 223045 877
223060 223062 2181
223060 223063 524
223050 223048 770
223050 223051 878
223050 223056 1111
223051 223043 818
223051 223050 878
223051 223052 1069
223048 223050 770
223048 223057 1085
223100 223057 1382
223100 223102 1753
150848 150853 716
150848 151000 2279
151000 150848 2279
151000 150854 777
151003 151013 797
151003 151015 2153
151004 151015 833
151651 150854 211
151651 151013 225
151651 151652 840
149132 149125 1640
149129 149125 815
149129 149127 789
149129 149130 729
149144 149130 1511
149144 149274 717
149275 149253 1413
149275 149274 920
149275 149277 933
149276 149279 788
149276 149281 1010
149281 149276 1010
149281 149282 758
149497 149283 915
149497 149501 361
151641 146957 1763
151641 149501 248
149530 146950 1319
149672 151835 345
146945 146950 16
149594 149542 429
149594 149596 1089
149594 149597 985
149597 149594 985
149597 149598 890
149600 149598 923
149600 149612 1138
149600 151706 87
149680 149681 1809
149683 149681 878
149683 149715 930
146597 146596 1583
146597 150030 843
146525 146601 739
151028 151015 2311
151028 151030 848
151107 151030 2473
151107 151106 848
151146 151106 2224
151146 151147 944
151153 151147 2432
151153 151166 347
151274 151269 288
151275 151269 714
151275 151272 703
147374 147372 2390
147374 147379 793
147374 147404 2316
151301 147372 807
151301 151283 2370
151282 151279 2341
151282 151283 898
151280 151271 2334
151280 151279 866
151272 151180 962
151272 151271 885
151272 151275 703
147404 147374 2316
147404 147401 736
147418 147417 439
147417 147401 689
147417 147416 848
147417 147418 439
147417 147419 1791
147442 147416 1424
147442 147419 688
147442 147441 845
147442 147448 2638
147451 147441 2691
147451 147447 813
147451 147448 826
147451 147599 2456
147598 147447 2550
147598 147454 837
147598 147599 783
147598 147601 2167
147601 147598 2167
147601 147600 765
147601 147607 791
147601 147661 2370
147660 147600 2407
147660 147659 731
147660 147661 873
147660 147663 2418
147664 147659 2370
147664 147662 863
147664 147663 700
147664 147701 2376
147709 147701 414
147709 147702 274
147709 147711 2362
147727 147711 828
147727 147720 862
147727 147721 1589
147728 147711 1848
147728 147721 869
147728 147731 792
147728 147732 572
147732 147728 572
147732 147729 809
147732 147733 2819
147732 147734 751
147736 147733 683
147736 147734 2772
147736 148239 807
147736 148248 2572
148249 148239 2571
148249 148248 790
148249 148252 833
148249 148856 2630
148252 148241 2573
148252 148249 833
148252 148251 789
148252 148857 2606
148866 148251 2566
148866 148857 758
148866 148869 558
148866 148870 2572
148877 148870 530
148877 148871 335
148878 148871 1393
148878 148879 802
148878 148901 1141
148878 148904 219
148879 148874 1544
148879 148878 802
148879 148905 1073
148879 148924 875
148924 148879 875
148924 148922 1276
148924 148929 784
148924 148945 910
148929 148924 784
148929 148927 334
148929 148946 806
148938 148928 1411
148938 148940 1397
148938 148943 1180
148938 148944 438
148939 144263 729
148939 148928 1685
148939 148950 1021
148939 148959 1445
148968 148944 3026
148968 148970 801
148968 148972 2410
148968 149062 798
149063 148972 810
149063 149062 2449
149063 149065 798
149063 149068 2334
149065 149063 798
149065 149064 2431
149065 149067 755
149065 149070 2338
149071 149067 776
149071 149072 746
149071 149085 1676
149085 149071 1676
149085 149082 808
149085 149084 849
149085 149123 1481
149123 149085 1481
149123 149122 765
149123 149126 759
149125 149124 741
149125 149129 815
149125 149132 1640
212739 212738 401
212739 212740 745
212739 212741 1506
212742 212738 384
212742 212745 518
212746 212687 685
212746 212738 1271
212746 212815 424
149322 142418 1207
146596 146594 880
146596 146595 2682
146596 146597 1583
149993 149991 2422
149993 150036 750
149993 150049 880
149993 150050 811
149993 150053 986
149993 150054 2152
150033 149991 687
150033 150034 840
150033 150036 2353
150049 149993 880
150049 150022 839
150049 150050 442
150076 150075 336
150076 150077 1990
150076 150078 740
150079 150077 712
150079 150078 2100
150079 150080 893
150079 150095 770
150055 150053 1544
150055 150054 777
150055 150063 832
150055 150066 2472
150065 150054 1970
150100 150071 1434
150100 150102 868
150100 150103 2873
150101 150099 1888
150101 150115 38
150102 150099 894
150102 150100 868
150102 150104 659
150102 150105 2031
150108 150096 1859
150108 150098 30
151753 150098 368
151753 150115 458
150095 145713 1684
150095 150079 770
150095 150084 2210
150095 150096 841
143920 143921 350
143920 150189 1217
143920 150190 337
150190 143920 337
150190 150188 311
150190 150192 1423
150191 150188 1386
150191 150192 413
150191 150198 439
150191 150200 1350
150197 150188 505
150197 150194 374
150197 150198 1353
150194 150193 388
150194 150197 374
150194 150199 1367
150199 150194 1367
150199 150195 414
150199 150198 362
150199 150202 1374
150204 150195 1351
150204 150202 388
150204 150203 517
150204 150237 1470
150238 150203 1463
150238 150237 478
150238 150247 1429
140086 140082 405
140086 149794 1188
140086 151715 439
151715 140086 439
151715 151713 495
151715 151716 978
140083 140082 839
140083 149808 841
140083 149829 151
149612 149212 751
149612 149600 1138
149612 149617 1330
149612 151707 110
149616 149212 1170
149616 149617 886
149616 149618 882
149619 149617 821
149619 149618 991
149619 149739 749
149619 151709 82
151710 149739 71
151712 149744 59
149682 149679 795
149682 149681 560
149682 149715 789
149767 149764 846
140082 140083 839
140082 140086 405
140082 149807 202
149715 149682 789
149715 149683 930
149715 149716 2365
149715 149718 1620
149232 149233 71
149232 151662 306
197029 197028 1863
197029 214498 727
197029 214913 1206
215043 214913 1545
214910 214498 6852
214910 214744 2090
214910 214911 1013
215039 214911 309
198821 198806 867
198821 198819 615
198800 198801 3137
198800 198802 1206
198800 198826 495
205007 205008 1929
205007 205009 544
205007 205010 750
205011 205010 910
205011 205013 841
205011 205020 1876
205011 205021 624
204966 204967 2355
204966 204968 954
204966 204973 731
205019 205015 727
205019 205018 2426
205019 205034 867
205019 205035 1825
205021 205011 624
205021 205015 197
205039 205015 1906
205039 205020 745
205039 205035 817
205039 205040 1400
204970 204969 710
204970 205018 833
204970 205034 2318
205009 205007 544
205009 205012 775
205009 205013 355
205013 205009 355
205013 205011 841
205013 205023 1898
205020 205011 1876
205020 205023 792
205020 205026 1488
205020 205039 745
205040 205026 671
205040 205039 1400
205040 205041 866
205040 205043 2069
205042 205026 2013
154006 152118 355
154006 153996 355
154006 154007 1891
154012 152120 630
154012 154013 276
154012 154020 1268
154013 154011 796
154013 154012 276
154013 162457 872
168843 168842 1396
168841 168840 1968
168841 168844 866
168841 168862 848
168841 168871 1356
168886 168840 710
168886 168885 1258
168886 168895 752
168886 172547 1494
168896 168885 276
168896 168894 552
168896 168897 1796
168899 168897 872
168899 168900 2749
168899 168905 850
168899 168912 1796
168911 168884 672
168911 168897 1919
168911 168912 934
168398 168389 238
168398 168399 1889
168400 168390 2111
168400 168399 1185
168400 168402 2113
168400 168404 1012
168401 168399 2113
168401 168402 1186
168401 168408 2561
168401 168748 1305
168750 168749 1547
168389 168387 253
168389 168390 1102
168389 168398 238
168748 168401 1305
168748 168747 1781
168748 168762 1399
168766 168747 890
168766 168765 2027
168766 168767 279
172744 168765 253
168807 168803 1018
168807 168806 1344
168807 168819 452
172645 168783 1615
172645 168803 398
168815 168806 1102
168815 168814 2016
168815 168816 1357
168815 168821 684
168820 168814 791
168820 168821 1919
168820 168823 767
168824 168823 905
168824 168826 710
168824 168924 1114
168824 168930 684
168925 168924 253
168928 168916 674
168928 168924 759
168928 168930 1234
168916 168914 1522
168916 168915 893
168916 168928 674
168916 168929 556
168927 162415 843
168927 168810 581
168927 168914 948
168927 168929 2192
168826 168824 710
168826 168825 70
168926 168825 656
168810 168809 558
168810 168927 581
168921 168809 1485
168921 168922 1450
168921 168923 374
168877 168878 885
168877 168920 1534
168877 168922 848
168878 168877 885
168878 168884 767
168878 168917 1437
168844 168841 866
168844 168863 739
168862 168841 848
168862 168864 906
168862 168866 1813
168862 168867 1605
168893 162456 713
168893 168890 1269
168893 168898 818
168889 168868 672
168889 168890 778
168889 168898 1018
168867 168862 1605
168867 168868 872
168867 168888 1780
154036 154030 344
154047 154027 893
154047 154041 1565
154047 154124 1560
154057 154056 823
154057 154058 3886
154059 154058 924
154059 154060 767
154059 154062 767
154059 154132 1140
154061 154058 790
154061 154060 1032
154061 154067 2248
154061 154125 767
154123 154062 1592
154123 154124 600
154123 154129 786
154069 154068 1261
154070 154066 713
154070 154068 818
154070 154071 953
154066 154065 630
154066 154070 713
154066 154072 2515
154066 154074 552
154125 154061 767
154125 154065 2497
154125 154072 710
154125 154126 905
172283 154072 581
154094 154093 885
154094 154095 2011
154094 154102 1258
154094 154346 1066
154096 154095 2248
154103 154095 581
154330 154093 2425
154330 154329 556
154330 154348 889
154331 154328 767
154331 154332 683
154331 154337 905
154335 154332 905
154335 154336 953
154335 154337 683
154334 154329 253
154334 154336 1111
154334 154356 674
154358 154359 421
154358 154396 253
154360 154359 843
157456 157457 1300
157456 157458 893
157456 157599 778
157459 157458 1403
157459 157865 707
157541 157540 1333
157541 157602 1195
157601 157602 889
157601 157603 1185
157601 157875 688
158218 157603 672
158218 158187 1471
158218 158216 556
157875 157601 688
157875 157876 2496
157875 158187 222
157528 157529 476
157528 157532 556
157528 157580 337
157599 157456 778
157599 157600 778
157599 157868 836
157859 157600 850
157859 157860 1293
157859 157873 1269
154352 154351 850
154352 154353 759
154352 172288 893
154357 154353 778
154432 154433 1014
154432 154434 850
154432 154444 1118
154437 154434 752
154437 154438 475
154437 154439 1018
154429 154428 782
154429 154431 600
154429 154439 893
154429 154443 2291
172103 154439 506
154445 154444 905
154445 154446 905
154445 154984 2555
154982 154444 2574
154982 154981 409
154981 154962 893
154981 154982 409
154981 154983 905
154981 154992 1018
154983 154981 905
154983 154984 429
154983 154985 905
154983 154993 1018
154986 154985 448
154986 154996 402
155000 154985 3386
155000 155001 486
155000 155002 953
155000 155004 1796
155002 155000 953
155002 155003 2371
155002 155050 1140
155002 155052 1942
155046 155003 843
155046 155045 934
155046 155053 562
155045 155044 710
155045 155046 934
155045 155054 562
155055 155044 672
157860 157859 1293
157860 157861 372
157860 157877 1657
157879 157862 1136
157879 157878 1859
157881 157862 889
157881 157880 2995
157881 157882 2221
157881 157884 889
157849 157846 359
157849 157850 796
157849 157852 1813
157848 157847 178
157848 157852 600
155050 155002 1140
155050 155048 672
155050 155060 1825
155127 155048 683
155127 155126 518
155127 155128 2138
155128 155047 683
155128 155127 2138
155128 155130 355
155124 155047 2590
155124 155089 850
155124 155129 1118
155124 155132 2171
155133 155129 2262
155133 155132 1018
155133 155143 1012
155133 155144 452
155146 155142 2605
155146 155143 1185
155146 155147 344
155146 155334 1855
155145 155143 344
155145 155152 344
155335 155333 222
155335 155334 2852
155335 155336 1735
155334 155146 1855
155334 155335 2852
155334 155337 279
155334 155338 811
157882 157855 404
157882 157881 2221
157882 157884 1884
157884 157881 889
157884 157882 1884
157884 157883 3038
157884 157890 782
157891 157887 581
157891 157890 924
157891 157914 1537
157892 157883 889
157892 157890 3074
157892 157913 818
157892 158607 1735
157887 157888 1439
157887 157891 581
157887 157917 1142
157917 157887 1142
157917 157888 1775
157917 157915 688
157894 157893 818
157894 157895 1065
157894 157925 1226
157915 157893 829
157915 157916 660
157915 157917 688
157895 157894 1065
157895 157896 445
157921 157896 374
157921 157922 747
157921 157924 2646
157911 157899 1375
157911 157912 475
155155 155147 452
155155 155156 238
155155 155158 1989
155337 155158 139
155337 155334 279
155156 155152 1284
155156 155155 238
155156 155157 1268
155156 155159 2119
155157 155153 1420
155157 155156 1268
155157 155160 2017
155157 155161 2192
155364 155160 2377
155364 155161 2237
155364 155372 1742
155364 155376 1420
155374 155375 953
155374 155376 511
155374 155403 613
155375 155374 953
155375 155377 475
155375 155440 610
155375 172302 1028
159846 159845 711
155402 155372 2089
155402 155401 276
155402 155404 2237
155405 155372 1786
155405 155404 2051
155405 155406 1082
155405 155409 1118
155444 155404 1004
155444 155443 562
155444 155445 954
155443 155442 2119
155443 155444 562
155443 159738 688
159805 155442 688
159805 159738 1784
159805 159806 893
155401 155402 276
155401 155403 752
155401 155441 791
155440 155375 610
155440 155403 752
155440 155441 1169
155440 172303 537
157744 157727 843
157773 157727 1433
157773 157763 848
157773 157772 688
157764 157763 1686
157764 157778 1201
157692 157690 5928
157692 159933 16958
157912 157751 2130
157912 157911 475
157912 157973 872
157912 157976 1055
157981 157751 1055
157981 157980 238
157981 157982 791
157980 157979 2666
157980 157981 238
157980 158018 829
157961 157960 606
157961 157966 2407
157961 158023 604
158024 157966 791
157953 157951 650
157953 157954 1030
157953 157963 673
157964 157951 537
157947 157941 697
157947 157948 739
157947 157952 1949
157947 157957 890
157955 157948 1726
157955 157954 751
157955 157956 739
157955 157962 976
157785 157766 697
157785 157786 337
157785 157952 1411
157785 157985 885
157959 157952 837
157959 157958 1210
157959 157985 1547
157959 157987 837
157743 157742 843
157772 157742 1686
157772 157768 781
157772 157773 688
157772 157780 615
185717 178244 452
185717 185718 847
185717 185757 672
178251 178250 344
178476 178137 1055
178476 178475 516
178476 178478 1124
178468 178246 2155
178468 178469 927
178468 178487 283
186109 178433 614
178471 178470 1141
178471 178472 213
178471 178474 878
178220 178219 1268
178220 178221 1658
178237 178227 1863
178237 178235 1600
178237 178270 689
178226 178225 2934
178226 178227 1405
178226 178238 403
178230 178229 3355
178230 178231 1342
178274 178273 947
178276 178275 504
178494 178493 782
178494 178495 2229
178494 178516 681
178494 178518 905
178517 178516 1014
178517 178518 672
178517 185368 672
178517 185371 475
178414 178415 2731
178414 178416 2600
178414 185761 1475
178449 178416 7156
178449 178438 1550
178449 185760 699
186190 178418 59
172117 158627 374
158635 158628 782
158635 158636 169
158635 172115 843
172767 158636 889
157972 157971 985
157972 157973 791
157972 158030 1995
158699 157971 1769
158699 158030 808
158699 158701 2227
158699 158703 808
158704 158701 808
158704 158703 2227
158704 158705 879
158704 158707 1903
158722 158695 2227
158722 158705 808
158722 158724 493
158725 158705 1903
158725 158707 879
158725 158723 879
158725 158729 708
158689 158688 1032
158690 155652 1257
158690 158688 796
158690 158788 791
158787 158764 954
158787 158786 1004
158787 158795 1188
158787 158802 1308
158764 158692 767
158764 158765 1612
158764 158787 954
158764 158788 1936
158803 158795 1226
158803 158802 1161
158803 158804 796
158966 158965 1229
158966 158971 905
158966 159031 452
158989 158990 606
158991 158990 477
159053 159052 222
159053 159054 8119
159053 159084 850
159090 159084 562
159090 159091 1897
159090 159098 2372
159051 159049 925
159051 159052 710
159097 159096 684
159097 159098 924
159097 159100 511
159097 159103 710
158195 157870 276
158195 158194 630
158234 157883 1459
158234 158233 476
172765 172337 281
161147 161142 796
161147 161148 1770
161147 161149 885
161257 161146 684
161257 161149 3461
161257 161258 3019
161259 161146 2889
161259 161258 337
161259 161261 2007
161261 161259 2007
161261 161260 615
161261 161262 1270
161280 161277 3480
161280 161279 344
161280 172763 12926
152674 152673 354
152674 168359 318
168390 168389 1102
168390 168391 1602
168390 168400 2111
161459 161460 1056
161459 161461 2110
161459 161462 935
161478 161477 404
161479 161477 422
213168 213166 955
213168 213171 1594
213168 213172 1406
213168 213173 1034
213170 213165 507
213170 213171 797
161472 161464 782
161472 161471 941
161472 161473 1535
161464 161463 518
161464 161465 889
161464 161466 675
161464 161472 782
161860 161859 432
213280 213277 680
213280 213281 1259
213280 213322 1079
206760 206759 148
206760 213172 624
206760 215117 2136
213202 213172 1090
213202 213173 1230
213202 213200 977
162007 162006 713
162007 162008 885
162007 162016 753
213325 213323 431
213325 213324 278
213325 213326 1329
161988 161987 273
161988 161989 203
161988 161990 1
213326 213285 521
213326 213325 1329
213326 213327 982
213326 213330 548
161982 161981 1263
161982 161989 1631
172380 162008 1306
162159 159964 1903
162159 162158 1642
162159 162160 650
162159 162204 2145
162174 162160 1207
162158 159965 2419
162158 162157 344
162158 162159 1642
162206 161979 2358
162206 162207 355
162206 162208 516
162209 162188 698
162209 162190 753
162209 162208 162
162197 162023 954
162197 162198 562
162197 162205 2603
162204 162159 2145
162204 162203 713
162204 162205 2488
162213 162198 2648
162213 162201 984
162213 162203 2565
162213 162205 688
159965 159964 1356
159965 159966 880
159965 162158 2419
162216 162215 1891
162216 162215 1891
162216 162217 781
169591 169590 452
169591 169592 2163
169591 169606 606
169591 169637 713
169637 169591 713
169637 169606 419
169637 169636 1625
169637 169654 2852
169593 169592 1675
169629 169628 538
169615 169610 433
169615 169614 1345
169615 172856 926
172560 169614 844
172560 172561 1114
172560 172562 419
169598 169589 848
169598 169597 1558
169612 169597 422
169196 169195 202
169278 169273 274
169278 169276 279
169278 169279 492
169282 169252 606
169282 169283 739
169282 169462 2006
169285 169283 2506
169285 169284 4432
169285 169462 796
169285 169662 851
169287 169286 606
169288 169286 279
170528 170494 438
170528 170527 843
170528 170555 1000
170504 170503 445
170504 170505 934
170504 170519 778
170516 170503 1186
170516 170517 2118
170516 170679 954
170682 170676 222
170682 170680 984
170682 170687 829
170680 170677 984
170680 170679 613
170680 170682 984
168358 168359 674
168358 168362 1102
168358 168363 1268
170070 170067 820
170070 170069 685
170070 170069 685
170079 170078 445
170079 170078 445
170079 170080 1234
170448 170080 1305
170448 170447 684
170448 170466 1344
170462 170447 667
170462 170461 767
170462 170465 782
170460 170458 767
170460 170461 2007
170460 170467 767
170546 170537 452
170546 170545 1305
170467 170460 767
170467 170468 2007
170467 172738 425
170547 170544 1085
170547 170545 1459
170547 170548 1221
170547 170552 1036
170095 170096 818
170095 170098 856
170095 170545 1221
170095 170548 1459
170549 170539 907
170549 170550 984
170549 170556 2778
170549 170557 1690
170549 170558 1857
170490 170489 1669
170554 170553 1012
170554 170555 893
170554 170556 1349
170554 170557 2909
169981 169980 1023
169981 170066 684
170068 170066 344
170068 170067 1561
170068 170071 333
169510 169511 893
169510 169512 1582
169510 169555 1897
169510 169562 759
169562 169510 759
169562 169561 1897
169562 169563 675
172566 169886 613
172565 172564 506
172569 172564 222
172569 172568 599
169692 169690 1119
169692 169693 1225
169692 169694 872
169692 169881 1565
169883 169557 1186
169883 169881 710
169883 169884 1032
169687 169686 1631
169687 169694 1908
169687 169888 3250
169687 170111 1229
169888 169687 3250
169888 169694 2841
170086 169984 333
170086 170085 2461
170076 170071 1010
170076 170075 474
170076 170077 759
169987 169984 796
169987 170075 337
169894 167161 1018
169894 169891 2895
169894 169893 2560
170088 169896 268
170088 172080 1487
169252 169250 631
169252 169253 2086
169252 169282 606
169276 169253 404
169276 169277 140
169276 169278 279
169256 169255 631
169250 169251 1323
169250 169252 631
169250 169461 1556
169250 169482 2728
169479 169251 3320
169479 169480 808
169479 169482 1347
169479 169669 2111
169480 169479 808
169480 169481 1673
169480 169487 1285
169480 169670 1395
169485 169483 808
169485 169484 419
169485 169523 558
169487 169480 1285
169487 169483 2182
169487 169522 1146
169546 169512 1719
169546 169540 1748
169546 169545 374
118538 118537 502
118538 118539 171
118538 118540 1450
118541 118537 2225
118541 118542 900
118541 118545 1270
118651 118650 3425
118651 118652 549
118651 119442 1014
118652 118650 3894
118652 118651 549
118652 118653 418
95125 95122 651
95125 95124 3798
95125 103117 1400
95139 95124 5431
95139 95149 9050
95139 95150 3429
95028 95026 1619
95028 95030 475
95028 95083 927
95091 95030 551
95091 95090 927
95091 95092 947
95091 95126 3667
94918 94916 4314
94918 97393 4226
94918 102048 2666
97394 97393 2486
97394 97397 261
94211 94210 614
94211 94220 830
94217 94218 991
94217 94219 336
94217 94220 475
94219 94217 336
94219 94237 71
94219 94238 2043
94253 94238 1512
94253 94254 672
94253 94272 672
102444 94238 767
102444 102439 482
102444 102445 1896
94258 93630 524
94258 94244 4102
94258 94273 1072
94261 94259 1114
94261 94282 1151
94261 94284 889
94290 94282 884
94290 94285 1813
94290 94291 1208
94296 94295 1542
94297 94291 1944
94297 94295 649
94297 94298 1344
108903 108902 3985
108903 108904 1208
108903 108956 2865
108961 108902 599
108961 108962 1432
108961 108963 445
108766 108765 975
108766 108767 1207
102332 102269 538
102301 102270 1124
102323 102270 584
94317 94318 747
94317 94319 1197
94317 94321 781
102512 94321 942
103187 94321 796
50060 50058 1142
50060 50062 884
50060 50063 750
50061 50058 796
50061 50067 1349
50061 50072 796
94244 94245 395
94244 94249 2182
94244 94258 4102
94229 94222 1348
94229 94228 806
94229 94230 278
94229 101872 747
102460 94222 288
102460 94230 1370
94195 94194 788
94196 94194 782
94196 94221 3571
102434 94194 954
94221 94196 3571
94221 94222 556
94221 94223 1028
94226 94223 418
94226 94224 666
94226 101872 830
94227 94224 516
94227 94228 1447
94227 94237 1471
101831 101830 376
94206 94204 1025
94206 94209 1193
94206 94210 556
97409 97399 1393
97409 97402 805
97409 97410 1289
97409 97411 872
102275 97399 1431
102275 97401 3449
102275 97418 364
97420 97414 1055
97420 97421 1232
97420 97422 1466
97454 97422 782
97474 97471 1611
97474 97473 2217
97474 97477 386
97475 97469 2138
97475 97471 580
97476 97471 1035
97476 102108 3641
97491 97488 727
97491 97493 1883
97491 97494 744
97496 97495 1778
97496 97497 1124
97496 97498 2056
97546 97495 1007
97546 97547 1946
97546 97548 4964
97597 97595 1151
97597 97596 1780
97597 97599 1299
97597 97600 676
97603 97599 737
97603 97600 1395
97603 97604 924
97603 97605 1025
97614 97598 680
97614 97600 1257
97614 97615 1437
97608 97604 806
97608 97605 1022
97608 97606 1022
97616 97605 950
97616 97610 2044
97616 97617 1160
97616 97619 877
97618 97611 1635
97618 97617 950
97618 97619 1205
97618 97640 877
97639 97617 1081
95806 95717 910
95806 95805 1052
95806 95807 1303
102239 95805 1365
102239 102232 249
102239 102240 1531
95717 95718 953
95717 95806 910
95717 102229 1097
95563 93689 419
95563 95564 124
101771 101770 1415
101773 101770 2334
101773 101774 1681
101773 102224 429
100624 100621 1278
100624 100625 119
100624 100632 3633
102237 100621 2939
102237 100632 1148
102237 102238 1069
93471 93347 3668
93471 93469 1279
93471 93472 2688
93474 93347 681
93475 93347 1097
93472 93451 2770
93472 93471 2688
93472 93473 821
93477 93478 897
93479 93478 697
94072 94071 750
94073 94071 1768
98549 101998 700
103226 101998 1243
102677 95718 1739
102677 102676 3078
98309 98315 1352
98484 98487 818
101741 98494 290
101741 98496 240
102843 98494 1065
98496 98495 1114
98496 101741 240
98499 98500 2831
191101 191284 1122
191285 191284 1255
191285 191286 930
191287 191286 456
194315 194081 661
194236 191270 3608
194236 191410 1212
191127 191207 3576
191205 191273 381
118493 191381 13381
194459 191381 5207
194426 191233 411
191270 191271 444
191270 194236 3608
118612 118613 2028
118616 118615 644
118617 118615 1146
118617 118619 1693
118619 118617 1693
118619 118701 2374
118698 118701 1951
118710 118701 2604
118710 118708 1027
118710 118709 153
118703 118707 1147
118708 118707 1629
118708 118710 1027
118709 118710 153
118709 118712 357
118677 118675 404
108905 108906 238
108907 108906 420
108920 108906 373
108920 108919 1768
108937 108936 1014
108938 108936 452
108939 108936 847
108919 108920 1768
108919 108982 1461
108979 108981 756
108983 108981 1466
109016 109019 139
109033 109019 1114
113087 109073 2361
50204 50203 927
50204 109214 1362
50206 109214 672
50203 35488 201
50203 50204 927
50211 50210 788
50212 50210 1553
109111 109110 2933
109111 109110 2933
109160 109159 1220
109166 109159 502
109171 109159 354
109142 109164 1575
109165 109164 516
110550 110549 1533
36070 36072 1808
36071 36072 1322
35571 36144 3873
36141 36144 3310
35555 35554 2578
35555 35566 939
35566 35554 2335
35566 35555 939
36050 36053 1395
36050 36054 5385
36064 36077 452
36175 36176 2125
36177 36176 893
36257 36188 1558
36258 36188 1612
36258 36190 1873
36258 36260 1768
36260 36258 1768
36260 36261 1028
36263 36261 893
36263 36262 947
36262 36263 947
36262 36334 238
36339 36334 1258
50461 36338 949
50462 36338 726
50239 36329 2146
36006 36007 2915
50201 36007 1695
50208 36007 848
36010 36014 904
36017 36014 847
36027 36026 3220
36027 36033 1213
44191 35699 1188
44191 35701 751
35701 35700 827
35701 44191 751
45014 35700 3066
35688 35691 1455
35688 35692 1110
44165 44189 1417
44190 44189 901
35690 35691 649
44577 44616 890
44578 44616 1610
41728 41723 4214
44620 44533 433
44624 44622 1201
50532 44622 130
35714 35729 2287
35740 35729 5597
35756 35729 3958
35756 35755 336
35754 35753 1732
35754 35760 518
35755 35753 4277
35755 35756 336
35764 37403 836
37330 37329 924
37406 37408 452
37406 37447 791
37407 37408 333
37413 37414 976
37415 37414 3209
37417 37416 713
37417 37421 475
37421 37417 475
37421 37420 1456
37442 37441 1555
37479 37441 558
35673 36381 336
35671 35669 276
35671 35676 1702
35632 35635 1887
35633 35635 950
35633 36221 3622
36222 35635 950
36220 36221 747
36220 36267 3044
36227 36228 751
36231 36228 1873
36267 36220 3044
36267 36239 1085
36267 36269 2252
36281 36269 649
36496 36495 610
35661 35662 1345
35661 35663 1307
35680 35662 809
35680 35681 1073
35663 35661 1307
35663 35670 1612
35669 35670 1663
35669 35671 276
35678 35682 1120
37433 37445 2113
37443 37445 1210
37483 37482 2648
37718 37488 354
37726 37727 276
37726 37760 529
37709 37725 2378
37709 37727 1357
46734 46687 1380
46734 46737 475
46734 46740 475
37712 37724 2365
37712 37725 605
35875 35882 476
35881 35884 677
35883 35884 884
35883 35897 878
35888 35887 1614
37711 35887 751
37724 37712 2365
37724 37731 605
37732 37731 788
35897 35883 878
35897 35898 1412
35900 35903 279
35900 37736 476
35896 35901 1146
35896 35902 2283
35985 35902 1115
35901 35896 1146
35901 35903 279
37836 37835 1067
37836 37837 3206
37837 37836 3206
37837 37844 2365
37837 37849 1103
37850 37849 1695
37850 37852 828
37852 37850 828
37852 37886 1463
44368 43891 372
35534 35533 2973
37909 35533 699
37873 37871 552
37873 37876 1009
37863 41418 828
37870 41418 558
41405 41418 2280
41449 41451 152
41450 41453 464
46586 46615 1552
46587 46615 848
37871 37872 552
37871 37873 552
46614 46617 906
46618 46617 1575
46618 46625 933
46626 46641 818
46688 46646 952
46687 46648 818
46687 46734 1380
46740 46734 475
46740 46741 2840
46755 46752 1035
46756 46752 610
46756 46762 279
46768 46785 511
46775 46785 344
46769 46771 2520
46772 46771 818
46778 46771 713
46778 46779 818
47040 46730 2044
47040 47038 766
47040 47042 445
46727 46730 3527
47039 46730 849
47039 47038 2028
46732 46731 906
46481 46473 1299
46481 46478 1027
46481 46483 252
46473 46480 1499
46473 46481 1299
46476 46475 1032
46476 46480 1124
46475 46476 1032
46475 47038 766
46779 46778 818
46779 46782 2006
127208 126886 751
127208 127206 697
127208 127209 1620
127842 127841 1685
127206 127207 1837
127206 127208 697
127211 127207 738
127211 127224 738
127249 127250 630
127263 127250 1375
127224 127211 738
127224 127220 2273
127224 127230 948
127175 127219 2443
127217 127216 928
127217 127219 1147
127216 127217 928
127216 127220 355
127195 127196 1261
127069 127070 1283
127069 127079 2706
127081 127070 2816
127079 127069 2706
127079 127080 1484
127083 127080 871
127083 127182 766
127136 127084 2588
127139 127084 1185
127180 127182 2496
132484 127188 162
132484 127188 162
127189 127193 355
127189 127194 333
127193 127189 355
127193 127194 404
127193 127197 906
127197 127193 906
127197 127199 629
127197 127238 1009
127274 127273 1277
127279 127273 1095
127308 127307 418
127308 127319 1517
127319 127308 1517
127319 127330 1521
127331 127330 889
127331 127335 766
127335 127331 766
127335 127334 1669
127335 127336 790
127336 127333 1669
127336 127335 790
127336 127954 843
127336 127956 1936
126871 126870 1534
126871 126870 1534
126871 126897 673
126898 126897 1813
126898 126905 673
46205 126905 612
126870 126871 1534
126870 126871 1534
126870 126873 374
132312 132313 794
126857 126861 337
126862 126861 404
126860 126869 537
126843 126845 1029
126843 126876 1813
126845 126843 1029
126845 126844 928
126845 126846 1887
126844 126845 928
126844 126847 3241
126848 126847 1017
126848 126879 1147
126879 126848 1147
126879 126881 2014
126886 126881 751
126886 127208 751
126886 127223 1546
46194 46215 2161
46194 46219 789
46216 46215 1560
46183 46192 3516
46204 46192 673
46251 46252 392
46251 46408 1701
46407 46408 506
46422 46408 447
46422 46423 735
46422 46424 2605
46424 46422 2605
46424 46426 2089
46425 46429 2340
46425 46454 1184
46255 46252 184
46256 46252 238
46454 46425 1184
46454 46456 2321
46454 46457 1436
46457 46454 1436
46457 46462 1975
46478 46462 848
46478 46481 1027
46219 46194 789
46219 46222 1057
127366 127356 843
127366 127368 683
127367 127368 1344
127367 127371 678
127372 127368 683
127372 127371 1576
127372 127983 674
127373 127360 1357
127373 127983 556
127996 127983 1700
127291 127300 906
127354 127300 2014
127441 127300 4008
127356 127357 445
127356 127366 843
127370 127357 850
127351 127360 2088
127371 127360 752
127371 127367 678
127371 127372 1576
127348 127359 2778
127348 127364 2865
127359 127348 2778
127359 127362 556
127359 127364 688
127676 127675 2409
127660 127685 1114
127660 127686 872
127661 127685 953
127688 127685 1467
127688 127689 953
127698 127689 1344
127698 127700 767
127701 127700 1467
127703 127717 1075
127718 127717 1357
127718 127723 683
127808 127809 1592
127808 128229 1367
127955 127954 672
127955 127962 2133
127362 127359 556
127362 127363 871
127956 127336 1936
127956 127363 2138
127956 127958 766
130362 130363 986
130365 130363 1764
130369 130363 752
130369 130372 872
130367 130372 2092
130367 130374 874
130437 130374 1587
130437 130438 1448
130437 130440 874
130440 130397 1534
130440 130437 874
130440 130439 1448
127752 127803 767
127795 127798 683
127795 127803 1234
127798 127795 683
127798 127807 2402
127806 127807 796
127775 127780 872
127781 127780 1187
127778 127779 1399
127778 127784 2236
127783 127784 418
127779 127778 1399
127779 127786 169
127787 127786 796
127829 127830 337
127829 127831 1701
127827 127831 767
132410 129393 1178
129386 129395 3114
129397 129395 905
129581 129580 1014
129581 129582 1785
129594 129582 1381
129595 129582 778
129676 129696 506
129700 129696 477
129702 129697 1030
129864 129697 829
121358 121359 1548
121361 121359 613
121361 121364 1884
121363 121359 511
121364 121361 1884
121364 121369 355
121370 121369 2384
121377 121382 1423
121383 121382 613
121384 121382 891
121393 121394 1558
121393 121395 954
121394 121393 1558
121394 121395 1346
121397 121395 1897
121409 121395 1382
121409 121415 422
121415 121409 422
121415 121410 678
121415 121416 1124
121422 121423 655
121422 121425 156
121425 121422 156
121425 121423 747
121416 121414 759
121416 121415 1124
121416 121417 1124
121417 121414 1258
121417 121416 1124
70010 70000 5456
70267 70268 3193
70277 70268 941
69976 69980 667
69981 69980 1434
70239 69980 935
56834 56833 403
70317 56833 1525
69970 69985 671
69984 69985 1603
69974 69990 556
77468 56831 1201
69862 69864 9098
56828 69903 3886
129724 129737 1347
129736 129737 3034
129736 129789 1364
129739 129737 1587
129763 129740 606
129764 129740 419
129789 129736 1364
129789 129790 1161
129789 129792 1211
129807 129792 1169
129772 129766 337
129772 129768 511
129811 129794 751
129798 129812 880
129881 129812 2284
129881 129882 1010
129878 129882 789
130399 130404 739
130405 130404 751
130405 130406 1956
129752 129746 837
129752 129749 837
129752 129753 1211
129746 129752 837
129746 129759 1276
129758 129759 752
129758 129760 1684
129762 129760 752
129762 129776 2357
129776 129762 2357
129776 129907 538
129776 129908 253
121335 121353 949
129907 121353 1276
129907 129776 538
129766 129770 463
129766 129771 1684
129766 129772 337
129749 129752 837
129749 129765 1285
129770 129765 374
129770 129766 463
130408 130406 1116
130408 130407 811
130410 130407 1534
130410 130438 874
130439 130416 1485
130439 130438 874
130439 130440 1448
121345 121344 1781
121348 121347 1308
224409 224408 168
215692 215693 2452
218143 218075 566
224591 218983 762
218388 218387 471
218391 218387 729
218391 218392 544
218439 218404 1014
218439 218405 1985
218439 218444 238
218439 218459 623
218447 218443 550
218447 218444 732
218447 218446 1867
218459 218439 623
218459 218444 629
218459 218458 1436
218410 218411 1940
218410 218450 1153
218443 218411 488
218443 218447 550
218452 218450 377
218466 218450 3645
218455 218453 673
219010 218997 728
219014 219012 1027
219021 219027 622
219384 219037 497
219384 219040 1742
219039 219038 917
219039 219040 834
219040 219038 204
219040 219039 834
219040 219384 1742
218566 218565 526
218674 218565 1678
218674 218675 1810
218570 218568 842
218571 218568 1020
218579 218578 4833
218579 218643 473
218579 218650 704
218580 218578 1017
218580 218581 2302
218582 218581 753
218672 218675 2090
218672 218683 394
218672 218684 429
218680 218688 1165
218643 218579 473
218643 218650 440
218644 218653 2336
218851 218653 776
218851 218855 938
218864 218855 819
218864 218865 350
218865 218855 756
218865 218862 935
218865 218864 350
218648 218647 593
218648 218664 2443
218664 218648 2443
218664 218649 640
218664 218667 1796
218891 218639 788
218895 218639 2068
218889 218667 880
218889 218882 699
218885 218886 1313
218866 218867 976
218405 218404 1220
218405 218439 1985
218446 218447 1867
218446 218458 1172
218461 218458 597
218461 218460 518
218611 218610 681
218613 218610 1310
218613 218618 634
218462 218460 685
218462 218621 1773
218622 218621 862
218624 218626 2701
218624 218627 779
218882 218887 727
218882 218889 699
218888 218887 889
224075 224074 2973
224076 224074 6744
218627 218616 3042
218627 218624 779
219167 219162 168
224136 224135 381
220108 220264 830
220265 220264 352
224378 224377 1101
222764 222762 2233
222765 222762 255
222976 222975 1468
224901 224900 277
224902 224900 221
224904 224903 316
224907 224903 792
218537 222982 1451
222983 222982 716
222991 222988 670
222991 222995 1107
222994 222993 673
222995 218683 779
222995 222991 1107
222995 222993 1038
222987 222986 787
218691 218690 1266
218692 218690 774
220752 222998 1333
220752 223000 839
222947 222939 1691
222947 222940 943
223001 223000 2395
222940 222938 982
222940 222945 593
222940 222947 943
222946 222945 1335
222964 222960 2020
222964 222963 736
222963 222961 2090
222963 222964 736
222963 222966 714
222966 222962 961
222966 222963 714
223068 222920 2144
223068 222955 781
223068 223037 791
223038 223036 2154
223038 223037 958
223038 223045 897
223069 223037 1246
223045 223038 897
223045 223044 1089
223045 223060 877
223059 223043 1110
223059 223052 818
223059 223063 826
223062 223060 2181
223063 223059 826
223063 223060 524
223056 223050 1111
223056 223052 842
223056 223057 819
223052 223051 1069
223052 223056 842
223052 223059 818
223057 223048 1085
223057 223056 819
223057 223100 1382
223102 223100 1753
150853 150848 716
150853 150854 2231
150854 150853 2231
150854 151000 777
150854 151651 211
151013 151003 797
151013 151651 225
151015 151003 2153
151015 151004 833
151015 151028 2311
151652 151651 840
149127 149126 779
149127 149129 789
149130 149129 729
149130 149144 1511
149274 149144 717
149274 149275 920
149253 149275 1413
149277 149275 933
149279 149276 788
149279 149282 1070
149282 149279 1070
149282 149281 758
149282 149283 1002
149283 149282 1002
149283 149497 915
149501 149497 361
149501 151641 248
146957 151641 1763
146950 146945 16
146950 149530 1319
151835 149672 345
149542 149594 429
149596 149594 1089
149596 149598 681
149598 149596 681
149598 149597 890
149598 149600 923
151706 149600 87
149681 149680 1809
149681 149682 560
149681 149683 878
150030 146597 843
150030 146601 2157
146601 146525 739
146601 150030 2157
151030 151028 848
151030 151107 2473
151106 151107 848
151106 151146 2224
151147 151146 944
151147 151153 2432
151166 151153 347
151269 151180 801
151269 151274 288
151269 151275 714
147372 147374 2390
147372 151301 807
147379 147374 793
147379 147401 2246
151283 151282 898
151283 151301 2370
151279 151280 866
151279 151282 2341
151271 151272 885
151271 151280 2334
151180 151269 801
151180 151272 962
147401 147379 2246
147401 147404 736
147401 147417 689
147416 147417 848
147416 147442 1424
147441 147442 845
147441 147451 2691
147447 147451 813
147447 147598 2550
147454 147598 837
147454 147600 2111
147600 147454 2111
147600 147601 765
147600 147660 2407
147659 147660 731
147659 147664 2370
147662 147664 863
147701 147664 2376
147701 147709 414
147720 147727 862
147721 147727 1589
147721 147728 869
147721 147729 834
147729 147721 834
147729 147732 809
147733 147732 2819
147733 147736 683
148248 147736 2572
148248 148249 790
148856 148249 2630
148856 148857 801
148857 148252 2606
148857 148856 801
148857 148866 758
148870 148866 2572
148870 148877 530
148901 148878 1141
148901 148905 823
148904 148878 219
148905 148879 1073
148905 148901 823
148905 148945 876
148945 148905 876
148945 148924 910
148945 148946 571
148946 148929 806
148946 148945 571
148943 148938 1180
144263 148939 729
148950 148939 1021
148959 148939 1445
148970 148968 801
148972 148968 2410
148972 149063 810
149068 149063 2334
149068 149070 815
149070 149065 2338
149070 149068 815
149072 149071 746
149072 149082 1343
149082 149072 1343
149082 149085 808
149082 149126 1774
149126 149082 1774
149126 149123 759
149126 149127 779
212740 212739 745
212741 212739 1506
212745 212742 518
212687 212746 685
212815 212746 424
150036 149993 750
150036 150033 2353
150036 150053 659
150053 149993 986
150053 150036 659
150053 150055 1544
150034 150033 840
150075 150076 336
150077 150076 1990
150077 150079 712
150063 150055 832
150066 150055 2472
150103 150100 2873
150103 150105 870
150115 150101 38
150115 151753 458
150104 150102 659
150105 150102 2031
150105 150103 870
150096 150095 841
150096 150108 1859
150084 150095 2210
150192 150190 1423
150192 150191 413
150198 150191 439
150198 150197 1353
150198 150199 362
150200 150191 1350
150202 150199 1374
150202 150204 388
150237 150204 1470
150237 150238 478
150247 150238 1429
151716 151715 978
149808 140083 841
149617 149612 1330
149617 149616 886
149617 149619 821
151707 149612 110
151709 149619 82
149233 149232 71
197028 197029 1863
214498 197029 727
214498 214910 6852
214744 214910 2090
198819 198821 615
198801 198800 3137
198802 198800 1206
205008 205007 1929
204968 204966 954
204968 204969 670
204973 204966 731
205034 204970 2318
205034 205019 867
205035 205019 1825
205035 205039 817
205035 205041 1297
204969 204968 670
204969 204970 710
205041 205035 1297
205041 205040 866
205043 205040 2069
154007 154006 1891
154020 154012 1268
168871 168841 1356
168895 168886 752
168895 168894 1221
168895 168900 678
172547 168886 1494
168894 168895 1221
168894 168896 552
168900 168895 678
168900 168899 2749
168905 168899 850
168912 168899 1796
168912 168911 934
168402 168400 2113
168402 168401 1186
168404 168400 1012
168408 168401 2561
168762 168748 1399
168767 168766 279
168819 168807 452
168783 172645 1615
168816 168815 1357
168821 168815 684
168821 168820 1919
168823 168820 767
168823 168824 905
168930 168824 684
168930 168928 1234
168914 168916 1522
168914 168927 948
168915 168916 893
162415 168927 843
168923 168920 511
168923 168921 374
168920 168877 1534
168920 168917 951
168920 168923 511
168917 168878 1437
168917 168920 951
168898 168889 1018
168898 168893 818
168868 168867 872
168868 168889 672
154041 154047 1565
154041 154124 767
154124 154041 767
154124 154047 1560
154124 154123 600
154060 154059 767
154060 154061 1032
154060 154126 710
154132 154059 1140
154067 154061 2248
154067 154065 678
154129 154123 786
154071 154070 953
154065 154066 630
154065 154067 678
154065 154125 2497
154074 154066 552
154126 154060 710
154126 154125 905
154102 154094 1258
154346 154094 1066
154346 154348 934
154329 154330 556
154329 154332 506
154329 154334 253
154348 154330 889
154348 154346 934
154332 154329 506
154332 154331 683
154332 154335 905
157457 157456 1300
157865 157459 707
157602 157541 1195
157602 157601 889
157876 157875 2496
157868 157599 836
157873 157859 1269
154351 154352 850
172288 154352 893
154438 154437 475
154428 154429 782
154431 154429 600
154443 154429 2291
154446 154445 905
154984 154445 2555
154984 154983 429
154996 154986 402
155001 155000 486
155004 155000 1796
155053 155046 562
155054 155045 562
157877 157860 1657
157877 157878 1004
157878 157877 1004
157878 157879 1859
157878 157880 889
157880 157878 889
157880 157881 2995
157880 157883 778
157846 157849 359
157847 157848 178
155048 155047 2138
155048 155050 672
155048 155127 683
155047 155048 2138
155047 155124 2590
155047 155128 683
155089 155124 850
155132 155124 2171
155132 155133 1018
155144 155133 452
155147 155146 344
155147 155155 452
155152 155145 344
155152 155153 1906
155152 155156 1284
157883 157880 778
157883 157884 3038
157883 157892 889
157883 158234 1459
157914 157891 1537
157914 157913 1580
157913 157892 818
157913 157914 1580
158607 157892 1735
157925 157894 1226
157925 157924 837
157916 157915 660
157922 157921 747
157924 157921 2646
157924 157925 837
155153 155152 1906
155153 155157 1420
155161 155157 2192
155161 155364 2237
155372 155364 1742
155372 155402 2089
155372 155405 1786
155403 155374 613
155403 155401 752
155403 155440 752
172302 155375 1028
155406 155405 1082
155409 155405 1118
155445 155444 954
159738 155443 688
159738 159805 1784
159806 159805 893
172303 155440 537
157778 157764 1201
159933 157692 16958
157973 157912 872
157973 157972 791
157976 157912 1055
157982 157981 791
157979 157980 2666
157979 158023 1344
157960 157961 606
157960 157962 678
158023 157961 604
158023 157979 1344
157954 157953 1030
157954 157955 751
157963 157953 673
157957 157947 890
157957 157956 837
157957 157958 808
157956 157955 739
157956 157957 837
157962 157955 976
157962 157960 678
157786 157785 337
157985 157785 885
157985 157959 1547
157958 157957 808
157958 157959 1210
157987 157959 837
157780 157772 615
185718 185717 847
185757 185717 672
178475 178474 750
178475 178476 516
178478 178476 1124
178469 178468 927
178469 178470 1374
178487 178468 283
178470 178469 1374
178470 178471 1141
178474 178471 878
178474 178475 750
178221 178220 1658
178235 178237 1600
178225 178226 2934
178238 178226 403
178231 178230 1342
178495 178494 2229
178518 178494 905
178518 178517 672
185368 178517 672
185371 178517 475
178415 178414 2731
185761 178414 1475
178438 178449 1550
185760 178449 699
172115 158635 843
158030 157972 1995
158030 158699 808
158701 158699 2227
158701 158704 808
158707 158704 1903
158707 158725 879
158724 158722 493
158723 158725 879
158729 158725 708
155652 158690 1257
155652 158692 570
158795 158787 1188
158795 158803 1226
158692 155652 570
158692 158764 767
158765 158764 1612
158804 158803 796
158965 158966 1229
159031 158966 452
159054 159053 8119
159091 159090 1897
159098 159090 2372
159098 159097 924
159049 159051 925
159103 159097 710
157870 158195 276
161258 161257 3019
161258 161259 337
161258 161262 2184
161262 161258 2184
161262 161261 1270
161277 161280 3480
161279 161280 344
161460 161459 1056
161461 161459 2110
213166 213165 1146
213166 213168 955
213173 213168 1034
213173 213202 1230
213165 213166 1146
213165 213170 507
161471 161466 1334
161471 161472 941
161465 161464 889
161466 161464 675
161466 161471 1334
213277 213280 680
213281 213280 1259
213281 213324 364
206759 206760 148
215117 206760 2136
213200 213202 977
162016 162007 753
213324 213281 364
213324 213285 1253
213324 213325 278
161987 161988 273
213285 213324 1253
213285 213326 521
213327 213326 982
161981 161982 1263
159964 159965 1356
159964 162159 1903
161979 162206 2358
162207 162206 355
162188 162190 337
162188 162209 698
162190 162188 337
162190 162209 753
162023 162197 954
162198 162197 562
162198 162213 2648
162203 162204 713
162203 162213 2565
162201 162213 984
162217 162216 781
162217 169654 576
169590 169589 837
169590 169591 452
169636 169637 1625
169636 169654 2511
169654 162217 576
169654 169636 2511
169654 169637 2852
169610 169615 433
172856 169615 926
172561 172560 1114
172562 172560 419
169589 169590 837
169589 169598 848
169279 169278 492
169462 169282 2006
169462 169285 796
169462 169461 374
169284 169285 4432
169662 169285 851
170527 170528 843
170505 170504 934
170519 170504 778
170517 170516 2118
170687 170682 829
170677 170680 984
168362 168358 1102
170080 170079 1234
170080 170448 1305
170466 170448 1344
170466 170465 759
170461 170460 2007
170461 170462 767
170461 170468 767
170465 170462 782
170465 170466 759
170468 170098 582
170468 170461 767
170468 170467 2007
170548 170095 1459
170548 170547 1221
170552 170547 1036
170096 170095 818
170098 170095 856
170098 170468 582
170550 170549 984
170557 170549 1690
170557 170554 2909
170557 170558 667
170558 170549 1857
170558 170557 667
170553 170554 1012
169555 169510 1897
169555 169540 474
169555 169561 759
169561 169555 759
169561 169557 1701
169561 169562 1897
172568 172569 599
169690 169692 1119
169693 169692 1225
169557 169561 1701
169557 169883 1186
169884 169883 1032
169686 169687 1631
170111 169687 1229
170075 169987 337
170075 170076 474
170077 170076 759
169891 169893 1119
169891 169894 2895
169893 169891 1119
169893 169894 2560
169896 170088 268
169277 169276 140
169461 169250 1556
169461 169462 374
169482 169250 2728
169482 169479 1347
169669 169479 2111
169669 169670 1578
169670 169480 1395
169670 169522 1818
169670 169669 1578
169523 169485 558
169522 169487 1146
169522 169670 1818
169540 169546 1748
169540 169555 474
169545 169546 374
118539 118538 171
118540 118538 1450
118542 118541 900
118545 118541 1270
119442 118651 1014
118653 118652 418
95122 95125 651
103117 95125 1400
95149 95139 9050
95150 95139 3429
95026 95028 1619
95083 95028 927
95083 95090 1025
95090 95083 1025
95090 95091 927
95092 95091 947
95126 95091 3667
94916 94918 4314
102048 94918 2666
97397 97394 261
94237 94219 71
94237 94227 1471
94237 102445 1189
94254 94253 672
94272 94253 672
102439 102444 482
102445 94237 1189
102445 102444 1896
93630 94258 524
93630 94259 508
94259 93630 508
94259 94261 1114
94284 94261 889
94284 94285 750
94285 94284 750
94285 94290 1813
94291 94290 1208
94291 94297 1944
94298 94297 1344
108904 108903 1208
108956 108903 2865
108962 108961 1432
108963 108961 445
108767 108766 1207
94318 94317 747
94319 94317 1197
50062 50060 884
50063 50060 750
50067 50061 1349
50072 50061 796
94249 94244 2182
94222 94221 556
94222 94229 1348
94222 102460 288
94228 94227 1447
94228 94229 806
101872 94226 830
101872 94229 747
94204 94206 1025
94209 94206 1193
97399 97409 1393
97399 102275 1431
97402 97401 938
97402 97409 805
97410 97409 1289
97401 97402 938
97401 102275 3449
97414 97420 1055
97421 97420 1232
97473 97474 2217
97477 97474 386
97469 97475 2138
102108 97476 3641
97493 97491 1883
97494 97491 744
97497 97496 1124
97498 97496 2056
97547 97546 1946
97548 97546 4964
97595 97597 1151
97596 97597 1780
97596 97598 929
97599 97597 1299
97599 97603 737
97604 97603 924
97604 97608 806
97598 97596 929
97598 97614 680
97615 97614 1437
97606 97608 1022
97606 97610 950
97610 97606 950
97610 97616 2044
97619 97616 877
97619 97618 1205
97611 97618 1635
97640 97618 877
95807 95806 1303
102232 102239 249
102240 102239 1531
95718 95717 953
95718 102677 1739
101774 101773 1681
102224 101773 429
100625 100624 119
100632 100624 3633
100632 102237 1148
102238 102237 1069
93469 93471 1279
93451 93472 2770
1383
147419
147448
147599
147607
147661
147663
147702
147711
147731
147734
148239
148241
148251
148869
148871
148874
148922
148927
148928
148940
148944
149062
149064
149067
149084
149122
149124
212738
142418
146594
149991
146595
150022
150050
150078
150080
150054
150071
150099
150098
145713
143921
150188
150193
150195
150203
149794
151713
149829
149212
149618
149739
149744
149679
149764
149807
149716
149718
150189
151662
214913
214911
198806
198826
205010
204967
205015
205018
205012
205023
205026
152118
152120
154011
162457
168842
168840
168885
168897
168399
168749
168387
168747
168765
168803
168806
168814
168924
168929
168825
168809
168922
168884
168863
168864
162456
168890
168888
168866
153996
154030
154027
154058
154062
154056
154068
154072
154095
154093
154328
154337
154336
154356
154396
154359
157458
157540
157603
158187
158216
157529
157580
157532
157600
154353
154434
154439
154433
154444
154962
154992
154993
154985
155003
155044
157861
157862
157850
157852
155052
155060
155126
155130
155129
155142
155143
155333
155336
155338
157855
157890
157888
157893
157896
157899
155158
155159
155160
155376
155377
159845
155404
155442
155441
157727
157763
157690
157751
158018
157966
157951
157948
157766
157941
157952
157742
157768
178244
178250
178137
178246
178433
178472
178219
178270
178227
178229
178273
178275
178493
178516
178416
178418
158627
158628
158636
157971
158703
158695
158705
158688
158786
158788
158802
158971
158990
159084
159052
159100
159096
158194
158233
172337
161142
161148
161146
161149
161260
172763
152673
168391
161462
161477
213171
161473
161463
161859
213322
213172
162006
213323
161990
213330
161989
162008
162160
162157
162208
162205
159966
162215
169606
169592
169628
169614
169597
169195
169273
169283
169286
170494
170503
170676
170679
168359
168363
170069
170078
170447
170458
170537
172738
170544
170545
170539
170489
170556
170555
170066
170067
169980
169511
169563
169886
172564
169881
169694
170085
170071
169984
167161
172080
169253
169255
169251
169481
169483
169484
169512
118537
118650
95124
95030
97393
94220
94238
94273
94282
94295
108902
108765
102269
102270
94321
50058
94245
94230
94194
94223
94224
94218
101830
94210
97411
97418
97422
97471
97488
97495
97600
97605
97617
95805
102229
95564
93689
101770
100621
93347
93473
93478
94071
101998
102676
98315
98487
98494
98495
98500
191284
191286
194081
191410
191207
191273
191381
191233
191271
118613
118615
118701
118707
118712
118675
108906
108936
108982
108981
109019
109073
109214
35488
50210
109110
109159
109164
110549
36072
36144
35554
36053
36054
36077
36176
36188
36190
36261
36334
36338
36329
36007
36014
36026
36033
35699
35700
35692
44189
35691
44616
41723
44533
44622
35729
35753
35760
37403
37329
37447
37408
37414
37416
37420
37441
36381
35676
35635
36221
36228
36239
36269
36495
35662
35670
35681
35682
37445
37482
37488
37760
37727
46737
37725
35882
35884
35887
37731
35898
37736
35902
35903
37835
37844
37849
37886
43891
35533
37876
41418
41451
41453
46615
37872
46617
46625
46641
46646
46648
46741
46752
46762
46785
46771
47042
46730
46731
46483
46480
47038
46782
127209
127841
127207
127250
127230
127219
127220
127196
127070
127080
127084
127182
127188
127194
127199
127238
127273
127307
127330
127334
127333
126897
126905
126873
132313
126861
126869
126876
126846
126847
126881
127223
46215
46192
46408
46423
46426
46429
46252
46456
46462
46222
127368
127983
127300
127357
127360
127364
127675
127686
127685
127689
127700
127717
127723
128229
127962
127954
127363
127958
130363
130372
130374
130397
127803
127807
127780
127809
127784
127786
127830
127831
129393
129395
129580
129582
129696
129697
121359
121369
121382
121395
121410
121423
121414
70000
70268
69980
56833
69985
69990
56831
69864
69903
129737
129740
129790
129792
129768
129794
129812
129882
130404
129753
129759
129760
129908
121353
129771
129765
130406
130407
130416
130438
121344
121347
224408
215693
218075
218983
218387
218444
218411
218450
218453
218997
219012
219027
219037
219038
218565
218568
218578
218581
218675
218684
218688
218650
218653
218855
218647
218649
218639
218667
218862
218886
218867
218392
218404
218458
218610
218460
218621
218626
218887
224074
218616
219162
218618
224135
220264
224377
222762
222975
224900
224903
222982
222988
222993
218683
222986
218690
222998
222939
223000
222938
222945
222960
222961
222962
222920
222955
223036
223037
223044
223043
223060
223050
223051
223048
223100
150848
151000
151003
151004
151651
149132
149129
149144
149275
149276
149281
149497
151641
149530
149672
146945
149594
149597
149600
149680
149683
146597
146525
151028
151107
151146
151153
151274
151275
147374
151301
151282
151280
151272
147404
147418
93472
93477
93479
94072
94073
98549
103226
102677
98309
98484
98499
191101
191285
191287
194315
191127
191205
118493
194426
191270
118612
118617
118619
118698
118703
118708
118709
108905
108907
108939
108919
108979
108983
109016
113087
50206
50203
50211
50212
109111
109160
109166
109171
109142
109165
36070
36071
35571
36141
35555
35566
36050
36064
36175
36177
36257
36260
36262
36339
50462
36006
50201
50208
36010
36017
36027
44191
35701
45014
35688
44165
44190
35690
44577
44578
41728
44624
50532
35714
35740
35756
35754
35755
35764
37406
37407
37413
37417
37479
35673
35671
35632
35633
36222
36220
36227
36267
36281
35661
35680
35663
35669
35678
37433
37443
37483
37718
37726
37709
37712
35875
35881
35883
35888
37711
37724
35900
35896
35985
35901
37836
37837
37850
37852
44368
35534
37909
37863
37870
41405
41449
41450
46586
46587
37871
46614
46618
46626
46688
46687
46740
46755
46756
46768
46775
46769
46772
46778
46727
47039
46473
46476
46475
46779
127206
127211
127175
127217
127216
127195
127069
127081
127079
127083
127136
127139
127180
132484
127189
127193
127274
127279
127308
127319
127331
127335
126871
126898
46205
132312
126857
126862
126860
126843
126844
126848
126879
126886
46194
46183
46204
46407
46424
46425
46255
46454
46457
46478
46219
127366
127367
127372
127373
127291
127354
127441
127356
127351
127348
127676
127660
127661
127688
127698
127701
127703
127718
127808
127362
127956
130362
130365
130369
130367
130437
127752
127795
127798
127806
127775
127781
127778
127783
127779
127787
127829
127827
129386
129397
129581
129594
129595
129676
129700
129702
129864
121361
121364
121377
121383
121384
121393
121394
121397
121409
121422
121425
121416
70010
70267
70277
69976
56834
69970
69984
69974
69862
56828
129724
129736
129739
129764
129789
129807
129798
129881
129878
130399
130405
129752
129746
129758
129762
129776
121335
129907
129766
129749
130408
130410
121348
218143
218388
218391
218452
218466
218455
219010
219014
219021
219384
219039
219040
218566
218674
218570
218571
218580
218582
218672
218680
218643
218644
218851
218864
218648
218664
218891
218895
218889
218885
218866
218446
218461
218613
218462
218622
218624
218882
224075
218627
220108
220265
224378
222976
224904
218537
222983
222991
218691
218692
220752
222947
223001
222964
222966
223068
223038
223069
223045
223059
223062
223063
223056
223052
223057
223102
150853
150854
151013
151015
151652
149127
149130
149274
149253
149277
149279
149283
149501
146957
146950
149542
149596
149598
150030
146601
151030
151106
151147
151166
151269
147372
147379
151283
151279
151271
151180
147401
147416
147441
147447
147454
147600
147659
147662
147701
147720
147721
147729
147733
148248
148856
148857
148870
148901
148905
148945
148946
148943
144263
148950
148959
148970
148972
149068
149070
149072
149082
212740
212741
212745
212687
212815
150036
150053
150034
150075
150077
150063
150066
150103
150115
150104
150105
150096
150084
150192
150198
150200
150202
150237
150247
149617
149233
197028
214498
214744
198819
198802
204968
204973
205034
205035
204969
205041
154007
154020
168871
168895
168894
168900
168905
168912
168402
168404
168408
168762
168767
168819
168783
168816
168821
168823
168930
168914
168915
162415
168923
168920
168917
168898
168868
154041
154124
154060
154129
154126
154102
154346
154348
157457
157865
157602
157876
157868
157873
154351
154428
154443
154446
154996
155001
155004
157877
157878
157880
157846
157847
155047
155089
155132
155144
155152
157914
157913
157916
157922
157924
155153
155161
155372
155406
155445
159738
159806
157778
159933
157973
157976
157982
157979
157960
158023
157956
157962
157786
157985
157958
157987
157780
185757
178475
178478
178469
178487
178470
178474
178221
178235
178225
178518
178415
178438
172115
158030
158701
158707
158723
158729
155652
158795
158692
158765
158804
158965
159031
159054
159091
159098
159049
159103
157870
161277
161279
213166
213173
213165
161471
161466
213277
213281
206759
213200
161987
213285
213327
161981
159964
161979
162188
162190
162023
162198
162203
162201
162217
169590
169636
169610
169589
169284
169662
170527
170519
170517
170677
168362
170080
170466
170461
170465
170468
170548
170552
170096
170550
170557
170558
170553
172568
169690
169557
169686
170075
169891
169896
169461
169482
169669
169670
169523
169522
169540
118542
118545
118653
95122
95149
95150
95026
95083
95090
95092
95126
94916
102048
97397
94254
102439
102445
93630
94259
94284
94285
94291
94298
108904
108956
94318
50063
50067
50072
94249
94228
94204
94209
97399
97402
97410
97401
97414
97473
97477
97469
97498
97548
97595
97596
97599
97604
97598
97615
97606
97610
97619
97611
97640
102232
102240
95718
102224
100625
100632
93469
93451
