1950
229765 229766 1462
229765 229775 672
229293 229291 1250
229293 229688 8724
229298 229299 1338
229306 229686 1625
229306 229687 514
229686 229306 1625
229686 229691 4056
229361 229362 2917
229361 229363 1740
229739 229721 679
229739 229746 572
229757 229756 325
229757 229780 2225
229810 229809 1615
229810 229811 1114
229811 229809 1256
229811 229810 1114
229811 229816 1879
229407 230107 786
229407 230117 672
230123 230122 806
230016 230014 418
231286 231288 679
231287 231289 335
231259 231248 1014
231259 231261 924
231264 231260 514
231265 231263 753
231265 231263 753
231269 231254 1253
234888 234889 1209
231243 231239 1380
231243 231306 2016
231272 231273 464
231304 231305 2281
231311 231303 2350
231311 231305 659
231311 231313 708
231312 231313 2493
226753 226754 2748
226753 226756 353
229084 229122 1877
229084 229122 1877
230658 230668 1666
230331 230329 2084
230331 230352 2647
230345 230277 3064
234427 234428 476
230346 230354 588
230278 230276 201
230278 230277 344
230272 230273 252
232165 232149 1012
232165 232163 1014
232150 232148 762
232150 232149 1675
232150 232155 1675
232173 232155 845
232173 232174 889
232174 232159 762
232174 232173 889
232174 232176 1778
230342 230337 1011
230342 230343 1436
230342 230648 782
230653 230651 3831
230653 234428 3103
8917 8916 596
8931 8932 582
8931 8933 1984
8931 8966 642
8976 8977 1866
8984 8985 640
9000 8999 943
9000 9001 737
9007 9004 596
9007 9009 2522
9046 9013 2675
9233 9014 1849
9233 34237 1005
9237 9234 2201
9237 9235 2678
9265 9236 1521
9265 9266 1658
9267 9241 3105
9267 9243 1133
9252 9251 1083
9252 9251 1083
9275 9243 546
9275 9274 1429
9276 9251 1137
9276 9254 3319
9276 9279 1030
9405 9284 2288
9405 9287 975
9469 9467 884
9469 9470 2126
9472 9923 1027
9472 10067 1528
9938 9935 749
9938 9939 2450
34687 34688 1272
34687 34689 2247
9940 9935 1547
9946 34681 464
10224 10223 1474
10224 34692 871
10225 10226 747
9992 9993 2472
8885 9161 294
9429 9430 839
10296 10297 967
10288 10287 1558
10288 10305 1802
10305 10288 1802
10305 10289 1074
10344 10326 435
10344 10345 1002
10347 10331 1114
10347 10339 1518
10347 10357 5114
10348 10355 1532
8866 8865 990
8866 10320 426
10341 10338 2842
10341 10342 318
10357 10342 1563
10357 10347 5114
12767 10624 1884
13108 13055 1337
13108 13059 157
10907 10905 1197
10631 10626 1609
10899 10902 798
10899 10903 1971
10622 10610 596
10622 10613 1522
10663 10613 2656
10663 10662 2991
10663 10665 1537
10617 10618 635
10621 10620 2862
10621 10641 2172
10665 10663 1537
10665 34460 1112
10684 10685 595
10684 10686 1763
10685 10684 595
10685 10687 311
10926 10688 1134
10926 10927 1538
10926 34778 392
10927 10926 1538
10927 10929 1140
10947 10945 784
10947 10946 629
10947 10955 2346
10991 10987 2721
10991 10990 1218
10997 10998 694
10997 10999 817
13311 13310 1207
13304 13301 3015
13318 13309 279
13318 13319 4219
13421 13425 2454
13433 13434 983
7755 8098 3468
7755 8147 1932
8098 7755 3468
8098 34784 1586
8213 8210 2822
8213 8212 2129
13392 13338 1101
13392 13394 1007
13398 13437 1051
13398 34104 801
34104 13398 801
34104 35121 1016
13436 13388 2979
13436 34780 2917
12803 12801 805
12803 12817 1500
12818 12817 536
13363 12811 688
13363 13364 2680
13372 13368 2002
13372 13371 672
13372 13592 1382
13109 13063 201
13085 13084 1336
13085 13087 1014
13085 13090 1268
13093 13090 354
13087 13082 1078
13087 13085 1014
13087 13086 1686
12799 12795 1891
12799 12800 1623
12799 12801 672
13133 13168 551
13133 13169 4341
13204 13208 1565
13174 13175 1462
13174 13193 1141
13174 13195 747
13210 13207 475
13210 13212 747
13192 13171 1742
13192 13185 2986
13192 13194 817
13238 13237 498
13238 13994 1577
13237 13202 983
13237 13238 498
13844 13201 676
13848 13849 1973
13852 13851 1950
13195 13174 747
13195 13194 139
13823 13822 344
13850 13828 1797
13850 13851 1344
13829 13721 1744
13829 13831 1560
13829 13835 1072
13835 13829 1072
13835 13836 1730
13839 13734 2507
13839 13836 1408
13875 13734 737
13875 13877 950
13877 13794 697
13877 13875 950
13881 13879 1066
13881 13884 1754
13886 13880 569
13886 13885 869
13894 13885 2464
13894 13897 1610
13896 13895 2547
13896 13897 962
13896 13900 2171
13911 13975 4268
12094 12095 903
13986 13990 1618
13986 13993 536
13986 13995 1496
13990 13986 1618
13990 13991 1007
14174 14173 836
14174 14181 1341
14181 14174 1341
14181 14196 1007
24018 23936 806
24018 23977 2737
24021 24020 1597
24021 24025 1687
23832 23830 806
23832 23834 2179
23832 23837 2458
23835 23834 806
23837 23832 2458
23837 23833 872
23837 23918 557
23925 23910 1558
23925 23940 1672
23936 23944 2781
23936 24018 806
23829 13992 1813
23829 23993 630
23991 13996 1115
23991 35041 648
14311 14312 512
14311 14313 569
25148 25146 1198
25151 34160 5962
23956 23955 435
23964 23908 1501
23965 23966 2405
23965 25141 765
25143 25140 1008
25143 25142 688
23978 23973 502
23978 23979 810
23979 23978 810
23979 23980 346
186191 187255 1749
189480 189481 465
189480 189587 1641
189589 189587 737
189551 189500 1207
189551 189549 1194
189551 189550 1681
189552 189522 1803
189552 189550 1194
189552 189554 1220
189562 189554 479
189562 189564 580
189498 189499 1375
189498 189500 761
189567 189564 1786
189567 189569 752
189567 190183 1311
134658 134655 536
134658 134664 336
134658 134666 2360
134659 134660 319
134663 134664 1533
134663 134844 1079
134839 134844 612
134839 134850 1085
134841 134842 403
134855 134854 796
134859 134857 765
134859 134862 1848
134865 134862 682
134865 134864 3386
132932 132946 813
132932 134869 653
134920 134921 2441
134920 134934 788
134868 134867 836
134868 134869 1008
134933 134934 1393
135665 135658 1393
135665 135666 904
135671 135666 1483
135671 135673 1533
135671 135675 435
135673 135671 1533
135673 135675 1483
135674 135677 1635
135656 134943 1901
135656 135658 806
134935 134934 1009
134935 134940 1483
134941 134936 1167
134941 134940 872
134941 134943 737
134414 134511 806
134414 135742 649
135740 135731 1125
135740 135746 1415
135727 135677 708
135727 135681 1873
135727 135730 788
135729 135730 1505
135729 135731 168
134509 134510 191
134509 134511 2515
134517 134519 228
134521 134522 208
134527 134528 1810
134527 134529 1505
134582 134578 1543
134582 134587 649
134583 134577 1008
134583 134581 1344
134586 134581 672
134586 136006 1223
136010 136006 737
136010 136009 1160
136012 136009 806
136012 136014 238
136020 136018 827
136020 136023 983
136025 136022 336
136025 136023 475
136026 136032 818
136056 136052 475
136056 136053 1268
137418 136744 1945
137418 137420 1827
137419 137432 878
137430 137428 1537
136990 137012 1559
136990 137013 527
136991 136992 2334
136991 136996 764
136994 136996 2557
136994 136998 924
137009 136909 2890
137009 137010 770
136904 136907 667
136904 136909 840
136906 136905 667
136906 136907 1197
133923 133924 629
133923 133934 403
133933 133935 884
133934 133923 403
133934 133924 511
133934 133935 1140
133946 133924 1299
133946 133947 373
136950 136958 756
136950 136997 1225
136995 136997 788
136995 136998 889
136956 136958 1891
136961 136960 756
136961 136971 840
136961 137040 1889
136967 136973 1889
136970 136972 1778
136970 136973 840
136971 136961 840
136971 136972 840
136971 137051 1004
136960 136958 840
136960 136961 756
136960 137038 1891
133945 133947 475
133945 137106 418
137094 136975 610
137094 137095 1585
137094 137097 562
137095 137094 1585
137095 137096 1891
137099 137100 869
137099 137101 2335
137105 137103 418
137105 137107 708
137106 133945 418
137106 137107 2272
133936 133935 2203
133936 133947 938
133939 133935 806
137108 133947 2407
137108 137107 877
137113 137107 1085
137113 137110 708
137113 137114 893
137125 137114 788
137125 137126 2445
137129 137126 924
137129 137217 445
137217 137129 445
137217 137216 1715
137018 137015 1948
137027 137015 677
137027 137026 1951
137027 137028 934
137030 137028 1780
137031 137007 2002
137031 137028 756
137046 137007 848
137046 137043 2556
137046 137047 764
137074 137062 475
137074 137063 452
136911 136909 691
137010 137009 770
137010 137016 760
137017 137016 2224
136910 136908 765
136910 136909 1004
136910 136912 157
137425 137428 452
137427 137429 599
137435 137433 1182
137435 137526 841
137435 137529 1225
137523 137525 672
137523 137526 1114
137524 137525 2451
137524 137533 756
137533 137524 756
137533 137528 2557
137535 137528 756
137535 137537 2335
137541 137537 841
137541 137544 682
137541 137545 2002
137544 137541 682
137544 137546 1669
137544 137601 925
137603 137600 125
137603 137602 176
137059 137057 2557
137059 137058 848
137064 137058 2778
137064 137063 756
137060 137057 848
137060 137098 2002
137060 137153 840
137165 137157 756
137165 137163 2556
137165 137167 756
137172 137167 336
137172 137168 671
137172 137173 504
137157 137155 2557
137157 137165 756
137153 137060 840
137153 137152 2002
137153 137155 756
137597 137599 950
137597 137609 1631
137612 137609 827
137612 137631 2417
137632 137631 951
137632 138033 2555
138010 138033 737
138010 138037 1810
138035 138037 806
138035 138046 2751
138047 138050 2321
138049 138046 806
138049 138050 1085
138049 138075 1533
137173 137168 443
137173 137172 504
137174 137168 473
137174 137219 788
137219 137174 788
137219 137216 1114
138056 138059 756
138072 138050 806
138076 138050 1593
138076 138075 750
138219 138218 750
138219 138222 884
138220 138217 697
138220 138218 1411
138220 138221 276
138222 138203 479
138222 138219 884
138222 138230 1234
138092 138083 672
138092 138091 1205
138092 138093 975
138357 138233 418
138357 138358 1074
138374 138381 778
138374 138409 2105
138408 138409 782
138408 138424 1681
138423 138343 778
138423 138424 782
138329 138328 2118
138329 138343 841
138381 138374 778
138381 138411 1517
138383 138384 697
138383 138412 1226
138376 138375 752
138309 138333 765
138309 138334 1891
138310 138332 581
138803 139570 420
138324 138328 893
138324 138338 1274
138325 138338 667
138328 138324 893
138328 138329 2118
138328 138339 925
138824 138840 3335
138825 138332 1093
138825 138826 778
138831 138826 1009
138831 138828 1810
138846 138848 931
138846 138891 1114
138842 138843 536
138842 138844 420
138757 138758 294
138757 138759 340
138778 138779 338
138778 138789 3356
138780 138783 420
138780 138787 695
231261 231259 924
231261 231263 1594
230092 230071 2046
230092 230093 2186
230185 230174 597
230185 230186 1083
230186 230185 1083
230186 230187 796
230186 230188 762
230189 230188 893
230189 230208 344
230494 230507 2819
230498 230214 706
230498 230499 1675
230627 230628 1419
230627 230667 349
230640 230635 535
230640 230674 2191
231039 229902 679
231039 231059 1225
229872 229893 353
229872 229900 1758
229889 229888 1004
229889 229890 753
229892 229891 1427
229892 231041 1004
231051 231050 1338
231047 230956 1088
231047 231076 947
231049 231046 1565
231049 231050 111
230977 230974 1761
230977 230976 452
231076 231047 947
231076 231077 1675
230976 230973 452
230976 230977 452
230984 230980 562
231031 235272 805
231018 231017 792
231018 231020 1572
231020 231018 1572
231020 231035 2714
229864 229862 390
229864 229897 1172
229897 229864 1172
229897 229898 201
229946 229899 1297
229946 229913 1148
229948 229953 586
229948 229954 927
229956 229913 2191
229956 229957 514
229782 229781 1897
229782 229784 1094
229782 229786 1111
229796 229800 1670
229796 229802 1172
229796 235179 1822
229790 229781 1178
229790 229788 1780
229791 229737 1375
229791 229788 705
229858 229850 2244
229858 229857 1142
229916 229795 670
229916 229850 1114
229814 229815 837
229814 229930 580
229931 229932 786
229768 229405 433
229768 229777 1678
229770 230115 1029
230120 230116 2169
229252 229251 1967
229327 229324 1929
229327 229355 1004
229357 229326 1005
229357 229334 2458
229334 229331 706
229334 229357 2458
229380 229383 672
229398 229397 1005
229398 229401 1483
229400 229405 2338
229400 229767 1606
229766 229765 1462
229775 229765 672
229775 229776 514
229775 229777 1336
229291 229261 1647
229291 229292 1184
229291 229293 1250
229688 229293 8724
229688 229714 905
229688 229716 237
229299 229298 1338
229687 229306 514
229691 229686 4056
229691 229717 472
229691 229718 756
229362 229361 2917
229363 229361 1740
229721 229379 3545
229721 229739 679
229721 229753 452
229746 229689 1470
229746 229739 572
229746 229747 1910
229756 229757 325
229756 229759 587
229756 229783 1187
229780 229757 2225
229780 229779 2206
229780 229783 1447
229809 229798 1252
229809 229810 1615
229809 229811 1256
229816 229811 1879
230107 229407 786
230107 230104 1297
230107 230105 1541
230117 229407 672
230117 230103 452
230117 230116 1005
230122 230123 806
230014 230007 706
230014 230016 418
231288 231286 679
231289 231287 335
231248 231247 1662
231248 231259 1014
231248 231260 2095
231260 231248 2095
231260 231254 1031
231260 231264 514
231263 231261 1594
231263 231265 753
231263 231265 753
231254 231249 1138
231254 231260 1031
231254 231269 1253
234889 234888 1209
234889 234890 913
234889 234892 2219
231239 231237 761
231239 231241 2223
231239 231243 1380
231239 231273 1567
231306 231242 580
231306 231243 2016
231273 231239 1567
231273 231240 612
231273 231272 464
231305 231301 2304
231305 231304 2281
231305 231311 659
231303 231301 784
231303 231311 2350
231303 234676 2023
231313 231311 708
231313 231312 2493
231313 235254 2377
226754 226752 111
226754 226753 2748
226754 226767 847
226756 226753 353
226756 226755 1028
229122 229084 1877
229122 229084 1877
229122 231633 549
230668 230658 1666
230329 230328 1014
230329 230328 1014
230329 230331 2084
230352 230331 2647
230277 230275 139
230277 230278 344
230277 230345 3064
234428 230653 3103
234428 234427 476
230354 230346 588
230276 230274 168
230276 230278 201
230273 230272 252
230273 230274 6437
230273 232139 128
232149 232147 275
232149 232150 1675
232149 232165 1012
232163 232146 1095
232163 232162 1576
232163 232165 1014
232148 232143 670
232148 232144 1675
232148 232150 762
232148 232154 1576
232155 232150 1675
232155 232154 670
232155 232159 893
232155 232173 845
232159 232155 893
232159 232160 335
232159 232174 762
232176 232161 1006
232176 232174 1778
232176 232181 2643
230337 230336 1276
230337 230340 562
230337 230342 1011
230337 230343 1357
230343 230337 1357
230343 230342 1436
230343 230344 1445
230648 230340 1011
230648 230342 782
230648 230647 1334
230651 230344 168
230651 230652 1445
230651 230653 3831
8916 8917 596
8916 8919 942
8916 8934 459
8932 8931 582
8932 8939 540
8932 35055 1171
8933 8931 1984
8933 8943 698
8933 8945 734
8966 8931 642
8966 8945 2131
8966 8967 735
8977 8976 1866
8985 8984 640
8999 8982 849
8999 8990 2452
8999 9000 943
9001 8992 741
9001 9000 737
9001 9002 787
9004 9002 786
9004 9005 2563
9004 9007 596
9009 9005 693
9009 9007 2522
9009 9013 419
9013 9009 419
9013 9046 2675
9014 9015 960
9014 9231 1061
9014 9233 1849
34237 9233 1005
9234 9225 2872
9234 9231 1196
9234 9237 2201
9235 8777 2525
9235 9236 1002
9235 9237 2678
9236 9229 2526
9236 9235 1002
9236 9265 1521
9266 9265 1658
9241 9242 1824
9241 9243 3168
9241 9267 3105
9243 9241 3168
9243 9267 1133
9243 9275 546
9251 9252 1083
9251 9252 1083
9251 9276 1137
9274 9275 1429
9254 9248 975
9254 9253 159
9254 9276 3319
9254 34775 1232
9279 9259 2487
9279 9276 1030
9279 9280 1086
9284 9280 1192
9284 9285 1484
9284 9405 2288
9287 9286 894
9287 9288 2069
9287 9405 975
9467 9465 883
9467 9468 2918
9467 9469 884
9470 9469 2126
9923 9472 1027
10067 9472 1528
10067 10072 945
10067 10073 358
9935 9934 1860
9935 9938 749
9935 9940 1547
9939 9938 2450
34688 34687 1272
34689 9688 2289
34689 9925 1928
34689 34687 2247
34681 9946 464
34681 34680 556
34681 34691 910
10223 10107 288
10223 10224 1474
34692 10224 871
10226 10225 747
10226 10229 1386
10226 10230 897
9993 9992 2472
9161 8885 294
9430 9429 839
10297 10296 967
10287 10282 311
10287 10288 1558
10289 10285 694
10289 10286 2417
10289 10305 1074
10326 10285 2272
10326 10325 1045
10326 10344 435
10345 10344 1002
10331 10325 1728
10331 10329 1637
10331 10347 1114
10339 10329 755
10339 10337 831
10339 10340 2653
10339 10347 1518
10355 10348 1532
8865 8866 990
10320 8866 426
10338 10337 2658
10338 10340 724
10338 10341 2842
10342 10340 2436
10342 10341 318
10342 10357 1563
10624 10335 2144
10624 12767 1884
13055 13054 1362
13055 13060 946
13055 13108 1337
13059 13060 1513
13059 13107 2258
13059 13108 157
10905 10903 900
10905 10906 1260
10905 10907 1197
10626 10625 812
10626 10627 1486
10626 10631 1609
10902 10899 798
10902 10904 544
10902 10906 727
10903 10899 1971
10903 10905 900
10610 10609 2652
10610 10620 1808
10610 10622 596
10613 10611 1809
10613 10622 1522
10613 10662 2158
10613 10663 2656
10662 10613 2158
10662 10663 2991
10662 10664 295
10618 10617 635
10618 10641 797
10618 10642 1927
10620 10610 1808
10620 10616 835
10620 10619 1757
10620 10621 2862
10641 10618 797
10641 10619 1919
10641 10621 2172
10641 10640 1880
34460 10665 1112
10686 10684 1763
10686 10687 1352
10686 10696 403
10687 10685 311
10687 10686 1352
10687 10688 491
10688 10687 491
10688 10926 1134
10688 10928 660
34778 10926 392
10929 10927 1140
10929 10928 1022
10929 10941 1648
10929 10945 720
10945 10929 720
10945 10940 1654
10945 10946 552
10945 10947 784
10946 10942 1459
10946 10945 552
10946 10947 629
10946 10948 1585
10955 10947 2346
10955 10957 1088
10955 10958 1491
10987 10988 1540
10987 10991 2721
10987 10992 2782
10990 10989 1864
10990 10991 1218
10990 13310 345
10998 10997 694
10999 10997 817
10999 11000 635
10999 11090 1225
13310 10990 345
13310 13300 696
13310 13311 1207
13301 10951 1072
13301 13300 557
13301 13303 610
13301 13304 3015
13309 13307 1499
13309 13317 1900
13309 13318 279
13319 13318 4219
13425 13417 601
13425 13421 2454
13434 13433 983
8147 7755 1932
34784 8098 1586
8210 8211 1566
8210 8213 2822
8210 13592 4074
8212 8213 2129
8212 8276 1161
8212 8381 1321
8212 13592 838
13338 13337 5896
13338 13359 1625
13338 13392 1101
13394 13354 938
13394 13392 1007
13394 13395 604
13437 13398 1051
35121 34104 1016
13388 13383 1007
13388 13385 950
13388 13436 2979
34780 13436 2917
34780 34781 890
12801 12799 672
12801 12803 805
12801 12816 1671
12817 12803 1500
12817 12816 946
12817 12818 536
12811 12796 4294
12811 12819 1004
12811 13363 688
12811 13365 3015
13364 13363 2680
13364 13365 611
13368 13367 1120
13368 13370 1671
13368 13372 2002
13371 13361 1850
13371 13370 475
13371 13372 672
13592 8210 4074
13592 8212 838
13592 13372 1382
13063 13056 930
13063 13086 1357
13063 13104 2481
13063 13109 201
13084 13082 1220
13084 13083 1032
13084 13085 1336
13090 13078 1014
13090 13085 1268
13090 13093 354
13090 13094 4449
13082 13062 1268
13082 13080 1072
13082 13084 1220
13082 13087 1078
13086 13062 847
13086 13063 1357
13086 13087 1686
12795 12793 1225
12795 12799 1891
12795 12800 1007
12800 12795 1007
12800 12799 1623
12800 12816 737
13168 13094 536
13168 13133 551
13169 13133 4341
13169 13171 2138
13169 13172 1415
13208 13204 1565
13208 13207 344
13208 13211 708
13175 13174 1462
13193 13174 1141
13193 13194 806
13207 13172 1101
13207 13173 1007
13207 13208 344
13207 13210 475
13212 13210 747
13171 13169 2138
13171 13184 3201
13171 13192 1742
13185 13184 1007
13185 13189 511
13185 13192 2986
13194 13192 817
13194 13193 806
13194 13195 139
13994 13238 1577
13202 13198 475
13202 13237 983
13201 13198 2077
13201 13844 676
13849 13828 354
13849 13848 1973
13849 13851 1500
13851 13849 1500
13851 13850 1344
13851 13852 1950
13822 13820 1945
13822 13823 344
13822 13824 3119
13828 13824 2402
13828 13849 354
13828 13850 1797
13721 13720 279
13721 13723 2113
13721 13820 2407
13721 13829 1744
13831 13829 1560
13831 13830 475
13831 13838 222
13836 13835 1730
13836 13838 872
13836 13839 1408
13734 13732 1416
13734 13839 2507
13734 13875 737
13734 34931 330
13794 13793 2005
13794 13876 610
13794 13877 697
13879 13796 2480
13879 13880 168
13879 13881 1066
13884 13881 1754
13880 13879 168
13880 13886 569
13885 13886 869
13885 13893 254
13885 13894 2464
13897 13892 2342
13897 13894 1610
13897 13896 962
13895 13815 475
13895 13892 816
13895 13896 2547
13900 13817 2243
13900 13896 2171
13900 13898 2216
13900 13903 2280
13975 13911 4268
13975 13974 1880
13975 13984 721
12095 12094 903
13993 13986 536
13993 13992 1744
13993 23815 3572
13995 13986 1496
13995 13996 473
13995 14172 598
13991 13990 1007
13991 14172 562
13991 14173 536
14173 13991 536
14173 14174 836
14173 14195 612
14196 14181 1007
23977 23971 1344
23977 24018 2737
24020 23976 1254
24020 24021 1597
24025 23975 1393
24025 24021 1687
23830 23826 806
23830 23831 1901
23830 23832 806
23830 23833 2368
23834 23831 869
23834 23832 2179
23834 23835 806
23834 23992 418
23833 23821 750
23833 23830 2368
23833 23837 872
23833 23916 649
23918 23837 557
23910 23909 1398
23910 23914 453
23910 23925 1558
23940 23925 1672
23940 23928 1254
23944 23936 2781
13992 13993 1744
13992 13996 938
13992 23829 1813
23993 23829 630
23993 23992 946
13996 13992 938
13996 13995 473
13996 23991 1115
35041 23991 648
14312 14311 512
14312 14313 321
14313 14311 569
14313 14312 321
25146 25148 1198
34160 25151 5962
23955 23956 435
23908 23964 1501
23966 23965 2405
25141 23965 765
25141 25140 485
25140 25141 485
25140 25143 1008
25142 25143 688
23973 23976 1639
23973 23978 502
23980 23979 346
187255 186191 1749
189481 189480 465
189587 189480 1641
189587 189589 737
189500 189498 761
189500 189499 1135
189500 189551 1207
189549 189551 1194
189550 189551 1681
189550 189552 1194
189522 189552 1803
189554 189552 1220
189554 189562 479
189554 189564 483
189564 189554 483
189564 189562 580
189564 189567 1786
189499 189498 1375
189499 189500 1135
189569 189567 752
190183 189567 1311
134655 134658 536
134664 134658 336
134664 134663 1533
134666 134658 2360
134660 134659 319
134844 134663 1079
134844 134839 612
134850 134839 1085
134842 134841 403
134842 134854 1505
134854 134842 1505
134854 134855 796
134854 134857 599
134857 134854 599
134857 134859 765
134862 134859 1848
134862 134865 682
134864 134865 3386
134864 134867 983
132946 132932 813
134869 132932 653
134869 134868 1008
134921 134920 2441
134934 134920 788
134934 134933 1393
134934 134935 1009
134867 134864 983
134867 134868 836
135658 135656 806
135658 135665 1393
135666 135665 904
135666 135671 1483
135675 135671 435
135675 135673 1483
135675 135677 951
135677 135674 1635
135677 135675 951
135677 135727 708
134943 134941 737
134943 135656 1901
134940 134935 1483
134940 134941 872
134936 134941 1167
134511 134414 806
134511 134509 2515
135742 134414 649
135742 135746 631
135731 135729 168
135731 135740 1125
135746 135740 1415
135746 135742 631
135681 135727 1873
135730 135727 788
135730 135729 1505
134510 134509 191
134519 134517 228
134519 134522 983
134522 134519 983
134522 134521 208
134522 134529 420
134528 134527 1810
134529 134522 420
134529 134527 1505
134578 134577 610
134578 134582 1543
134587 134582 649
134577 134578 610
134577 134583 1008
134581 134583 1344
134581 134586 672
136006 134586 1223
136006 136010 737
136009 136010 1160
136009 136012 806
136014 136012 238
136014 136018 2348
136018 136014 2348
136018 136020 827
136023 136020 983
136023 136025 475
136022 136025 336
136032 136026 818
136032 136052 980
136052 136032 980
136052 136053 1407
136052 136056 475
136053 136052 1407
136053 136056 1268
136744 137418 1945
137420 137418 1827
137432 137419 878
137428 137425 452
137428 137429 1140
137428 137430 1537
137012 136990 1559
137012 137013 1663
137012 137016 366
137013 136990 527
137013 136992 336
137013 137012 1663
136992 136991 2334
136992 137013 336
136996 136991 764
136996 136994 2557
136998 136994 924
136998 136995 889
136909 136904 840
136909 136910 1004
136909 136911 691
136909 137009 2890
136907 136904 667
136907 136906 1197
136907 136908 445
136905 136906 667
136905 136908 1258
133924 133923 629
133924 133934 511
133924 133946 1299
133935 133933 884
133935 133934 1140
133935 133936 2203
133935 133939 806
133947 133936 938
133947 133945 475
133947 133946 373
133947 137108 2407
136958 136950 756
136958 136956 1891
136958 136960 840
136997 136950 1225
136997 136995 788
137040 136961 1889
137040 137038 840
137040 137051 1167
136973 136967 1889
136973 136970 840
136973 136975 504
136972 136970 1778
136972 136971 840
136972 137051 1362
137051 136971 1004
137051 136972 1362
137051 137040 1167
137038 136960 1891
137038 137040 840
136975 136973 504
136975 137094 610
136975 137097 336
137097 136975 336
137097 137094 562
137097 137096 848
137096 137095 1891
137096 137097 848
137096 137098 1780
137096 137101 672
137100 137099 869
137100 137103 877
137101 137096 672
137101 137099 2335
137103 137100 877
137103 137105 418
137103 137110 708
137107 137105 708
137107 137106 2272
137107 137108 877
137107 137113 1085
137110 137103 708
137110 137113 708
137114 137113 893
137114 137125 788
137126 137125 2445
137126 137129 924
137126 137216 1889
137216 137126 1889
137216 137217 1715
137216 137219 1114
137015 137016 827
137015 137018 1948
137015 137027 677
137026 137027 1951
137028 137027 934
137028 137030 1780
137028 137031 756
137007 137031 2002
137007 137046 848
137043 137046 2556
137047 137046 764
137062 137063 252
137062 137074 475
137063 137062 252
137063 137064 756
137063 137074 452
137016 137010 760
137016 137012 366
137016 137015 827
137016 137017 2224
136908 136905 1258
136908 136907 445
136908 136910 765
136912 136910 157
137429 137427 599
137429 137428 1140
137429 137433 688
137433 137429 688
137433 137435 1182
137526 137435 841
137526 137523 1114
137529 137435 1225
137525 137523 672
137525 137524 2451
137525 137528 848
137528 137525 848
137528 137533 2557
137528 137535 756
137537 137535 2335
137537 137541 841
137545 137541 2002
137545 137546 869
137546 137544 1669
137546 137545 869
137601 137544 925
137601 137602 1826
137600 137599 619
137600 137603 125
137602 137601 1826
137602 137603 176
137057 137059 2557
137057 137060 848
137058 137059 848
137058 137064 2778
137098 137060 2002
137098 137096 1780
137098 137152 840
137163 137155 672
137163 137165 2556
137167 137165 756
137167 137172 336
137168 137172 671
137168 137173 443
137168 137174 473
137155 137153 756
137155 137157 2557
137155 137163 672
137152 137098 840
137152 137153 2002
137599 137597 950
137599 137600 619
137609 137597 1631
137609 137612 827
137631 137612 2417
137631 137632 951
138033 137632 2555
138033 138010 737
138037 138010 1810
138037 138035 806
138046 138035 2751
138046 138049 806
138050 138047 2321
138050 138049 1085
138050 138072 806
138050 138076 1593
138075 138049 1533
138075 138076 750
138059 138056 756
138218 138219 750
138218 138220 1411
138217 138093 788
138217 138220 697
138221 138220 276
138203 138222 479
138230 138222 1234
138230 138233 848
138083 138092 672
138091 138092 1205
138093 138092 975
138093 138217 788
138233 138230 848
138233 138357 418
138358 138357 1074
138409 138374 2105
138409 138408 782
138424 138408 1681
138424 138423 782
138343 138329 841
138343 138339 2126
138343 138423 778
138411 138381 1517
138411 138412 1161
138384 138383 697
138412 138383 1226
138412 138411 1161
138375 138376 752
138333 138309 765
138334 138309 1891
138332 138310 581
138332 138825 1093
139570 138803 420
138338 138324 1274
138338 138325 667
138338 138339 1675
138339 138328 925
138339 138338 1675
138339 138343 2126
138840 138824 3335
138826 138825 778
138826 138831 1009
138828 138831 1810
138848 138844 2561
138848 138846 931
138848 138891 1421
138891 138846 1114
138891 138848 1421
138843 138842 536
138843 138844 333
138844 138842 420
138844 138843 333
138844 138848 2561
138758 138757 294
138759 138757 340
138779 138778 338
138779 138783 345
138789 138778 3356
138783 138779 345
138783 138780 420
138787 138780 695
230071 230092 2046
230093 230092 2186
230174 230185 597
230187 230186 796
230188 230186 762
230188 230189 893
230208 230189 344
230507 230494 2819
230214 230498 706
230499 230498 1675
230628 230627 1419
230667 230627 349
230635 230640 535
230674 230640 2191
229902 229900 2095
229902 231039 679
231059 231039 1225
229893 229872 353
229900 229872 1758
229900 229902 2095
229888 229889 1004
229888 229891 1427
229890 229889 753
229891 229888 1427
229891 229892 1427
231041 229892 1004
231050 231049 111
231050 231051 1338
230956 231046 1000
230956 231047 1088
231046 230956 1000
231046 231049 1565
230974 230977 1761
231077 231076 1675
230973 230976 452
230980 230984 562
235272 231031 805
231017 231018 792
231035 231020 2714
229862 229864 390
229898 229897 201
229898 229899 837
229899 229898 837
229899 229946 1297
229913 229946 1148
229913 229956 2191
229953 229948 586
229954 229948 927
229957 229956 514
229781 229779 672
229781 229782 1897
229781 229790 1178
229784 229782 1094
229784 229783 1011
229786 229782 1111
229800 229796 1670
229800 229798 1575
229802 229796 1172
235179 229796 1822
229788 229790 1780
229788 229791 705
229737 229791 1375
229737 229795 1261
229850 229858 2244
229850 229916 1114
229857 229858 1142
229795 229737 1261
229795 229916 670
229815 229814 837
229930 229814 580
229932 229931 786
229405 229400 2338
229405 229768 433
229777 229768 1678
229777 229775 1336
230115 229770 1029
230116 230117 1005
230116 230120 2169
229251 229252 1967
229324 229326 1111
229324 229327 1929
229355 229327 1004
229326 229324 1111
229326 229357 1005
229331 229334 706
229383 229380 672
229397 229398 1005
229401 229398 1483
229767 229400 1606
229776 229775 514
229261 229291 1647
229292 229291 1184
229714 229688 905
229716 229688 237
229716 229717 344
229717 229691 472
229717 229716 344
229718 229691 756
229379 229721 3545
229753 229721 452
229689 229746 1470
229747 229746 1910
229759 229756 587
229783 229756 1187
229783 229780 1447
229783 229784 1011
229779 229780 2206
229779 229781 672
229798 229800 1575
229798 229809 1252
230104 230105 1556
230104 230107 1297
230105 230104 1556
230105 230107 1541
230103 230117 452
230007 230014 706
231247 231248 1662
231247 231249 748
231249 231247 748
231249 231254 1138
234890 234889 913
234892 234889 2219
231237 231239 761
231237 231240 1292
231241 231239 2223
231241 231242 1422
231242 231241 1422
231242 231306 580
231240 231237 1292
231240 231273 612
231301 231303 784
231301 231305 2304
234676 231303 2023
235254 231313 2377
226752 226754 111
226767 226754 847
226755 226756 1028
231633 229122 549
230328 230329 1014
230328 230329 1014
230275 230274 373
230275 230277 139
230274 230273 6437
230274 230275 373
230274 230276 168
232139 230273 128
232147 232144 503
232147 232146 1111
232147 232149 275
232146 232147 1111
232146 232163 1095
232162 232163 1576
232143 232148 670
232144 232147 503
232144 232148 1675
232154 232148 1576
232154 232155 670
232160 232159 335
232160 232161 1669
232161 232160 1669
232161 232176 1006
232181 232176 2643
230336 230337 1276
230336 230340 1219
230340 230336 1219
230340 230337 562
230340 230648 1011
230344 230343 1445
230344 230651 168
230647 230648 1334
230652 230651 1445
8919 8916 942
8934 8916 459
8939 8932 540
35055 8932 1171
8943 8933 698
8945 8933 734
8945 8966 2131
8967 8966 735
8982 8999 849
8990 8992 786
8990 8999 2452
8992 8990 786
8992 9001 741
9002 9001 787
9002 9004 786
9005 9004 2563
9005 9009 693
9015 9014 960
9231 9014 1061
9231 9234 1196
9225 8777 1086
9225 9234 2872
8777 9225 1086
8777 9235 2525
9229 9236 2526
9242 9241 1824
9248 9254 975
9253 9254 159
34775 9254 1232
9259 9279 2487
9280 9279 1086
9280 9284 1192
9285 9284 1484
9286 9287 894
9288 9287 2069
9465 9467 883
9468 9467 2918
10072 10067 945
10073 10067 358
9934 9935 1860
9688 34689 2289
9925 34689 1928
34680 34681 556
34691 34681 910
10107 10223 288
10229 10226 1386
10230 10226 897
10282 10287 311
10285 10286 2655
10285 10289 694
10285 10326 2272
10286 10285 2655
10286 10289 2417
10325 10326 1045
10325 10331 1728
10329 10331 1637
10329 10339 755
10337 10338 2658
10337 10339 831
10340 10338 724
10340 10339 2653
10340 10342 2436
10335 10624 2144
13054 13055 1362
13060 13055 946
13060 13059 1513
13107 13059 2258
10906 10902 727
10906 10905 1260
10625 10626 812
10627 10626 1486
10904 10902 544
10609 10610 2652
10611 10613 1809
10664 10662 295
10642 10618 1927
10642 10640 951
10616 10620 835
10619 10620 1757
10619 10641 1919
10640 10641 1880
10640 10642 951
10696 10686 403
10928 10688 660
10928 10929 1022
10941 10929 1648
10941 10940 869
10940 10941 869
10940 10942 603
10940 10945 1654
10942 10940 603
10942 10946 1459
10948 10946 1585
10948 10957 843
10957 10948 843
10957 10955 1088
10957 10958 1053
10958 10955 1491
10958 10957 1053
10958 10988 936
10988 10958 936
10988 10987 1540
10992 10987 2782
10989 10990 1864
10989 13300 1853
11000 10999 635
11090 10999 1225
13300 10989 1853
13300 13301 557
13300 13310 696
10951 13301 1072
13303 13301 610
13307 13309 1499
13317 13309 1900
13417 13425 601
8211 8210 1566
8276 8212 1161
8381 8212 1321
13337 13338 5896
13359 13338 1625
13359 13367 750
13354 13394 938
13395 13385 676
13395 13394 604
13383 13388 1007
13385 13388 950
13385 13395 676
34781 34780 890
12816 12800 737
12816 12801 1671
12816 12817 946
12796 12811 4294
12819 12811 1004
13365 12811 3015
13365 13364 611
13367 13359 750
13367 13368 1120
13370 13368 1671
13370 13371 475
13361 13371 1850
13056 13062 1344
13056 13063 930
13104 13063 2481
13083 13084 1032
13078 13090 1014
13094 13090 4449
13094 13168 536
13062 13056 1344
13062 13082 1268
13062 13086 847
13080 13082 1072
12793 12795 1225
13172 13169 1415
13172 13173 201
13172 13207 1101
13211 13208 708
13173 13172 201
13173 13207 1007
13184 13171 3201
13184 13185 1007
13189 13185 511
13198 13201 2077
13198 13202 475
13820 13721 2407
13820 13822 1945
13824 13822 3119
13824 13828 2402
13720 13721 279
13723 13721 2113
13723 13830 475
13830 13723 475
13830 13831 475
13838 13831 222
13838 13836 872
13732 13734 1416
34931 13734 330
13793 13794 2005
13876 13794 610
13796 13879 2480
13893 13885 254
13893 13892 1392
13892 13893 1392
13892 13895 816
13892 13897 2342
13815 13895 475
13817 13900 2243
13898 13900 2216
13903 13900 2280
13903 13974 1950
13974 13903 1950
13974 13975 1880
13984 13975 721
23815 13993 3572
14172 13991 562
14172 13995 598
14195 14173 612
23971 23975 672
23971 23977 1344
23976 23973 1639
23976 23975 877
23976 24020 1254
23975 23971 672
23975 23976 877
23975 24025 1393
23826 23821 2458
23826 23830 806
23831 23830 1901
23831 23834 869
23992 23834 418
23992 23993 946
23821 23826 2458
23821 23833 750
23916 23833 649
23909 23910 1398
23914 23910 453
23928 23940 1254
695
229765
229293
229298
229306
229686
229361
229739
229757
229810
229811
229407
230123
230016
231286
231287
231259
231264
231265
231269
234888
231243
231272
231304
231311
231312
226753
229084
230658
230331
230345
234427
230346
230278
230272
232165
232150
232173
232174
230342
230653
8917
8931
8976
8984
9000
9007
9046
9233
9237
9265
9267
9252
9275
9276
9405
9469
9472
9938
34687
9940
9946
10224
10225
9992
8885
9429
10296
10288
10305
10344
10347
10348
8866
10341
10357
12767
13108
10907
10631
10899
10622
10663
10617
10621
10665
10684
10685
10926
10927
10947
10991
10997
13311
13304
13318
13421
13433
7755
8098
8213
13392
13398
34104
13436
12803
12818
13363
13372
13109
13085
13093
13087
12799
13133
13204
13174
13210
13192
13238
13237
13844
13848
13852
13195
13823
13850
13829
13835
13839
13875
13877
13881
13886
13894
13896
13911
12094
13986
13990
14174
14181
24018
24021
23832
23835
23837
23925
23936
23829
23991
14311
25148
25151
23956
23964
23965
25143
23978
23979
186191
189480
189589
189551
189552
189562
189498
189567
134658
134659
134663
134839
134841
134855
134859
134865
132932
134920
134868
134933
135665
135671
135673
135674
135656
134935
134941
134414
135740
135727
135729
134509
134517
134521
134527
134582
134583
134586
136010
136012
136020
136025
136026
136056
137418
137419
137430
136990
136991
136994
137009
136904
136906
133923
133933
133934
133946
136950
136995
136956
136961
136967
136970
136971
136960
133945
137094
137095
137099
137105
137106
133936
133939
137108
137113
137125
137129
137217
137018
137027
137030
137031
137046
137074
136911
137010
137017
136910
137425
137427
137435
137523
137524
137533
137535
137541
137544
137603
137059
137064
137060
137165
137172
137157
137153
137597
137612
137632
138010
138035
138047
138049
137173
137174
137219
138056
138072
138076
138219
138220
138222
138092
138357
138374
138408
138423
138329
138381
138383
138376
138309
138310
138803
138324
138325
138328
138824
138825
138831
138846
138842
138757
138778
138780
231261
230092
230185
230186
230189
230494
230498
230627
230640
231039
229872
229889
229892
231051
231047
231049
230977
231076
230976
230984
231031
231018
231020
229864
229897
229946
229948
229956
229782
229796
229790
229791
229858
229916
229814
229931
229768
229770
230120
229252
229327
229357
229334
229380
229398
229400
23944
23993
14312
14313
25146
34160
23955
23908
25141
25140
25142
23973
187255
189481
189587
189500
189549
189550
189522
189554
189564
189499
189569
134655
134664
134666
134660
134844
134850
134842
134857
134862
134864
132946
134869
134921
134934
134867
135658
135666
135675
135677
134943
134940
134936
134511
135742
135731
135746
135681
135730
134510
134519
134528
134529
134578
134577
134581
136006
136009
136014
136018
136023
136022
136032
136053
136744
137432
137013
136992
136996
136998
136958
136997
137040
136973
136972
137051
137038
136975
137097
137100
137101
137103
137110
137114
137126
137216
137015
137026
137028
137007
137043
137047
137062
137063
137433
137526
137529
137525
137528
137537
137545
137546
137601
137057
137058
137098
137163
137167
137168
137155
137152
137599
137609
137631
138033
138037
138046
138075
138218
138217
138203
138230
138083
138091
138093
138233
138358
138409
138424
138343
138411
138384
138412
138375
138333
138334
138332
138338
138339
138840
138826
138828
138848
138891
138843
138844
138779
138789
138783
138787
230071
230093
230174
230187
230188
230214
230499
230628
230635
229902
231059
229893
229900
229888
229891
231050
230956
231046
230974
230973
230980
231017
231035
229862
229898
229899
229913
229784
229800
229802
229788
229737
229850
229857
229795
229405
229777
230115
230116
229251
229324
229355
229326
229331
229383
229397
229401
229261
229292
229714
229716
229717
229718
229379
229689
229779
229798
230104
230105
230103
230007
231247
231249
234890
231237
231241
231242
231240
231301
235254
226752
226767
226755
230328
230274
232139
232146
232162
232143
232144
232154
232160
232161
232181
230336
230344
230647
8919
8934
8939
8943
8945
8967
8982
8990
8992
9002
9005
9231
9225
8777
9229
9242
9248
9253
34775
9259
9280
9285
9288
9465
9468
10072
9934
9688
9925
34680
10107
10230
10282
10285
10325
10329
10337
10335
13060
13107
10625
10609
10611
10664
10642
10616
10619
10640
10696
10928
10941
10942
10948
10957
10988
10951
13303
13307
13317
13417
13337
13359
13354
13383
13385
34781
12816
12796
12819
13367
13370
13361
13056
13104
13083
13078
13094
13062
13080
12793
13184
13189
13198
13820
13824
13720
13723
13830
13838
13732
13793
13876
13796
13893
13815
13817
13898
13974
23815
23971
23975
23826
23831
23821
23909
23914
23928
