828
119356 119372 508
114054 114142 113
114056 114057 1248
114056 114058 708
114111 114112 1006
114111 114339 807
114342 114341 472
114342 114360 610
114350 114349 604
114301 114296 452
108605 108606 1031
108608 108606 1225
108608 108609 839
109272 109405 1220
109340 109329 3458
109340 109361 238
109318 108610 3700
109328 109327 333
109328 109329 1013
109406 109407 1348
109524 109522 1931
109524 109693 509
109660 109661 1091
108643 108641 1565
108643 108666 1622
108643 113792 1035
109337 109323 3343
109337 109324 3546
109356 109354 344
109356 109357 756
109359 109357 1259
109359 109678 1000
109351 109609 252
109595 109644 1004
109645 109644 2099
109629 109630 927
109629 109631 1352
109739 109633 473
109739 109634 4518
109726 109725 1005
109726 109743 279
109740 109741 1223
109740 109761 1558
109740 109766 696
109759 109758 2584
109759 109761 809
109741 109740 1223
109741 109767 1901
110075 110076 685
110075 110077 484
110097 110098 313
110097 110099 805
110138 110139 250
110100 110076 469
110100 110077 672
110014 110156 809
110113 110114 4647
110113 110117 737
110119 110156 1028
110172 110231 889
110225 110156 1028
110225 110212 737
110225 110227 2559
110240 110231 872
110240 110241 2944
110161 110164 750
110186 110189 809
110242 110241 809
110244 110235 2079
110244 110241 806
110244 111367 747
110824 110837 340
110822 110797 255
110822 113869 1041
110864 110863 796
110829 110845 4875
110862 110865 222
110224 110222 420
110732 110733 809
110732 110761 982
110760 110761 713
110746 110747 743
110750 110749 516
110780 110776 1445
110272 110276 1179
110277 110276 516
110277 110280 238
111367 110236 1876
111367 110244 747
110237 110236 806
110237 110238 836
110239 110238 672
110256 110257 289
103861 103857 522
103855 103846 516
103859 103860 373
112857 112859 1085
112801 112800 975
112801 112802 588
112804 112805 349
112815 112814 1544
112815 112816 672
112815 112826 1022
103906 103907 1585
103906 103908 1886
103991 103902 284
103991 103907 557
103992 103903 1223
103992 103904 1565
103894 103895 612
103894 103905 947
112495 112494 877
112495 112545 2141
112546 112545 889
112546 112800 1426
110850 110851 1062
110850 110908 788
110846 110845 1278
110860 110786 434
110828 110837 2004
104021 113690 796
103932 103933 1854
103932 103934 2086
103939 103934 354
103939 103938 747
104706 104703 1828
104706 104707 2040
104711 104712 951
104711 104722 1797
104722 104711 1797
104722 113614 373
39058 39055 1724
39058 39059 1565
39098 39094 2561
39098 39097 354
39090 39091 2005
39090 39091 2005
39094 39095 827
39094 39098 2561
39233 39231 2628
39233 39252 537
39253 39252 806
39246 39243 673
39246 39248 924
39249 39248 965
39251 39247 1627
39251 39262 511
39251 39266 1337
39266 39251 1337
39266 39263 751
37181 37180 2479
37181 37196 511
37204 39275 1471
37099 37095 139
37100 37093 403
37107 37106 421
37114 38175 1901
37070 37029 1152
37070 37073 1111
37070 37083 1345
37085 37083 435
37073 37070 1111
37073 37091 1015
37081 37074 551
37081 37083 848
37063 37062 2579
37063 37066 1161
37063 37074 1220
37078 37066 878
37205 37079 1140
38176 38175 1885
38176 38190 939
38183 38178 1258
38183 38193 202
38190 38176 939
38190 38178 1951
37151 36999 1658
37151 37153 1357
37151 37160 1742
37157 37156 1198
37160 37151 1742
37160 37152 983
38208 38209 557
38208 38210 279
38212 38210 925
38212 38367 1116
38367 38212 1116
38367 38369 1114
38370 38369 757
38370 38372 2340
38370 38373 1262
38371 38387 452
38394 38395 1116
38394 38397 765
38389 38387 421
38392 38385 589
38392 38399 1016
38404 38399 1351
38404 38439 1558
38441 38439 1016
38441 38445 1124
38445 38441 1124
38445 38542 1000
38543 38485 333
38543 38503 1482
38549 38542 258
38549 50395 1877
38492 38493 747
38492 38498 2087
38500 38499 1438
38500 38501 810
38493 38492 747
38493 38494 4093
38505 38503 111
38501 38500 810
38501 38534 558
38535 38533 1815
38572 38499 1073
38578 38538 849
38578 38539 1022
38866 38867 697
38866 38868 1412
38882 38885 951
38883 38886 2005
38883 40651 558
38868 38866 1412
38868 38884 279
40655 40649 354
40652 38888 976
40652 40651 818
40654 38888 1210
40654 38909 1533
40662 40684 1343
40686 40684 789
40686 40687 1768
40687 38917 2554
40687 40685 869
40687 40686 1768
40692 38917 717
40692 39000 2452
38987 38985 276
38987 38996 645
38989 38988 1064
38997 38995 2635
38997 38996 842
39000 38995 994
39000 40692 2452
38961 38947 682
38961 38962 2322
38961 38964 475
38948 38945 630
38948 38964 2511
38962 38961 2322
38962 38966 601
38972 38968 552
38971 38807 276
38971 38969 1426
38971 41551 344
41553 41551 807
41553 41555 2510
38970 38968 610
38970 38969 435
38970 38974 630
38974 38970 630
38974 38977 890
41555 41548 870
41555 41553 2510
41555 41556 2170
41568 41556 905
47533 47531 828
47533 47652 2051
47602 47599 709
47602 47601 1467
47607 47601 709
47607 47609 1873
47650 47531 2614
47724 47609 871
47724 47634 2111
47728 47634 790
47728 47745 1979
47746 47637 724
47746 47745 1162
47751 47642 600
47751 47752 2104
47756 47752 879
48049 47752 2005
48049 48048 1032
48054 48051 871
48054 48059 2111
48061 48059 871
47922 47917 828
47922 47925 4667
47927 47909 2192
47926 47909 953
47926 47910 2063
48053 47910 1064
48053 48051 2192
48053 48059 766
48068 48059 2192
47868 47865 1774
47868 47867 713
47868 47873 904
47914 47887 323
47914 47917 281
47873 47866 1419
47873 47868 904
47873 47872 844
47939 47863 853
47939 47937 820
47946 47943 1624
47944 47943 807
47944 47949 1255
47863 47862 378
47863 47939 853
47863 49850 343
47949 47449 879
47949 47944 1255
47949 47951 837
47952 47951 940
47952 47954 789
47954 47456 1009
47954 47952 789
47958 47981 374
47979 47477 1597
47979 47478 948
47982 47478 2376
130523 46198 1460
130523 130520 650
46199 46198 164
47476 47478 837
130871 130845 1880
130871 130889 782
130889 130871 782
130845 130871 1880
131274 126187 443
126187 131274 443
131614 131623 1892
131623 131614 1892
131716 131717 747
131722 132204 1160
131717 131716 747
132204 131722 1160
132209 132222 1616
132222 132209 1616
132230 132232 874
132232 132230 874
132232 132252 808
132252 132232 808
132252 132257 837
132257 132252 837
132259 132261 1735
132261 132259 1735
54147 54149 650
54149 54147 650
54159 54166 807
54166 54159 807
54234 54235 1161
54235 54234 1161
143391 143388 197
143605 143826 892
143972 143816 804
143816 143972 804
143750 143751 1432
143751 143750 1432
143744 143738 384
143826 143605 892
143738 143744 384
144902 144907 916
144905 144922 366
144907 144902 916
144922 144905 366
143366 143370 755
143370 143366 755
143388 143391 197
144987 144986 1278
144978 144979 297
144984 144986 356
144986 144984 356
144986 144987 1278
144979 144978 297
145167 145168 523
145168 145167 523
145168 145171 827
145171 145168 827
146620 146621 1338
146621 146620 1338
146689 146690 858
146676 146677 854
146690 146689 858
146677 146676 854
146684 146823 2321
146823 146684 2321
153596 153602 1856
153602 153596 1856
153546 153547 667
153547 153546 667
167806 167808 2318
167808 167806 2318
178621 178846 3911
178846 178621 3911
179857 179893 153
179945 179944 291
179893 179857 153
179944 179945 291
152869 152870 683
153824 153826 476
153826 153824 476
152870 152869 683
153262 153272 766
153272 153262 766
153272 153277 766
153277 153272 766
156114 156020 1683
156020 156112 751
156020 156114 1683
156164 156716 2132
156716 156164 2132
153356 153362 590
153362 153356 590
153497 153496 924
153496 153497 924
155933 155934 697
155580 155578 837
155580 155581 1284
155578 155580 837
155934 155933 697
156112 156020 751
155581 155580 1284
155929 155928 672
155928 155929 672
156393 156397 672
156397 156393 672
160149 160147 1263
160147 160149 1263
156483 156479 849
156479 156483 849
156839 156840 683
156840 156839 683
156994 156997 973
156965 156970 1494
156970 156965 1494
160471 160480 1683
160480 160471 1683
160490 160499 3626
156997 156994 973
160496 160495 600
160495 160496 600
160499 160490 3626
165894 165893 475
165893 165894 475
165579 165581 818
166001 165999 713
165999 166001 713
165581 165579 818
165687 165672 818
165672 165687 818
92357 92358 1667
92358 92357 1667
108109 108099 2334
108099 108109 2334
108457 108468 938
108468 108457 938
108611 108610 354
93603 93604 3281
93604 93603 3281
93121 93123 893
93123 93121 893
119372 119356 508
114142 114054 113
114057 114056 1248
114058 114056 708
114112 114111 1006
114339 114111 807
114341 114342 472
114360 114342 610
114349 114350 604
114296 114301 452
108606 108605 1031
108606 108608 1225
108609 108608 839
108609 108610 608
109405 109272 1220
109329 109328 1013
109329 109340 3458
109361 109340 238
108610 108609 608
108610 108611 354
108610 109318 3700
109327 109328 333
109407 109406 1348
109522 109524 1931
109693 109524 509
109661 109660 1091
108641 108643 1565
108666 108643 1622
113792 108643 1035
109323 109324 1097
109323 109337 3343
109324 109323 1097
109324 109337 3546
109354 109356 344
109357 109356 756
109357 109359 1259
109678 109359 1000
109609 109351 252
109644 109595 1004
109644 109645 2099
109630 109629 927
109631 109629 1352
109631 109633 4214
109633 109631 4214
109633 109634 4528
109633 109739 473
109634 109633 4528
109634 109739 4518
109725 109726 1005
109743 109726 279
109761 109740 1558
109761 109759 809
109766 109740 696
109758 109759 2584
109767 109741 1901
110076 110075 685
110076 110077 203
110076 110100 469
110077 110075 484
110077 110076 203
110077 110100 672
110098 110097 313
110099 110097 805
110139 110138 250
110156 110014 809
110156 110119 1028
110156 110225 1028
110114 110113 4647
110117 110113 737
110231 110172 889
110231 110227 872
110231 110240 872
110212 110225 737
110227 110225 2559
110227 110231 872
110241 110240 2944
110241 110242 809
110241 110244 806
110164 110161 750
110189 110186 809
110235 110236 611
110235 110244 2079
110837 110824 340
110837 110828 2004
110797 110822 255
113869 110822 1041
110863 110864 796
110845 110829 4875
110845 110846 1278
110865 110862 222
110222 110224 420
110733 110732 809
110761 110732 982
110761 110760 713
110747 110746 743
110749 110750 516
110776 110780 1445
110276 110272 1179
110276 110277 516
110276 110280 598
110280 110257 227
110280 110276 598
110280 110277 238
110236 110235 611
110236 110237 806
110236 111367 1876
110238 110237 836
110238 110239 672
110257 110256 289
110257 110280 227
103857 103861 522
103846 103855 516
103860 103859 373
112859 112857 1085
112800 112546 1426
112800 112801 975
112802 112801 588
112805 112804 349
112814 112815 1544
112816 112815 672
112826 112815 1022
103907 103906 1585
103907 103908 938
103907 103991 557
103908 103906 1886
103908 103907 938
103902 103903 1136
103902 103991 284
103903 103902 1136
103903 103904 947
103903 103992 1223
103904 103903 947
103904 103905 672
103904 103992 1565
103895 103894 612
103905 103894 947
103905 103904 672
112494 112495 877
112545 112495 2141
112545 112546 889
110851 110850 1062
110908 110850 788
110786 110860 434
113690 104021 796
103933 103932 1854
103934 103932 2086
103934 103939 354
103938 103939 747
103938 104707 1226
104703 104706 1828
104703 104707 884
104707 103938 1226
104707 104703 884
104707 104706 2040
104712 104711 951
113614 104722 373
39055 39058 1724
39059 39058 1565
39097 39098 354
39091 39090 2005
39091 39090 2005
39095 39094 827
39231 39233 2628
39252 39233 537
39252 39253 806
39243 39246 673
39248 39246 924
39248 39247 847
39248 39249 965
39247 39248 847
39247 39251 1627
39262 39251 511
39262 39263 1152
39263 39262 1152
39263 39266 751
37180 37181 2479
37196 37181 511
39275 37204 1471
37095 37099 139
37093 37100 403
37106 37107 421
38175 37114 1901
38175 38176 1885
37029 37070 1152
37083 37070 1345
37083 37081 848
37083 37085 435
37091 37073 1015
37074 37063 1220
37074 37081 551
37062 37063 2579
37066 37063 1161
37066 37078 878
37079 37152 1901
37079 37205 1140
38178 38183 1258
38178 38190 1951
38193 38183 202
36999 37151 1658
37153 37151 1357
37156 37157 1198
37152 37079 1901
37152 37160 983
38209 38208 557
38210 38208 279
38210 38212 925
38369 38367 1114
38369 38370 757
38372 38370 2340
38372 38385 1116
38373 38370 1262
38373 38385 2578
38373 38387 344
38387 38371 452
38387 38373 344
38387 38389 421
38395 38394 1116
38397 38394 765
38385 38372 1116
38385 38373 2578
38385 38392 589
38399 38392 1016
38399 38404 1351
38439 38404 1558
38439 38441 1016
38542 38445 1000
38542 38485 1533
38542 38549 258
38485 38542 1533
38485 38543 333
38503 38505 111
38503 38543 1482
50395 38549 1877
38498 38492 2087
38498 38499 807
38499 38498 807
38499 38500 1438
38499 38572 1073
38494 38493 4093
38534 38501 558
38533 38535 1815
38538 38578 849
38539 38578 1022
38867 38866 697
38885 38882 951
38885 38884 1379
38886 38883 2005
38886 38888 952
40651 38883 558
40651 40649 1345
40651 40652 818
38884 38868 279
38884 38885 1379
40649 40651 1345
40649 40655 354
38888 38886 952
38888 40652 976
38888 40654 1210
38909 40654 1533
40684 40662 1343
40684 40685 1670
40684 40686 789
38917 38995 2468
38917 40687 2554
38917 40692 717
40685 40684 1670
40685 40687 869
38985 38987 276
38996 38987 645
38996 38997 842
38988 38989 1064
38995 38917 2468
38995 38997 2635
38995 39000 994
38947 38945 3120
38947 38961 682
38964 38948 2511
38964 38961 475
38945 38947 3120
38945 38948 630
38966 38962 601
38968 38969 475
38968 38970 610
38968 38972 552
38807 38971 276
38969 38968 475
38969 38970 435
38969 38971 1426
41551 38971 344
41551 41548 2780
41551 41553 807
38977 38974 890
41548 41551 2780
41548 41555 870
41556 41555 2170
41556 41568 905
47531 47533 828
47531 47650 2614
47652 47533 2051
47652 47599 668
47599 47602 709
47599 47652 668
47601 47602 1467
47601 47607 709
47609 47607 1873
47609 47724 871
47634 47724 2111
47634 47728 790
47745 47637 1331
47745 47728 1979
47745 47746 1162
47637 47745 1331
47637 47746 724
47642 47751 600
47752 47751 2104
47752 47756 879
47752 48049 2005
48048 48049 1032
48048 48051 1956
48051 48048 1956
48051 48053 2192
48051 48054 871
48059 48053 766
48059 48054 2111
48059 48061 871
48059 48068 2192
47917 47914 281
47917 47922 828
47925 47922 4667
47909 47926 953
47909 47927 2192
47910 47926 2063
47910 48053 1064
47865 47868 1774
47867 47868 713
47887 47914 323
47866 47873 1419
47872 47873 844
47937 47939 820
47943 47449 1308
47943 47944 807
47943 47946 1624
47862 47863 378
49850 47863 343
47449 47943 1308
47449 47949 879
47951 47456 837
47951 47949 837
47951 47952 940
47456 47951 837
47456 47954 1009
47981 47477 583
47981 47958 374
47477 47979 1597
47477 47981 583
47478 47476 837
47478 47979 948
47478 47982 2376
46198 46199 164
46198 130523 1460
130520 130523 650
947
119356
114054
114056
114111
114342
114350
114301
108605
108608
109272
109340
109318
109328
109406
109524
109660
108643
109337
109356
109359
109351
109595
109645
109629
109739
109726
109740
109759
109741
110075
110097
110138
110100
110014
110113
110119
110172
110225
110240
110161
110186
110242
110244
110824
110822
110864
110829
110862
110224
110732
110760
110746
110750
110780
110272
110277
111367
110237
110239
110256
103861
103855
103859
112857
112801
112804
112815
103906
103991
103992
103894
112495
112546
110850
110846
110860
110828
104021
103932
103939
104706
104711
104722
39058
39098
39090
39094
39233
39253
39246
39249
39251
39266
37181
37204
37099
37100
37107
37114
37070
37085
37073
37081
37063
37078
37205
38176
38183
38190
37151
37157
37160
38208
38212
38367
38370
38371
38394
38389
38392
38404
38441
38445
38543
38549
38492
38500
38493
38505
38501
38535
38572
38578
38866
38882
38883
38868
40655
40652
40654
40662
40686
40687
40692
38987
38989
38997
39000
38961
38948
38962
38972
38971
41553
38970
38974
41555
41568
47533
47602
47607
47650
47724
47728
47746
47751
47756
48049
48054
48061
47922
47927
47926
48053
48068
47868
47914
47873
47939
47946
47944
47863
47949
47952
47954
47958
47979
47982
130523
130526
46199
47402
47407
47459
47461
47476
130718
130706
130720
130608
130712
130747
130750
130775
130790
130821
130822
130858
130865
130870
130871
130889
130893
130845
130847
130854
131128
131154
131127
131158
131172
131176
131180
131191
131274
126187
131282
131188
131526
131286
131549
131302
131551
131552
131573
131614
131623
131631
131716
131636
131722
132157
131717
132163
132210
132211
132204
132209
132222
132230
132232
132252
132256
132257
132259
132261
132276
54147
54149
54156
54159
54166
54234
54097
54108
54110
54118
54112
54114
54115
54266
54268
54235
54226
54242
140330
140369
140340
140345
140487
140490
143449
143369
143530
143531
143391
140295
143534
143542
143550
143594
143596
143600
143605
143609
143634
143636
142852
143967
143965
143971
143972
143811
143816
143778
143800
143812
143753
143756
143797
143750
143751
143757
143741
143744
143826
143738
143742
142888
143969
142887
142885
142892
144902
144905
144907
144922
144926
144929
144933
144920
143176
143181
143203
143226
143232
143238
143294
143357
143366
143370
143388
144921
144970
144987
144978
144984
144986
204787
204965
207727
144979
145167
145168
145171
145184
145188
145189
145229
145250
145264
145270
145272
146441
146445
146446
146612
146617
146620
146621
146689
146676
146690
146696
146677
146684
146820
146821
146867
146823
146825
146839
146833
146843
146890
146891
146920
150131
211713
210013
152806
153809
172673
153537
153596
153599
153602
172672
153539
153546
153547
162506
162504
168524
162498
168500
162500
168452
167750
167806
167798
167808
178613
178621
178846
178644
178861
178843
180040
180050
177669
179775
179857
179945
179893
179944
179934
179956
152873
152878
152869
152876
153823
153824
153826
153843
152805
152815
153811
153820
172242
152870
153262
153251
153272
153278
153277
156105
156114
156020
156017
156164
156180
156581
156716
153334
153350
153356
153362
153376
153447
153371
154832
154836
153402
153497
154847
153496
153493
154843
157020
154864
154837
154867
154871
154869
155933
155580
155578
155585
155934
156134
156112
153460
153470
153465
155936
157013
154853
155880
157004
156999
155581
155929
155928
179973
172946
172276
172927
172931
172509
185283
178122
178522
178534
177699
173293
178579
173080
172969
177740
178020
178023
178164
178165
178085
178029
178146
173289
173264
173337
174774
173498
173500
174923
174927
185502
173472
174925
174942
176684
176693
177576
177575
177583
177578
156393
160157
177592
156397
160149
160147
177336
160205
156523
156528
160278
160257
160223
160266
160189
160193
156483
156479
156575
156839
160367
160351
160384
160338
160373
156840
156895
156883
156649
156711
156713
156790
156869
156959
156679
156994
156965
156970
160471
160480
160490
156997
156680
160496
160495
160499
156639
156891
156642
156815
156819
156914
156924
156889
156942
156946
156950
156694
156972
156939
156984
156671
158428
177329
177371
177380
177412
177373
177397
177391
176687
174903
174905
165894
165893
165909
165647
165648
165666
165864
165579
165639
165645
167790
167812
167697
167734
172691
167818
167823
167827
165457
165459
167838
167837
167532
167873
167545
165913
165921
165980
166001
166008
166006
165999
166012
165581
165687
165688
161521
161548
161543
161574
161577
213260
214287
161425
164636
164868
164885
164676
164677
165672
165695
165698
165708
165706
165714
165746
165747
165733
164971
165730
164976
164978
114298
114138
118847
119070
119188
119246
119193
119254
119335
119334
119199
119475
118808
119002
119006
119000
119008
94348
94385
94426
94361
94389
92147
92226
92227
92377
92378
92357
92358
94570
94487
100417
100614
94541
93157
93165
93793
93841
93847
94139
94150
94143
94153
105664
108196
108418
108138
108186
108183
105801
105817
108109
108238
108240
108232
108049
108099
108415
108425
108427
108457
108472
108468
108484
108556
108553
108598
108600
108628
108611
108637
108629
108632
93603
93604
93613
93700
93791
93799
93121
93126
93123
92524
92526
103142
94528
92627
92633
92647
92654
92713
191322
191920
190956
191609
192038
191306
191855
191614
191765
191668
191686
190865
191188
191325
192626
194505
191314
192630
192650
190940
192675
119372
114142
114339
114341
114296
108606
109329
109361
109327
109522
109693
109661
108641
108666
113792
109323
109324
109354
109357
109609
109631
109634
109725
109743
109761
109766
109758
109767
110156
110117
110231
110212
110227
110241
110235
110837
110797
113869
110863
110845
110865
110222
110733
110761
110747
110749
110776
110238
103857
103846
103860
112800
112814
112826
103908
103895
103905
112494
112545
110851
110908
110786
103933
103934
103938
104703
104712
39055
39059
39097
39091
39095
39231
39252
39243
39247
39262
39263
37180
37196
39275
37095
37093
37106
38175
37029
37091
37074
37062
37066
37079
38178
38193
36999
37153
37156
37152
38209
38210
38369
38372
38385
38399
38439
38542
38485
38503
38494
38533
38538
38539
38867
38885
38886
38884
40649
38888
38909
40684
38917
40685
38985
38996
38988
38995
38947
38945
38966
38968
38807
38969
41551
41548
41556
47531
47652
47599
47601
47609
47634
47745
47637
47642
47752
48048
48051
47917
47925
47909
47910
47865
47867
47887
47866
47872
47937
47943
47862
49850
47449
47456
47477
47478
130520
