568
155504 155483 810
155504 155508 2197
155489 155483 2843
175953 175954 517
175953 175955 782
175996 175984 1558
175996 176119 552
176005 176004 777
176005 176127 673
175990 175991 421
175990 176478 713
176489 176479 782
176489 176490 683
176468 176469 445
176468 176500 926
176488 176487 517
176488 176497 562
175955 175953 782
175955 175956 552
176004 176001 1234
176004 176005 777
176004 176129 682
176002 176001 1344
176002 176008 1336
176002 176135 589
176007 176006 758
176007 176010 333
175994 175991 667
172799 155679 4608
152061 152063 849
152061 155616 667
176466 155615 973
176466 176465 1906
152040 152041 890
152040 155523 1115
155525 155524 1307
155575 155524 1855
155575 155576 1780
155608 152065 403
155608 155613 2000
155570 155571 581
155570 155572 476
155607 152064 276
155607 155609 2561
155611 155591 1306
155611 155610 1576
155612 155613 782
152067 152066 4015
152067 155614 1848
175909 175908 1536
175909 175976 1055
175980 175975 709
175984 175983 1074
175984 175996 1558
175834 175833 1436
175832 175833 778
177104 177105 1225
177104 177117 421
177022 177019 3110
177022 177073 1141
177019 177020 765
177019 177022 3110
177018 177017 619
176937 176938 423
176937 176951 452
176947 176950 757
176947 176953 1334
176940 176939 322
176940 185335 297
177032 177031 757
177032 177036 1344
177035 176953 849
177035 177036 682
177035 177038 1447
177033 177034 1183
177033 177039 2791
177039 177033 2791
177039 177041 452
175852 175883 452
176082 176087 818
176104 177173 581
176098 177158 435
177175 177174 788
176088 176080 751
176088 176087 3345
176088 176089 612
175906 175907 5284
175906 175978 1270
175906 176105 849
176080 176081 581
176080 176088 751
176945 176944 667
176945 185334 552
177159 176963 476
177159 177156 1210
176946 176943 1086
176946 176944 1594
176943 176944 672
176943 176946 1086
176667 176666 435
176667 176787 1430
176786 176785 2295
176786 176791 672
176789 176781 841
176789 176791 3338
176779 176780 581
176779 176781 1628
176854 176792 2688
176874 176876 1055
176874 176880 932
176885 176880 952
176884 176873 111
176884 176891 435
176895 176894 672
176878 176877 782
176878 176879 841
173863 173861 3181
173863 185749 4297
176646 174953 3591
176646 176647 1248
174979 174977 2850
174980 186021 1541
185817 174977 1871
175023 175024 435
175023 175025 1268
176663 176664 1232
176663 176759 1464
176635 176633 1600
176635 176754 676
176755 176712 841
176755 176756 1858
210776 210779 804
210776 211317 332
211352 211348 750
211352 211358 2522
211358 211352 2522
211358 211365 402
211419 211421 1059
211419 215009 369
211416 211415 1613
211416 211420 885
211416 211421 1988
211000 210781 802
211000 211001 1180
211001 210782 832
211001 211000 1180
211318 210780 1008
211318 211018 799
211322 211018 2791
211322 211323 828
211343 211341 492
211343 211342 493
166449 166450 850
166449 166469 2335
166447 166450 1334
166447 166451 758
166404 166403 766
166404 166405 778
166404 166451 1556
165038 165053 672
165071 165053 1269
165071 165072 562
165076 165078 1221
165261 165257 818
165257 165261 818
166469 166449 2335
165044 165053 1017
164357 164388 673
164388 164357 673
164702 164701 778
164701 164702 778
211420 211416 885
211421 211416 1988
211421 211419 1059
211467 211469 759
211469 211467 759
211459 211457 822
211471 211474 779
211474 211471 779
211457 211459 822
212466 212513 1440
212513 212466 1440
119417 119420 1558
119420 119417 1558
115397 115399 418
115399 115397 418
115711 115710 1013
115710 115711 1013
115737 115738 1669
115738 115737 1669
106735 106734 782
107229 107166 571
107166 107229 571
107441 107442 6091
107441 107484 1699
107484 107441 1699
107442 107441 6091
107321 107505 1334
107505 107321 1334
106726 106723 1845
106723 106726 1845
106741 106758 562
106734 106735 782
106758 106741 562
115982 115993 838
115993 115982 838
109785 109784 1489
109784 109785 1489
103338 103340 927
111472 111471 279
103340 103338 927
111471 111472 279
111581 111574 1014
111574 111581 1014
111598 111599 778
111599 111598 778
111730 111731 778
111731 111730 778
111753 111741 756
111457 112577 688
112577 111457 688
111741 111753 756
113335 112890 788
104317 104322 238
104322 104317 238
104324 104334 809
103323 112768 1901
112768 103323 1901
112890 113335 788
104334 104324 809
104334 104335 788
104335 104334 788
39588 39591 1484
39591 39588 1484
104818 104828 2180
113951 113949 430
113949 113951 430
104828 104818 2180
39560 39562 1672
39562 39560 1672
39460 39450 612
39450 39460 612
39683 39698 873
39698 39683 873
39748 39755 505
39755 39748 505
40831 40625 2372
40959 40962 587
40962 40959 587
40974 40973 789
40625 40831 2372
40973 40974 789
55223 55224 1080
55224 55223 1080
55224 55390 537
55390 55224 537
48410 48406 884
48406 48410 884
48548 48668 1106
48668 48548 1106
48899 48893 747
48908 49046 948
49046 48908 948
48893 48899 747
48938 48937 1484
48937 48938 1484
49183 49184 671
49184 49183 671
131390 131391 1055
131391 131390 1055
131391 131392 474
131392 131391 474
54349 54354 1635
54354 54349 1635
54492 54497 2353
54497 54492 2353
54574 54577 238
54577 54574 238
144480 142528 2479
144480 144488 2481
144488 144480 2481
144488 144525 2839
144525 144488 2839
144653 144654 775
139787 150609 698
150609 139787 698
146999 147000 508
147000 146999 508
142528 144480 2479
141878 141908 2333
141908 141878 2333
142016 142018 492
142018 142016 492
142044 142052 1160
142052 142044 1160
142564 142578 1223
142578 142564 1223
142727 142729 1754
142729 142727 1754
55466 56106 810
56106 55466 810
204703 195576 213
195576 204703 213
144654 144653 775
144765 144766 1666
144766 144765 1666
145113 145119 897
145119 145113 897
145517 145520 880
145520 145517 880
145593 145595 809
145595 145593 809
145595 145606 776
145606 145595 776
145765 145766 751
145759 145756 792
145756 145759 792
145766 145765 751
145826 145839 690
145839 145826 690
146054 146055 824
146055 146054 824
151580 151577 815
151577 151580 815
151535 151537 851
151537 151535 851
204516 204517 802
204517 204516 802
207868 208558 255
208558 207868 255
208603 208663 363
208663 208603 363
214580 210779 2715
210762 211317 1836
166403 166404 766
166725 166705 893
166705 166725 893
167193 167192 790
167190 167189 818
167189 167190 818
167192 167193 790
167084 167086 1993
166754 166758 766
166758 166754 766
166758 167002 1011
167002 166758 1011
167086 167084 1993
180387 180388 336
180388 180387 336
182319 182320 629
182320 182319 629
181922 181923 344
181923 181922 344
182216 182310 1268
182310 182216 1268
182336 182354 1814
182354 182336 1814
173641 173643 1132
152464 152465 344
152465 152464 344
173643 173641 1132
173860 173857 3525
173857 173860 3525
152041 152040 890
152041 155529 948
155508 155504 2197
155529 152041 948
155483 155489 2843
155483 155504 810
175954 175953 517
176119 175996 552
176127 176005 673
176127 176129 667
175991 175990 421
175991 175994 667
175991 176006 337
176478 175990 713
176478 176479 1467
176478 176479 1467
176479 176478 1467
176479 176478 1467
176479 176489 782
176490 176489 683
176469 176468 445
176500 176468 926
176487 176488 517
176497 176488 562
175956 175955 552
176001 176002 1344
176001 176004 1234
176129 176004 682
176129 176127 667
176008 176002 1336
176135 176002 589
176006 175991 337
176006 176007 758
176010 176007 333
155679 172799 4608
152063 152061 849
152063 152064 435
155616 152061 667
155616 155615 1837
155615 155616 1837
155615 176466 973
176465 176466 1906
155523 152040 1115
155523 155524 807
155524 155523 807
155524 155525 1307
155524 155575 1855
155576 155571 605
155576 155575 1780
152065 152064 610
152065 152066 589
152065 155608 403
155613 155608 2000
155613 155612 782
155613 155614 758
155571 155570 581
155571 155576 605
155572 155570 476
155572 155591 650
152064 152063 435
152064 152065 610
152064 155607 276
155609 155607 2561
155609 155610 871
155591 155572 650
155591 155611 1306
155610 155609 871
155610 155611 1576
152066 152065 589
152066 152067 4015
152066 155614 2229
155614 152066 2229
155614 152067 1848
155614 155613 758
175908 175907 952
175908 175909 1536
175976 175909 1055
175976 175975 924
175975 175976 924
175975 175980 709
175983 175984 1074
175833 175832 778
175833 175834 1436
177105 177073 870
177105 177104 1225
177117 177104 421
177073 177022 1141
177073 177105 870
177020 177019 765
177017 177018 619
176938 176937 423
176938 176939 376
176951 176937 452
176951 176950 1004
176950 176947 757
176950 176951 1004
176953 176947 1334
176953 177035 849
176939 176938 376
176939 176940 322
185335 176940 297
177031 177032 757
177036 177032 1344
177036 177035 682
177038 177035 1447
177034 177033 1183
177041 177039 452
175883 175852 452
176087 176082 818
176087 176088 3345
177173 176104 581
177173 177174 873
177158 176098 435
177158 177156 605
177174 177173 873
177174 177175 788
176089 176088 612
175907 175906 5284
175907 175908 952
175978 175906 1270
176105 175906 849
176081 176080 581
176944 176943 672
176944 176945 667
176944 176946 1594
185334 176945 552
176963 177159 476
177156 177158 605
177156 177159 1210
176666 176667 435
176787 176667 1430
176785 176786 2295
176791 176786 672
176791 176789 3338
176781 176779 1628
176781 176789 841
176780 176779 581
176792 176854 2688
176876 176874 1055
176876 176879 2282
176880 176874 932
176880 176879 2672
176880 176885 952
176873 176884 111
176891 176884 435
176894 176895 672
176877 176878 782
176879 176876 2282
176879 176878 841
176879 176880 2672
173861 173863 3181
185749 173863 4297
174953 176646 3591
176647 176646 1248
174977 174979 2850
174977 185817 1871
186021 174980 1541
175024 175023 435
175025 175023 1268
176664 176663 1232
176759 176663 1464
176633 176635 1600
176754 176635 676
176754 176756 5191
176712 176755 841
176756 176754 5191
176756 176755 1858
210779 210776 804
210779 210780 1021
210779 210781 709
210779 211317 749
210779 214580 2715
211317 210762 1836
211317 210776 332
211317 210779 749
211348 211352 750
211365 211358 402
211365 211415 185
215009 211419 369
211415 211365 185
211415 211416 1613
210781 210779 709
210781 210782 1151
210781 211000 802
210782 210780 773
210782 210781 1151
210782 211001 832
210780 210779 1021
210780 210782 773
210780 211318 1008
211018 211318 799
211018 211322 2791
211323 211322 828
211341 211343 492
211342 211343 493
166450 166447 1334
166450 166449 850
166451 166404 1556
166451 166447 758
166405 166404 778
165053 165038 672
165053 165044 1017
165053 165071 1269
165072 165071 562
165078 165076 1221
969
155504
155489
175953
175996
176005
175990
176489
176468
176488
175955
176004
176002
176007
175994
172799
152061
176466
152040
155525
155575
155608
155570
155607
155611
155612
152067
175909
175980
175984
175834
175832
177104
177022
177019
177018
176937
176947
176940
177032
177035
177033
177039
175852
176082
176104
176098
177175
176088
175906
176080
176945
177159
176946
176943
176667
176786
176789
176779
176854
176874
176885
176884
176895
176878
173863
176646
174979
174980
185817
175023
176663
176635
176755
210776
211352
211358
211419
211416
211000
211001
211318
211322
211343
166449
166447
166404
165038
165071
165076
167278
165261
165257
165259
165249
165311
165323
165317
165325
167290
166461
166465
166487
166467
167279
166478
166469
165046
165044
165063
165065
164473
164437
164438
164814
164432
165168
164355
164359
164380
164357
164388
164417
164415
164464
161383
161387
161386
161398
161401
164351
164699
164535
164706
164702
164564
164701
164553
164711
164719
164713
161393
164528
164549
164577
164538
211420
211421
211447
211467
211469
211456
211554
211555
212170
212190
212197
212201
211459
211471
211474
211457
211463
212462
212466
161406
212513
212515
212233
212240
212248
212249
212441
212442
114663
114385
114651
114304
114306
114583
114572
114038
114040
119118
119119
119411
119417
119420
119406
114850
114916
114904
114929
92001
102181
102183
92133
92215
92216
92213
115397
115404
115399
115332
115335
115416
115418
115711
115710
115675
115680
115689
115733
115735
115732
115440
115737
115738
105809
115799
106735
107024
107054
107055
107132
106959
107052
107116
107390
107168
107229
107166
107441
107484
107442
107525
107321
107505
113864
107333
107533
109501
92826
103138
92966
102818
92830
92869
92870
92945
92949
106726
106723
106756
106741
106734
106758
115777
115969
115780
115982
115993
116033
116000
92724
92725
115851
191502
191508
191790
190882
191715
191735
192764
192765
191060
191482
191783
191839
191876
191773
191957
192777
192727
192815
192816
114403
193961
109459
109785
109784
109786
113808
109798
109871
107765
110950
110989
110969
111090
111099
111322
111320
111340
103338
111472
103340
111463
103358
111471
111237
111238
111235
111534
111230
111541
111581
105276
111585
111595
111574
111598
112067
111599
111593
111693
111725
111730
111731
112146
112148
112162
111753
111754
111670
111671
111457
111673
112577
112581
112587
111701
111741
112605
111770
112169
112164
112186
112608
112698
112699
112706
112770
113335
113337
104304
104307
104317
104322
104324
112784
103327
103323
112768
112714
112710
112711
112765
112886
112797
112799
112777
112890
104339
104508
104334
104335
104340
104407
104409
39228
39595
39535
39574
39537
39588
39591
39222
104756
39213
39217
104748
104751
104818
104837
113951
104872
105023
113616
113949
104828
104423
104929
104876
104915
104425
104927
105015
105010
104462
105026
105036
104668
39560
39562
39635
39636
39460
39467
39450
39470
39453
39390
39392
39440
39413
39477
39481
39491
39499
39683
39697
39698
39704
39748
39755
40482
40487
40498
40504
40520
40529
40537
40540
40528
41026
40617
41131
40561
40549
40631
40635
40831
40836
40840
40853
40857
40883
40890
40955
40959
40962
40964
40974
40620
40621
40625
40930
40948
40946
40968
40973
40940
55202
55223
55224
55390
55393
55247
55415
55444
41635
48385
40941
41650
48410
48406
48424
48527
48542
48656
48548
48384
48390
48401
48668
48675
48694
48722
48727
48770
48777
48780
49083
48721
49075
48899
48908
48909
48916
48910
49046
49047
49053
48893
48920
48938
48939
48942
48949
48957
48932
48937
48960
48975
48997
48999
49001
50486
50488
49036
49038
49178
49183
49184
49466
49034
49591
49598
48318
48330
131390
131391
131392
131396
131415
131645
131647
131656
131675
131819
49707
131891
131900
54351
53781
54359
54349
54352
54354
54370
54347
54418
54443
54492
54497
54372
54381
54574
54577
54579
52663
52741
54541
54674
54662
54665
49708
53910
53775
53776
53907
53917
53923
53932
55150
55166
55209
55210
144480
144488
144525
144539
144538
144675
144626
144627
144653
139787
150609
150625
150606
150639
146999
147000
150651
139900
139901
139905
140194
140203
140250
140254
140257
140270
141578
141593
142495
142503
142531
142525
142528
141587
141878
141908
141927
142016
142018
142022
142044
142052
142053
142055
142564
142578
142579
142609
142610
142719
142727
142329
142499
142724
142539
142729
142764
55459
55461
55466
56106
55469
56369
56370
204695
204703
195576
204706
204725
204726
204520
204839
207715
207872
207875
144654
144733
144732
144735
144740
144753
144758
144754
145308
144755
144773
144778
144763
144774
144765
144766
145113
145119
145121
145480
145483
145482
145491
145517
145520
145574
145593
145595
145606
145765
145760
145759
145756
145755
145615
145608
145616
145766
145770
145818
145821
145826
145839
145862
145868
146050
146054
146055
146072
151473
151476
142099
151550
151580
151555
151564
151577
151579
151535
151547
151536
151537
151557
149313
151496
204454
204540
203833
204429
204516
204517
204523
204535
208576
208616
208596
208605
207868
208558
208563
214818
208581
208632
208619
208599
208587
207797
207845
207848
207851
214932
208603
208663
208664
208654
208658
208656
208671
208706
208711
208725
208730
211156
211157
214580
210762
180236
180251
176650
180604
180413
166401
166403
166494
166502
166544
166577
166725
166705
167193
167208
167203
167206
167183
167186
167190
167264
167189
167192
167152
167171
167215
167084
166716
166754
166758
166761
167002
167034
167074
167086
167012
162544
152401
152404
162546
180499
180180
180387
180388
180396
180406
180178
180188
177719
186066
169972
169833
182316
182319
182318
182221
182320
179714
181922
181923
182122
182118
182142
182146
182191
182214
182216
182225
182310
182335
182336
182354
173585
173641
152318
152933
152311
152941
152330
152341
152326
152408
152464
152465
152478
152903
153004
152909
152928
185770
185779
174823
173573
173643
173675
173518
173519
173165
173846
173851
173860
173856
173857
152915
153009
153016
153022
153025
152041
155508
155527
155529
155483
176119
176127
176490
176469
176500
176487
176497
176001
176129
176008
176135
176006
176010
155679
152063
155616
155615
176465
155523
155571
155572
155609
155591
155610
175908
175976
175975
175983
177105
177117
177073
177020
177017
176938
176951
176950
176953
176939
177031
177036
177038
177034
177041
176087
177173
177158
177174
176089
175907
175978
176105
176081
176963
177156
176787
176791
176781
176780
176792
176876
176873
176891
176894
176877
173861
185749
174953
174977
175025
176664
176759
176633
176754
176712
176756
211348
211365
211415
211018
211323
211341
211342
166450
166451
165053
165072
165078
