1122
103649 103648 1385
106294 106986 507
110687 110688 649
110866 110867 275
110874 110873 2751
110874 110879 580
110874 113821 629
36128 36127 1577
36679 36678 1627
36677 36672 435
36677 36678 1458
36686 36684 1533
36686 36687 1026
36812 36689 1658
36812 36808 1098
36812 36810 1188
36810 36714 2093
36810 36811 1055
36810 36812 1188
36836 36823 1000
36836 36838 1429
36808 36809 1797
36808 36812 1098
36832 36829 1411
36832 36830 2451
36842 36841 962
36842 36847 927
36782 36773 5440
36782 36779 1592
36782 36855 1014
36873 36871 1198
36880 36879 1010
39071 36884 2850
39071 36885 2404
36802 36797 3995
36802 36866 1248
36802 37135 2419
36615 36606 672
36615 36622 1268
36628 36624 709
36628 36625 2459
36633 36626 1724
36633 36634 1345
36637 36631 1274
37042 37040 1209
37552 37551 1725
37552 37553 1115
38137 37555 2003
38139 38141 1170
38142 38141 1281
36940 36938 418
36940 36941 983
36941 36610 927
36941 36940 983
36941 37003 629
36610 36609 1482
36610 36941 927
36605 36604 1305
36608 36607 403
36608 36609 1949
36608 36611 1762
36934 36558 1342
36934 36929 1810
36934 36935 336
37593 37586 1034
37593 37591 1594
38162 37596 1769
38143 37557 1778
38143 38147 2090
36931 36930 1281
36931 36946 2515
36966 36798 1322
36966 36964 983
36967 36798 1821
36967 36801 1592
36801 36797 1268
36801 36967 1592
37597 37596 1079
37597 38164 688
38166 37662 1394
38166 38223 1412
38223 38166 1412
38223 38224 1307
38223 38226 1684
38235 38226 1555
38235 38232 1534
38235 38236 677
38287 38288 1281
38287 38289 1533
38288 38287 1281
38288 38292 1387
38288 38294 2044
38292 38288 1387
38292 38302 782
38292 38303 1469
38303 38292 1469
38303 38307 836
38296 38293 1684
38296 38294 976
38309 38299 476
38309 38307 1949
38298 38271 1855
38298 38297 751
38282 38279 2788
38282 38283 2578
38318 38317 144
38285 38283 984
38285 38317 2536
38324 38628 782
38631 38628 1116
38627 38612 2411
38627 38626 3560
38627 38634 476
38629 38626 884
38629 38628 796
38634 38627 476
38634 38638 1577
38641 38648 562
38642 38811 475
38642 38812 751
38818 38812 836
38818 38819 1354
38819 38816 1014
38819 38818 1354
38855 38850 279
38844 38842 952
38844 38850 2491
38675 38672 2557
38675 38674 1798
38675 38757 476
38675 38759 4344
38760 38759 1555
38760 38763 1701
38674 38672 1066
38674 38673 2851
38674 38675 1798
38677 38676 738
38677 38842 1502
38778 38777 355
38712 38705 605
38712 38717 238
38719 38718 511
38735 38740 476
38735 38742 984
38735 38750 674
38703 38686 1555
38703 38705 418
38703 38713 139
38722 38724 475
38758 38699 253
38758 38757 4238
38758 38759 279
38727 38775 1293
38727 38776 1428
38761 38759 1979
38761 38775 871
38776 38727 1428
38776 38777 1483
38751 38750 1780
38754 38752 1248
38754 38755 1225
38749 38747 985
41510 38748 1027
41510 41512 1188
41510 41513 1694
41513 41510 1694
41513 41519 3116
41525 47525 452
41527 47527 169
47526 47511 2586
47526 47527 709
47505 47503 624
47513 47507 713
47513 47512 1261
47507 47506 1154
47507 47509 848
47507 47513 713
47511 47510 790
47511 47526 2586
47537 47516 872
47537 47538 1873
47541 47538 871
47541 47543 2111
47545 47543 790
47545 47551 2299
47554 47551 709
47554 47563 2085
47563 47554 2085
47563 47560 683
47563 47566 1956
47568 47566 906
47568 47574 951
47574 47567 984
47574 47568 951
47574 47575 3116
47578 47575 766
47578 47832 2044
47346 47340 1594
47346 47345 766
47346 47831 3567
47832 47578 2044
47832 47831 871
47314 47315 89
47324 47323 537
47279 47277 436
47280 47273 557
47316 47317 738
47322 47320 1484
47322 47338 905
47340 47338 1758
47340 47346 1594
47363 38978 235
47363 47366 1705
47379 47262 790
47379 47276 860
47282 47276 195
35486 35485 244
35486 35487 456
47217 47216 474
47217 48341 1270
47370 47220 837
129978 129976 253
129963 129960 3043
129973 130011 337
130564 130566 889
130564 130575 3066
130574 130575 924
130574 130614 1616
130614 130574 1616
130614 130621 889
130628 130622 474
130628 130629 818
130630 130629 1438
130630 130632 673
129967 129962 1017
130468 130469 933
130468 130473 5769
35481 35482 189
130473 130468 5769
130473 130472 517
130632 130630 673
130632 130644 789
130646 130644 673
130646 130647 238
130683 130627 1375
130683 130681 871
130684 130667 2717
130684 130682 1545
121136 121357 579
121136 121366 1077
130670 130671 1023
130673 130127 1428
130678 130677 3256
130678 132572 2050
130983 130977 810
130983 130978 2232
130989 130980 333
130989 130982 445
130967 130936 2082
130996 130937 1881
130996 130980 893
130987 130982 581
130955 130954 874
130955 130960 1396
130957 130951 1010
130957 130956 2241
130952 130928 2423
130952 130936 650
130960 130953 810
130960 130955 1396
130278 130227 2006
130278 130277 590
130956 130227 1269
130956 130957 2241
131228 131100 1225
131228 131225 650
131097 131096 953
131097 131101 964
131224 131225 789
131224 131226 1356
131232 131108 751
131996 131997 874
132014 131999 279
132014 132015 474
132015 131995 1067
132015 132014 474
132015 132017 2631
132017 132015 2631
132017 132023 1307
132017 132052 866
132055 132057 537
132062 132061 337
132062 132064 811
132064 132062 811
132064 132076 1075
132064 132079 1447
130267 130264 872
130267 130268 1344
130280 130281 1719
130280 130282 1576
131016 131017 850
131016 131019 1268
131016 131028 1036
131064 131047 874
131064 131080 1485
131028 131016 1036
131028 131030 1204
131034 131029 874
131036 131037 808
131095 131080 940
131095 131096 1717
132076 132064 1075
132076 132081 1423
132076 132086 613
132086 132076 613
132086 132083 1308
121208 121209 623
132186 132190 404
132189 132101 8730
132189 132190 796
132127 132099 477
132129 132097 1868
218006 218002 2058
218006 218005 389
222633 218283 4059
222633 222635 1665
222621 222620 35
222629 222635 1581
222625 222622 8815
222631 222632 2182
56411 56682 1426
56411 56684 934
53615 53610 739
53615 53612 1023
54009 53612 552
53627 53639 928
53640 53621 747
53640 53639 1010
53642 53621 879
53642 53646 650
53647 53645 222
53647 53646 2486
53645 53643 2672
53645 53647 222
56682 56411 1426
56682 56683 615
150574 150561 1151
150574 150577 388
146976 150577 822
146976 151983 701
150562 150577 2536
150562 151303 1065
150573 150572 268
150573 150576 865
150573 150773 251
150782 150778 750
150782 150783 1746
150784 150783 777
150784 150800 2473
150800 150784 2473
150800 150799 797
139779 139778 1257
139779 143683 2697
143685 143683 765
143685 148327 2753
148328 148327 747
148328 148331 972
148328 148332 2678
148331 148328 972
148331 148333 2615
148331 148355 714
148355 148331 714
148355 148359 2615
148358 148359 779
148358 148371 1646
148372 148371 814
148372 148375 779
143892 143931 805
143892 144153 2645
144152 144153 944
144152 148511 2669
148508 148511 916
148508 148512 2702
148510 148512 756
148510 148529 2796
148528 148529 787
148528 148531 805
148528 148532 359
148531 148528 805
148531 148533 3040
143927 143926 1336
143927 143929 743
143927 143931 2590
148395 148394 1412
148395 148402 375
148395 148403 844
148525 148409 771
148525 148526 3010
148527 148526 837
148527 148533 975
148527 148571 2886
148403 148392 362
148403 148395 844
148403 148404 403
148403 148405 521
148408 148405 750
148408 148409 2281
148408 148519 701
144024 144027 2644
144024 144033 694
144028 144027 860
144028 144097 2643
144094 144096 2591
144094 144097 912
144095 143212 2595
144095 144096 821
144065 143212 785
144030 144029 1249
144030 144032 825
144030 144033 2406
144029 144030 1249
144029 144031 840
143941 143948 846
143941 143950 2647
143941 143951 858
144070 144068 878
144070 144069 1135
144070 144076 2107
144085 144080 459
144085 144087 769
144085 144088 587
144086 144087 2546
144086 144089 941
144086 151783 1357
143953 143945 753
143953 143954 667
144071 144072 330
144071 144073 401
144037 144035 772
144037 144038 1192
144037 146138 828
146138 144037 828
146138 146139 1332
146143 146139 862
146143 146147 2569
146148 146147 888
146148 146155 887
146148 146161 2606
146137 146157 588
146156 146157 785
146156 146159 2407
146155 146148 887
146155 146159 795
146155 146162 2699
146177 146178 640
146181 146182 709
146181 146183 1997
146207 146157 803
146207 146178 791
146207 146208 2477
146182 146181 709
146182 146184 2066
146205 146359 753
146201 146184 658
146201 146220 1872
146221 146212 1227
146221 146220 777
146221 146223 1013
146222 146206 1409
146222 146223 539
146206 146222 1409
146206 146224 201
146357 146358 800
146357 146362 759
146357 146364 1047
146358 146357 800
146358 146365 1039
142996 142999 220
142999 142996 220
142999 143001 806
143001 142999 806
143007 143011 2612
143011 143007 2612
143022 143107 2361
143107 143022 2361
143139 143144 1326
143144 143139 1326
143673 143675 762
143675 143673 762
143680 143682 1142
143682 143680 1142
143682 143683 936
146409 146466 1214
146466 146409 1214
146466 146471 788
146471 146466 788
146728 146731 1784
146731 146728 1784
146742 146741 819
146741 146742 819
179737 179735 3224
179735 179737 3224
179735 179794 848
179794 179735 848
153884 153885 1758
153939 153965 1035
153885 153884 1758
156211 156209 558
156732 156749 850
156209 156211 558
154643 154644 1307
154644 154643 1307
154730 154728 1023
154728 154730 1023
154717 154746 3886
154746 154717 3886
153965 153939 1035
157063 157169 1017
157169 157063 1017
157186 157189 778
157189 157186 778
157194 157192 600
157192 157194 600
177821 177820 788
177824 177872 1481
177820 177821 788
177872 177824 1481
178552 178553 672
178553 178552 672
177833 177967 1182
177967 177833 1182
160457 160602 1576
160602 160457 1576
160625 160639 3605
160639 160625 3605
156749 156732 850
157399 157398 667
157398 157399 667
158116 158140 1145
158140 158116 1145
158174 158321 452
158321 158174 452
160676 160677 4218
160777 160779 1717
160779 160777 1717
160677 160676 4218
160829 160833 667
160833 160829 667
167988 167999 337
167999 167988 337
167998 167995 344
167995 167998 344
167886 167887 759
167887 167886 759
162029 162025 782
161707 161705 1658
162025 162029 782
161705 161707 1658
161769 161768 2012
161768 161769 2012
166144 166145 1030
166145 166120 811
166145 166144 1030
166120 166145 811
118894 118893 514
118893 118894 514
118885 118900 282
118900 118885 282
118667 119453 342
119453 118667 342
94542 94545 982
94545 94542 982
93916 93884 2723
108216 108219 1682
108219 108216 1682
108709 108712 1656
108712 108709 1656
102671 102672 1719
93768 93781 3104
93781 93768 3104
93884 93916 2723
102672 102671 1719
108874 108875 1008
108875 108874 1008
110451 110393 364
110393 110451 364
110658 110659 475
110659 110658 475
103648 103649 1385
106986 106294 507
110688 110687 649
110867 110866 275
110867 110873 580
110873 110867 580
110873 110874 2751
110879 110874 580
113821 110874 629
36127 36128 1577
36678 36677 1458
36678 36679 1627
36672 36677 435
36684 36686 1533
36684 36689 2756
36687 36686 1026
36689 36684 2756
36689 36714 1306
36689 36812 1658
36714 36689 1306
36714 36810 2093
36811 36810 1055
36823 36836 1000
36823 36838 1744
36838 36823 1744
36838 36836 1429
36809 36808 1797
36829 36830 1948
36829 36832 1411
36830 36829 1948
36830 36832 2451
36841 36842 962
36847 36842 927
36847 36884 2620
36773 36782 5440
36779 36782 1592
36855 36782 1014
36871 36873 1198
36879 36880 1010
36879 36885 1426
36884 36847 2620
36884 39071 2850
36885 36879 1426
36885 39071 2404
36797 36801 1268
36797 36802 3995
36866 36802 1248
37135 36802 2419
36606 36604 1640
36606 36615 672
36622 36615 1268
36622 36624 1357
36624 36622 1357
36624 36628 709
36625 36626 1209
36625 36628 2459
36626 36625 1209
36626 36631 1029
36626 36633 1724
36634 36631 1545
36634 36633 1345
36634 37040 976
36631 36626 1029
36631 36634 1545
36631 36637 1274
37040 36634 976
37040 37042 1209
37551 37552 1725
37553 37552 1115
37553 37555 873
37555 37553 873
37555 38137 2003
38141 38139 1170
38141 38142 1281
36938 36929 889
36938 36940 418
37003 36941 629
36609 36608 1949
36609 36610 1482
36604 36605 1305
36604 36606 1640
36607 36608 403
36611 36608 1762
36558 36934 1342
36929 36934 1810
36929 36938 889
36935 36934 336
36935 36946 2087
37586 37593 1034
37586 38147 2738
37591 37593 1594
37596 37597 1079
37596 38162 1769
37557 38143 1778
38147 37586 2738
38147 38143 2090
36930 36931 1281
36946 36931 2515
36946 36935 2087
36798 36966 1322
36798 36967 1821
36964 36966 983
38164 37597 688
37662 38166 1394
38224 38223 1307
38226 38223 1684
38226 38235 1555
38232 38235 1534
38236 38235 677
38236 38289 605
38289 38236 605
38289 38287 1533
38289 38293 884
38289 38294 1829
38294 38288 2044
38294 38289 1829
38294 38296 976
38294 38299 1483
38302 38292 782
38302 38299 1719
38302 38307 1034
38307 38302 1034
38307 38303 836
38307 38309 1949
38293 38289 884
38293 38296 1684
38299 38294 1483
38299 38302 1719
38299 38309 476
38271 38298 1855
38297 38298 751
38279 38282 2788
38283 38282 2578
38283 38285 984
38317 38285 2536
38317 38318 144
38628 38324 782
38628 38629 796
38628 38631 1116
38612 38627 2411
38612 38638 1027
38626 38627 3560
38626 38629 884
38638 38612 1027
38638 38634 1577
38648 38641 562
38811 38642 475
38812 38642 751
38812 38816 2104
38812 38818 836
38816 38812 2104
38816 38819 1014
38850 38844 2491
38850 38855 279
38842 38677 1502
38842 38844 952
38672 38674 1066
38672 38675 2557
38757 38675 476
38757 38758 4238
38759 38675 4344
38759 38758 279
38759 38760 1555
38759 38761 1979
38763 38760 1701
38763 38775 828
38763 38777 435
38673 38674 2851
38673 38676 252
38676 38673 252
38676 38677 738
38777 38763 435
38777 38776 1483
38777 38778 355
38705 38703 418
38705 38712 605
38717 38712 238
38718 38719 511
38740 38735 476
38742 38735 984
38750 38735 674
38750 38751 1780
38750 38752 1933
38686 38703 1555
38713 38703 139
38724 38722 475
38699 38758 253
38775 38727 1293
38775 38761 871
38775 38763 828
38752 38750 1933
38752 38754 1248
38755 38754 1225
38747 38748 2956
38747 38749 985
38748 38747 2956
38748 41510 1027
41512 41510 1188
41519 41513 3116
47525 41525 452
47527 41527 169
47527 47510 2614
47527 47526 709
47503 47505 624
47512 47513 1261
47506 47507 1154
47509 47507 848
47509 47510 1664
47510 47509 1664
47510 47511 790
47510 47527 2614
47516 47537 872
47538 47537 1873
47538 47541 871
47543 47541 2111
47543 47545 790
47551 47545 2299
47551 47554 709
47551 47560 2192
47560 47551 2192
47560 47563 683
47566 47563 1956
47566 47567 1612
47566 47568 906
47567 47566 1612
47567 47574 984
47575 47574 3116
47575 47578 766
47575 47831 1956
47345 47346 766
47831 47346 3567
47831 47575 1956
47831 47832 871
47315 47314 89
47323 47324 537
47277 47279 436
47273 47280 557
47317 47316 738
47320 47322 1484
47338 47322 905
47338 47340 1758
38978 47363 235
47366 47363 1705
47262 47379 790
47276 47282 195
47276 47379 860
35485 35486 244
35487 35486 456
47216 47217 474
48341 47217 1270
47220 47370 837
129976 129978 253
129960 129962 3705
129960 129963 3043
130011 129973 337
130566 130564 889
130575 130564 3066
130575 130574 924
130575 130621 1366
130621 130575 1366
130621 130614 889
130621 130622 796
130622 130621 796
130622 130628 474
130629 130628 818
130629 130630 1438
129962 129960 3705
129962 129967 1017
130469 130468 933
35482 35481 189
130472 130473 517
130644 130632 789
130644 130646 673
130647 130646 238
130627 130683 1375
130681 130683 871
130667 130684 2717
130682 130684 1545
121357 121136 579
121366 121136 1077
130671 130670 1023
130127 130673 1428
130677 130678 3256
132572 130678 2050
130977 130983 810
130978 130982 1169
130978 130983 2232
130980 130989 333
130980 130996 893
130982 130978 1169
130982 130987 581
130982 130989 445
130936 130937 890
130936 130952 650
130936 130967 2082
130937 130936 890
130937 130996 1881
130954 130953 1439
130954 130955 874
130951 130227 2834
130951 130957 1010
130928 130952 2423
130953 130954 1439
130953 130960 810
130227 130278 2006
130227 130951 2834
130227 130956 1269
130277 130278 590
131100 131101 1530
131100 131228 1225
131225 131224 789
131225 131228 650
131096 131095 1717
131096 131097 953
131101 131097 964
131101 131100 1530
131226 131224 1356
131108 131232 751
131997 131996 874
131997 131999 2220
131999 131995 1004
131999 131997 2220
131999 132014 279
131995 131999 1004
131995 132015 1067
132023 132017 1307
132052 132017 866
132057 132055 537
132061 132062 337
132079 132064 1447
132079 132081 941
130264 130267 872
130268 130267 1344
130268 130281 1036
130281 130268 1036
130281 130280 1719
130282 130280 1576
130282 131017 1884
131017 130282 1884
131017 131016 850
131019 131016 1268
131047 131064 874
131080 131064 1485
131080 131095 940
131030 131028 1204
131030 131029 516
131029 131030 516
131029 131034 874
131037 131036 808
132081 132076 1423
132081 132079 941
132081 132083 739
132083 132081 739
132083 132086 1308
121209 121208 623
121209 132097 238
132190 132186 404
132190 132189 796
132101 132189 8730
132099 132097 404
132099 132127 477
132097 121209 238
132097 132099 404
132097 132129 1868
218002 218006 2058
218005 218006 389
218283 222633 4059
222635 222629 1581
222635 222633 1665
222620 222621 35
222622 222625 8815
222632 222631 2182
56684 56411 934
53610 53615 739
53612 53615 1023
53612 54009 552
53639 53627 928
53639 53640 1010
53621 53640 747
53621 53642 879
53646 53642 650
53646 53643 511
53646 53647 2486
53643 53645 2672
53643 53646 511
56683 56682 615
150561 150574 1151
150577 146976 822
150577 150562 2536
150577 150574 388
151983 146976 701
151303 150562 1065
151303 150572 454
150572 150573 268
150572 151303 454
150576 150573 865
150773 150573 251
150778 150782 750
150783 150782 1746
150783 150784 777
150783 150799 2535
150799 150783 2535
150799 150800 797
139778 139779 1257
143683 139779 2697
143683 143682 936
143683 143685 765
148327 143685 2753
148327 148328 747
148332 148328 2678
148332 148333 1037
148333 148331 2615
148333 148332 1037
148333 148359 715
148359 148333 715
148359 148355 2615
148359 148358 779
148371 148358 1646
148371 148372 814
148375 148372 779
143931 143892 805
143931 143927 2590
144153 143892 2645
144153 144152 944
148511 144152 2669
148511 148508 916
148512 148508 2702
148512 148510 756
148529 148510 2796
148529 148528 787
148532 148528 359
148533 148527 975
148533 148531 3040
143926 143927 1336
143929 143927 743
148394 148395 1412
148402 148395 375
148409 148408 2281
148409 148525 771
148526 148525 3010
148526 148527 837
148571 148527 2886
148392 148403 362
148404 148403 403
148405 148403 521
148405 148408 750
148519 148408 701
144027 144024 2644
144027 144028 860
144033 144024 694
144033 144030 2406
144097 144028 2643
144097 144094 912
144096 144094 2591
144096 144095 821
143212 144065 785
143212 144095 2595
144032 144030 825
144032 144031 1192
144031 144029 840
144031 144032 1192
144031 144035 786
143948 143941 846
143950 143941 2647
143951 143941 858
143951 143945 664
143951 143954 789
144068 144070 878
144068 144073 677
144069 144070 1135
144076 144070 2107
144076 144080 583
144080 144076 583
144080 144085 459
144080 144088 723
144087 144085 769
144087 144086 2546
144088 144080 723
144088 144085 587
144089 144086 941
151783 144086 1357
143945 143951 664
143945 143953 753
143954 143951 789
143954 143953 667
143954 144072 769
144072 143954 769
144072 144071 330
144072 144073 258
144073 144068 677
144073 144071 401
144073 144072 258
144035 144031 786
144035 144037 772
144038 144037 1192
144038 146139 859
146139 144038 859
146139 146138 1332
146139 146143 862
146147 146143 2569
146147 146148 888
146161 146148 2606
146161 146162 913
146157 146137 588
146157 146156 785
146157 146207 803
146159 146155 795
146159 146156 2407
146162 146155 2699
146162 146161 913
146178 146177 640
146178 146183 805
146178 146207 791
146178 146208 2650
146183 146178 805
146183 146181 1997
146183 146184 854
146208 146178 2650
146208 146207 2477
146184 146182 2066
146184 146183 854
146184 146201 658
146359 146205 753
146359 146362 1179
146220 146201 1872
146220 146221 777
146212 146221 1227
146223 146221 1013
146223 146222 539
146224 146206 201
146362 146357 759
146362 146359 1179
146364 146357 1047
146365 146358 1039
940
103649
106294
110687
110866
110874
36128
36679
36677
36686
36812
36810
36836
36808
36832
36842
36782
36873
36880
39071
36802
36615
36628
36633
36637
37042
37552
38137
38139
38142
36940
36941
36610
36605
36608
36934
37593
38162
38143
36931
36966
36967
36801
37597
38166
38223
38235
38287
38288
38292
38303
38296
38309
38298
38282
38318
38285
38324
38631
38627
38629
38634
38641
38642
38818
38819
38855
38844
38675
38760
38674
38677
38778
38712
38719
38735
38703
38722
38758
38727
38761
38776
38751
38754
38749
41510
41513
41525
41527
47526
47505
47513
47507
47511
47537
47541
47545
47554
47563
47568
47574
47578
47346
47832
47314
47324
47279
47280
47316
47322
47340
47363
47379
47282
35486
47217
47370
129978
129963
129973
130564
130574
130614
130628
130630
129967
130468
35481
130473
130632
130646
130683
130684
121136
130670
130673
130678
130983
130989
130967
130996
130987
130955
130957
130952
130960
130278
130956
131228
131097
131224
131232
131996
132014
132015
132017
132055
132062
132064
130267
130280
131016
131064
131028
131034
131036
131095
132076
132086
121208
132186
132189
132127
132129
218006
222633
222621
222629
222625
222631
56411
53615
54009
53627
53640
53642
53647
53645
56682
150574
146976
150562
150573
150782
150784
150800
139779
143685
148328
148331
148355
148358
148372
143892
144152
148508
148510
148528
148531
143927
148395
148525
148527
148403
148408
144024
144028
144094
144095
144065
144030
144029
143941
144070
144085
144086
143953
144071
144037
146138
146143
146148
146137
146156
146155
146177
146181
146207
146182
146205
146201
146221
146222
146206
146357
146358
142917
142921
142996
142999
143001
143007
143011
143022
143107
143115
143067
143076
143104
143069
143074
143124
143129
143139
143144
143654
143661
143663
143667
143671
143669
143673
143675
143677
143680
143682
212613
212614
212621
212635
212648
146409
146403
146466
146471
146483
146492
146642
146728
146731
146770
146779
146742
146744
146761
146741
146801
149966
149977
151655
150381
153677
152094
153660
162488
153658
153671
162490
153676
153653
153655
168255
168456
168540
168544
168543
179628
179625
177694
179763
179754
179611
179618
179644
179737
179735
179790
179805
179794
179895
177873
177876
179913
179915
153884
154599
153896
153735
153741
153750
153835
153939
153885
156128
156135
156155
156211
156732
156209
156216
156735
154606
154626
154621
154643
154644
152512
157328
152290
157132
154608
154610
154730
154728
154732
154704
154715
154717
154720
153961
154740
154746
154770
153965
154734
154689
154906
154901
154908
154923
154928
157063
157169
157186
157189
157197
157194
157192
157219
157613
157057
157151
156137
156140
157314
156148
156149
157334
178047
178034
177821
177824
177820
177872
179925
177886
178095
178102
178335
178344
178549
178546
178360
178552
178287
178553
178597
173371
177809
177834
177803
177833
177967
177983
177972
173416
173418
173453
173487
173506
173434
185487
160292
160296
160317
160454
160457
160522
160602
160610
160623
160625
160639
160637
160628
160642
160633
160651
156749
156757
156759
156774
158087
157399
157398
156778
158078
157410
157411
158116
158140
158150
158174
158321
158347
158374
158377
158388
158408
158438
160676
158406
158457
158553
160758
160705
160756
160704
160773
160777
160779
160783
160947
160962
160965
160991
161015
161020
160998
161000
161004
160677
160693
160734
160841
160871
160721
160744
160863
160886
160829
160833
160853
160856
160876
172367
177525
165936
165947
165964
165961
166067
166065
168187
168203
167919
167925
167988
167999
167998
167995
168219
168182
168175
168227
168228
167893
167886
165941
166047
167887
161586
161898
161902
161913
162029
162040
161707
162025
161705
161769
161765
161768
161744
161695
161444
164628
169000
172651
161533
165824
165851
165826
166088
166144
166145
158820
166094
166098
166114
166120
169778
165859
165856
166103
169716
169726
169777
169780
169786
169729
169785
169441
169080
169318
169316
118859
118928
118872
119375
118894
118893
118600
118885
118900
118664
118917
118662
118667
119453
119395
119447
94847
94542
94545
94789
94811
97358
97362
94669
94682
97524
103163
93916
108056
108216
108219
108307
108314
108295
108351
108683
108709
108712
108729
108704
93262
102671
93593
93594
102337
93739
93768
93781
93894
93987
93988
93967
93971
93973
93754
93756
93884
102664
103247
93283
93222
102672
194204
190872
194356
190910
191339
194171
191145
191250
191311
191155
191157
191618
191953
194359
190947
191259
190944
192611
118766
118768
118779
194265
108841
108874
108372
108400
109617
109620
110369
110379
108858
110291
108891
108875
110427
110451
110372
110442
110444
110446
110429
110384
110393
110634
110658
110659
103808
103818
36121
103822
103825
103372
110588
110884
103395
103400
103648
106986
110688
110867
110873
110879
36127
36678
36672
36684
36714
36811
36823
36838
36829
36830
36841
36847
36773
36779
36855
36871
36879
36884
36885
36797
36866
36606
36622
36624
36625
36626
37040
37551
37553
37555
38141
36938
36609
36604
36607
36611
36558
36929
37586
37591
37596
37557
36930
36946
36798
36964
37662
38224
38226
38232
38293
38271
38297
38279
38283
38612
38626
38638
38648
38812
38816
38850
38842
38672
38757
38673
38676
38705
38717
38718
38740
38742
38686
38713
38724
38699
38747
38748
41512
47525
47503
47512
47506
47509
47516
47538
47543
47551
47560
47566
47567
47575
47345
47831
47315
47323
47277
47273
47317
47320
47338
38978
47366
47262
47276
35485
35487
47216
48341
47220
129976
129960
130566
130575
130622
130629
35482
130644
130627
130681
130667
130682
121357
130671
130127
130677
132572
130977
130978
130980
130936
130937
130954
130951
130928
130953
130227
130277
131100
131225
131096
131108
131997
131995
132023
132052
132061
132079
130264
130268
130282
131017
131019
131047
131080
131029
131037
132081
132083
132101
132099
132097
218002
218005
218283
222635
222620
222622
222632
53610
53612
53639
53621
53643
150561
151303
150572
150576
150773
150778
150783
150799
143683
148327
148332
148333
148359
148371
148375
143931
144153
148511
148512
148529
148532
148533
143929
148402
148409
148526
148571
148392
148404
148405
144027
144033
144097
144096
143212
144032
143948
143950
143951
144068
144076
144080
144087
144088
144089
143945
143954
144072
144073
144035
144038
146139
146147
146161
146157
146159
146162
146178
146183
146208
146184
146359
146220
146212
146223
146224
146362
