518
164788 164850 1028
164847 164846 1055
164847 164854 93
164846 164847 1055
164846 164850 1933
211294 211288 1860
211294 211295 1042
211490 211298 255
211490 211491 522
211491 211490 522
211491 211494 1508
211517 211494 168
211517 211518 703
208792 208797 1671
208792 208800 805
208793 208800 1358
208793 211220 337
211131 211220 1028
211131 211222 867
211236 211235 286
211236 211237 499
211240 211241 670
211240 211256 2086
211255 211262 131
211275 211279 1357
215151 215155 378
215151 215156 359
211222 211131 867
211222 211221 939
211225 211223 1759
211225 211226 901
211235 211226 1742
211235 211236 286
211280 211285 883
211280 211286 345
195312 204679 193
195312 211279 1468
211509 211508 495
211509 215027 606
215027 211509 606
215027 215026 482
213220 213212 2364
213220 213221 1227
213220 213222 2648
214611 212223 279
212301 212481 923
212301 212483 674
212482 212483 791
212482 212498 1951
212486 212496 1932
212486 212498 677
212278 212217 507
212282 212281 2190
212282 212283 878
212302 212283 2628
212302 212303 835
212494 212496 897
212494 212497 1082
212551 212550 1117
212551 212552 768
212551 212553 771
212555 212553 786
212555 212556 2518
212547 212566 560
164647 164648 2015
164647 164871 1308
164647 164877 672
164870 164871 905
164870 164880 683
164870 164920 796
164600 164601 829
164600 164602 811
164600 164624 808
164842 164841 789
164842 164905 1735
164857 164905 475
164915 164904 767
164915 164916 1357
164915 164921 1636
164938 164936 404
164939 164910 355
164939 164941 1323
212549 212570 1337
212549 214274 706
212549 214275 514
114245 114246 1919
114245 114246 1919
114314 116271 603
116178 116176 645
116178 116272 751
113979 113977 927
113979 113980 1004
113976 113975 1225
113976 113977 782
113989 114004 667
113989 114160 865
113991 113992 1031
113991 113993 1470
114168 114160 883
114168 114169 1379
114170 114151 2568
114170 114169 1879
114170 114171 1113
118835 118487 2062
118835 118833 678
118837 118838 2094
118486 118484 799
118486 118487 514
118486 119266 1147
119266 118486 1147
119266 119272 888
119311 119258 1147
119311 119312 243
119259 119258 695
119264 119240 2238
119299 119298 874
119299 119304 201
119298 119299 874
119298 119435 473
118571 118572 3794
118571 118572 3794
118573 118572 785
118575 118576 333
118575 119064 596
119134 119135 950
119134 119158 1059
119158 119134 1059
119158 119159 412
119142 119162 1900
119142 119344 866
119390 119391 1547
119390 119392 3024
119032 119019 2821
119157 119135 3558
119460 119458 1026
119460 119461 1635
102924 102925 522
92040 92045 1824
92040 92048 2549
92042 92048 452
102195 102196 1554
94367 94366 3728
94421 94372 201
94421 102203 2637
94375 102937 1665
94375 102938 3130
102948 91979 1147
102948 102949 2291
94418 94420 2002
92193 92178 1339
92193 92192 3582
92234 92233 5355
92234 92248 672
92239 92178 475
92239 92240 937
92269 94441 1429
92269 94450 4318
94492 94500 1469
94492 94504 5170
94450 92269 4318
94500 94492 1469
92448 92449 1437
92449 92448 1437
107239 107237 420
107237 107239 420
108526 108525 2392
108525 108526 2392
108532 108531 1234
108531 108532 1234
92987 92988 3377
92988 92987 3377
92795 92799 905
92799 92795 905
192710 192709 311
192709 192710 311
114124 114268 1252
114268 114124 1252
111252 111251 1306
111251 111252 1306
111416 111374 840
111374 111416 840
104129 104268 1223
104268 104129 1223
112623 112516 818
112515 112510 818
112516 112623 818
112510 112515 818
112537 112529 1301
112529 112537 1301
104243 104216 604
104216 104243 604
104393 104392 672
104392 104393 672
104470 104477 354
104477 104470 354
37265 37266 2790
37266 37265 2790
37284 38413 709
38413 37284 709
38418 38415 1454
38415 38418 1454
40255 40256 562
40256 40255 562
39029 39032 2614
39032 39029 2614
48442 48447 589
48447 48442 589
47825 47828 790
47828 47825 790
48103 48107 1293
48107 48103 1293
48253 48251 3431
48251 48253 3431
48203 48237 610
48237 48203 610
131440 131447 1560
131447 131440 1560
131533 131580 1304
131580 131533 1304
131597 131687 355
131687 131597 355
131762 131736 438
131790 131848 1903
131848 131790 1903
131848 132288 2650
131736 131762 438
132288 131848 2650
131872 131874 2740
131874 131872 2740
53983 54462 2436
54462 53983 2436
54602 54603 751
54603 54602 751
56305 56304 1029
56304 56305 1029
150526 150534 1682
150534 150526 1682
150714 150715 1782
140296 140297 257
140297 140296 257
150715 150714 1782
140416 140415 867
140415 140416 867
140516 140517 771
140517 140516 771
141963 141976 2356
141976 141963 2356
141984 141985 957
141985 141984 957
143251 143271 996
143271 143251 996
143479 143485 1027
143485 143479 1027
142707 142708 1631
142708 142707 1631
142703 142678 924
142678 142703 924
142696 142697 474
142697 142696 474
142805 142802 1227
142802 142805 1227
143190 143243 1926
143243 143190 1926
143243 143246 771
143246 143243 771
144854 144830 938
144830 144854 938
204607 204609 845
204608 204609 1697
204609 204607 845
204609 204608 1697
144852 144870 992
144870 144852 992
144876 145060 1266
145060 144876 1266
145719 145720 783
145720 145719 783
145730 145731 704
145731 145730 704
211265 211256 838
211268 211256 1274
208796 208797 767
152613 152616 1558
152563 152564 1426
152616 152613 1558
152564 152563 1426
152564 152598 1396
152598 152564 1396
152496 152492 747
152556 152604 747
152604 152556 747
152604 152610 1336
152610 152604 1336
168513 168512 337
168512 168513 337
167383 166807 810
166807 167383 810
167641 167640 890
167640 167641 890
167659 167661 2088
167661 167659 2088
152492 152496 747
152494 152500 2049
152500 152494 2049
180087 180091 2458
180091 180087 2458
180091 180097 2138
180097 180091 2138
152757 153212 1200
153212 152757 1200
153150 153151 940
153151 153150 940
156039 156042 789
156042 156039 789
155773 155772 1209
155803 155804 890
155804 155803 890
153170 153171 848
153171 153170 848
155772 155773 1209
173515 173046 1612
173046 173515 1612
173142 173143 1481
173143 173142 1481
173075 173073 2652
173073 173075 2652
176558 176561 1811
176561 176558 1811
155707 155719 581
155719 155707 581
156455 156458 2131
156458 156455 2131
156418 156427 1336
156427 156418 1336
156082 156543 1234
156543 156082 1234
156609 156620 1140
156620 156609 1140
177429 177442 926
177442 177429 926
177464 177463 905
177463 177464 905
177481 177483 562
177483 177481 562
176806 176739 983
176739 176806 983
165387 165388 1825
165603 165599 818
165599 165603 818
165388 165387 1825
165511 167440 782
167440 165511 782
165393 165392 650
165392 165393 650
164850 164788 1028
164850 164846 1933
164854 164847 93
211288 211279 791
211288 211294 1860
211295 211294 1042
211295 211298 504
211298 211295 504
211298 211490 255
211494 211491 1508
211494 211517 168
211518 211517 703
208797 208792 1671
208797 208796 767
208800 208792 805
208800 208793 1358
211220 208793 337
211220 211131 1028
211220 211221 938
211237 211236 499
211241 211240 670
211256 211240 2086
211256 211262 923
211256 211265 838
211256 211268 1274
211262 211255 131
211262 211256 923
211279 195312 1468
211279 211275 1357
211279 211288 791
215155 215151 378
215156 215151 359
211221 211220 938
211221 211222 939
211221 211223 640
211223 211221 640
211223 211225 1759
211226 211225 901
211226 211235 1742
211285 211280 883
211286 211280 345
204679 195312 193
211508 211509 495
215026 215027 482
213212 213220 2364
213221 213220 1227
213222 213220 2648
212223 214611 279
212481 212301 923
212483 212301 674
212483 212482 791
212498 212482 1951
212498 212486 677
212496 212486 1932
212496 212494 897
212217 212278 507
212217 212281 369
212281 212217 369
212281 212282 2190
212283 212282 878
212283 212302 2628
212303 212302 835
212497 212494 1082
212550 212551 1117
212552 212551 768
212553 212551 771
212553 212555 786
212556 212555 2518
212556 212566 248
212566 212547 560
212566 212556 248
212566 212570 328
164648 164647 2015
164871 164647 1308
164871 164870 905
164877 164647 672
164880 164870 683
164920 164870 796
164601 164600 829
164602 164600 811
164624 164600 808
164841 164842 789
164905 164842 1735
164905 164857 475
164904 164915 767
164916 164915 1357
164921 164915 1636
164936 164938 404
164936 164941 337
164910 164939 355
164941 164936 337
164941 164939 1323
212570 212549 1337
212570 212566 328
214274 212549 706
214275 212549 514
114246 114245 1919
114246 114245 1919
116271 114314 603
116176 116178 645
116272 116178 751
113977 113976 782
113977 113979 927
113980 113979 1004
113975 113976 1225
114004 113989 667
114160 113989 865
114160 114168 883
113992 113991 1031
113993 113991 1470
114169 114168 1379
114169 114170 1879
114151 114170 2568
114171 114170 1113
118487 118486 514
118487 118835 2062
118833 118835 678
118838 118837 2094
118484 118486 799
119272 119266 888
119258 119259 695
119258 119311 1147
119312 119311 243
119240 119264 2238
119304 119299 201
119435 119298 473
118572 118571 3794
118572 118571 3794
118572 118573 785
118576 118575 333
119064 118575 596
119135 119134 950
119135 119157 3558
119159 119158 412
119159 119344 823
119162 119142 1900
119344 119142 866
119344 119159 823
119391 119390 1547
119392 119390 3024
119019 119032 2821
119458 119460 1026
119461 119460 1635
102925 102924 522
92045 92040 1824
92048 92040 2549
92048 92042 452
102196 102195 1554
94366 94367 3728
94372 94421 201
102203 94421 2637
102937 94375 1665
102938 94375 3130
91979 102948 1147
102949 102948 2291
94420 94418 2002
92178 92193 1339
92178 92239 475
92192 92193 3582
92233 92234 5355
92248 92234 672
92240 92239 937
94441 92269 1429
94504 94492 5170
969
164788
164847
164846
211294
211490
211491
211517
208792
208793
211131
211236
211240
211255
211275
215151
211222
211225
211235
211280
195312
211509
215027
213220
214611
212301
212482
212486
212278
212282
212302
212494
212551
212555
212547
164647
164870
164600
164842
164857
164915
164938
164939
212549
114245
114314
116178
113979
113976
113989
113991
114168
114170
118835
118837
118486
119266
119311
119259
119264
119299
119298
118571
118573
118575
119134
119158
119142
119390
119032
119157
119460
102924
92040
92042
102195
94367
94421
94375
102948
94418
92193
92234
92239
92269
94492
94494
94450
94453
92301
92304
94500
92339
92340
92345
92346
92413
92423
92448
92449
107075
107188
93087
93090
93179
93181
93148
93195
93207
107067
107094
108126
107185
107233
107239
107221
107237
107242
107243
107460
107427
107537
108526
108448
108517
108521
108528
109711
108525
108532
108230
108531
109233
93068
92996
92998
92987
92988
93019
93075
93049
92761
92775
92795
92799
92592
92597
92574
92594
92670
92843
194046
194049
194054
192012
192015
191656
191664
191675
191704
192731
191848
192093
191951
194142
191424
191630
191649
191652
191864
191621
191768
192710
192709
192659
192697
192671
192713
119218
114080
114097
114230
114231
114120
114122
114124
114268
109471
109473
109263
109270
108921
113900
109413
109415
109402
109449
109520
113662
109362
109433
109377
109450
109452
109425
109420
109389
109689
109964
109613
109615
109972
110128
109968
103283
110089
109994
109956
110154
111252
111251
111268
111311
111295
111415
111416
111374
111376
103405
111381
111383
111405
111423
104129
104078
104074
104047
104108
104157
104267
104268
103954
103955
103971
103984
112848
112790
112869
112568
112762
112486
112499
112504
112624
112623
112515
112516
112510
112537
112529
112748
104127
104243
104216
104220
104390
104225
104393
104404
104467
104202
104030
104730
104061
39127
104198
39126
39155
39131
39134
104392
104470
104477
104485
104592
39372
39295
39304
37240
37247
37265
37266
37230
37235
37236
37284
38408
38413
38418
38415
38425
50397
38427
40237
40255
40256
40242
40247
40317
40330
40333
40336
40361
40358
40398
40395
40404
40410
40423
40727
40729
40732
40750
40803
40790
56311
56650
56341
39029
40775
40774
40787
50386
39032
41585
41584
41598
41594
47675
50373
48439
48442
48447
50549
48452
48472
48504
48503
48509
47678
47689
47690
47698
48498
47825
47826
48105
47828
48489
48103
48107
48117
48127
48140
48143
48161
48163
48182
48188
48184
48212
48208
48220
48253
48245
48250
48251
48203
48237
48256
48258
48264
48302
131330
131353
131333
131340
131344
131351
131430
131440
131447
131459
131461
131466
131533
131580
131584
131594
131597
131687
131693
131728
131729
131762
131766
131781
131790
131848
131736
132288
132296
131869
131872
131874
53983
53979
50817
50843
54599
54606
54612
54613
54619
54631
56314
54462
54466
54700
54184
54206
54215
54693
54214
50944
54711
54221
54717
56377
56378
54566
54596
54602
54603
54622
56305
56304
150519
150526
150534
150544
150548
150479
150509
150704
150714
140380
140381
140296
140297
150715
143859
140423
140464
140472
140478
141890
140416
140428
140467
140479
140415
140425
140498
140511
140516
140517
140531
140540
141963
141976
141984
141985
143251
143271
143278
143280
143405
143415
143418
143432
143478
143479
143485
142707
142712
143694
142708
143707
143695
143495
143492
142703
142710
142678
142694
142693
142696
142697
142701
142809
142805
142816
142686
142802
142631
143190
143243
143246
142632
142753
142761
142788
142795
144805
144812
144854
144830
214415
204556
204564
204585
204586
204596
204604
204607
204605
204624
204623
204608
204609
204619
204784
204816
204819
204838
204953
204957
204960
204908
144852
144870
144876
145060
145064
145085
145087
145137
145139
145141
145154
145533
145147
145217
145624
145639
145641
145648
145707
145708
145719
145720
145730
145731
145739
145909
145912
145926
145952
146858
146860
146851
146938
151622
146940
214402
211321
215058
213439
213464
214870
211243
211250
211251
211269
211265
211268
215064
208796
172639
152560
152613
152563
152616
152564
152598
152594
152588
153520
162520
162522
152496
152522
152556
152604
152610
168514
168513
167254
168512
167383
167592
167562
166805
166807
167641
167640
167659
167661
167801
168423
152492
152494
152500
152505
180111
177684
185999
180102
180108
179590
179600
180103
179665
179670
180087
180091
180097
180139
180156
180142
180160
179863
179861
179876
179842
179844
179966
182293
152528
152533
152708
152712
152641
152643
152632
152763
152754
152757
153212
153150
153151
153169
155801
155910
155992
155989
155999
155997
156074
156069
156071
155668
156040
156046
156039
156042
155773
155767
155790
155803
155804
153170
153189
153171
153329
153324
153389
153411
153435
172071
155822
155824
155835
153476
153500
153516
155828
155844
172268
155772
155819
155816
172995
173017
173515
173028
173094
173101
173044
173090
173002
173077
173046
172997
172999
173111
173145
173109
173142
173143
173177
173180
173220
177759
177761
173224
173230
173055
173064
173075
173073
173089
172977
177747
173227
173268
174759
174845
174885
174888
174866
174857
174916
174917
156280
176254
176263
176553
176589
176557
176558
176561
176574
156367
176572
176155
176252
155665
155707
156051
155719
156343
156486
156452
156488
156455
156442
156456
156458
156436
156226
156374
156388
156413
156347
156448
156426
156422
156418
156427
155717
156050
156038
156082
156543
156081
156090
156565
156563
156827
156825
156617
156828
156569
156590
156609
156620
156613
156629
172800
177429
177442
177452
177460
177431
177437
177447
177464
177277
177463
177478
177481
177483
177515
177294
177299
176170
176249
176248
176838
176804
176806
176739
176769
176827
176836
176822
176831
165424
167421
165387
167402
167397
167408
165592
165610
165615
165603
165548
165551
165600
165599
165617
165562
165388
165493
167429
167426
167419
167423
167476
165491
167527
167528
167485
167497
167668
165453
165510
165511
167440
167464
167514
167516
165612
165200
165393
165397
165392
165469
165462
165467
165468
164850
164854
211288
211295
211298
211494
211518
208797
208800
211237
211241
211262
211279
211223
211226
204679
211508
215026
213212
213221
213222
212223
212481
212483
212498
212496
212217
212281
212283
212303
212497
212553
212556
164648
164871
164877
164880
164602
164841
164905
164904
164921
164936
164910
164941
212570
214274
114246
116176
113977
113975
114004
114160
113993
114169
114151
114171
118487
118833
118838
118484
119258
119240
119304
119435
118576
119064
119135
119159
119162
119344
119019
119458
102925
92048
102196
94366
94372
102937
91979
94420
92178
92192
92233
92248
94504
