1876
162282 162281 518
58285 58286 452
58285 58288 935
117167 117153 2373
117170 117156 1857
117170 117169 1799
117144 117132 674
117144 117142 818
117146 117308 3440
117146 117309 951
117311 117314 1607
117312 117318 1549
117312 117319 1563
117357 117358 1682
117192 117193 891
117159 117157 1486
117159 117158 553
117162 117157 740
117162 117165 1117
117412 117375 555
117412 117413 561
117416 117377 592
117416 117417 1121
117272 117271 2061
117272 117431 2674
117272 117495 740
61534 61532 73
61534 61532 73
117460 117459 1951
117460 117468 740
117465 117462 698
117465 117464 740
117472 117468 1905
117472 117470 809
117541 117464 809
117541 117510 1536
117541 117511 740
117508 117440 1696
117508 117509 169
117506 117440 712
117506 117503 713
117506 117514 754
117515 117514 611
117515 117528 1432
117519 117529 1156
117540 117531 1495
117540 117566 405
61589 61585 1088
61589 61588 650
61589 61590 977
61591 61588 1585
61598 61264 3316
117525 117526 748
117525 117528 1817
117525 117561 942
117534 117530 754
117560 117524 641
76554 61396 6288
61395 61396 2634
61395 61471 632
61470 61475 712
61420 61429 532
61420 61947 392
61428 61427 1857
61428 61429 1024
61427 61428 1857
61427 61429 1147
61481 61484 2390
61481 61488 2948
61511 61510 815
61515 61510 196
61515 61516 741
62006 76555 2593
62008 62009 171
61424 61425 679
61448 61445 613
61448 61464 1117
61408 61406 1817
61445 61447 1366
61445 61448 613
73136 73137 786
73136 78156 1916
77120 60648 1068
61380 61362 752
61380 61381 740
61380 61382 1389
61383 61385 405
62246 62244 812
62246 62247 1150
62250 62247 1783
62250 62254 675
62254 62250 675
62254 62255 908
62254 62256 875
57317 57318 446
57328 57327 2591
57328 57329 4754
57331 57332 4542
58023 58022 503
58023 58027 405
58031 57277 279
58080 58081 7588
58088 58107 5628
58060 58090 5362
78971 78973 3843
78971 78975 90
76806 56861 1356
76806 76808 753
76811 76810 296
76811 76818 1468
78699 78700 65
78699 78704 739
78848 68297 1499
57966 58061 586
57966 58062 1332
58063 58062 1584
57961 57954 1096
57961 57958 1465
57961 57962 726
57962 57961 726
57962 57963 755
76784 76782 367
57933 57932 1324
57831 57832 1154
57831 57833 935
57832 57831 1154
57832 57833 816
57835 57828 467
57835 57886 790
57826 57827 749
57826 57830 415
57822 57817 933
57850 57853 802
57854 57853 660
57871 57869 203
57871 57872 1230
57877 57878 2010
57877 57883 982
57863 57853 950
78338 78319 678
78338 78339 331
78346 78339 943
78346 78791 446
78323 78325 75
78323 78326 525
79006 78331 403
79006 78946 3043
78630 78629 682
78630 78633 991
76837 76839 1045
76837 76844 477
76840 76841 96
76840 76850 340
76842 76847 955
76852 76853 1237
76852 76853 1237
76852 76854 1572
76854 76847 816
76854 76852 1572
76855 78011 2883
76855 78298 975
76848 76836 826
76848 76841 570
78341 78342 411
76829 76830 654
76829 76831 56
78371 78370 451
78371 78377 845
78371 78989 488
78373 78320 228
78373 78377 556
76457 76452 438
76457 76455 1732
76455 76456 452
76455 76457 1732
58084 58081 4373
58086 58111 12321
78691 78350 771
67944 67949 407
67944 78348 945
67949 67944 407
67949 67950 544
67951 67869 646
67951 67950 1301
78704 78699 739
78704 78703 477
78723 78724 313
78708 78707 2152
78708 78713 1783
78710 78707 687
78710 78712 477
57302 78014 3010
77995 78682 2528
77995 78686 1274
78010 78003 951
78010 78004 4006
79430 79431 1072
79430 87528 1792
79430 87529 1572
87530 87531 794
87530 87534 1517
87530 87536 2534
87539 87537 1772
87539 91185 535
79465 79464 482
79465 79466 1498
80454 79472 3904
80454 80460 1901
80467 80468 1082
80467 80469 589
80475 80474 4807
88043 88042 1526
83885 83883 556
83885 88035 222
83885 89824 1691
83887 83888 569
83887 89801 1600
88039 88038 265
88039 89823 853
89780 89781 790
89780 89822 875
89780 89823 2468
89832 91815 385
89834 89835 1426
89430 91233 65
89760 89759 2891
80458 80459 1675
80458 80504 1032
90933 86351 4166
90933 90934 830
81075 81074 2223
86217 86218 443
86217 86219 953
80937 80921 1382
80937 80941 2810
81161 81160 25
81159 81160 2300
81159 81206 1358
81206 81159 1358
81206 81208 2064
81207 81115 838
81207 81209 1397
81171 81169 2036
81171 81172 1484
81212 81211 1276
81212 81213 818
81201 81202 1447
81201 81203 1839
81111 81112 2302
81088 81091 2664
81088 81164 1427
81088 81209 4785
81256 81262 5518
81259 81260 11076
81259 81283 3886
81231 81232 4167
81242 81234 357
81242 81246 2697
82956 82954 1558
82956 83164 339
83014 83157 886
83014 90991 520
83052 83048 453
83052 83053 2036
83157 83014 886
83157 83053 1111
83157 90995 1576
83042 83041 5743
83042 83043 2159
83061 83057 1258
83061 83119 680
83066 83120 1727
83104 83105 1374
83144 83077 2473
83141 83139 1663
83141 83142 331
83940 83939 648
83087 83086 2525
83087 83126 910
81399 81596 438
81597 81594 1225
81597 81598 356
81579 81578 4347
81579 81580 686
86150 86149 978
86150 86230 1809
86229 86233 2059
86229 86237 1114
86163 86161 1693
81040 86242 943
81040 86243 1022
81040 86248 336
86012 86011 350
86012 86013 1139
86242 81040 943
86242 86243 204
91069 86241 394
91069 91651 9130
85984 85985 1899
85984 85986 336
85995 85996 1707
85995 85997 2221
86205 86204 990
86205 91419 1639
91418 91417 1158
91418 91419 1073
81341 81340 742
81341 90803 1139
86273 86272 3003
81345 81339 1816
81345 86349 686
86356 86357 2616
86356 86362 741
86358 86360 1481
86358 91095 539
86360 86358 1481
86360 91096 698
86357 86355 1587
86357 86356 2616
86535 86494 4444
86535 91094 1850
86001 85955 7000
86001 86118 445
86117 86116 581
86117 86118 2227
86343 86342 7772
86343 86344 10058
81601 81598 1022
81606 81608 413
86255 86253 4715
86255 86256 2388
86256 86255 2388
86256 86277 938
86258 86259 2765
86258 86266 1226
81662 81661 277
81662 81667 1732
81658 81511 1435
81658 81660 1032
81560 81566 1536
81560 81712 765
81564 81565 886
86239 86240 3011
86239 86240 3011
89686 89687 499
89686 91933 1185
86140 86141 2185
86165 86166 1427
86165 86191 1936
85649 85643 1796
85649 85928 1021
85688 85689 1022
85688 85690 782
85951 85690 2343
85951 85952 977
85954 85958 1022
85997 85995 2221
85997 85998 2988
86191 86165 1936
86191 86192 1386
86201 86192 1022
86201 86212 3047
86210 86212 741
86210 86241 2374
85590 85589 1463
85651 85946 1012
85921 85960 3325
85914 85915 457
85914 85916 979
85919 85916 2847
85919 85918 929
85643 85644 1585
85643 85649 1796
85585 85494 1940
85585 85587 3445
85483 85482 1974
85483 85484 1336
85483 90549 3096
85487 85488 1222
85487 85489 2953
85508 85509 1043
85508 85539 2638
85489 85482 848
85489 85487 2953
85502 85501 1114
89758 89757 925
89758 89759 374
89953 89954 562
89953 91164 853
89795 89759 937
91623 91624 414
91623 91630 460
91631 91630 214
91631 91632 705
89956 89955 1027
89956 89957 1797
91181 90446 133
91181 91295 1199
90465 91298 539
90463 90426 1288
90463 90462 3325
90427 90426 581
90427 90428 3152
91294 91295 1104
91294 91295 1104
90029 90030 654
90029 90030 654
87990 87991 296
87990 87991 296
89672 89670 69
89672 91868 220
89653 89654 270
89653 89655 125
66726 66707 333
66742 66727 2370
66742 66731 1228
66742 66744 3836
58101 58097 1042
58101 58104 3574
58106 58103 19969
58106 58116 13416
58134 58136 438
58134 58137 748
58135 80434 528
79096 79097 387
79096 79112 1324
79109 79110 603
79109 79143 4307
84844 84843 1093
84844 84843 1093
56937 56927 2401
56937 56938 1703
57415 57416 1210
77416 70174 3434
77416 77415 1253
57419 57418 7792
57414 57412 1736
57425 57424 951
57425 57428 770
79547 79548 1450
79547 79556 539
79552 79230 6613
79552 79474 1064
79552 79550 1434
79337 79336 651
79337 79338 4307
79337 79338 4307
79767 79766 1667
79611 79610 1934
79611 79766 2340
79560 79561 537
79560 79562 901
79570 79569 781
79570 79571 1212
79327 79328 2560
79327 79331 3156
79311 79310 960
79311 79312 688
90623 84713 244
90623 84713 244
91271 91272 743
91271 91272 743
79427 79425 1551
79427 79428 2012
79427 79436 966
79403 79312 2543
79403 79404 1334
79948 79308 1280
79948 79949 2837
79962 79960 1324
79962 79979 854
79417 79416 4428
79417 80074 1032
79987 79988 1675
79987 80076 1844
80072 80073 1482
80072 80079 1069
79952 79953 1743
79952 79964 1013
79969 79970 2949
79969 79975 1763
79989 80060 2549
170123 162281 2229
170123 170124 768
170115 162338 1944
170115 170116 562
170115 170117 667
162281 162280 760
162281 162282 518
162281 170123 2229
58286 58285 452
58288 58285 935
117153 117151 2844
117153 117154 475
117153 117167 2373
117156 117155 1023
117156 117168 752
117156 117170 1857
117169 117139 752
117169 117168 2798
117169 117170 1799
117132 117130 2704
117132 117141 754
117132 117144 674
117142 117140 419
117142 117143 942
117142 117144 818
117308 117146 3440
117308 117289 3070
117308 117306 881
117309 117141 672
117309 117146 951
117309 117306 4049
117314 117311 1607
117314 117313 946
117318 117312 1549
117318 117320 650
117318 117321 1548
117319 117290 2756
117319 117312 1563
117358 117357 1682
117358 117361 812
117358 117364 512
117358 117365 2086
117193 117172 789
117193 117192 891
117193 117375 2218
117157 117151 607
117157 117159 1486
117157 117162 740
117157 117164 1301
117158 117150 830
117158 117151 1395
117158 117159 553
117165 117162 1117
117375 117193 2218
117375 117374 812
117375 117412 555
117413 117412 561
117377 117372 3789
117377 117376 1633
117377 117416 592
117417 117416 1121
117417 117418 445
117417 117424 538
117271 117272 2061
117271 117275 602
117271 118316 586
117431 117176 1221
117431 117272 2674
117431 117432 605
117495 117272 740
117495 117496 1922
117495 117497 812
117495 117498 1536
61532 61529 632
61532 61529 632
61532 61533 875
61532 61534 73
61532 61534 73
117459 117458 554
117459 117460 1951
117459 117462 874
117468 117457 698
117468 117460 740
117468 117469 812
117468 117472 1905
117462 117459 874
117462 117461 1031
117462 117465 698
117464 117463 1536
117464 117465 740
117464 117541 809
117464 117543 950
117470 117469 1765
117470 117472 809
117470 117475 435
117470 117476 1012
117510 117441 405
117510 117509 830
117510 117541 1536
117511 117509 1347
117511 117541 740
117511 117545 613
117440 117439 1123
117440 117506 712
117440 117508 1696
117509 117508 169
117509 117510 830
117509 117511 1347
117503 117501 789
117503 117506 713
117514 117506 754
117514 117515 611
117514 117516 1432
117528 117515 1432
117528 117516 611
117528 117525 1817
117528 117529 885
117529 117519 1156
117529 117528 885
117529 117530 356
117531 117530 1221
117531 117539 271
117531 117540 1495
117566 117540 405
61585 61531 1077
61585 61586 789
61585 61587 752
61585 61589 1088
61588 61586 1077
61588 61589 650
61588 61591 1585
61590 61587 1011
61590 61589 977
61264 61265 4415
61264 61279 3819
61264 61598 3316
117526 117525 748
117561 117525 942
117530 117529 356
117530 117531 1221
117530 117534 754
117524 117521 1020
117524 117527 924
117524 117560 641
61396 61395 2634
61396 61399 568
61396 76554 6288
61396 78933 3461
61471 61395 632
61471 61472 278
61475 61470 712
61475 61472 1081
61429 61420 532
61429 61427 1147
61429 61428 1024
61947 61420 392
61484 61474 1136
61484 61481 2390
61484 61485 4920
61488 61481 2948
61510 61511 815
61510 61513 728
61510 61515 196
61516 61515 741
61516 61520 1256
61516 61521 1263
76555 62006 2593
76555 62012 1449
62009 62008 171
62009 62010 1352
62009 62012 281
61425 61424 679
61464 61448 1117
61406 61277 2990
61406 61334 3364
61406 61338 2692
61406 61408 1817
61447 61445 1366
73137 73136 786
78156 73136 1916
60648 60644 650
60648 60646 1031
60648 77120 1068
61362 61363 675
61362 61380 752
61362 61384 1222
61362 76529 631
61381 61380 740
61382 61380 1389
61382 61384 833
61382 61385 751
61385 61382 751
61385 61383 405
61385 61391 52
62244 62245 1239
62244 62246 812
62247 62246 1150
62247 62250 1783
62247 62257 675
62255 62254 908
62255 62257 877
62255 62258 894
62256 62254 875
57318 57317 446
57318 78061 3915
57327 57328 2591
57327 57418 9081
57327 76821 2208
57327 78304 1093
57329 57328 4754
57332 57331 4542
57332 58089 11606
57332 58092 11085
57332 58095 7539
58022 58023 503
58022 58028 321
58027 58023 405
57277 57275 790
57277 58031 279
58081 58080 7588
58081 58084 4373
58081 76460 2115
58107 58088 5628
58107 58110 2257
58090 58051 2323
58090 58060 5362
58090 77972 2019
78973 78971 3843
78975 78971 90
78975 78974 325
78975 78976 2140
56861 56860 1631
56861 76805 889
56861 76806 1356
76808 76806 753
76808 76809 1177
76810 76811 296
76810 76812 1370
76818 76811 1468
76818 76815 173
76818 76820 338
78700 78699 65
68297 56860 1328
68297 68256 1509
68297 78848 1499
58061 57966 586
58062 57966 1332
58062 58063 1584
58062 58064 822
57954 57955 1009
57954 57958 389
57954 57961 1096
57958 57954 389
57958 57959 293
57958 57961 1465
57963 57962 755
76782 57922 417
76782 76783 84
76782 76784 367
57932 57933 1324
57932 57948 274
57833 57831 935
57833 57832 816
57833 57838 732
57828 57827 1789
57828 57835 467
57828 57837 1104
57886 57835 790
57886 57885 1797
57886 57887 410
57827 57826 749
57827 57828 1789
57827 57836 673
57830 57826 415
57817 57818 577
57817 57819 1021
57817 57822 933
57853 57850 802
57853 57854 660
57853 57863 950
57869 57870 1057
57869 57871 203
57869 57874 874
57872 57871 1230
57872 57875 430
57872 57876 347
57878 57877 2010
57878 57902 454
57883 57877 982
57883 57880 430
57883 57930 915
78319 78320 316
78319 78326 729
78319 78338 678
78339 78338 331
78339 78346 943
78339 78351 401
78339 78790 487
78791 78346 446
78791 78790 1049
78791 78793 522
78325 78323 75
78325 78955 559
78326 78319 729
78326 78323 525
78326 78327 505
78331 78330 655
78331 78629 473
78331 78631 519
78331 79006 403
78946 78944 554
78946 79005 310
78946 79006 3043
78629 78331 473
78629 78630 682
78629 78633 511
78633 78629 511
78633 78630 991
78633 78631 635
78633 79011 621
76839 76837 1045
76844 57899 276
76844 76837 477
76844 76843 189
76841 76840 96
76841 76848 570
76850 76840 340
76847 76842 955
76847 76843 1335
76847 76854 816
76853 57911 364
76853 76852 1237
76853 76852 1237
78011 57911 1785
78011 76855 2883
78298 76855 975
76836 76507 1424
76836 76834 441
76836 76848 826
78342 78341 411
76830 76829 654
76830 76858 301
76830 76859 315
76831 76827 881
76831 76829 56
76831 76833 1767
78370 78371 451
78370 78372 313
78370 78987 651
78370 78990 512
78377 78371 845
78377 78373 556
78377 78376 334
78377 78991 472
78989 78371 488
78989 78988 386
78989 78990 422
78320 78319 316
78320 78351 269
78320 78373 228
76452 76451 2564
76452 76453 1279
76452 76457 438
76456 57775 1579
76456 76455 452
76456 76794 928
58111 58086 12321
58111 58112 1171
78350 61111 311
78350 78691 771
78348 67944 945
67950 67949 544
67950 67951 1301
67950 67965 364
67869 67870 1006
67869 67951 646
67869 67965 1440
78703 78704 477
78724 78723 313
78707 78708 2152
78707 78710 687
78707 78711 354
78713 78708 1783
78712 78710 477
78014 57302 3010
78682 77995 2528
78682 78016 6561
78682 78685 1156
78686 77995 1274
78003 78004 3921
78003 78007 2435
78003 78010 951
78004 78003 3921
78004 78008 2591
78004 78010 4006
79431 79430 1072
79431 79432 1557
79431 84857 3158
87528 79430 1792
87528 79442 2776
87528 87527 1702
87529 79430 1572
87531 87530 794
87531 87532 502
87531 87533 1431
87534 87530 1517
87534 87535 608
87534 87536 1878
87536 87530 2534
87536 87534 1878
87536 87537 2469
87537 87536 2469
87537 87538 559
87537 87539 1772
91185 87539 535
79464 79462 3928
79464 79465 482
79464 87543 1915
79466 79362 2617
79466 79465 1498
79466 79467 5233
79472 79467 603
79472 79473 344
79472 80454 3904
80460 80454 1901
80460 80459 2657
80460 80501 1675
80468 80467 1082
80469 80467 589
80469 80470 624
80469 80474 1472
80474 80469 1472
80474 80472 673
80474 80475 4807
88042 88043 1526
83883 83884 901
83883 83885 556
83883 83902 477
83883 89817 2368
88035 80440 1695
88035 83885 222
88035 88036 1440
89824 80440 333
89824 83885 1691
89824 89811 853
83888 83887 569
83888 83889 368
83888 89802 960
89801 83887 1600
88038 88037 381
88038 88039 265
89823 88039 853
89823 89780 2468
89823 89820 610
89781 83904 777
89781 89780 790
89781 89785 427
89781 89841 914
89822 89780 875
89822 89821 1248
89822 89837 1312
89822 89840 581
91815 89832 385
89835 89834 1426
91233 89430 65
89759 89758 374
89759 89760 2891
89759 89795 937
80459 80458 1675
80459 80460 2657
80459 80503 989
80504 80458 1032
80504 80503 1771
80504 80505 1085
86351 86246 748
86351 86352 3685
86351 90933 4166
90934 90933 830
90934 90935 2497
90934 90936 1647
81074 81073 4341
81074 81075 2223
81074 86215 1525
86218 86217 443
86219 86217 953
86219 86220 1283
86219 86223 744
80921 80920 1644
80921 80937 1382
80941 80937 2810
80941 80938 1043
80941 91725 912
81160 81159 2300
81160 81161 25
81160 90931 522
81208 81116 1110
81208 81206 2064
81208 86353 1360
81115 81089 2007
81115 81116 3052
81115 81207 838
81209 81088 4785
81209 81207 1397
81209 81210 1398
81169 81167 1355
81169 81170 778
81169 81171 2036
81172 81171 1484
81172 81173 5226
81172 81175 5418
81211 81165 3051
81211 81166 3418
81211 81212 1276
81213 81212 818
81202 81201 1447
81203 81201 1839
81112 81111 2302
81112 86406 1502
81091 81088 2664
81091 81090 2206
81091 81210 2223
81164 81088 1427
81164 81165 1637
81262 81256 5518
81262 81263 2671
81262 81304 3328
81260 81259 11076
81260 81261 2509
81260 81284 2186
81260 81328 3454
81283 81259 3886
81283 81287 2414
81232 81231 4167
81232 81233 2433
81232 81234 1562
81234 81232 1562
81234 81235 1588
81234 81236 2557
81234 81242 357
81246 81242 2697
82954 82953 1107
82954 82955 1074
82954 82956 1558
83164 82956 339
83164 83163 854
83164 90993 1234
90991 83014 520
83048 83025 3852
83048 83046 445
83048 83052 453
83053 83051 796
83053 83052 2036
83053 83157 1111
83053 90997 1877
90995 83157 1576
90995 90998 49
83041 83033 4138
83041 83042 5743
83041 83064 1916
83043 83042 2159
83057 83055 1956
83057 83058 1288
83057 83061 1258
83119 83061 680
83119 83118 2113
83119 83220 2247
83120 83066 1727
83120 83118 1004
83120 83123 3069
83105 83104 1374
83105 83106 1669
83105 83122 3574
83077 83076 507
83077 83144 2473
83139 83138 938
83139 83140 470
83139 83141 1663
83142 83141 331
83939 83938 5
83939 83940 648
83086 83087 2525
83126 83087 910
83126 83127 1023
83126 83131 389
81596 81399 438
81596 81581 941
81594 81595 1222
81594 81597 1225
81594 81599 770
81598 81597 356
81598 81599 1324
81598 81601 1022
81578 81579 4347
81580 81579 686
81580 81581 941
86149 86148 1014
86149 86150 978
86230 86150 1809
86230 86231 1909
86230 86232 2035
86233 86229 2059
86233 86232 778
86233 86234 686
86233 86235 782
86237 86229 1114
86161 86162 1685
86161 86163 1693
86161 90801 1443
86243 81040 1022
86243 86242 204
86248 81040 336
86248 83942 190
86248 86013 282
86011 83941 1438
86011 83943 901
86011 86012 350
86013 86012 1139
86013 86248 282
86241 86210 2374
86241 91069 394
91651 91069 9130
85985 85984 1899
85986 85984 336
85986 85987 334
85986 85994 1636
85996 85995 1707
86204 86202 867
86204 86205 990
86204 91416 1431
91419 86205 1639
91419 91418 1073
91419 91420 516
91417 91415 2920
91417 91418 1158
91417 91653 603
81340 81338 849
81340 81341 742
81340 86350 714
90803 81341 1139
86272 86252 5352
86272 86273 3003
86272 86835 1105
81339 81338 2859
81339 81338 2859
81339 81345 1816
86349 81345 686
86349 86350 5024
86349 86355 4118
86362 86356 741
91095 86358 539
91096 86360 698
86355 86349 4118
86355 86357 1587
86355 86534 1069
86494 86495 1559
86494 86519 1551
86494 86535 4444
91094 86535 1850
85955 85956 1324
85955 85958 1559
85955 86001 7000
85955 86026 5503
86118 86001 445
86118 86029 2446
86118 86117 2227
86116 86028 2142
86116 86029 1898
86116 86117 581
86342 86343 7772
86342 86410 9846
86344 86331 4660
86344 86343 10058
81608 81606 413
81608 81607 809
81608 81691 1281
86253 86251 1012
86253 86254 3036
86253 86255 4715
86277 86256 938
86259 86258 2765
86259 86260 1806
86259 86261 777
86266 86258 1226
86266 86265 47
86266 86279 982
81661 81660 1158
81661 81662 277
81667 81495 2112
81667 81662 1732
81667 81693 1531
81667 81693 1531
81511 81509 1078
81511 81512 3112
81511 81658 1435
81660 81658 1032
81660 81661 1158
81660 81670 2455
81566 81560 1536
81566 81567 1399
81566 81705 741
81712 81560 765
81712 81695 3038
81712 81704 885
81565 81564 886
86240 86239 3011
86240 86239 3011
86240 91223 957
89687 89686 499
91933 89686 1185
86141 86140 2185
86141 86142 1150
86141 86166 3856
86166 86141 3856
86166 86165 1427
86166 86187 1114
85928 85649 1021
85928 85926 1312
85928 85929 1531
85689 85688 1022
85690 85688 782
85690 85691 3812
85690 85951 2343
85952 85951 977
85958 85954 1022
85958 85955 1559
85958 85957 1189
85998 85997 2988
86192 86191 1386
86192 86193 1162
86192 86201 1022
86212 86201 3047
86212 86210 741
86212 91072 1542
85589 85588 1140
85589 85590 1463
85589 85595 937
85946 85651 1012
85946 85940 838
85946 85944 753
85960 85921 3325
85960 85959 607
85960 85969 1539
85960 86009 414
85915 85914 457
85915 85979 518
85916 85914 979
85916 85917 951
85916 85919 2847
85918 85917 1996
85918 85917 1996
85918 85919 929
85644 85643 1585
85644 85645 1186
85644 85648 1014
85494 85493 2795
85494 85495 1822
85494 85585 1940
85587 85585 3445
85587 85588 1589
85587 91036 875
85482 85480 344
85482 85483 1974
85482 85489 848
85484 85483 1336
85484 85485 512
85484 90462 2764
90549 85483 3096
85488 85410 1162
85488 85480 3035
85488 85487 1222
85509 85508 1043
85509 85510 1294
85509 85544 603
85539 85508 2638
85539 85537 1740
85501 85499 1205
85501 85502 1114
89757 89756 1162
89757 89758 925
89757 89948 2316
89954 89946 311
89954 89953 562
89954 91713 1105
91164 89953 853
91164 91165 1336
91164 91712 769
91624 91623 414
91624 91625 1639
91630 91623 460
91630 91631 214
91632 91631 705
89955 89956 1027
89957 89956 1797
90446 91181 133
91295 91181 1199
91295 91294 1104
91295 91294 1104
91298 90465 539
90426 90427 581
90426 90463 1288
90462 85484 2764
90462 90463 3325
90428 90427 3152
90030 90029 654
90030 90029 654
87991 87990 296
87991 87990 296
89670 89672 69
91868 89672 220
89654 89653 270
89655 89653 125
66707 66726 333
66707 66727 452
66727 66707 452
66727 66742 2370
66731 66742 1228
66744 66742 3836
58097 58092 11399
58097 58101 1042
58104 58101 3574
58104 58103 3538
58103 58104 3538
58103 58106 19969
58116 58106 13416
58136 58134 438
58137 58134 748
80434 58135 528
79097 79096 387
79112 79096 1324
79110 79109 603
79143 79109 4307
84843 84844 1093
84843 84844 1093
56927 56937 2401
56938 56937 1703
57416 57415 1210
70174 77416 3434
77415 77416 1253
57418 57327 9081
57418 57419 7792
57412 57414 1736
57424 57425 951
57428 57425 770
79548 79547 1450
79548 79550 1013
79556 79547 539
79230 79552 6613
79474 79552 1064
79550 79548 1013
79550 79552 1434
79336 79337 651
79338 79337 4307
79338 79337 4307
79766 79611 2340
79766 79767 1667
79610 79611 1934
79561 79560 537
79562 79560 901
79562 79569 1180
79569 79562 1180
79569 79570 781
79571 79570 1212
79328 79327 2560
79331 79327 3156
79310 79311 960
79312 79308 2681
79312 79311 688
79312 79403 2543
84713 90623 244
84713 90623 244
91272 91271 743
91272 91271 743
79425 79427 1551
79428 79427 2012
79428 79442 4412
79436 79427 966
79436 84857 2934
79404 79403 1334
79308 79312 2681
79308 79948 1280
79949 79948 2837
79949 79960 1692
79960 79949 1692
79960 79962 1324
79979 79962 854
79416 79417 4428
80074 79417 1032
79988 79987 1675
80076 79987 1844
80073 80072 1482
80079 80072 1069
79953 79952 1743
79964 79952 1013
79970 79969 2949
79975 79969 1763
80060 79989 2549
170124 162280 2340
170124 170117 601
170124 170123 768
162338 170115 1944
170116 170115 562
170117 170115 667
170117 170124 601
162280 162281 760
162280 170124 2340
117151 117153 2844
117151 117157 607
117151 117158 1395
117154 117153 475
117154 117155 333
117155 117154 333
117155 117156 1023
117168 117156 752
117168 117169 2798
117139 117143 891
117139 117169 752
117130 117132 2704
117141 117132 754
117141 117309 672
117140 117142 419
117143 117139 891
117143 117142 942
117289 117290 1307
117289 117308 3070
117306 117308 881
117306 117309 4049
117313 117314 946
117320 117318 650
117321 117318 1548
117290 117289 1307
117290 117319 2756
117361 117172 838
117361 117358 812
117364 117358 512
117365 117358 2086
117172 117193 789
117172 117361 838
117172 117374 2018
117164 117157 1301
117150 117158 830
117374 117172 2018
117374 117375 812
117374 117376 558
117372 117377 3789
117376 117374 558
117376 117377 1633
117418 117417 445
117424 117417 538
117275 117271 602
117275 117527 3641
118316 117271 586
117176 117431 1221
117176 117439 684
117432 117431 605
117496 117495 1922
117497 117495 812
117497 117501 1922
117498 117495 1536
61529 61531 1227
61529 61532 632
61529 61532 632
61533 61531 698
61533 61532 875
61533 61587 1144
117458 117457 1427
117458 117459 554
117457 117458 1427
117457 117468 698
117469 117468 812
117469 117470 1765
117461 117462 1031
117463 117441 405
117463 117464 1536
117543 117464 950
117475 117470 435
117476 117470 1012
117441 117463 405
117441 117510 405
117545 117511 613
117439 117176 684
117439 117440 1123
117439 117501 752
117501 117439 752
117501 117497 1922
117501 117503 789
117516 117514 1432
117516 117528 611
117539 117531 271
61531 61529 1227
61531 61533 698
61531 61585 1077
61586 61585 789
61586 61588 1077
61587 61533 1144
61587 61585 752
61587 61590 1011
61265 61264 4415
61279 61264 3819
117521 117524 1020
117527 117275 3641
117527 117524 924
61399 61396 568
78933 61396 3461
78933 61472 209
61472 61471 278
61472 61475 1081
61472 78933 209
61474 61484 1136
61485 61484 4920
61513 61510 728
61520 61516 1256
61521 61516 1263
62012 62009 281
62012 76555 1449
62010 62009 1352
61277 61406 2990
61334 61406 3364
61338 61406 2692
60644 60648 650
60646 60648 1031
61363 61362 675
61384 61362 1222
61384 61382 833
76529 61362 631
61391 61385 52
62245 62244 1239
62257 62247 675
62257 62255 877
62258 62255 894
78061 57318 3915
76821 57327 2208
78304 57327 1093
58089 57332 11606
58092 57332 11085
58092 58051 5295
58092 58097 11399
58095 57332 7539
58028 58022 321
57275 57277 790
76460 58081 2115
58110 58107 2257
58051 58090 2323
58051 58092 5295
77972 58090 2019
78974 78975 325
78976 78975 2140
56860 56861 1631
56860 68297 1328
76805 56861 889
76809 76808 1177
76809 76812 1102
76812 76809 1102
76812 76810 1370
76815 76818 173
76820 76818 338
68256 68297 1509
58064 58062 822
57955 57954 1009
57959 57958 293
57922 76782 417
76783 76782 84
57948 57932 274
57838 57833 732
57837 57828 1104
57837 57885 723
57885 57837 723
57885 57886 1797
57887 57886 410
57836 57827 673
57818 57817 577
57819 57817 1021
57870 57869 1057
57870 57874 572
57874 57869 874
57874 57870 572
57874 57875 249
57875 57872 430
57875 57874 249
57876 57872 347
57902 57878 454
57880 57883 430
57930 57883 915
78351 78320 269
78351 78339 401
78790 78339 487
78790 78791 1049
78793 78791 522
78955 78325 559
78327 78326 505
78330 78331 655
78631 78331 519
78631 78633 635
78944 78946 554
79005 78946 310
79011 78633 621
57899 76844 276
76843 76844 189
76843 76847 1335
57911 76853 364
57911 78011 1785
76507 76836 1424
76834 76833 253
76834 76836 441
76858 76830 301
76858 76859 157
76859 76830 315
76859 76858 157
76827 76831 881
76833 76831 1767
76833 76834 253
78372 78370 313
78987 78370 651
78990 78370 512
78990 78989 422
78376 78377 334
78991 78377 472
78988 78989 386
76451 57775 2044
76451 76452 2564
76451 76453 1357
76453 76451 1357
76453 76452 1279
57775 76451 2044
57775 76456 1579
76794 76456 928
58112 58111 1171
61111 78350 311
67965 67869 1440
67965 67950 364
67870 67869 1006
78711 78707 354
78016 78682 6561
78685 78682 1156
78007 78003 2435
78007 78008 4020
78008 78004 2591
78008 78007 4020
79432 79431 1557
79432 84857 1710
84857 79431 3158
84857 79432 1710
84857 79436 2934
79442 79428 4412
79442 87528 2776
87527 87528 1702
87532 87531 502
87533 87531 1431
87535 87534 608
87538 87537 559
79462 79464 3928
87543 79464 1915
79362 79466 2617
79467 79466 5233
79467 79472 603
79473 79472 344
80501 80460 1675
80501 80503 1122
80470 80469 624
80470 80472 957
80472 80470 957
80472 80474 673
83884 83883 901
83902 83883 477
89817 83883 2368
89817 89811 688
80440 88035 1695
80440 89824 333
88036 88035 1440
89811 89817 688
89811 89824 853
83889 83888 368
89802 83888 960
88037 88038 381
89820 89821 1418
89820 89823 610
83904 89781 777
89785 89781 427
89841 89781 914
89821 89820 1418
89821 89822 1248
89837 89822 1312
89840 89822 581
80503 80459 989
80503 80501 1122
80503 80504 1771
80505 80504 1085
86246 86351 748
86352 86351 3685
86352 86353 893
90935 90934 2497
90936 90934 1647
81073 81074 4341
86215 81074 1525
86220 86219 1283
86223 86219 744
80920 80921 1644
80938 80941 1043
91725 80941 912
90931 81160 522
81116 81089 2695
81116 81115 3052
81116 81208 1110
86353 81208 1360
86353 86352 893
81089 81090 1625
81089 81115 2007
81089 81116 2695
81210 81090 1294
81210 81091 2223
81210 81209 1398
81167 81166 1778
81167 81169 1355
81170 81169 778
81173 81172 5226
81173 81175 1271
81175 81172 5418
81175 81173 1271
81165 81164 1637
81165 81166 2046
81165 81211 3051
81166 81165 2046
81166 81167 1778
81166 81211 3418
86406 81112 1502
81090 81089 1625
81090 81091 2206
81090 81210 1294
81263 81262 2671
81304 81262 3328
81261 81260 2509
81284 81260 2186
81328 81260 3454
81287 81283 2414
81233 81232 2433
81235 81234 1588
81236 81234 2557
82953 82954 1107
82953 83163 1565
82955 82954 1074
83163 82953 1565
83163 83164 854
90993 83164 1234
83025 83048 3852
83046 83048 445
83046 83051 2129
83051 83046 2129
83051 83053 796
90997 83053 1877
90998 90995 49
83033 83041 4138
83064 83041 1916
83055 83057 1956
83058 83057 1288
83118 83119 2113
83118 83120 1004
83220 83119 2247
83123 83120 3069
83106 83105 1669
83122 83105 3574
83076 83077 507
83138 83139 938
83138 83938 4145
83140 83139 470
83938 83138 4145
83938 83939 5
83127 83126 1023
83131 83126 389
81581 81580 941
81581 81595 841
81581 81596 941
81595 81581 841
81595 81594 1222
81599 81594 770
81599 81598 1324
86148 86149 1014
86231 86230 1909
86232 86230 2035
86232 86233 778
86234 86233 686
86235 86233 782
86162 86161 1685
90801 86161 1443
83942 83941 1482
83942 83943 518
83942 86248 190
83941 83942 1482
83941 86011 1438
83943 83942 518
83943 86011 901
85987 85986 334
85994 85986 1636
86202 86204 867
91416 86204 1431
91416 91415 2905
91420 91419 516
91415 91416 2905
91415 91417 2920
91653 91417 603
81338 81339 2859
81338 81339 2859
81338 81340 849
86350 81340 714
86350 86349 5024
86252 86251 475
86252 86272 5352
86835 86272 1105
86534 86355 1069
86495 86494 1559
86519 86494 1551
85956 85955 1324
85956 85957 1623
86026 85955 5503
86029 86028 509
86029 86116 1898
86029 86118 2446
86028 86029 509
86028 86116 2142
86410 86342 9846
86331 86344 4660
81607 81608 809
81691 81608 1281
86251 86252 475
86251 86253 1012
86254 86253 3036
86260 86259 1806
86261 86259 777
86261 86279 931
86265 86266 47
86279 86261 931
86279 86266 982
81495 81667 2112
81495 81693 581
81693 81495 581
81693 81667 1531
81693 81667 1531
81509 81511 1078
81509 81670 3851
81512 81511 3112
81670 81509 3851
81670 81660 2455
81567 81566 1399
81705 81566 741
81705 81704 790
81695 81712 3038
81704 81705 790
81704 81712 885
91223 86240 957
86142 86141 1150
86142 86187 2718
86187 86142 2718
86187 86166 1114
85926 85928 1312
85929 85928 1531
85691 85690 3812
85957 85956 1623
85957 85958 1189
86193 86192 1162
91072 86212 1542
85588 85587 1589
85588 85589 1140
85595 85589 937
85940 85946 838
85944 85946 753
85959 85960 607
85969 85960 1539
86009 85960 414
85979 85915 518
85917 85916 951
85917 85918 1996
85917 85918 1996
85645 85644 1186
85648 85644 1014
85493 85494 2795
85495 85494 1822
85495 85499 1434
91036 85587 875
85480 85482 344
85480 85488 3035
85485 85484 512
85410 85488 1162
85510 85509 1294
85544 85509 603
85537 85539 1740
85499 85495 1434
85499 85501 1205
89756 89757 1162
89756 89948 1385
89948 89756 1385
89948 89757 2316
89946 89954 311
91713 89954 1105
91165 91164 1336
91712 91164 769
91625 91624 1639
570
162282
58285
117167
117170
117144
117146
117311
117312
117357
117192
117159
117162
117412
117416
117272
61534
117460
117465
117472
117541
117508
117506
117515
117519
117540
61589
61591
61598
117525
117534
117560
76554
61395
61470
61420
61428
61427
61481
61511
61515
62006
62008
61424
61448
61408
61445
73136
77120
61380
61383
62246
62250
62254
57317
57328
57331
58023
58031
58080
58088
58060
78971
76806
76811
78699
78848
57966
58063
57961
57962
76784
57933
57831
57832
57835
57826
57822
57850
57854
57871
57877
57863
78338
78346
78323
79006
78630
76837
76840
76842
76852
76854
76855
76848
78341
76829
78371
78373
76457
76455
58084
58086
78691
67944
67949
67951
78704
78723
78708
78710
57302
77995
78010
79430
87530
87539
79465
80454
80467
80475
88043
83885
83887
88039
89780
89832
89834
89430
89760
80458
90933
81075
86217
80937
81161
81159
81206
81207
81171
81212
81201
81111
81088
81256
81259
81231
81242
82956
83014
83052
83157
83042
83061
83066
83104
83144
83141
83940
83087
81399
81597
81579
86150
86229
86163
81040
86012
86242
91069
85984
85995
86205
91418
81341
86273
81345
86356
86358
86360
86357
86535
86001
86117
86343
81601
81606
86255
86256
86258
81662
81658
81560
81564
86239
89686
86140
86165
85649
85688
85951
85954
85997
86191
86201
86210
85590
85651
85921
85914
85919
85643
85585
85483
85487
85508
85489
85502
89758
89953
89795
91623
91631
89956
91181
90465
90463
90427
91294
90029
87990
89672
89653
66726
66742
58101
58106
58134
58135
79096
79109
84844
56937
57415
77416
57419
57414
57425
79547
79552
79337
79767
79611
79560
79570
79327
79311
90623
91271
79427
79403
79948
79962
79417
79987
80072
79952
79969
79989
170123
170115
91624
91630
89955
90446
90426
90462
90428
90030
89670
89655
66707
66727
66731
66744
58104
58103
58116
58136
58137
80434
79097
79112
79110
79143
84843
56927
56938
70174
77415
57418
57412
57424
57428
79548
79230
79474
79550
79336
79338
79766
79610
79562
79569
79571
79328
79331
79310
84713
91272
79425
79428
79436
79308
79949
79960
79416
80074
79988
80076
80073
80079
79953
79964
79970
80060
162338
170117
162280
117151
117154
117155
117168
117139
117130
117141
117140
117143
117289
117306
117313
117321
117290
117361
117365
117172
117150
117372
117376
117418
117424
117275
118316
117176
117432
117497
61529
117457
117469
117461
117463
117476
117441
117516
61531
61586
61265
61279
117521
117527
61399
61474
61485
61513
61520
61277
61334
61338
60644
60646
61384
61391
78061
76821
78304
58089
58028
57275
76460
58110
58051
56860
76815
68256
58064
57959
57922
76783
57948
57838
57837
57885
57887
57836
57870
57875
57876
57902
57880
78351
78790
78793
78327
78330
78631
78944
79011
57899
57911
76507
76834
76858
76827
76833
78372
78987
78990
78376
78991
78988
76453
57775
76794
58112
61111
67965
67870
78016
78685
78007
78008
79432
79442
87527
79462
79362
79473
80501
80470
80472
83884
83902
89817
80440
88036
89811
83889
89802
89820
83904
89785
89821
89837
89840
80503
80505
86246
86352
90936
81073
86220
86223
80920
80938
86353
81167
81173
86406
81263
81261
81284
81328
81236
82953
83163
90993
83025
83046
83051
83033
83064
83055
83058
83118
83220
83123
83106
83122
83076
83127
81581
81595
81599
86148
86232
90801
85987
86202
91415
86350
86252
86495
86519
85956
86026
86029
86028
86410
86331
81607
81691
86251
86261
86265
86279
81495
81509
81670
81567
81705
81695
81704
91223
86142
86187
85926
85957
86193
91072
85588
85595
85940
85944
85959
85969
86009
85979
85645
85493
85495
85480
85485
85410
85510
85544
85537
85499
89756
89948
89946
91165
