930
40164 40163 171
40166 40165 550
41261 41260 1079
41261 41262 796
41271 41273 452
41262 41091 1578
41262 41261 796
41266 41264 2335
41266 41265 789
41266 41268 2481
41268 41118 629
41268 41120 1742
41268 41266 2481
41282 41120 1143
41282 41121 610
41289 41215 3461
41289 41316 905
41317 41215 870
41219 41215 2453
41219 41218 849
41239 41217 337
41242 41240 709
41242 41246 1140
41249 41246 757
41250 41246 1719
41250 41253 1014
41257 41255 870
41257 41367 747
53271 53270 72
53271 53273 291
53272 53273 461
53272 53400 796
53424 53405 373
55043 55041 879
55043 55079 1494
55044 55038 697
55044 55042 1614
55046 55038 1614
55046 55048 951
55093 55088 537
55093 55096 2985
55096 55090 650
55096 55093 2985
55096 55107 3111
55108 55107 884
55108 55262 837
55108 55286 1483
55262 55108 837
55262 55263 1275
55276 55277 1612
55275 55282 905
55275 55284 600
55282 55275 905
55282 55277 810
55282 55283 1872
55335 55336 796
55362 55336 421
55362 55364 475
55341 53771 985
55342 55364 436
55342 55365 276
55342 55366 2578
55360 55382 885
53412 53408 1932
53417 53413 1388
53414 53413 672
53418 48649 683
53437 53416 712
49233 49234 556
49375 49371 337
49375 49374 747
49375 49422 279
49420 49374 2731
49420 49419 325
49417 49415 468
49417 49419 2569
49415 49414 197
49415 49417 468
49418 49409 810
49418 49413 2449
49498 49406 474
49498 49408 279
49408 49407 2505
49408 49498 279
49496 49407 790
49361 49352 2160
49362 49358 3006
49362 49363 667
49383 49379 139
49383 49384 1210
49445 49448 819
49377 49363 2081
50363 50348 1079
49422 49375 279
49422 49379 612
49474 49457 805
49247 35716 1266
49247 49241 842
49252 49255 337
49482 49481 963
49488 49631 163
49491 49492 532
49569 49493 623
45973 45974 3225
45973 46291 2750
46289 46290 8245
46289 46326 272
49495 48179 4771
49495 49661 905
49678 49679 906
49678 49681 3627
49680 49691 2543
49680 49795 1580
53804 53805 790
53808 53805 650
55036 54772 677
55036 55040 951
144376 144386 1486
144376 144396 924
144396 144376 924
144396 144397 1400
144396 144399 938
144428 144399 2986
144374 144373 65
144374 144384 531
142459 142457 739
142459 142460 483
144373 144374 65
144373 144379 1812
142458 142453 1329
142457 142453 705
142457 142454 1215
142457 142459 739
142410 142402 1367
142410 142411 483
142423 142403 658
142423 142425 1684
142429 142425 793
142429 142435 2164
142429 142449 548
144402 144399 827
144402 144401 1441
144402 144449 713
144442 144446 1008
144442 144449 2847
144441 144446 2004
144441 144447 771
144573 144447 1579
144573 144574 655
144574 144573 655
144574 144575 337
144574 144578 439
144578 144574 439
144578 144575 315
144578 144591 1073
144579 144591 844
144579 144592 766
144590 144592 2200
144590 144597 719
144630 144597 1572
144630 144631 881
144630 144631 881
196687 144631 1481
196687 196690 815
196692 196690 1682
196692 196693 801
196702 196693 1260
196702 196703 673
196359 196703 1570
196359 196707 813
195567 195568 288
195567 196362 183
195567 196707 1554
196360 196361 623
196410 196413 606
196410 196426 609
196425 196610 1765
195112 195113 463
195112 195174 594
196368 196361 1300
196368 196371 810
196409 196415 707
196409 196426 1102
196424 196609 947
140141 140228 247
140229 140228 370
140229 140230 718
141482 141483 220
141535 146854 386
141536 141485 1006
141536 141540 1280
141481 141483 320
141481 141491 906
148198 141517 1730
148198 151899 912
151824 151825 858
151882 151883 1016
151884 148162 457
151884 151883 1039
151872 151883 416
141490 141491 1436
141490 141492 2313
141490 141495 1095
141494 141493 227
141494 141495 1734
141494 141496 1682
141494 151879 912
189841 190552 566
189966 189964 1629
150582 150584 1377
151601 143289 870
139863 139860 839
139863 139864 1350
139870 139864 729
139870 139871 1805
140011 139871 810
140147 139871 1667
140147 140166 497
140172 140171 736
140172 140214 2016
140215 140214 835
140215 140226 2015
140225 140226 722
140225 140232 817
140225 140233 1983
140227 140228 1219
140227 140232 1069
140168 140166 1449
140168 140169 756
140168 140171 1421
189972 189971 621
190010 189971 754
189985 189986 561
189985 189986 561
189985 189986 561
190558 190559 2302
190558 190566 2167
189963 189971 669
190048 189971 555
142394 142395 811
142402 142403 1443
142402 142410 1367
142231 142232 798
142231 142239 2566
142238 142239 840
142238 142373 2339
142372 142373 774
142372 142379 2338
142378 142379 857
142378 142437 1695
142381 142435 921
142370 142396 508
149903 149904 2661
147002 147001 465
147002 151809 603
147002 151810 1518
147002 151834 367
151833 146994 1208
151833 151832 2002
151833 151834 3589
141523 151825 802
141523 151826 164
151827 141530 2930
151827 151826 857
141532 141530 822
141532 141533 1762
142252 142257 774
142252 142295 3123
142294 142295 883
142294 142302 2770
142297 142233 833
142297 142242 2512
142297 142302 815
141822 141823 2460
141825 141826 1598
141836 141828 1565
141836 141839 779
141836 142254 2312
142253 142254 831
142253 142257 1877
141533 141531 844
141533 141532 1762
141533 141671 2272
141673 141671 893
141673 141777 1761
141778 141777 897
141778 141782 1669
141786 141782 864
141786 141791 2391
141792 141791 955
141792 141794 855
141792 141809 1613
141794 141792 855
141794 141812 2037
141794 141823 912
142232 142231 798
142232 142233 768
142232 142240 2473
142233 142232 768
142233 142241 2432
142233 142297 833
56066 56078 713
56066 56079 1458
56081 56079 713
56065 56059 747
55970 55936 552
55970 55971 1505
55973 55971 631
55987 55986 733
55980 55983 924
55980 55984 828
55981 55984 747
55981 56059 1339
55982 55905 778
55982 55983 202
55982 55986 337
56087 56079 1380
56087 56094 818
56087 56199 1073
56195 56199 385
56195 56200 747
56204 56200 1855
56204 56201 713
56201 56095 1812
56201 56202 818
56201 56204 713
56225 56202 1616
56225 56270 905
56225 56273 1449
56273 56225 1449
56273 56274 796
56281 56274 1450
56281 56282 905
56286 56282 1436
56286 56283 782
56297 56283 1366
56297 56291 782
196667 196665 710
196666 196632 884
196666 196665 1405
196666 196669 1611
196669 196633 796
196669 196666 1611
196669 196892 2130
196897 196899 346
196897 196901 346
196901 196897 346
196901 196902 1662
196909 196902 599
204294 204323 2758
204324 204323 623
204324 204344 2048
204345 204348 932
204349 204350 744
204349 204351 230
204387 204351 607
207617 197426 451
197426 207617 451
207625 207626 846
207626 207625 846
207626 207653 709
207653 207626 709
207653 207658 774
207658 207653 774
207658 207659 779
207496 207499 1032
207499 207496 1032
207669 207659 867
207659 207658 779
207659 207669 867
196865 196869 973
196869 196865 973
145439 145462 1382
145462 145439 1382
145462 145983 349
145983 145462 349
145986 145987 951
145987 145986 951
151361 151360 751
146002 146003 369
146003 146002 369
151360 151361 751
203997 203995 767
204064 204065 679
204065 204064 679
204088 204090 523
204090 204088 523
204098 204099 802
204099 204098 802
203744 203745 1736
203745 203744 1736
203982 203983 841
203983 203982 841
203995 203997 767
207957 207465 1098
207957 207954 1122
207954 207957 1122
207549 207463 1024
207463 207466 1108
207463 207549 1024
207465 207957 1098
207466 207463 1108
207515 207578 867
207578 207515 867
207581 207589 285
207589 207581 285
207589 207591 623
207591 207589 623
207983 207990 665
207990 207983 665
207992 208042 1252
208042 207992 1252
208340 208390 2493
208390 208340 2493
210582 210583 779
210582 210592 726
210592 210582 726
210592 210596 867
210579 210577 751
210583 210582 779
210577 210579 751
210596 210592 867
178802 178805 1124
178805 178802 1124
166293 166295 767
166295 166293 767
166330 166341 674
166341 166330 674
166840 185078 924
185078 166840 924
180577 180576 1867
180541 180576 2007
180576 180541 2007
180576 180577 1867
182410 182419 2480
182419 182410 2480
182447 182444 1902
182444 182447 1902
185177 185175 818
185094 185097 630
185097 185094 630
185107 185106 2677
185106 185107 2677
185175 185177 818
174725 174724 890
174724 174725 890
175291 175286 751
175286 175291 751
174734 174731 758
174731 174734 758
175686 175685 354
175685 175686 354
174454 174525 1094
174525 174454 1094
174325 174323 279
174323 174325 279
210861 210866 1633
210866 210861 1633
211090 211089 683
211763 211782 1196
211782 211763 1196
211089 211090 683
163507 163523 1017
163523 163507 1017
163530 163528 672
163528 163530 672
163620 163799 782
163799 163620 782
162967 162954 713
162954 162967 713
164073 164074 789
164074 164073 789
164269 164270 1023
164270 164269 1023
164093 164097 537
164097 164093 537
214315 212326 1016
211962 211963 841
211963 211962 841
212326 214315 1016
115128 115127 1023
115127 115128 1023
106878 106882 1234
106882 106878 1234
106253 106492 562
106492 106253 562
107695 107691 2347
107691 107695 2347
107846 107848 3075
107848 107846 3075
112103 112278 788
112013 112014 336
112014 112013 336
112015 112011 707
112011 112015 707
112278 112103 788
112463 112464 516
112463 112467 788
112464 112463 516
112467 112463 788
113447 112454 1565
112454 113447 1565
113118 113115 931
112958 113113 681
113113 112958 681
113113 113115 756
113115 113113 756
113115 113118 931
112664 112666 2719
112666 112664 2719
113425 113489 562
113489 113425 562
113498 113499 884
113246 113260 818
113230 113229 796
113260 113246 818
113223 113228 818
113228 113223 818
113228 113229 796
113229 113228 796
113229 113230 796
113499 113498 884
105300 105305 1827
105305 105300 1827
105390 105395 2305
105395 105390 2305
39878 39986 1501
39986 39878 1501
105193 104993 1167
104993 105193 1167
103577 103702 1884
103702 103577 1884
105439 105430 1535
105430 105439 1535
39935 39970 1534
39970 39935 1534
40009 40011 757
40011 40009 757
40163 40164 171
40165 40166 550
40165 41260 435
41260 40165 435
41260 41091 747
41260 41261 1079
41273 41271 452
41091 41260 747
41091 41262 1578
41264 41265 2216
41264 41266 2335
41265 41118 2429
41265 41264 2216
41265 41266 789
41118 41265 2429
41118 41268 629
41120 41268 1742
41120 41282 1143
41121 41282 610
41215 41219 2453
41215 41289 3461
41215 41317 870
41316 41289 905
41218 41219 849
41217 41239 337
41240 41242 709
41246 41242 1140
41246 41249 757
41246 41250 1719
41253 41250 1014
41255 41257 870
41367 41257 747
53270 53271 72
53270 53273 321
53273 53270 321
53273 53271 291
53273 53272 461
53400 53272 796
53405 53424 373
55041 54772 828
55041 55043 879
55079 55043 1494
55038 55044 697
55038 55046 1614
55042 54772 848
55042 55044 1614
55048 55046 951
55048 55088 738
55088 55048 738
55088 55090 3169
55088 55093 537
55090 55088 3169
55090 55096 650
55107 55096 3111
55107 55108 884
55286 55108 1483
55286 55263 713
55263 55262 1275
55263 55277 510
55263 55286 713
55277 55263 510
55277 55276 1612
55277 55282 810
55284 55275 600
55283 55282 1872
55336 55335 796
55336 55362 421
55364 55342 436
55364 55362 475
55364 55365 279
53771 55341 985
55365 55342 276
55365 55364 279
55366 55342 2578
55382 55360 885
53408 53412 1932
53413 53414 672
53413 53417 1388
48649 53418 683
53416 53437 712
49234 49233 556
49371 49375 337
49374 49375 747
49374 49420 2731
49419 49417 2569
49419 49420 325
49414 49413 611
49414 49415 197
49409 49418 810
49413 49414 611
49413 49418 2449
49406 49498 474
49407 49408 2505
49407 49496 790
49352 49358 848
49352 49361 2160
49358 49352 848
49358 49362 3006
49363 49362 667
49363 49377 2081
49379 49383 139
49379 49422 612
49384 49383 1210
49448 49445 819
50348 50363 1079
49457 49474 805
35716 49247 1266
49241 49247 842
49255 49252 337
49481 49482 963
49631 49488 163
49492 49491 532
49492 49493 626
49493 49492 626
49493 49569 623
45974 45973 3225
46291 45973 2750
46290 46289 8245
46326 46289 272
48179 49495 4771
49661 49495 905
49679 49678 906
49681 49678 3627
49691 49680 2543
49795 49680 1580
53805 53804 790
53805 53808 650
54772 55036 677
54772 55041 828
54772 55042 848
55040 55036 951
144386 144376 1486
144386 144384 380
144397 144396 1400
144399 144396 938
144399 144402 827
144399 144428 2986
144384 144374 531
144384 144386 380
142460 142459 483
142460 144379 271
144379 142460 271
144379 144373 1812
142453 142457 705
142453 142458 1329
142454 142457 1215
142411 142410 483
142403 142402 1443
142403 142423 658
142425 142423 1684
142425 142429 793
142435 142381 921
142435 142429 2164
142449 142429 548
144401 144402 1441
144449 144402 713
144449 144442 2847
144446 144441 2004
144446 144442 1008
144447 144441 771
144447 144573 1579
144575 144574 337
144575 144578 315
144591 144578 1073
144591 144579 844
144592 144579 766
144592 144590 2200
144597 144590 719
144597 144630 1572
144631 144630 881
144631 144630 881
144631 196687 1481
196690 196687 815
196690 196692 1682
196693 196692 801
196693 196702 1260
196703 196359 1570
196703 196702 673
196707 195567 1554
196707 196359 813
195568 195567 288
195568 196362 289
195568 196371 1332
196362 195567 183
196362 195568 289
196362 196361 626
196361 196360 623
196361 196362 626
196361 196368 1300
196413 196410 606
196426 196409 1102
196426 196410 609
196610 196425 1765
195113 195112 463
195113 196371 751
195113 196415 992
195174 195112 594
196371 195113 751
196371 195568 1332
196371 196368 810
196415 195113 992
196415 196409 707
196609 196424 947
140228 140141 247
140228 140227 1219
140228 140229 370
140230 140229 718
140230 140232 1146
141483 141481 320
141483 141482 220
146854 141535 386
141485 141536 1006
141540 141536 1280
141491 141481 906
141491 141490 1436
141517 148198 1730
151899 148198 912
151825 141523 802
151825 151824 858
151883 151872 416
151883 151882 1016
151883 151884 1039
148162 151884 457
141492 141490 2313
141495 141490 1095
141495 141494 1734
141493 141494 227
141496 141494 1682
151879 141494 912
190552 189841 566
189964 189966 1629
189964 189986 1030
150584 150582 1377
143289 151601 870
139860 139863 839
139864 139863 1350
139864 139870 729
139871 139870 1805
139871 140011 810
139871 140147 1667
140166 140147 497
140166 140168 1449
140171 140168 1421
140171 140172 736
140214 140172 2016
140214 140215 835
140226 140215 2015
140226 140225 722
140232 140225 817
140232 140227 1069
140232 140230 1146
140233 140225 1983
140169 140168 756
189971 189963 669
189971 189972 621
189971 190010 754
189971 190048 555
189986 189964 1030
189986 189985 561
189986 189985 561
189986 189985 561
190559 190558 2302
190566 190558 2167
142395 142394 811
142395 142396 1669
142239 142231 2566
142239 142238 840
142239 142240 954
142373 142238 2339
142373 142372 774
142379 142372 2338
142379 142378 857
142437 142378 1695
142396 142370 508
142396 142395 1669
149904 149903 2661
149904 151809 166
147001 147002 465
147001 151809 403
147001 151810 1678
151809 147001 403
151809 147002 603
151809 149904 166
151810 147001 1678
151810 147002 1518
151834 147002 367
151834 151833 3589
146994 151833 1208
151832 151833 2002
151826 141523 164
151826 151827 857
141530 141531 1706
141530 141532 822
141530 151827 2930
142257 142252 774
142257 142253 1877
142295 142252 3123
142295 142294 883
142302 142294 2770
142302 142297 815
142242 142241 795
142242 142297 2512
141823 141794 912
141823 141822 2460
141823 141826 814
141826 141823 814
141826 141825 1598
141828 141836 1565
141839 141836 779
142254 141836 2312
142254 142253 831
141531 141530 1706
141531 141533 844
141671 141533 2272
141671 141673 893
141777 141673 1761
141777 141778 897
141782 141778 1669
141782 141786 864
141791 141786 2391
141791 141792 955
141809 141792 1613
141809 141812 929
141812 141794 2037
141812 141809 929
142240 142232 2473
142240 142239 954
142240 142241 649
142241 142233 2432
142241 142240 649
142241 142242 795
56078 56066 713
56079 56066 1458
56079 56081 713
56079 56087 1380
56059 55981 1339
56059 56065 747
55936 55970 552
55971 55970 1505
55971 55973 631
55986 55982 337
55986 55987 733
55983 55980 924
55983 55982 202
55984 55980 828
55984 55981 747
55905 55982 778
56094 56087 818
56094 56200 1339
56199 56087 1073
56199 56195 385
56200 56094 1339
56200 56095 818
56200 56195 747
56200 56204 1855
56095 56200 818
56095 56201 1812
56202 56201 818
56202 56225 1616
56270 56225 905
56270 56274 1436
56274 56270 1436
56274 56273 796
56274 56281 1450
56282 56281 905
56282 56286 1436
56283 56286 782
56283 56297 1366
56291 56297 782
196665 196666 1405
196665 196667 710
196632 196633 1637
196632 196666 884
196633 196632 1637
196633 196669 796
196892 196669 2130
196892 196899 437
196899 196892 437
196899 196897 346
196902 196901 1662
196902 196909 599
204323 204294 2758
204323 204324 623
204344 204324 2048
204344 204348 1123
204348 204344 1123
204348 204345 932
204348 204350 255
204350 204348 255
204350 204349 744
204351 204349 230
204351 204387 607
961
40164
40166
41261
41271
41262
41266
41268
41282
41289
41317
41219
41239
41242
41249
41250
41257
53271
53272
53424
55043
55044
55046
55093
55096
55108
55262
55276
55275
55282
55335
55362
55341
55342
55360
53412
53417
53414
53418
53437
49233
49375
49420
49417
49415
49418
49498
49408
49496
49361
49362
49383
49445
49377
50363
49422
49474
49247
49252
49482
49488
49491
49569
45973
46289
49495
49678
49680
53804
53808
55036
144376
144396
144428
144374
142459
144373
142458
142457
142410
142423
142429
144402
144442
144441
144573
144574
144578
144579
144590
144630
196687
196692
196702
196359
195567
196360
196410
196425
195112
196368
196409
196424
140141
140229
141482
141535
141536
141481
148198
151824
151882
151884
151872
141490
141494
189841
189966
150582
151601
139863
139870
140011
140147
140172
140215
140225
140227
140168
189972
190010
189985
190558
189963
190048
142394
142402
142231
142238
142372
142378
142381
142370
149903
147002
151833
141523
151827
141532
142252
142294
142297
141822
141825
141836
142253
141533
141673
141778
141786
141792
141794
142232
142233
56066
56081
56065
55970
55973
55987
55980
55981
55982
56087
56195
56204
56201
56225
56273
56281
56286
56297
196667
196666
196669
196897
196901
196909
204294
204324
204345
204349
204387
204392
204750
204753
207617
197426
207625
207626
207653
207658
207241
207475
207496
207499
207507
207667
207511
207668
207669
207659
196871
196872
196865
196869
196883
196890
196821
145347
145432
145435
145439
145462
145983
145986
145987
139963
151361
151411
146002
146003
151355
151360
151363
151366
151337
151338
151330
151340
151331
203997
204002
204064
204065
204088
204102
204090
204098
204099
204321
203577
203593
203611
203617
203610
203691
203687
203693
203744
203745
203759
203979
203982
203983
203995
207957
207954
207594
207585
207546
207548
207549
207463
207465
207466
207537
207547
207540
207477
207502
207513
207515
207578
207581
207589
207591
207958
207982
207983
207990
207992
208042
208044
208132
208149
208154
208155
208363
208387
208340
208390
208288
210582
210592
210579
210583
208339
208355
208443
210577
210681
210596
210598
210655
210656
210838
178670
178802
178805
178688
178735
178739
177533
180305
163673
163703
163711
184951
185066
185069
185128
163701
166293
166590
163693
166295
166330
166362
166341
166337
166344
166840
185078
163657
180767
180798
180805
180511
180800
180530
180577
180541
180576
182396
182410
182452
182478
182419
182447
182444
181973
182007
182229
182517
182481
182520
182489
182618
182524
172469
169408
182621
168879
185244
182620
176280
185177
152202
152207
152179
152186
174256
176305
176368
176363
176361
152223
152225
185094
185097
185107
185106
185123
185175
173969
173797
173811
173779
173782
174516
174641
174673
174742
174669
174664
174725
174724
174704
175202
186026
174707
175291
175286
175276
175277
174289
175285
175289
174734
175278
174731
175235
175240
175211
175213
175395
175223
175225
175434
175702
175721
175723
175739
175644
175106
175516
175513
175544
175623
175636
175686
175685
175639
175761
174440
174447
174457
174454
174519
174525
174325
174326
174323
176369
210677
210836
210839
210856
210859
210861
210866
210911
210921
211038
211051
211090
211764
211762
211763
211782
211052
211085
211078
211089
211787
211805
163507
163523
163530
163528
163621
163498
163743
163675
163679
163620
163686
163799
162973
162960
163510
163451
163022
162768
162969
162967
162954
162773
162958
164015
164260
164284
164037
164096
164046
164174
164032
164073
164075
164074
164067
164269
164270
164193
164195
164093
164097
164108
164113
164123
164132
164125
164134
212373
214315
212377
212387
212394
164147
212047
211818
211958
211962
211963
211970
212304
212307
212310
212311
212320
212326
178715
114609
114616
114669
114453
114464
114480
115204
115216
116142
114971
115128
115142
115144
115127
115134
114872
114896
114879
115042
114987
115000
92083
92091
92095
115304
115117
115110
115118
115147
115341
115360
115367
115658
106195
106813
107002
107016
107311
107009
107296
107298
107325
109550
106878
106862
92911
92934
92935
106882
106715
106879
106877
106880
106253
106492
106232
116055
116062
116103
116119
106237
105740
192025
192027
194395
194233
194234
191929
191582
192071
192856
192971
192864
193025
193036
107595
107708
107680
107704
107653
107641
107600
107604
107624
107608
107638
107585
107667
107695
107750
107691
107713
107841
107837
107846
107848
111019
111009
111125
111142
111144
111134
111891
111138
111129
111935
111959
111964
111970
111998
112103
112016
112013
112014
112015
112011
112278
33614
33622
33627
113429
113439
112429
113444
112463
112464
113175
112466
112467
112468
113447
112454
113118
113120
113122
112905
112924
112953
112958
113113
113115
112937
112960
112992
113162
113171
113250
113269
113308
112664
112666
113424
113425
113489
113498
113246
113227
112978
113230
112972
113260
113173
113217
113226
113223
113228
113229
105714
113499
113502
113513
105300
105305
105292
105343
105345
105368
105371
105319
104650
104656
105334
103480
103733
105421
105390
105395
105387
39890
39883
40076
39878
39986
39860
40061
40054
40057
40074
40064
104932
105146
105193
104990
104993
104984
105257
105259
105454
105221
105224
105127
105446
113867
105443
103577
103664
103702
103740
103743
105428
105439
105083
105430
105460
105461
105440
39996
39990
39916
39935
39970
39978
40009
39929
39992
40011
40019
40036
40039
40051
40163
41091
41264
41265
41118
41120
41121
41215
41316
41218
41217
41240
41246
41253
41255
41367
53270
53400
53405
55041
55038
55042
55048
55088
55090
55107
55286
55277
55283
55336
53771
55365
55366
55382
53408
53413
48649
53416
49234
49371
49374
49419
49414
49409
49413
49406
49407
49352
49358
49363
49379
49448
50348
49457
35716
49241
49255
49481
49631
46290
48179
49661
49681
49691
49795
53805
54772
144386
144397
144399
144384
142460
144379
142453
142454
142403
142425
142435
142449
144401
144449
144446
144447
144575
144591
144592
144597
144631
196690
196693
196703
196707
195568
196413
196426
196371
196415
140230
141485
141540
141517
151899
151883
148162
141492
141493
141496
189964
150584
143289
139860
139864
139871
140166
140171
140214
140226
140232
140233
140169
190559
190566
142395
142239
142373
142379
142437
142396
149904
151810
151834
146994
151826
141530
142257
142295
142302
142242
141823
141826
141828
141839
142254
141531
141671
141777
141782
141791
141809
141812
142240
142241
56078
56079
56059
55936
55971
55986
55983
55984
55905
56094
56199
56095
56202
56270
56274
56282
56283
56291
196665
196632
196633
196892
196899
196902
204323
204344
204350
