746
49331 49330 713
49364 49332 374
49114 49107 1734
49114 49116 818
49121 49120 1579
49121 49160 3791
49479 49480 2394
49479 49483 819
49190 49176 7829
49190 49443 347
49189 49188 4210
49189 49459 255
49189 49462 235
49462 49189 235
49462 49463 222
48335 49617 1724
48335 49619 1337
129919 131413 1677
131799 131668 3931
131799 131801 790
131806 131808 1088
131813 131816 859
131818 120646 3872
49626 49625 404
49626 49629 1933
49656 49644 4676
131877 131796 5642
131877 131878 1747
54326 54327 2088
54322 54406 1161
54335 54483 1298
54337 54390 475
54337 54483 279
54337 54489 2686
49640 49641 2456
49640 49642 1396
53789 53790 885
53789 53791 807
53793 53791 713
53793 53821 747
53793 53823 3291
53824 53821 885
53824 53825 873
53827 53825 1067
53827 53829 1153
53838 53836 879
53838 53839 612
53838 53841 276
53842 53841 747
53842 53843 3789
55053 53843 650
55053 55068 511
55053 55076 3098
55055 55057 807
55055 55058 1258
144392 144393 772
144392 144407 2432
144407 144392 2432
144407 144408 758
144415 144455 232
144415 144457 979
144457 144415 979
144457 144458 1950
144462 144463 818
144470 144463 1484
144470 144472 896
144603 144472 2543
144603 144606 764
144605 144606 2033
144605 144612 694
144614 144612 2109
144614 144615 711
144635 144615 1869
144635 144640 760
144639 144640 1145
144639 144641 822
144643 144641 1024
144643 144644 766
144643 144644 766
196713 144644 3034
196713 196714 411
196718 196716 1538
196718 196719 660
196718 196734 839
196725 196730 465
196725 196732 1186
196731 196732 707
196617 196616 889
196617 196619 1285
196618 196619 1064
196618 196841 368
196615 196614 707
196615 196616 1616
196615 196621 710
196780 196781 132
196789 196786 647
196789 196787 352
196790 196788 1186
196790 196841 255
196767 196732 1300
196767 196768 701
196767 196771 1887
196771 196767 1887
196771 196782 787
196771 196787 1531
141604 141585 2052
141604 141606 848
141605 141606 1597
141605 141607 999
141584 141580 1334
141584 141585 1346
141600 141601 855
141600 141607 1044
150658 150669 846
150658 150670 761
150658 151599 501
139856 139878 2135
139856 139879 739
150400 150667 20
150400 150676 44
150672 150601 762
150672 150671 376
151723 150601 116
151723 151724 713
150670 150658 761
150670 150671 2286
139877 139879 845
139877 139880 1697
139883 139880 746
140156 140150 384
140158 140157 2448
140158 140162 812
140158 140198 2009
140178 140198 843
140220 140242 812
140220 140243 2098
140235 140243 794
140235 140262 1812
140263 140262 821
140263 141573 2235
141572 141573 712
141572 141580 2051
142277 142278 840
142277 142311 3081
142301 142309 2878
142301 142311 804
142308 142309 818
142308 142475 2449
142474 142475 885
142474 142482 2353
142473 142480 2403
142473 142482 847
142479 142480 710
142479 142511 2533
142510 142511 905
142510 142520 2524
142466 142520 831
141859 142270 1540
142268 142269 825
142268 142278 1911
141601 141600 855
141601 141610 1697
141615 141610 825
141615 141619 661
141620 141619 890
141620 141624 3040
141624 141620 3040
141624 141643 899
141629 141626 1951
141629 141631 858
141629 141632 803
141637 141631 2675
141637 141638 910
141649 141638 2783
141649 141650 910
141806 141650 2518
141806 141849 1579
141806 142014 1089
141849 141806 1579
141849 142023 1131
141849 142032 1149
141850 142032 909
141850 142038 2862
141853 142038 948
141853 142046 1888
141862 142271 1108
141861 142275 797
142272 142270 1111
142272 142274 248
55967 55966 253
55995 56111 374
56109 56118 3497
56115 56114 1284
56138 56137 4262
56138 56789 360
204685 204684 700
207632 204770 3711
207760 207763 2842
207760 207804 839
207752 207761 683
207752 207762 2077
207761 207752 683
207761 207763 867
207761 207764 2164
207753 207762 779
207753 207769 2146
207699 207702 2164
207699 207704 773
207700 207704 1808
207700 207769 846
207701 207691 779
207701 207702 846
207701 207703 1006
207691 207690 1020
207691 207701 779
207686 207690 901
207687 207729 136
196801 196799 838
196801 196800 2120
196792 196791 456
196792 196800 573
196842 196841 344
196802 196797 867
196802 196799 1794
196748 145296 760
196748 196761 945
196759 196755 745
196759 196760 2660
196808 196760 607
196808 196812 1630
196825 196797 947
196825 196812 758
145344 145342 1351
145344 145343 570
145344 145345 463
145349 145345 783
145349 145350 1283
145349 145351 1019
145352 145351 1616
145355 145562 921
145355 145567 776
145355 151637 248
145366 145381 941
145372 145376 1357
145372 145381 2063
145375 145376 856
145375 145378 420
145375 145379 1412
145388 145389 742
145388 145391 1110
145421 145420 588
145421 145422 327
145425 145422 740
145475 145477 723
145477 145475 723
146039 146041 851
151421 146077 755
151393 151501 1390
151501 151393 1390
146077 151421 755
146041 146039 851
151394 151395 586
151395 151394 586
203685 203698 747
204477 204649 2048
204649 204477 2048
204654 204675 1213
204675 204654 1213
203698 203685 747
203715 203713 395
203716 203763 522
203713 203715 395
203763 203716 522
203740 203771 336
203771 203740 336
204014 204017 839
204017 204014 839
204019 204036 773
204036 204019 773
204038 204042 756
204042 204038 756
208075 208078 867
208102 208502 1317
208502 208102 1317
208078 208075 867
207804 207760 839
207815 207819 895
207829 207828 930
207829 208512 748
208512 207829 748
207819 207815 895
207819 207828 713
207828 207819 713
207828 207829 930
208140 208141 759
208141 208140 759
208454 208461 1561
208461 208454 1561
180618 180628 1447
180628 180618 1447
180607 180610 796
180610 180607 796
180656 180623 562
180623 180656 562
185160 185161 433
185161 185160 433
166990 166986 1161
166930 167129 375
167129 166930 375
166986 166990 1161
166896 152172 849
166947 166943 871
166928 166944 688
166943 166947 871
166944 166928 688
152245 152236 778
152236 152245 778
152172 166896 849
176346 152276 713
152276 176346 713
175352 175351 3233
175351 175352 3233
175753 175752 361
175752 175753 361
175746 175767 276
175767 175746 276
176658 176705 1103
176705 176658 1103
175667 175679 1322
175679 175667 1322
163580 163752 674
163818 163836 782
163752 163580 674
163871 163870 778
163870 163871 778
163875 163874 782
163836 163818 782
163874 163866 667
163874 163875 782
163866 163874 667
166419 166420 790
166420 166419 790
163050 163047 828
163435 163440 790
163440 163435 790
163047 163050 828
164399 164391 713
164312 164324 688
164324 164312 688
164391 164399 713
164213 164215 2170
164215 164213 2170
212411 212405 900
212405 212411 900
164249 164247 985
164247 164249 985
212148 212149 716
212149 212148 716
114475 114479 603
114479 114475 603
115158 115157 303
115157 115158 303
114884 114886 1124
114886 114884 1124
106705 106903 1234
106903 106705 1234
111106 111159 238
111159 111106 238
111912 111939 889
111939 111912 889
112050 112049 764
112049 112050 764
112089 112090 796
112090 112089 796
112122 112129 434
112129 112122 434
112222 112140 764
112140 112222 764
112337 112414 905
112414 112337 905
112416 112420 1344
112420 112416 1344
112403 112409 628
112409 112403 628
111783 112176 403
112176 111783 403
112263 112262 1014
112262 112263 1014
113374 113380 1850
113380 113374 1850
113386 113396 536
113396 113386 536
113075 112931 1983
113035 113064 1032
113064 113035 1032
112931 113075 1983
104661 104684 1320
104618 104587 1676
104587 104618 1676
104686 104687 449
104684 104661 1320
104687 104686 449
39867 39863 1756
39863 39867 1756
39832 39912 927
39912 39832 927
105134 104959 584
104959 105134 584
105103 105101 1105
105097 105075 983
105099 105101 1438
105101 105099 1438
105101 105103 1105
105075 105097 983
39730 39731 2505
39731 39730 2505
39720 39718 1862
39718 39720 1862
40018 41059 629
41059 40018 629
41075 41025 2515
41025 41075 2515
41174 41361 452
41331 41328 884
41328 41331 884
41361 41174 452
55059 55057 828
55068 55053 511
55960 55964 333
55964 55960 333
48619 48632 511
48632 48619 511
49142 49214 709
49214 49142 709
49341 49337 747
49336 49337 688
49337 49336 688
49337 49341 747
49095 49092 747
49092 49095 747
49096 49099 650
49099 49096 650
49330 49331 713
49330 49332 1428
49332 49330 1428
49332 49364 374
49107 49114 1734
49116 49114 818
49116 49120 276
49120 49116 276
49120 49121 1579
49160 49121 3791
49480 49479 2394
49483 49479 819
49176 49190 7829
49443 49190 347
49188 49189 4210
49459 49189 255
49463 49462 222
49617 48335 1724
49617 49619 1193
49619 48335 1337
49619 49617 1193
131413 129919 1677
131668 131799 3931
131801 131799 790
131808 131806 1088
131808 131816 1255
131816 131808 1255
131816 131813 859
120646 131818 3872
49625 49626 404
49629 49626 1933
49644 49656 4676
131796 131877 5642
131878 131877 1747
54327 54326 2088
54406 54322 1161
54483 54335 1298
54483 54337 279
54390 54337 475
54489 54337 2686
49641 49640 2456
49642 49640 1396
53790 53789 885
53791 53789 807
53791 53793 713
53821 53793 747
53821 53824 885
53823 53793 3291
53825 53824 873
53825 53827 1067
53829 53827 1153
53829 53836 677
53836 53829 677
53836 53838 879
53839 53838 612
53841 53838 276
53841 53842 747
53843 53842 3789
53843 55053 650
55076 55053 3098
55057 55055 807
55057 55059 828
55058 55055 1258
144393 142520 2407
144393 144392 772
144393 144408 2470
144408 144393 2470
144408 144407 758
144408 144455 2083
144455 144408 2083
144455 144415 232
144458 144457 1950
144458 144463 943
144463 144458 943
144463 144462 818
144463 144470 1484
144472 144470 896
144472 144603 2543
144606 144603 764
144606 144605 2033
144612 144605 694
144612 144614 2109
144615 144614 711
144615 144635 1869
144640 144635 760
144640 144639 1145
144641 144639 822
144641 144643 1024
144644 144643 766
144644 144643 766
144644 196713 3034
196714 196713 411
196714 196716 607
196716 196714 607
196716 196718 1538
196719 196718 660
196719 196734 559
196734 196718 839
196734 196719 559
196730 196725 465
196732 196725 1186
196732 196731 707
196732 196767 1300
196616 196615 1616
196616 196617 889
196619 196617 1285
196619 196618 1064
196841 196618 368
196841 196790 255
196841 196842 344
196614 196615 707
196621 196615 710
196781 196780 132
196781 196786 197
196786 196781 197
196786 196789 647
196787 196771 1531
196787 196788 808
196787 196789 352
196788 196782 1542
196788 196787 808
196788 196790 1186
196788 196791 1269
196768 196767 701
196768 196782 1839
196782 196768 1839
196782 196771 787
196782 196788 1542
141585 141584 1346
141585 141604 2052
141585 141626 759
141606 141604 848
141606 141605 1597
141607 141600 1044
141607 141605 999
141607 141610 988
141580 141572 2051
141580 141584 1334
141580 141626 400
150669 150658 846
151599 150658 501
139878 139856 2135
139878 150667 794
139879 139856 739
139879 139877 845
150667 139878 794
150667 150400 20
150676 150400 44
150601 150672 762
150601 151723 116
150671 150670 2286
150671 150672 376
151724 151723 713
139880 139877 1697
139880 139883 746
139880 140150 1772
140150 139880 1772
140150 140156 384
140150 140157 435
140157 140150 435
140157 140158 2448
140162 140158 812
140198 140158 2009
140198 140178 843
140242 140220 812
140243 140220 2098
140243 140235 794
140262 140235 1812
140262 140263 821
141573 140263 2235
141573 141572 712
142278 142268 1911
142278 142277 840
142311 142277 3081
142311 142301 804
142309 142301 2878
142309 142308 818
142475 142308 2449
142475 142474 885
142482 142473 847
142482 142474 2353
142480 142473 2403
142480 142479 710
142511 142479 2533
142511 142510 905
142520 142466 831
142520 142510 2524
142520 144393 2407
142270 141859 1540
142270 142269 811
142270 142272 1111
142269 142268 825
142269 142270 811
141610 141601 1697
141610 141607 988
141610 141615 825
141619 141615 661
141619 141620 890
141643 141624 899
141626 141580 400
141626 141585 759
141626 141629 1951
141631 141629 858
141631 141637 2675
141632 141629 803
141638 141637 910
141638 141649 2783
141650 141649 910
141650 141806 2518
142014 141806 1089
142014 142023 2075
142023 141849 1131
142023 142014 2075
142032 141849 1149
142032 141850 909
142038 141850 2862
142038 141853 948
142046 141853 1888
142271 141862 1108
142271 142275 916
142275 141861 797
142275 142271 916
142275 142274 909
142274 142272 248
142274 142275 909
55966 55967 253
56111 55995 374
56118 56109 3497
56114 56115 1284
56137 56138 4262
56789 56138 360
204684 204685 700
204770 207632 3711
207763 207760 2842
207763 207761 867
207762 207752 2077
207762 207753 779
207762 207764 796
207764 207761 2164
207764 207762 796
207769 207700 846
207769 207753 2146
207702 207699 2164
207702 207701 846
207704 207699 773
207704 207700 1808
207703 207690 756
207703 207701 1006
207690 207686 901
207690 207691 1020
207690 207703 756
207729 207687 136
196799 196801 838
196799 196802 1794
196800 196791 342
196800 196792 573
196800 196801 2120
196791 196788 1269
196791 196792 456
196791 196800 342
196797 196802 867
196797 196825 947
145296 196748 760
196761 196748 945
196761 196755 930
196755 196759 745
196755 196761 930
196760 196759 2660
196760 196808 607
196812 196808 1630
196812 196825 758
145342 145343 895
145342 145344 1351
145343 145342 895
145343 145344 570
145343 145345 558
145345 145343 558
145345 145344 463
145345 145349 783
145350 145349 1283
145351 145349 1019
145351 145352 1616
145351 145562 220
145562 145351 220
145562 145355 921
145562 145567 237
145567 145355 776
145567 145562 237
151637 145355 248
151637 145378 442
145381 145366 941
145381 145372 2063
145376 145372 1357
145376 145375 856
145378 145375 420
145378 151637 442
145379 145375 1412
145389 145388 742
145391 145388 1110
145420 145421 588
145420 145422 622
145422 145420 622
145422 145421 327
145422 145425 740
981
49331
49364
49114
49121
49479
49190
49189
49462
48335
129919
131799
131806
131813
131818
49626
49656
131877
54326
54322
54335
54337
49640
53789
53793
53824
53827
53838
53842
55053
55055
144392
144407
144415
144457
144462
144470
144603
144605
144614
144635
144639
144643
196713
196718
196725
196731
196617
196618
196615
196780
196789
196790
196767
196771
141604
141605
141584
141600
150658
139856
150400
150672
151723
150670
139877
139883
140156
140158
140178
140220
140235
140263
141572
142277
142301
142308
142474
142473
142479
142510
142466
141859
142268
141601
141615
141620
141624
141629
141637
141649
141806
141849
141850
141853
141862
141861
142272
55967
55995
56109
56115
56138
204685
207632
207760
207752
207761
207753
207699
207700
207701
207691
207686
207687
196801
196792
196842
196802
196748
196759
196808
196825
145344
145349
145352
145355
145366
145372
145375
145388
145421
145425
145443
145454
145465
145469
145475
145477
146012
146016
146035
146039
151421
151424
151435
151440
151446
151441
151427
151393
151501
146077
146041
151385
203704
151388
151394
151395
203685
204041
204108
204473
204477
204649
204654
204675
203698
203715
203716
203710
203713
203738
203763
203740
203771
203788
203792
203775
203800
204014
204017
204019
204036
204038
204042
208505
208513
208075
208096
208097
208102
208502
208504
208081
208078
208087
207804
207811
207815
207829
208512
207819
207828
208092
208140
208141
208148
208185
208399
208413
208415
208454
208461
208463
208433
208438
208452
208450
210697
210704
210717
210700
178661
178662
178806
180618
180628
180343
180286
180458
180607
180610
180656
180623
166863
166867
166871
185093
185160
185161
166413
166511
166606
166607
166626
166625
166638
166615
166612
166991
166994
166990
166984
166659
166875
166876
166930
167129
166986
166311
166312
180594
180596
180780
180562
180564
180519
180523
180580
180555
180567
179684
180473
180484
182379
182389
182375
182393
182369
182367
182267
182014
182016
181980
179721
181933
181938
181948
181957
181952
182001
182261
182549
182547
185252
182559
185185
185187
185918
166896
166947
166928
166943
166944
166949
152195
152246
152245
152236
152172
152174
176339
176346
176352
176417
176349
152287
176395
176400
152279
152298
152300
152264
152276
173940
173954
185816
173671
173727
173890
173732
173804
173946
174553
174655
174650
174685
175384
175352
175356
175339
175351
175259
175253
175348
175350
175462
175362
175920
175932
175482
175935
152004
152057
175916
175925
175447
175856
175869
175865
175971
176919
176979
175595
175753
175752
175757
176020
176022
176026
175589
175837
176011
175784
175786
175714
175746
175733
175775
175767
185895
185899
175005
176658
176660
176705
177070
176911
176926
176915
174799
174815
175610
174996
175043
176640
185468
175670
175655
175667
175668
175679
174556
210947
210964
211016
211423
211424
212049
212055
211030
212075
163561
163553
163568
163571
163580
163825
163817
163818
163752
163765
165214
163785
163797
163885
163796
165221
163871
163873
163879
163870
163875
163836
163845
163843
163874
163866
166375
166378
163851
163857
166419
166420
163463
163461
163469
164982
163524
164980
164988
165000
163050
163061
163435
163440
162978
163047
164009
164400
164399
164378
164210
164227
164229
164231
164186
164312
164324
164183
164572
164393
164397
164391
164406
164213
164215
164221
164233
212402
212403
164499
161351
212411
212405
212410
164249
164504
164506
164247
164512
161362
161364
164508
164515
212080
212087
212089
212127
212130
212148
212149
212152
212119
212155
212341
212338
212343
212350
212353
212355
178732
114659
114660
114394
114579
114580
114475
114479
114435
114414
114047
115158
115059
115157
114832
114835
114842
114890
114884
114886
92098
92106
115303
115313
115315
115316
115324
115699
115413
115651
115715
115769
106887
106947
106929
106972
107151
107351
107139
107141
116305
107159
107281
107318
32456
105908
106866
92864
102826
92886
92889
92929
106705
106903
106707
106912
106754
106746
106191
106221
116016
116038
116025
116089
116097
116047
116106
116109
116128
116095
192033
192508
191886
191887
190857
191591
191830
192073
192827
192793
193015
193945
190982
193037
194377
107611
109874
109879
107634
109845
107775
107782
107509
111106
103414
111184
111197
111150
111153
111159
111188
111213
111914
111912
111899
111939
111950
111957
112050
112049
112089
112090
112101
112120
112122
112129
112139
112299
112305
112292
112297
112294
112222
112140
112137
112321
112327
112337
112414
112416
112420
112422
112433
112403
112405
112409
112428
112401
111783
111785
112176
112671
112904
112910
112916
112206
112658
112944
112249
112263
112254
112256
112262
112378
112379
112685
113089
113095
113110
113355
113368
113374
113380
113386
113396
113404
113075
113077
113027
113034
113066
113043
113072
113031
113035
113064
112931
104543
113415
113435
104644
104661
104558
104554
104551
104575
104574
104615
104618
104585
104587
104678
104686
104684
104687
39839
39867
39871
39825
39863
39829
39832
39912
39787
39845
104762
104866
105134
104959
104958
104969
105111
105204
105103
105068
105097
105099
105101
104671
104674
104455
105075
39659
39710
39726
39730
39731
39910
39720
39718
39677
39757
39763
39765
39771
39948
39772
39958
39960
39963
39968
40018
41059
41068
41088
41070
41065
41075
41025
41084
41038
41044
41047
41053
41057
41192
41105
41147
41154
41180
41185
41163
41177
41183
41174
41333
41338
41357
41359
50479
41170
41331
41328
41330
41361
41674
41675
55059
55068
55074
55116
55132
55960
55294
55311
55314
55406
55431
55964
55450
48619
48632
48633
48621
48630
48614
48615
48651
49239
49333
48806
48798
48817
48801
49205
49142
49213
49214
49322
49346
49326
49341
49342
49387
49386
49336
49339
49337
49095
49092
49096
49132
49099
49149
49330
49332
49107
49116
49120
49176
49188
49459
49463
49617
49619
131413
131668
131801
131808
120646
49629
49644
131796
131878
54327
54406
54483
54390
54489
49641
53790
53791
53821
53823
53825
53829
53836
53839
53841
53843
55076
55057
144393
144408
144455
144458
144463
144472
144606
144612
144615
144640
144641
144644
196714
196716
196719
196734
196730
196732
196616
196619
196614
196621
196781
196787
196768
196782
141585
141606
141607
141580
150669
139878
139879
150676
150601
150671
151724
139880
140157
140162
140198
140242
140243
140262
141573
142278
142311
142309
142475
142482
142480
142511
142520
142270
142269
141610
141619
141643
141626
141631
141632
141638
141650
142014
142023
142032
142038
142046
142271
142275
142274
55966
56111
56118
56114
204684
204770
207763
207762
207764
207769
207702
207704
207703
207729
196799
196800
196791
196797
145296
196761
196755
196760
196812
145342
145350
145351
145562
145567
151637
145381
145376
145378
145379
145389
145391
145420
145422
