1758
8515 8501 852
8515 8525 1538
8528 8525 737
8528 8530 1363
8531 8530 743
8531 9174 775
8531 9473 2382
9174 8531 775
9174 9474 2333
9171 9169 1352
8453 8452 1510
8462 8495 881
8462 8718 249
8501 8500 694
8501 8515 852
8501 8524 1505
8492 8491 892
8492 34622 162
8500 8491 1035
8500 8501 694
8500 8502 736
9478 9180 3386
9478 9476 875
9495 9496 787
9495 9497 1947
9521 9497 1003
9521 9520 833
9531 9492 4779
9531 9535 1333
9531 9545 1203
9534 9535 1737
9534 16383 1104
9535 9531 1333
9535 9534 1737
9535 9546 1096
9547 9546 876
9544 9542 791
9544 16342 1994
16345 16343 962
16345 16344 1084
9543 9540 2536
9543 9549 297
9549 9543 297
9549 9546 2096
16421 16413 1522
16421 16420 1303
16421 16426 1280
16481 16429 927
16496 16497 873
16517 34988 1286
16517 34988 1286
16522 16523 2121
16528 14340 1717
16528 16549 401
16551 16550 545
16915 34993 1625
16508 16499 1972
16508 16741 403
16508 35430 433
16741 16508 403
16741 16644 1638
16511 16512 917
16511 16513 793
16511 16537 1389
16516 16513 819
16516 16542 833
16743 16742 1215
16743 16757 894
16743 16763 1495
16800 16794 2354
16800 16814 323
16803 16802 795
16803 16806 341
16824 16806 1936
16824 16823 218
16825 16806 905
16829 16828 1544
16829 16839 710
16832 16831 627
16832 16833 522
16833 16832 522
16833 16839 1960
9796 9793 782
9796 9795 1086
9799 9795 1565
9799 11224 1036
11335 11324 210
11320 11319 1424
11320 11323 781
11320 11324 1193
11345 11343 342
11345 11344 930
11348 11352 507
11344 11345 930
11344 11351 264
11346 11340 1150
11346 11347 2928
11346 11351 961
11365 11409 982
11365 11410 1007
11366 11363 3999
11366 11419 336
11410 11365 1007
11410 11413 1085
11419 11366 336
11419 11415 946
11433 11416 1850
11417 11370 1679
11417 11416 893
11417 11418 782
11436 11418 1777
11436 11514 893
12440 11518 1682
12440 12441 2334
12442 12441 681
11529 11530 222
11310 11308 238
11311 11308 1343
11311 11481 688
11572 11315 599
11575 11574 1556
11687 11686 782
11687 11690 930
11552 11527 782
11552 11537 1683
11552 11554 946
11554 11552 946
11554 11560 2668
11513 11465 1850
11513 11512 889
11513 11536 905
11525 11512 1766
11525 11524 782
11525 11531 923
11527 11536 1777
11527 11552 782
11527 11555 797
11692 11690 923
11720 11688 830
11600 11597 1176
11600 11694 452
11620 11599 504
11620 11617 2578
11694 11598 562
11694 11600 452
11622 11617 1014
11622 11619 420
11622 11628 1004
11628 11622 1004
11628 11627 434
11746 11860 887
11617 11618 504
11617 11620 2578
11617 11622 1014
11635 22644 1516
11635 22648 782
11635 22649 2248
11644 11860 1182
11652 11650 764
11652 11654 1669
11874 34142 634
11873 11886 891
22650 22636 1008
22650 22649 4568
11653 11650 1786
11653 11654 840
11653 11658 336
11654 11652 1669
11654 11653 840
11654 11665 238
23261 23253 336
23261 23255 975
23261 23262 1225
23262 23256 1022
23262 23261 1225
23262 23263 1827
11960 11956 452
11960 11962 516
11962 11960 516
11962 11964 511
12064 12065 747
12071 11974 847
12071 11975 750
11992 11993 111
11992 11994 580
11996 11985 806
11994 11992 580
11994 23402 1851
23405 23348 788
23405 23402 713
23405 34130 432
11982 11983 610
11982 11985 847
11982 23401 1808
11984 11983 2203
11984 11988 747
11984 12157 551
23354 23352 1702
23354 23353 1795
23416 23413 713
23414 23382 2769
23414 23410 612
23410 23386 475
23410 23414 612
23395 23394 1467
23395 23417 1055
23396 23371 1257
23462 23461 629
23462 23463 2243
23462 23465 604
12276 12272 454
12276 12279 404
28460 28372 871
28486 28487 1073
23512 23511 475
19794 23548 2831
23493 23548 176
23493 23591 605
23556 23553 806
23556 23573 927
23580 23574 1023
23581 23577 2056
23581 23613 947
23614 23582 1008
23615 23613 273
23615 35000 422
23627 24808 797
23591 23493 605
23591 23548 601
23591 34293 958
24177 24174 2142
24177 24176 403
24219 24174 809
24219 24252 1533
24253 24244 1863
24253 24252 737
24255 24244 737
24213 24210 836
14372 14371 562
14372 14375 324
24785 14370 438
24785 14383 669
23578 23576 2626
23583 23562 2682
23569 23561 1945
23569 23562 1254
23569 23571 750
24145 23568 3049
24145 23570 713
24151 24143 1120
24151 24148 676
24151 24150 2090
24153 24150 872
24153 24156 3205
24153 24164 672
24144 24142 2547
24144 24143 1120
24262 24259 1631
24263 24259 1124
24263 24290 1000
24291 24289 1375
24294 24289 806
24294 24348 581
24350 24305 847
24354 24364 796
24354 24371 836
24370 24371 2273
24370 24372 806
24353 24363 238
24353 24364 673
24357 24356 847
24963 24372 1867
24963 24964 537
24964 24374 1873
24964 24963 537
24965 24967 2666
24965 24968 904
24968 24965 904
24968 24969 2171
24979 24980 750
24957 24961 1188
24957 24962 605
24962 24957 605
24962 24983 1014
24962 25011 872
25010 25011 1066
25034 25011 951
25034 25035 818
25050 25053 557
25045 25056 951
25045 25214 3546
25232 25235 202
25232 25239 1048
188106 188101 947
188106 188113 695
188110 188111 786
188110 188115 1029
188174 188115 834
188174 188173 728
188172 188173 819
188172 188185 2703
188184 188185 794
188184 188199 2809
188198 188199 826
188101 188099 794
188101 188100 2127
188101 188106 947
188100 188099 2359
188100 188101 2127
187661 187662 752
187661 187665 2613
187660 187612 819
187660 187662 2776
187664 187663 466
187664 188098 377
187664 188119 963
188098 187664 377
188098 188099 863
188098 188122 1429
187615 187605 785
187615 187614 955
187615 187616 914
187616 187607 744
187616 187615 914
188387 188380 907
188387 188386 1723
188387 188398 848
188387 190792 1253
190792 188387 1253
190792 189314 162
188201 188200 2373
188201 188202 1535
188292 188343 1633
188338 188343 1420
188306 188200 1553
188306 188308 771
188306 188319 1551
188316 188319 1259
135164 135165 650
135164 135167 208
135262 134192 238
135262 135252 2309
135262 135263 672
135266 135263 1085
135266 135265 537
135266 135290 673
135271 135268 1026
135271 135270 889
135271 135273 751
135291 135273 650
135291 135290 336
135291 135292 1946
135236 135238 276
134192 134196 951
134192 135262 238
134192 135279 2230
134196 134192 951
134196 135260 1885
135165 135164 650
135165 135168 277
135240 135242 168
135241 135299 252
188202 188201 1535
188202 188203 745
135202 135201 373
135202 135203 2360
135199 135167 543
135199 135168 674
135199 135204 1364
135201 135202 373
135201 135204 2542
135378 135396 1654
135378 135406 1967
135397 135396 985
135398 135401 403
135403 135402 551
135403 135429 847
135403 135433 1777
135433 135403 1777
135433 135460 629
135433 135486 747
135457 135460 1458
135457 135461 1534
135457 135474 847
135474 135457 847
135474 135475 1534
135476 135475 452
136223 136222 202
136223 136224 789
136224 136223 789
136224 136226 1742
136238 136240 1063
136238 136242 902
136240 136238 1063
136240 136243 1768
136260 136243 1224
136260 136288 708
136260 136307 713
136288 136260 708
136288 136308 672
136288 136309 757
136293 136309 688
136293 136310 751
132669 132668 329
132669 132738 517
132669 136310 418
136317 136316 1140
136317 136318 1891
136320 136318 925
136320 136328 1111
136558 136561 789
136558 136563 848
136558 136568 2605
136559 136561 2496
136559 136562 1779
136559 136587 870
136560 136587 1466
136519 136521 765
136519 136586 2481
136521 136519 765
136521 136589 2388
136375 136373 873
136375 136381 1902
136382 136379 2057
136382 136381 612
136328 136320 1111
136328 136327 1585
136386 136327 951
136386 136373 1864
136384 135647 5427
136384 136379 168
136384 136385 1175
136396 139552 369
136401 136402 927
136401 136403 1009
136401 136542 697
136542 136401 697
136542 136548 939
136546 136548 1205
136546 136549 1719
136524 136589 765
136524 136591 2371
136598 136591 848
136598 136600 789
136598 136602 2605
136599 136857 403
136600 136598 789
136600 136605 2700
136532 136834 789
136833 136834 2028
136833 136835 870
136837 136835 848
136837 136838 2153
136838 136836 932
136838 136837 2153
136843 136834 2496
136843 136858 889
137934 137935 2248
137939 137935 870
137939 137940 765
137939 137947 1955
137940 137939 765
137940 137948 2371
137950 137948 765
137985 137988 1715
137985 137991 2370
137990 137991 709
137990 137992 421
137990 137993 1146
138579 138580 1483
138579 138587 2358
138579 138590 682
138584 138589 809
137988 137985 1715
137988 138582 2480
139317 139318 1281
139317 139326 1063
139325 139326 475
199338 199337 220
199338 199340 1009
199341 199335 810
199341 199342 1023
199670 199344 647
199670 199671 1129
199672 199673 1240
199672 199674 867
199689 199677 902
194786 194785 237
194786 199707 1798
194786 199708 311
199745 199741 885
199745 199758 1090
199754 199726 810
199754 199752 1388
199755 199756 704
199755 199761 255
199755 199763 1232
199756 199755 704
199756 199841 547
199756 199842 532
199803 199813 549
199749 199750 912
199749 199834 1733
199809 199834 485
199814 199811 590
199814 199816 898
199810 199811 469
199810 199812 434
199718 199719 1279
199726 199719 1073
199726 199751 1488
199726 199754 810
199747 199750 1125
199747 199751 1058
136945 136212 60
136945 137179 310
139245 139186 336
139245 139236 475
139252 139186 1140
139252 139257 354
139252 139261 562
136214 136212 345
139236 139235 336
139236 139244 202
139236 139245 475
139318 139317 1281
139318 139326 610
139369 139370 418
139372 139370 677
139372 139375 878
139372 139376 511
139374 139375 279
139374 139383 354
139255 139253 1409
139255 139254 168
139260 139257 435
139260 139259 1234
139260 139264 688
139237 139233 1152
139237 139238 238
200473 200546 1440
133906 133905 2016
133906 139495 479
225245 225244 1379
225245 225246 954
234277 225251 7412
225206 225202 712
225206 225270 1372
225279 225811 1808
225279 225971 513
225131 225123 1017
225131 225133 2477
225137 225136 1052
225137 225138 928
225121 225120 2858
225121 225124 1267
225124 225094 2942
225124 225121 1267
225126 225134 1483
225126 225146 800
225276 225277 2428
225276 225290 4575
225262 225256 443
225262 235478 1117
225837 235126 1611
225853 225850 817
225853 225854 900
225856 225851 2880
235011 226018 889
235011 235013 712
226104 226102 206
226104 226106 965
226261 226260 2005
226261 226268 1343
226270 226272 1694
226271 226267 781
226271 226272 2579
225188 225175 2246
225295 225297 844
225295 225298 1111
225288 225175 1840
225298 225190 1172
225298 225295 1111
225300 225301 3446
225300 225306 1827
225310 225309 1576
225310 232416 2474
225151 225150 3130
225151 225287 4316
227718 227719 1177
227718 227720 893
227724 227723 2679
227724 227735 2042
227725 227720 979
227725 227726 840
227767 227758 1094
228024 228025 1467
228024 228034 5968
228024 228074 30
228060 228061 605
228060 228071 919
228939 233651 873
228939 233652 1131
228940 227020 627
228076 228078 762
228076 234411 1089
226275 226273 556
226275 226274 2103
226278 226276 1662
229414 229438 1343
229078 228075 922
229078 228088 1847
229078 229075 60
227021 227020 425
228946 228947 1248
228946 233652 723
229054 229053 619
229112 229111 45
229112 235564 1113
225847 225846 1237
225847 227024 465
225847 227027 983
228950 225846 811
228950 234852 346
228950 235285 545
228039 228029 3940
228039 228065 2042
228039 228094 796
228096 228094 1871
228069 228068 229
228090 228088 708
228090 234804 987
228029 228030 349
228029 228039 3940
228040 228036 237
228040 228042 2303
228056 228057 1590
228056 228094 278
228048 228043 1088
228048 228047 502
228043 228036 893
228043 228048 1088
227899 227900 1159
227908 227667 945
227908 227920 1606
227965 227963 796
227687 227437 326
227687 227685 762
227688 227682 670
227688 227934 1438
227681 227680 2320
227681 227691 244
227692 227691 318
227968 227983 1225
227973 227972 1621
227973 227974 1565
227973 227979 502
227978 227979 1504
227978 227982 333
228124 228125 445
228124 234492 1390
228126 228127 514
228126 228129 1445
228402 228404 782
228406 228407 1436
228406 228409 275
234147 234146 2518
234147 234150 1383
234147 234158 1592
226952 234161 2287
235227 226860 265
235227 235350 133
226966 226965 1062
226966 226968 1139
226969 226963 1491
226969 226964 1576
226866 226867 1712
226866 227114 2022
226866 227136 1124
227137 227141 1193
227137 227144 901
227007 227008 1380
227007 227019 1144
227198 227205 2212
227224 227223 945
227224 227228 611
227224 228224 671
227262 227232 882
227262 227263 674
228229 228230 2495
227218 227221 256
228246 228245 748
228246 228247 1762
227495 227494 1447
227495 227522 1261
228284 228281 419
228284 228283 1004
228284 228286 2261
228296 228286 222
228296 228298 679
228248 228249 3022
228248 228251 2639
228394 228261 1349
228394 228403 2754
228409 228406 275
228409 228410 796
228419 234415 577
228396 228395 893
228396 228397 1891
228401 228397 4783
228401 228415 373
6852 6851 1737
6852 6853 1374
6850 6843 936
6850 6851 3315
6863 6860 3580
6847 6844 2075
6848 6849 1712
7654 7650 1435
7654 7658 973
7666 7664 179
7689 7690 4480
7689 7703 3726
7696 7695 1093
7718 7720 3399
226641 226642 1035
226641 226643 1571
226643 226641 1571
226643 226644 964
226083 226082 333
226085 226086 2117
226085 226087 1576
226154 234286 724
226087 225152 2928
226087 226085 1576
226111 226100 705
226111 226112 562
234458 234456 588
234458 235043 1181
233923 235529 1304
233923 235530 533
235530 233923 533
235530 235529 987
225839 225844 1418
225839 231616 1960
231615 234048 665
225774 225771 3138
225774 225772 796
225774 225802 556
225800 225801 1990
225800 225804 344
226135 226074 1139
226135 226136 1604
226140 226141 747
226425 226426 134
226461 226459 782
226461 226462 1009
226423 226424 2530
8002 8003 1975
8002 8037 1104
7757 10376 152
8038 8037 1022
8036 8037 677
8036 16037 1033
8016 8015 654
8016 34698 4465
8009 8004 409
8009 8012 1264
8215 8011 697
8215 8217 873
8228 8227 292
8250 8252 645
8251 8252 2260
8251 8263 906
8262 8263 203
8262 8277 1965
8374 8373 1274
8374 8378 919
8445 8334 1154
8445 8444 1034
8525 8515 1538
8525 8524 846
8525 8527 1387
8525 8528 737
8530 8527 806
8530 8528 1363
8530 8531 743
8530 8776 2338
9473 8531 2382
9473 8776 749
9473 9474 731
9474 9174 2333
9474 9473 731
9474 9475 1026
9169 9170 1654
9169 9171 1352
8452 8451 2598
8452 8453 1510
8495 8462 881
8495 8496 1380
8495 8498 547
8718 8462 249
8718 8719 641
8718 8720 1086
8524 8501 1505
8524 8505 735
8524 8525 846
8524 8526 1413
8491 8492 892
8491 8494 794
8491 8500 1035
34622 8492 162
8502 8494 1234
8502 8500 736
8502 8505 798
9180 9181 1483
9180 9477 825
9180 9478 3386
9476 9477 3379
9476 9478 875
9476 9479 1007
9496 9482 1087
9496 9495 787
9496 9498 1146
9497 9495 1947
9497 9520 1230
9497 9521 1003
9520 9497 1230
9520 9498 898
9520 9521 833
9492 9491 1797
9492 9507 1243
9492 9531 4779
9545 9531 1203
9545 9541 403
9545 9546 1739
16383 9534 1104
16383 16168 1326
16383 16169 1742
9546 9535 1096
9546 9545 1739
9546 9547 876
9546 9549 2096
9542 9513 1202
9542 9540 1416
9542 9544 791
9542 16341 1398
16342 9544 1994
16342 16339 240
16342 16343 1840
16343 16342 1840
16343 16345 962
16343 16407 1697
16344 16345 1084
9540 9541 410
9540 9542 1416
9540 9543 2536
16413 16405 1034
16413 16421 1522
16413 16422 2178
16420 16418 1129
16420 16421 1303
16420 16478 2257
16420 16479 547
16426 16421 1280
16426 16422 1420
16426 16427 267
16429 16430 287
16429 16454 2226
16429 16481 927
16497 16496 873
34988 14340 1287
34988 16517 1286
34988 16517 1286
16523 16522 2121
14340 14339 973
14340 16528 1717
14340 34988 1287
16549 16528 401
16550 16551 545
34993 16915 1625
16499 16454 3957
16499 16503 590
16499 16508 1972
16499 16513 3203
35430 16508 433
16644 16643 1155
16644 16741 1638
16512 16511 917
16513 16499 3203
16513 16511 793
16513 16514 704
16513 16516 819
16537 16511 1389
16542 16516 833
16742 16743 1215
16742 16746 188
16757 16743 894
16757 16755 1163
16757 16760 1542
16763 16743 1495
16763 16794 297
16763 16799 470
16794 16763 297
16794 16795 243
16794 16800 2354
16814 16800 323
16802 16801 792
16802 16803 795
16802 16804 2266
16806 16803 341
16806 16824 1936
16806 16825 905
16823 16804 546
16823 16824 218
16823 16826 1112
16828 16826 1868
16828 16829 1544
16828 16831 885
16839 16829 710
16839 16833 1960
16831 16782 2694
16831 16828 885
16831 16832 627
9793 9786 192
9793 9794 1108
9793 9796 782
9795 9794 452
9795 9796 1086
9795 9799 1565
11224 9799 1036
11224 11319 1197
11324 11320 1193
11324 11335 210
11319 11224 1197
11319 11320 1424
11323 11320 781
11343 11340 436
11343 11345 342
11352 11348 507
11351 11344 264
11351 11346 961
11340 11343 436
11340 11346 1150
11340 11347 3335
11347 11340 3335
11347 11346 2928
11347 11363 336
11409 11365 982
11363 11347 336
11363 11366 3999
11413 11410 1085
11415 11416 713
11415 11419 946
11416 11415 713
11416 11417 893
11416 11433 1850
11370 11417 1679
11418 11417 782
11418 11436 1777
11514 11436 893
11514 11518 1515
11518 11514 1515
11518 12440 1682
12441 12440 2334
12441 12442 681
11530 11529 222
11308 11310 238
11308 11311 1343
11481 11311 688
11315 11572 599
11574 11575 1556
11686 11687 782
11686 11688 452
11690 11687 930
11690 11692 923
11537 11536 667
11537 11552 1683
11560 11554 2668
11465 11513 1850
11512 11513 889
11512 11525 1766
11536 11513 905
11536 11527 1777
11536 11537 667
11524 11525 782
11531 11525 923
11555 11527 797
11688 11598 889
11688 11686 452
11688 11720 830
11597 11600 1176
11599 11620 504
11598 11688 889
11598 11694 562
11619 11618 1004
11619 11622 420
11619 11627 1114
11627 11619 1114
11627 11628 434
11860 11644 1182
11860 11746 887
11618 11617 504
11618 11619 1004
22644 11635 1516
22648 11635 782
22649 11635 2248
22649 22650 4568
11650 11652 764
11650 11653 1786
34142 11874 634
11886 11873 891
22636 22650 1008
11658 11653 336
11665 11654 238
23253 23261 336
23255 23256 1352
23255 23261 975
23256 23255 1352
23256 23262 1022
23263 23262 1827
11956 11960 452
11964 11962 511
12065 11975 713
12065 12064 747
11974 12071 847
11975 12065 713
11975 12071 750
11993 11985 511
11993 11992 111
11985 11982 847
11985 11993 511
11985 11996 806
23402 11994 1851
23402 23405 713
23348 23405 788
34130 23405 432
11983 11982 610
11983 11984 2203
23401 11982 1808
11988 11984 747
12157 11984 551
23352 23353 431
23352 23354 1702
23353 23352 431
23353 23354 1795
23353 23382 951
23413 23416 713
23413 23417 1593
23382 23353 951
23382 23414 2769
23386 23410 475
23394 23371 1293
23394 23395 1467
23417 23395 1055
23417 23413 1593
23371 23394 1293
23371 23396 1257
23461 23462 629
23463 23462 2243
23465 23462 604
12272 12276 454
12279 12276 404
28372 28460 871
28487 28486 1073
23511 23512 475
23548 19794 2831
23548 23493 176
23548 23591 601
23553 23556 806
23573 23556 927
23574 23577 939
23574 23580 1023
23577 23574 939
23577 23576 681
23577 23581 2056
23577 23582 1098
23613 23581 947
23613 23582 1362
23613 23615 273
23582 23577 1098
23582 23613 1362
23582 23614 1008
35000 23615 422
24808 23627 797
34293 23591 958
24174 24177 2142
24174 24219 809
24176 24177 403
24176 24210 2458
24252 24219 1533
24252 24253 737
24244 24253 1863
24244 24255 737
24210 24176 2458
24210 24213 836
14371 14372 562
14375 14372 324
14370 24785 438
14383 24785 669
23576 23577 681
23576 23578 2626
23562 23569 1254
23562 23583 2682
23561 23569 1945
23571 23569 750
23568 24145 3049
23570 24142 418
23570 24145 713
24143 24144 1120
24143 24151 1120
24148 24151 676
24150 24151 2090
24150 24153 872
24156 24153 3205
24164 24153 672
24142 23570 418
24142 24144 2547
24259 24262 1631
24259 24263 1124
24290 24263 1000
24289 24291 1375
24289 24294 806
24348 24294 581
24305 24350 847
24364 24353 673
24364 24354 796
24364 24371 682
24371 24354 836
24371 24364 682
24371 24370 2273
24372 24370 806
24372 24374 806
24372 24963 1867
24363 24353 238
24356 24357 847
24374 24372 806
24374 24964 1873
24967 24965 2666
24967 24969 1099
24969 24967 1099
24969 24968 2171
24980 24979 750
24961 24957 1188
24961 24983 789
24983 24961 789
24983 24962 1014
25011 24962 872
25011 25010 1066
25011 25034 951
25035 25034 818
25053 25050 557
25056 25045 951
25214 25045 3546
25235 25232 202
25239 25232 1048
188113 188106 695
188113 188111 766
188111 188110 786
188111 188113 766
188115 188110 1029
188115 188174 834
188173 188172 819
188173 188174 728
188185 188172 2703
188185 188184 794
188199 188184 2809
188199 188198 826
188099 188098 863
188099 188100 2359
188099 188101 794
187662 187660 2776
187662 187661 752
187665 187661 2613
187665 187663 816
187612 187614 761
187612 187660 819
187663 187664 466
187663 187665 816
187663 188119 824
188119 187663 824
188119 187664 963
188122 188098 1429
187605 187607 916
187605 187615 785
187614 187612 761
187614 187615 955
187607 187605 916
187607 187616 744
188380 188387 907
188386 188387 1723
188398 188387 848
189314 190792 162
188200 188201 2373
188200 188306 1553
188343 188292 1633
188343 188338 1420
188308 188306 771
188319 188306 1551
188319 188316 1259
135167 135164 208
135167 135199 543
135252 135262 2309
135252 135279 139
135263 135262 672
135263 135266 1085
135265 135266 537
135290 135266 673
135290 135291 336
135268 135271 1026
135270 135271 889
135273 135271 751
135273 135291 650
135292 135291 1946
135238 135236 276
135279 134192 2230
135279 135252 139
135260 134196 1885
135168 135165 277
135168 135199 674
135242 135240 168
135299 135241 252
188203 188202 745
135203 135202 2360
135204 135199 1364
135204 135201 2542
135396 135378 1654
135396 135397 985
135406 135378 1967
135401 135398 403
135401 135402 939
135401 135429 1026
135402 135401 939
135402 135403 551
135429 135401 1026
135429 135403 847
135460 135433 629
135460 135457 1458
135460 135486 511
135486 135433 747
135486 135460 511
135461 135457 1534
135461 135475 847
135475 135461 847
135475 135474 1534
135475 135476 452
136222 136223 202
136226 136224 1742
136242 136238 902
136243 136240 1768
136243 136260 1224
136307 136260 713
136307 136308 1033
136308 136288 672
136308 136307 1033
136309 132738 435
136309 136288 757
136309 136293 688
136310 132669 418
136310 132738 336
136310 136293 751
132668 132669 329
132668 136316 1449
132738 132669 517
132738 136309 435
132738 136310 336
136316 132668 1449
136316 136317 1140
136318 136317 1891
136318 136320 925
136561 136558 789
136561 136559 2496
136563 136558 848
136568 136558 2605
136562 136559 1779
136562 136587 1592
136587 136559 870
136587 136560 1466
136587 136562 1592
136587 136586 757
136586 136519 2481
136586 136587 757
136586 136589 870
136589 136521 2388
136589 136524 765
136589 136586 870
136373 136375 873
136373 136386 1864
136381 136375 1902
136381 136382 612
136379 136382 2057
136379 136384 168
136327 136328 1585
136327 136386 951
135647 136384 5427
136385 136384 1175
139552 136396 369
136402 136401 927
136403 136401 1009
136403 136548 788
136548 136403 788
136548 136542 939
136548 136546 1205
136548 136549 1281
136549 136546 1719
136549 136548 1281
136591 136524 2371
136591 136598 848
136602 136598 2605
136602 136605 682
136857 136599 403
136605 136600 2700
136605 136602 682
136834 136532 789
136834 136833 2028
136834 136836 848
136834 136843 2496
136835 136833 870
136835 136836 2138
136835 136837 848
136836 136834 848
136836 136835 2138
136836 136838 932
136858 136843 889
137935 137934 2248
137935 137939 870
137947 137939 1955
137948 137940 2371
137948 137950 765
137991 137985 2370
137991 137990 709
137991 137993 1014
137992 137990 421
137993 137990 1146
137993 137991 1014
138580 138579 1483
138587 138579 2358
138587 138589 435
138590 138579 682
138589 138584 809
138589 138587 435
138582 137988 2480
139326 139317 1063
139326 139318 610
139326 139325 475
199337 199338 220
199340 199338 1009
199335 199341 810
199342 199341 1023
199342 199344 869
199344 199342 869
199344 199670 647
199671 199670 1129
199671 199673 766
199673 199671 766
199673 199672 1240
199674 199672 867
199677 199689 902
194785 194786 237
194785 199707 1782
199707 194785 1782
199707 194786 1798
199708 194786 311
199741 199745 885
199758 199745 1090
199758 199761 901
199752 199751 898
199752 199754 1388
199761 199755 255
199761 199758 901
199763 199755 1232
199763 199842 572
199841 199756 547
199841 199842 439
199842 199756 532
199842 199763 572
199842 199841 439
199813 199803 549
199813 199812 853
199750 199747 1125
199750 199749 912
199834 199749 1733
199834 199809 485
199834 199816 1945
199811 199810 469
199811 199812 417
199811 199814 590
199816 199814 898
199816 199834 1945
199812 199810 434
199812 199811 417
199812 199813 853
199719 199718 1279
199719 199726 1073
199751 199726 1488
199751 199747 1058
199751 199752 898
136212 136214 345
136212 136945 60
137179 136945 310
139186 139245 336
139186 139252 1140
139257 139252 354
139257 139260 435
139261 139252 562
139235 139236 336
139244 139236 202
139370 139369 418
139370 139372 677
139375 139372 878
139375 139374 279
139376 139372 511
139383 139374 354
139253 139255 1409
139254 139255 168
139254 139259 336
139259 139254 336
139259 139260 1234
139264 139260 688
139233 139237 1152
139238 139237 238
200546 200473 1440
133905 133906 2016
139495 133906 479
225244 225245 1379
225246 225245 954
225251 234277 7412
225202 225206 712
225270 225206 1372
225811 225279 1808
225971 225279 513
225123 225131 1017
225133 225131 2477
225136 225137 1052
225138 225137 928
225120 225121 2858
225094 225124 2942
225134 225126 1483
225146 225126 800
225277 225276 2428
225290 225276 4575
225256 225262 443
235478 225262 1117
235126 225837 1611
225850 225851 1031
225850 225853 817
225854 225853 900
225851 225850 1031
225851 225856 2880
226018 235011 889
235013 235011 712
226102 226104 206
226106 226104 965
226260 226261 2005
226268 226261 1343
226272 226270 1694
226272 226271 2579
226267 226271 781
226267 226273 1454
225175 225188 2246
225175 225288 1840
225297 225295 844
225190 225298 1172
225301 225300 3446
225306 225300 1827
225306 225309 1760
225309 225306 1760
225309 225310 1576
232416 225310 2474
225150 225151 3130
225287 225151 4316
227719 227718 1177
227720 227718 893
227720 227725 979
227723 227724 2679
227735 227724 2042
227726 227725 840
227758 227767 1094
228025 228024 1467
228025 228030 2546
228034 228024 5968
228074 228024 30
228061 228060 605
228071 228060 919
233651 228939 873
233652 228939 1131
233652 228946 723
227020 227021 425
227020 228940 627
228078 228076 762
234411 228076 1089
226273 226267 1454
226273 226275 556
226273 226276 4693
226274 226275 2103
226276 226273 4693
226276 226278 1662
229438 229414 1343
228075 229078 922
228088 228090 708
228088 229078 1847
229075 229078 60
228947 228946 1248
229053 229054 619
229111 229112 45
235564 229112 1113
225846 225847 1237
225846 228950 811
227024 225847 465
227027 225847 983
234852 228950 346
235285 228950 545
228065 228039 2042
228065 228068 472
228094 228039 796
228094 228056 278
228094 228096 1871
228068 228065 472
228068 228069 229
234804 228090 987
228030 228025 2546
228030 228029 349
228036 228040 237
228036 228043 893
228042 228040 2303
228057 228056 1590
228047 228048 502
227900 227899 1159
227667 227908 945
227667 227920 2304
227920 227667 2304
227920 227908 1606
227920 227963 1172
227963 227920 1172
227963 227965 796
227437 227687 326
227685 227687 762
227682 227688 670
227934 227688 1438
227680 227681 2320
227691 227681 244
227691 227692 318
227983 227968 1225
227983 227982 333
227972 227973 1621
227972 227974 1111
227974 227972 1111
227974 227973 1565
227979 227973 502
227979 227978 1504
227982 227978 333
227982 227983 333
228125 228124 445
234492 228124 1390
228127 228126 514
228129 228126 1445
228404 228402 782
228407 228406 1436
234146 234147 2518
234150 234147 1383
234150 235350 13675
234158 234147 1592
234161 226952 2287
226860 235227 265
235350 234150 13675
235350 235227 133
226965 226966 1062
226968 226966 1139
226963 226969 1491
226964 226969 1576
226867 226866 1712
227114 226866 2022
227136 226866 1124
227141 227137 1193
227144 227137 901
227008 227007 1380
227019 227007 1144
227205 227198 2212
227223 227221 1556
227223 227224 945
227228 227224 611
228224 227224 671
227232 227262 882
227263 227262 674
228230 228229 2495
228230 228249 1626
227221 227218 256
227221 227223 1556
228245 228246 748
228247 228246 1762
227494 227495 1447
227522 227495 1261
228281 228284 419
228283 228284 1004
228286 228284 2261
228286 228296 222
228298 228296 679
228249 228230 1626
228249 228248 3022
228251 228248 2639
228261 228394 1349
228403 228394 2754
228403 228395 4110
228410 228409 796
234415 228419 577
228395 228396 893
228395 228403 4110
228397 228396 1891
228397 228401 4783
228415 228401 373
6851 6850 3315
6851 6852 1737
6853 6852 1374
6843 6850 936
6860 6849 1095
6860 6863 3580
6844 6847 2075
6849 6848 1712
6849 6860 1095
7650 7654 1435
7658 7654 973
7664 7666 179
7690 7689 4480
7703 7689 3726
7695 7696 1093
7720 7718 3399
226642 226641 1035
226644 226643 964
226082 226083 333
226082 226141 1921
226086 226085 2117
234286 226154 724
225152 226087 2928
226100 226111 705
226112 226111 562
234456 234458 588
235043 234458 1181
235529 233923 1304
235529 235530 987
225844 225839 1418
231616 225839 1960
234048 231615 665
225771 225774 3138
225772 225774 796
225802 225774 556
225801 225800 1990
225804 225800 344
226074 226135 1139
226136 226135 1604
226141 226082 1921
226141 226140 747
226426 226425 134
226459 226461 782
226462 226461 1009
226424 226423 2530
8003 8002 1975
8037 8002 1104
8037 8036 677
8037 8038 1022
10376 7757 152
16037 8036 1033
8015 8004 2121
8015 8016 654
34698 8016 4465
8004 8009 409
8004 8015 2121
8012 8009 1264
8012 8011 1111
8011 8012 1111
8011 8215 697
8217 8215 873
8227 8228 292
8252 8250 645
8252 8251 2260
8263 8251 906
8263 8262 203
8277 8262 1965
8373 8374 1274
8378 8374 919
8334 8445 1154
8444 8445 1034
8527 8525 1387
8527 8526 747
8527 8530 806
8776 8530 2338
8776 9473 749
9475 9474 1026
9475 9479 798
9170 9169 1654
8451 8452 2598
8496 8495 1380
8496 8720 900
8498 8495 547
8719 8718 641
8720 8496 900
8720 8718 1086
8505 8502 798
8505 8524 735
8526 8524 1413
8526 8527 747
8494 8491 794
8494 8502 1234
9181 9180 1483
9477 9180 825
9477 9476 3379
9479 9475 798
9479 9476 1007
9482 9496 1087
9498 9491 1522
9498 9496 1146
9498 9520 898
9491 9492 1797
9491 9498 1522
9507 9492 1243
9541 9540 410
9541 9545 403
16168 16169 1225
16168 16383 1326
16169 16168 1225
16169 16383 1742
9513 9542 1202
16341 9542 1398
16339 16342 240
16407 16343 1697
16405 16413 1034
16422 16413 2178
16422 16426 1420
16418 16420 1129
16478 16420 2257
16479 16420 547
16427 16426 267
16430 16429 287
16454 16429 2226
16454 16499 3957
14339 14340 973
16503 16499 590
16643 16644 1155
16514 16513 704
16746 16742 188
16746 16755 903
16755 16746 903
16755 16757 1163
16760 16757 1542
16760 16799 333
16799 16760 333
16799 16763 470
16799 16801 708
16795 16794 243
16801 16799 708
16801 16802 792
16804 16802 2266
16804 16823 546
16826 16823 1112
16826 16828 1868
16782 16831 2694
9786 9793 192
9794 9793 1108
9794 9795 452
800
8515
8528
8531
9174
9171
8453
8462
8501
8492
8500
9478
9495
9521
9531
9534
9535
9547
9544
16345
9543
9549
16421
16481
16496
16517
16522
16528
16551
16915
16508
16741
16511
16516
16743
16800
16803
16824
16825
16829
16832
16833
9796
9799
11335
11320
11345
11348
11344
11346
11365
11366
11410
11419
11433
11417
11436
12440
12442
11529
11310
11311
11572
11575
11687
11552
11554
11513
11525
11527
11692
11720
11600
11620
11694
11622
11628
11746
11617
11635
11644
11652
11874
11873
22650
11653
11654
23261
23262
11960
11962
12064
12071
11992
11996
11994
23405
11982
11984
23354
23416
23414
23410
23395
23396
23462
12276
28460
28486
23512
19794
23493
23556
23580
23581
23614
23615
23627
23591
24177
24219
24253
24255
24213
14372
24785
23578
23583
23569
24145
24151
24153
24144
24262
24263
24291
24294
24350
24354
24370
24353
24357
24963
24964
24965
24968
24979
24957
24962
25010
25034
25050
25045
25232
188106
188110
188174
188172
188184
188198
188101
188100
187661
187660
187664
188098
187615
187616
188387
190792
188201
188292
188338
188306
188316
135164
135262
135266
135271
135291
135236
134192
134196
135165
135240
135241
188202
135202
135199
135201
135378
135397
135398
135403
135433
135457
135474
135476
136223
136224
136238
136240
136260
136288
136293
132669
136317
136320
136558
136559
136560
136519
136521
136375
136382
136328
136386
136384
136396
136401
136542
136546
136524
136598
136599
136600
136532
136833
136837
136838
136843
137934
137939
137940
137950
137985
137990
138579
138584
137988
139317
139325
199338
199341
199670
199672
199689
194786
199745
199754
199755
199756
199803
199749
199809
199814
199810
199718
199726
199747
136945
139245
139252
136214
139236
139318
139369
139372
139374
139255
139260
139237
200473
133906
225245
234277
225206
225279
225131
225137
225121
225124
225126
225276
225262
225837
225853
225856
235011
226104
226261
226270
226271
225188
225295
225288
225298
225300
225310
225151
227718
227724
227725
227767
228024
228060
228939
228940
228076
226275
226278
229414
229078
227021
228946
229054
229112
225847
228950
228039
228096
228069
228090
228029
228040
228056
228048
228043
227899
227908
227965
227687
227688
227681
227692
227968
227973
227978
228124
228126
228402
228406
234147
226952
235227
226966
226969
226866
227137
227007
227198
227224
227262
228229
227218
228246
227495
228284
228296
228248
228394
228409
228419
228396
228401
6852
6850
6863
6847
6848
7654
7666
7689
7696
7718
226641
226643
226083
226085
226154
226087
226111
234458
233923
235530
225839
231615
225774
225800
226135
226140
226425
226461
226423
8002
7757
8038
8036
8016
8009
8215
8228
8250
8251
8262
8374
8445
9795
11224
11324
11319
11323
11340
11363
11415
11416
11370
11418
11514
11518
11530
11308
11481
11315
11574
11686
11690
11537
11465
11512
11536
11524
11597
11599
11598
11627
11860
11618
22644
22648
11650
11886
22636
23253
23255
23256
23263
11956
12065
11974
11975
11993
11985
23402
23348
11983
23401
11988
23352
23413
23382
23386
23394
23417
23371
23461
23463
23465
12272
28372
28487
23511
23548
23553
23573
23574
24174
24176
24252
24244
14370
14383
23576
23562
23561
23568
23570
24143
24148
24150
24156
24164
24142
24259
24290
24289
24348
24305
24364
24371
24372
24363
24356
24374
24967
24969
24980
24961
24983
25011
25035
25056
25214
25235
25239
188113
188111
188115
188173
188185
188199
188099
187662
187665
187612
188119
188122
187605
187614
187607
188380
188386
188398
189314
188200
188343
188308
188319
135252
135263
135265
135290
135268
135273
135292
135238
135279
135260
135242
135299
188203
135203
135204
135396
135406
135401
135429
135460
135486
135461
136222
136226
136242
136243
136307
136308
132738
136316
136318
136561
136563
136568
136562
136586
136589
136373
136381
136379
136327
135647
136385
139552
136402
136403
136549
136591
136602
136605
137935
137947
137948
137991
137993
138587
138590
138589
138582
199337
199335
199342
199344
199671
199673
199674
199677
194785
199707
199708
199741
199758
199752
199761
199763
199841
199842
199813
199750
199834
199816
199812
199751
136212
139186
139257
139235
139244
139370
139375
139376
139253
139254
139259
139233
139238
200546
139495
225246
225251
225202
225811
225123
225120
225094
225134
225290
225256
235126
225850
226018
235013
226102
226106
226260
226272
226267
225175
225190
225301
225306
225309
225150
225287
227720
227723
227735
227758
228025
228034
228061
228071
233652
227020
228078
234411
226276
228075
228088
229075
229053
229111
225846
228065
228068
228030
228036
227900
227667
227963
227437
227685
227682
227680
227691
227983
227972
227974
227979
234146
234150
234158
234161
226860
226963
226964
227114
227141
227144
227008
227019
227205
227223
227228
227232
227263
228230
227221
227494
227522
228281
228283
228286
228249
228261
228403
228395
228397
6851
6843
6860
6844
6849
7650
7664
7703
7695
7720
226082
225152
226100
226112
234456
235043
235529
225771
225772
225802
225801
225804
226074
226141
226459
226424
10376
16037
8015
34698
8004
8012
8011
8217
8263
8277
8373
8378
8334
8444
8527
8776
9475
8451
8496
8498
8719
8720
8505
8526
8494
9479
9482
9491
9507
9541
16168
9513
16339
16407
16405
16422
16418
16430
16454
16503
16643
16746
16755
16760
16801
16804
16826
16782
9786
