1332
126711 126708 1948
126711 126709 697
125452 125434 1282
125452 125446 1067
125452 126044 650
126697 125453 494
126713 126709 279
126713 126714 600
126027 126011 1064
126027 126028 1502
126044 125452 650
126044 126028 673
126052 126047 953
126052 126054 2371
126061 126060 818
126062 126054 738
126062 126057 818
126062 126060 789
126063 126060 630
126066 126065 1211
126066 126073 1211
126022 126016 3977
45800 45789 1161
45800 45801 951
45799 45685 677
45681 45680 1428
45681 45685 1798
45681 45687 1293
45688 45687 3665
45716 45715 2055
45716 45725 279
45725 45589 511
45725 45716 279
45729 45589 1419
45729 46008 1560
46008 45729 1560
46008 46006 1695
46009 46006 1064
46009 46015 2876
46015 45999 879
46015 46009 2876
46015 46032 1811
46034 46033 404
46034 46036 2094
46053 46052 1837
46054 46052 890
46097 46052 1579
46097 46099 202
46051 46050 279
46051 46095 418
46093 46045 3179
46093 46092 1483
46095 46048 1958
46095 46051 418
127516 127517 2223
126506 126589 1718
126506 127426 2096
126525 126520 5441
126525 126596 2035
126597 126592 1813
126597 126596 837
126597 127426 752
127385 126514 1521
127385 127384 782
127385 127389 893
127398 127384 1618
127398 127397 667
127389 126515 1437
127389 127385 893
127389 127409 783
127402 127397 2089
127402 127438 1832
126578 126575 1284
126578 126579 713
126613 126609 890
126613 126614 2042
126621 126622 1121
126621 127536 1450
129072 129071 374
129072 129074 1147
129083 129092 537
127518 127519 1032
127518 127520 445
127521 127517 1334
127521 127530 1284
129055 129066 694
129055 129068 1604
129059 129068 921
129153 129068 2278
129153 129152 1779
129107 129105 1674
129107 129156 1075
129107 129158 1075
129158 129107 1075
129158 129157 976
129159 129157 811
129247 129248 558
129247 129249 789
129207 129206 697
129207 129257 344
129249 129205 751
129249 129247 789
129249 129250 558
129213 129211 279
129258 129210 1613
129258 129257 139
129258 129259 1672
120528 120529 234
129273 129284 928
129273 129296 1796
129274 129295 474
129279 129302 2590
121082 121077 1010
121075 121074 1451
121075 121084 1014
121076 121060 935
121076 121062 1484
121076 121074 2126
121102 121093 924
121257 121105 558
121003 121002 1760
121003 121015 1085
121003 121078 1221
121016 121015 1505
121079 121077 1067
121079 121078 1356
121260 121259 935
120982 120937 1616
120982 120986 1308
120982 120988 400
121004 120989 752
121004 121009 276
121008 121007 1258
121017 121014 1581
121009 121004 276
121009 121006 1030
121115 121111 2842
121115 121114 711
121115 121261 2255
121261 121107 791
121261 121115 2255
121113 121111 1430
121113 121117 811
121533 121117 1277
121533 121532 789
121548 121536 789
121538 121536 1486
121538 121537 977
69106 121529 1904
69109 69101 848
69109 69111 3349
69110 69111 874
69110 69230 509
69110 69231 1495
77096 69226 126
77096 69226 126
69225 69226 1113
69225 69226 1113
69245 69235 160
70172 73040 2751
70172 73043 2715
70173 73043 1436
70173 73053 2388
70195 70196 374
70195 70208 2329
70148 70139 1147
70148 70150 778
70153 70152 437
70153 70156 1140
70131 69835 685
70131 70135 792
70131 70136 1849
70135 70131 792
70135 70137 1742
70135 70138 873
70139 70138 796
70139 70148 1147
69112 69113 80
69755 69749 792
69755 69754 1293
69761 69754 679
69761 69759 782
69764 69759 753
69764 69765 553
69816 69818 452
69816 69819 1399
69816 69820 675
69751 69749 1934
69751 69750 924
69806 69750 1106
69687 69684 1556
69687 69688 2237
69688 69687 2237
69688 78816 278
69778 69780 558
69768 69740 1023
69768 69767 277
69775 69774 1004
69607 69601 1539
69607 69605 924
69616 69610 1608
69788 69619 792
69788 69790 688
69787 69786 796
69787 69798 2409
72338 72336 1230
72338 72337 238
72340 72321 6091
72340 72322 4721
72341 72344 1413
72499 72500 238
72499 72501 538
72508 72106 679
72510 72507 711
72510 72518 2420
69833 69832 852
69833 69834 1140
69838 69835 1742
69838 69836 1032
69838 70136 711
70005 70019 747
70005 70024 2335
70329 70024 986
70335 70021 1815
70335 70333 688
70335 70337 1285
70336 70337 924
70327 70358 753
70355 70356 279
70355 70360 374
70422 70367 1207
70422 70423 1076
70384 70358 713
70563 70531 1155
70563 70564 1030
70683 70564 957
70683 70667 4532
70683 70684 411
70686 70687 512
70420 70358 830
70445 70431 674
70445 70435 2093
70445 70446 739
70446 70445 739
70446 70449 1309
70446 70452 678
70447 70452 2233
70447 70501 674
70495 70501 1162
70495 70502 739
70503 70502 1169
70503 70512 789
70503 70513 739
70512 70503 789
70512 70514 808
70512 70515 558
70518 70514 874
70518 70516 891
70556 70525 843
70556 70559 893
69297 69298 675
69297 69313 1701
69301 69302 678
69313 69297 1701
69313 69325 1810
69329 69325 873
69292 69293 781
129304 129302 1155
129300 129297 782
129300 129298 477
129300 129299 710
129315 129305 1631
129315 129314 553
129452 129455 1000
129452 129457 216
120969 120970 2984
120969 120977 2096
120969 121122 907
121130 121128 674
121130 121134 843
121126 120981 1087
121126 121144 698
121128 121121 279
121128 121130 674
215809 219136 409
215809 219138 378
224624 219104 1968
216384 219093 266
216384 219144 665
218153 218154 405
218153 224032 1323
219097 219102 280
219097 219103 1175
219098 219099 789
219098 219100 1852
219098 220662 579
219107 219099 1442
219107 221507 813
224571 224578 1038
224576 218212 767
224576 224572 412
218239 218236 1084
218239 218243 569
218241 218236 1124
218241 218242 477
218269 218262 299
218269 218270 585
218063 218053 2250
218063 218066 5228
218063 218067 1233
218063 218379 2601
218157 224497 456
218160 218067 3353
218160 218161 1336
218160 224243 1622
218156 218044 3037
218156 224497 654
219229 219230 550
219229 219232 3289
219520 219518 903
219247 215424 4625
219510 224545 259
219510 224546 582
224541 224547 416
219502 219508 600
219550 219553 214
220707 219558 959
220707 219558 959
219495 219509 1093
219495 219558 2104
222042 222041 198
222042 222078 2903
224070 224069 233
224070 224069 233
222078 222042 2903
222078 222077 827
222078 222095 2141
222094 222093 632
215248 215211 459
215218 215217 846
215218 215347 1339
222230 215347 748
222230 222260 257
222255 222258 828
222255 222260 1273
222256 222257 756
222258 222255 828
222258 222259 833
222258 222261 1353
215216 215217 1517
215251 215250 1023
215251 215267 785
215252 215210 1244
215252 215250 1837
215270 215267 1785
215270 215273 973
215273 215270 973
215273 215271 1731
215273 215331 895
215385 215386 720
215220 215217 802
215220 215346 1317
215353 215355 1336
215353 215357 804
215354 215346 930
215354 215355 657
215354 215356 1190
215373 215357 770
215373 219737 732
215377 215369 483
215377 219737 775
215368 215364 384
215368 215369 714
215364 215368 384
215364 215372 433
215366 215367 555
215366 215427 1999
215419 215422 362
215396 215397 737
215396 215410 1778
215409 215410 777
215409 215414 1561
215413 224149 1328
215383 215297 680
215383 215331 1145
215383 215389 1374
215406 215405 1854
215406 224137 680
215391 224149 1407
222306 222305 794
222306 224118 2592
222290 215974 9242
222290 222293 3300
222285 222284 808
222285 222286 2298
222289 222276 3378
222289 222286 1221
224640 224641 230
222310 222322 1290
222310 222323 694
219514 219519 428
219514 219563 1770
219563 219514 1770
219563 219561 425
219623 219625 1371
219623 219626 4140
219625 219623 1371
219625 219830 138
219801 219803 501
215195 215198 167
215195 215231 2893
215230 215231 892
222030 222034 544
222031 222034 1279
222031 222036 586
222037 222036 478
222037 222075 2865
222075 222037 2865
222075 222076 790
222075 222091 2158
222090 215203 701
222090 215205 481
215203 215202 1506
215203 222090 701
215200 215239 1270
215200 215241 439
215240 215239 1631
215240 222083 683
222083 215199 969
222083 215240 683
222083 224445 262
215196 215198 497
215196 215199 806
223293 223294 204
223293 223313 2368
223313 223293 2368
223313 223314 815
223313 223428 1807
223426 223422 770
223426 223427 533
223281 223276 1676
223281 223399 864
223332 223289 2106
223332 223333 788
223171 223181 182
215856 215857 114
215856 215923 803
223257 215924 95
223192 223181 31
223271 223184 2045
223271 223276 3176
223271 223278 769
223273 223276 803
150932 150889 1648
150932 150892 923
150951 150936 1806
150951 150964 1076
151616 151617 357
150862 150861 1707
150862 150863 1043
150866 150863 701
150866 150869 804
150886 150883 720
150886 150887 480
150889 150888 1272
150889 150932 1648
148996 148998 1587
148996 148999 3926
149032 149396 1049
149397 149187 3899
149397 149396 2743
149187 149231 1004
149187 149397 3899
149187 149398 1059
149231 149187 1004
149231 149398 1225
149231 149399 802
149234 149229 858
149234 149235 716
149240 151686 817
149240 151687 329
149226 149227 395
149226 151687 376
149228 149227 544
149228 149229 425
149225 149224 76
149225 149237 1240
149249 149237 658
151686 149240 817
151686 151689 271
149399 149231 802
149399 149236 836
149636 149641 812
149638 149639 791
149638 149641 2632
149637 149639 1089
149637 149640 783
143878 151120 665
151122 150970 517
150966 150964 2367
150966 150968 983
150969 150958 2552
150969 150959 973
150969 150967 1038
150973 150959 2541
150973 150974 892
151121 150971 422
151200 147217 908
151200 150974 1793
140327 140328 2008
140375 147215 164
147230 147231 823
147241 147231 2356
147241 147256 779
147229 147231 2595
147229 147232 826
147229 147233 851
147282 147256 2389
147282 147259 716
147290 147259 2378
147290 147288 817
147300 147288 2404
147300 147292 743
147334 147292 2364
147334 147331 776
147458 147331 2364
147458 147463 806
147474 147467 939
147474 147476 2443
147483 147476 765
147483 147484 716
147483 147496 776
147500 147496 2369
147500 147501 720
147501 147498 2398
147501 147500 720
147501 147544 907
147544 147501 907
147544 147506 2986
147505 147502 815
147505 147504 1752
147505 147509 765
147507 147502 1682
147507 147506 679
147551 147509 1641
147510 147509 767
147510 147554 1687
147510 147555 770
147555 147510 770
147555 147567 854
147555 147782 1678
147567 147555 854
147567 147783 1647
147786 147783 778
147786 147787 498
147790 147793 634
147808 147792 2189
147808 147794 858
147799 147797 1640
147799 147817 1222
147800 147794 1630
147897 147818 1844
147897 147905 1615
147821 146988 612
147821 151755 224
147921 151757 3180
151632 151633 3115
151630 151813 1706
148014 148015 695
148014 148021 1584
148014 151813 862
148021 148014 1584
148021 148022 1962
148034 148022 586
148016 148015 416
148016 148022 583
148017 148015 532
148017 148019 671
148017 151813 647
148019 148017 671
148019 148037 864
148019 148038 614
148019 151813 1190
148044 148038 606
148044 151794 391
148990 148998 332
205119 205124 2071
205124 205119 2071
198598 198601 110
198601 198598 110
171265 171263 673
171263 171265 673
171483 171481 778
171481 171483 778
159118 159122 1004
159122 159118 1004
154291 154287 1010
154287 154291 1010
159579 159580 2809
159580 159579 2809
159603 159648 684
159648 159603 684
159659 159838 851
159838 159659 851
159838 159762 851
159762 159838 851
159013 159014 2898
159014 159013 2898
213470 213493 314
213493 213470 314
213509 213519 593
213517 213519 223
213519 213509 593
213519 213517 223
213579 213550 779
213550 213579 779
94735 94744 1145
94744 94735 1145
95069 95068 983
95068 95069 983
50003 49990 1008
49990 50003 1008
50141 50147 3460
50142 50153 737
50147 50141 3460
50153 50142 737
50168 42120 4881
42120 50168 4881
40607 43917 910
43917 40607 910
44269 44271 1000
44271 44269 1000
44436 44440 238
44440 44436 238
43772 43766 1014
43766 43772 1014
44739 44745 848
44745 44739 848
45916 45917 1354
45917 45916 1354
46092 46093 1483
127127 127126 767
127126 127122 850
127126 127127 767
127122 127126 850
127384 127385 782
127384 127398 1618
127386 127397 934
127388 127397 952
45805 45804 1115
45804 45801 2620
45804 45805 1115
45776 45773 337
45773 45776 337
125365 132547 221
132547 125365 221
125358 125360 845
125360 125358 845
125411 125414 612
125414 125411 612
125442 126708 697
126708 125442 697
126708 126711 1948
126709 126711 697
126709 126713 279
125434 125452 1282
125446 125452 1067
125453 126697 494
126714 126713 600
126011 126027 1064
126028 126027 1502
126028 126044 673
126047 126052 953
126054 126052 2371
126054 126062 738
126060 126061 818
126060 126062 789
126060 126063 630
126057 126062 818
126057 126065 238
126065 126057 238
126065 126066 1211
126073 126066 1211
126016 126022 3977
45789 45685 818
45789 45800 1161
45801 45800 951
45801 45804 2620
45685 45681 1798
45685 45789 818
45685 45799 677
45680 45681 1428
45687 45681 1293
45687 45688 3665
45715 45716 2055
45589 45725 511
45589 45729 1419
46006 45999 3108
46006 46008 1695
46006 46009 1064
45999 46006 3108
45999 46015 879
46032 46015 1811
46033 46034 404
46036 46034 2094
46052 46048 672
46052 46053 1837
46052 46054 890
46052 46097 1579
46099 46097 202
46050 46045 688
46050 46051 279
46045 46050 688
46045 46093 3179
46048 46052 672
46048 46095 1958
127517 127516 2223
127517 127521 1334
126589 126506 1718
127426 126506 2096
127426 126597 752
126520 126525 5441
126596 126525 2035
126596 126597 837
126592 126597 1813
126514 126515 905
126514 127385 1521
127397 127386 934
127397 127388 952
127397 127398 667
127397 127402 2089
126515 126514 905
126515 127389 1437
127409 127389 783
127438 127402 1832
126575 126578 1284
126579 126578 713
126579 126609 2532
126609 126579 2532
126609 126613 890
126614 126613 2042
126622 126621 1121
127536 126621 1450
129071 129072 374
129074 129072 1147
129092 129083 537
127519 127518 1032
127520 127518 445
127530 127521 1284
129066 129055 694
129066 129105 2273
129068 129055 1604
129068 129059 921
129068 129153 2278
129152 129105 3225
129152 129153 1779
129105 129066 2273
129105 129107 1674
129105 129152 3225
129156 129107 1075
129156 129157 1344
129157 129156 1344
129157 129158 976
129157 129159 811
129248 129247 558
129206 129205 1578
129206 129207 697
129257 129207 344
129257 129258 139
129205 129206 1578
129205 129249 751
129250 129249 558
129211 129213 279
129210 129258 1613
129259 129258 1672
120529 120528 234
129284 129273 928
129296 129273 1796
129296 129298 739
129295 129274 474
129295 129297 1565
129295 129297 1565
129302 129279 2590
129302 129304 1155
121077 121079 1067
121077 121082 1010
121074 121075 1451
121074 121076 2126
121084 121075 1014
121060 121076 935
121062 121076 1484
121093 121102 924
121105 121107 506
121105 121257 558
121002 121003 1760
121015 121003 1085
121015 121014 1023
121015 121016 1505
121078 121003 1221
121078 121079 1356
121259 121260 935
120937 120982 1616
120986 120982 1308
120988 120982 400
120989 121004 752
121007 121008 1258
121014 121015 1023
121014 121017 1581
121006 121009 1030
121006 121144 752
121111 121113 1430
121111 121115 2842
121114 121115 711
121107 121105 506
121107 121261 791
121117 121113 811
121117 121533 1277
121532 121533 789
121532 121536 808
121536 121532 808
121536 121538 1486
121536 121548 789
121537 121538 977
121529 69106 1904
69101 69109 848
69111 69109 3349
69111 69110 874
69230 69110 509
69231 69110 1495
69226 69225 1113
69226 69225 1113
69226 77096 126
69226 77096 126
69235 69245 160
73040 70172 2751
73040 73043 1182
73043 70172 2715
73043 70173 1436
73043 73040 1182
73053 70173 2388
70196 70195 374
70208 70195 2329
70150 70148 778
70150 70152 1889
70152 70150 1889
70152 70153 437
70152 70156 1234
70156 70152 1234
70156 70153 1140
69835 69834 987
69835 69838 1742
69835 70131 685
70136 69838 711
70136 70131 1849
70136 70137 768
70137 70135 1742
70137 70136 768
70138 70135 873
70138 70139 796
69113 69112 80
69749 69751 1934
69749 69755 792
69754 69755 1293
69754 69761 679
69759 69761 782
69759 69764 753
69765 69764 553
69818 69816 452
69819 69816 1399
69820 69816 675
69750 69751 924
69750 69806 1106
69684 69687 1556
78816 69688 278
69780 69774 1556
69780 69778 558
69740 69767 1032
69740 69768 1023
69767 69740 1032
69767 69768 277
69774 69775 1004
69774 69780 1556
69601 69607 1539
69601 69610 581
69605 69607 924
69610 69601 581
69610 69616 1608
69619 69788 792
69790 69788 688
69786 69787 796
69798 69787 2409
72336 72338 1230
72337 72338 238
72321 72340 6091
72322 72340 4721
72344 72341 1413
72500 72499 238
72501 72106 1323
72501 72499 538
72106 72501 1323
72106 72508 679
72507 72510 711
72518 72510 2420
69832 69833 852
69834 69833 1140
69834 69835 987
69836 69838 1032
70019 70005 747
70019 70021 2460
70024 70005 2335
70024 70021 818
70024 70329 986
70021 70019 2460
70021 70024 818
70021 70335 1815
70333 70335 688
70337 70335 1285
70337 70336 924
70337 70356 1369
70358 70327 753
70358 70384 713
70358 70420 830
70356 70337 1369
70356 70355 279
70356 70360 355
70360 70355 374
70360 70356 355
70360 70367 613
70367 70360 613
70367 70422 1207
70423 70422 1076
70531 70563 1155
70564 70563 1030
70564 70683 957
70667 70683 4532
70684 70683 411
70687 70686 512
70431 70445 674
70435 70445 2093
70449 70446 1309
70452 70446 678
70452 70447 2233
70501 70447 674
70501 70495 1162
70502 70495 739
70502 70503 1169
70513 70503 739
70513 70514 837
70513 70516 811
70514 70512 808
70514 70513 837
70514 70518 874
70515 70512 558
70516 70513 811
70516 70518 891
70516 70525 907
70525 70516 907
70525 70556 843
70559 70556 893
69298 69297 675
69302 69301 678
69325 69313 1810
69325 69329 873
69293 69292 781
129297 129295 1565
129297 129295 1565
129297 129298 650
129297 129300 782
129298 129296 739
129298 129297 650
129298 129299 511
129298 129300 477
129299 129298 511
129299 129300 710
129305 129315 1631
129314 129315 553
129455 129452 1000
129457 129452 216
120970 120969 2984
120977 120969 2096
121122 120969 907
121122 121121 1186
121134 121130 843
120981 121121 2756
120981 121126 1087
121144 121006 752
121144 121126 698
121121 120981 2756
121121 121122 1186
121121 121128 279
219136 215809 409
219138 215809 378
219104 219093 766
219104 224624 1968
219093 216384 266
219093 219104 766
219144 216384 665
218154 218153 405
218154 220662 453
224032 218153 1323
219102 219097 280
219103 219097 1175
219099 219098 789
219099 219107 1442
219100 219098 1852
220662 218154 453
220662 219098 579
221507 219107 813
224578 224571 1038
218212 224576 767
224572 224576 412
218236 218239 1084
218236 218241 1124
218243 218239 569
218242 218241 477
218262 218269 299
218270 218269 585
218053 218063 2250
218066 218063 5228
218067 218063 1233
218067 218160 3353
218067 218161 2982
218379 218063 2601
224497 218156 654
224497 218157 456
218161 218067 2982
218161 218160 1336
224243 218160 1622
218044 218156 3037
219230 219229 550
219232 219229 3289
219518 219520 903
215424 219247 4625
224545 219510 259
224546 219510 582
224546 224547 465
224547 224541 416
224547 224546 465
219508 219502 600
219508 219509 1862
219553 219550 214
219558 219495 2104
219558 220707 959
219558 220707 959
219509 219495 1093
219509 219508 1862
222041 222042 198
222041 224069 394
224069 222041 394
224069 224070 233
224069 224070 233
222077 222076 774
222077 222078 827
222095 222078 2141
222095 222093 184
222093 222094 632
222093 222095 184
215211 215210 76
215211 215248 459
215217 215216 1517
215217 215218 846
215217 215220 802
215347 215218 1339
215347 222230 748
222260 222230 257
222260 222255 1273
222260 222261 930
222257 222256 756
222259 222258 833
222261 222258 1353
222261 222260 930
215250 215251 1023
215250 215252 1837
215267 215251 785
215267 215270 1785
215267 215271 950
215210 215211 76
215210 215252 1244
215271 215267 950
215271 215273 1731
215331 215273 895
215331 215383 1145
215386 215385 720
215346 215220 1317
215346 215354 930
215355 215353 1336
215355 215354 657
215357 215353 804
215357 215373 770
215356 215354 1190
219737 215373 732
219737 215377 775
215369 215368 714
215369 215377 483
215372 215364 433
215367 215366 555
215427 215366 1999
215422 215397 693
215422 215419 362
215397 215396 737
215397 215422 693
215410 215396 1778
215410 215409 777
215414 215409 1561
224149 215391 1407
224149 215413 1328
215297 215383 680
215389 215383 1374
215405 215406 1854
224137 215406 680
222305 222306 794
222305 222322 1100
224118 222306 2592
215974 222290 9242
222293 222290 3300
222284 222285 808
222286 222285 2298
222286 222289 1221
222276 222289 3378
224641 224640 230
222322 222305 1100
222322 222310 1290
222323 222310 694
219519 219514 428
219561 219563 425
219626 219623 4140
219830 219625 138
219803 219801 501
215198 215195 167
215198 215196 497
215231 215195 2893
215231 215230 892
222034 222030 544
222034 222031 1279
222036 222031 586
222036 222037 478
222076 222075 790
222076 222077 774
222091 215205 385
222091 222075 2158
215205 222090 481
215205 222091 385
215202 215203 1506
215202 215241 365
215239 215200 1270
215239 215240 1631
215241 215200 439
215241 215202 365
215199 215196 806
215199 222083 969
224445 222083 262
223294 223293 204
223314 223313 815
223428 223313 1807
223428 223427 496
223422 223399 3909
223422 223426 770
223427 223426 533
223427 223428 496
223276 223271 3176
223276 223273 803
223276 223281 1676
223399 223281 864
223399 223422 3909
223289 223332 2106
223333 223332 788
223181 223171 182
223181 223192 31
215857 215856 114
215923 215856 803
215923 215924 116
215924 215923 116
215924 223257 95
223184 223271 2045
223278 223271 769
150892 150888 1712
150892 150932 923
150892 150936 776
150936 150892 776
150936 150951 1806
150964 150951 1076
150964 150966 2367
151617 151616 357
150861 150862 1707
150863 150862 1043
150863 150866 701
150869 150866 804
150883 150886 720
150887 150886 480
150887 150888 733
150888 150887 733
150888 150889 1272
150888 150892 1712
148998 148990 332
148998 148996 1587
148999 148996 3926
149396 149032 1049
149396 149397 2743
149398 149187 1059
149398 149231 1225
149229 149228 425
149229 149234 858
149235 149224 364
149235 149234 716
149235 149236 1095
151687 149226 376
151687 149240 329
151687 151689 816
149227 149226 395
149227 149228 544
149224 149225 76
149224 149235 364
149237 149225 1240
149237 149236 784
149237 149249 658
151689 151686 271
151689 151687 816
149236 149235 1095
149236 149237 784
149236 149399 836
149641 149636 812
149641 149638 2632
149639 149637 1089
149639 149638 791
149640 149637 783
151120 143878 665
151120 150970 355
151120 150971 382
150970 150968 2285
150970 151120 355
150970 151122 517
150968 150966 983
150968 150967 700
150968 150970 2285
150958 150969 2552
150959 150969 973
150959 150973 2541
150967 150968 700
150967 150969 1038
150967 150971 2360
150974 150973 892
150974 151200 1793
150971 150967 2360
150971 151120 382
150971 151121 422
147217 147215 756
147217 151200 908
140328 140327 2008
140328 147232 629
147215 140375 164
147215 147217 756
147231 147229 2595
147231 147230 823
147231 147241 2356
147256 147241 779
147256 147282 2389
147232 140328 629
147232 147229 826
147232 147233 519
147233 147229 851
147233 147232 519
147259 147282 716
147259 147290 2378
147288 147290 817
147288 147300 2404
147292 147300 743
147292 147334 2364
147331 147334 776
147331 147458 2364
147463 147458 806
147467 147474 939
147476 147474 2443
147476 147483 765
147484 147483 716
147496 147483 776
147496 147498 742
147496 147500 2369
147498 147496 742
147498 147501 2398
147506 147507 679
147506 147544 2986
147502 147505 815
147502 147507 1682
147504 147505 1752
147509 147505 765
147509 147510 767
147509 147551 1641
147554 147510 1687
147554 147782 811
147782 147554 811
147782 147555 1678
147782 147783 805
147783 147567 1647
147783 147782 805
147783 147786 778
147787 147786 498
147793 147790 634
147792 147794 1636
147792 147808 2189
147794 147792 1636
147794 147797 260
147794 147800 1630
147794 147808 858
147797 147794 260
147797 147799 1640
147817 147799 1222
147817 147818 1362
147818 147817 1362
147818 147897 1844
147905 147897 1615
146988 147821 612
151755 147821 224
151755 151757 907
151757 147921 3180
151757 151755 907
151633 148037 1167
151633 151632 3115
151813 148014 862
151813 148017 647
151813 148019 1190
151813 151630 1706
148015 148014 695
148015 148016 416
148015 148017 532
148022 148016 583
148022 148021 1962
148022 148034 586
148037 148019 864
148037 151633 1167
148038 148019 614
148038 148044 606
151794 148044 391
912
126711
125452
126697
126713
126027
126044
126052
126061
126062
126063
126066
126022
45800
45799
45681
45688
45716
45725
45729
46008
46009
46015
46034
46053
46054
46097
46051
46093
46095
127516
126506
126525
126597
127385
127398
127389
127402
126578
126613
126621
129072
129083
127518
127521
129055
129059
129153
129107
129158
129159
129247
129207
129249
129213
129258
120528
129273
129274
129279
121082
121075
121076
121102
121257
121003
121016
121079
121260
120982
121004
121008
121017
121009
121115
121261
121113
121533
121548
121538
69106
69109
69110
77096
69225
69245
70172
70173
70195
70148
70153
70131
70135
70139
69112
69755
69761
69764
69816
69751
69806
69687
69688
69778
69768
69775
69607
69616
69788
69787
72338
72340
72341
72499
72508
72510
69833
69838
70005
70329
70335
70336
70327
70355
70422
70384
70563
70683
70686
70420
70445
70446
70447
70495
70503
70512
70518
70556
69297
69301
69313
69329
69292
129304
129300
129315
129452
120969
121130
121126
121128
215809
224624
216384
218153
219097
219098
219107
224571
224576
218239
218241
218269
218063
218157
218160
218156
219229
219520
219247
219510
224541
219502
219550
220707
219495
222042
224070
222078
222094
215248
215218
222230
222255
222256
222258
215216
215251
215252
215270
215273
215385
215220
215353
215354
215373
215377
215368
215364
215366
215419
215396
215409
215413
215383
215406
215391
222306
222290
222285
222289
224640
222310
219514
219563
219623
219625
219801
215195
215230
222030
222031
222037
222075
222090
215203
215200
215240
222083
215196
223293
223313
223426
223281
223332
223171
215856
223257
223192
223271
223273
150932
150951
151616
150862
150866
150886
150889
148996
149032
149397
149187
149231
149234
149240
149226
149228
149225
149249
151686
149399
149636
149638
149637
143878
151122
150966
150969
150973
151121
151200
140327
140375
147230
147241
147229
147282
147290
147300
147334
147458
147474
147483
147500
147501
147544
147505
147507
147551
147510
147555
147567
147786
147790
147808
147799
147800
147897
147821
147921
151632
151630
148014
148021
148034
148016
148017
148019
148044
148990
205107
205119
205124
212871
212875
212874
212894
195978
212907
150259
150261
150294
150295
150327
150332
150348
150351
198720
198742
198598
198601
198752
198744
198751
205089
205091
205099
205090
171246
171251
171253
171256
171265
171263
171323
171475
171342
171483
171490
171481
171268
154204
159110
159118
171470
159122
162387
154242
154283
154294
154291
154298
154287
154215
154226
154238
154239
154503
159359
159363
159369
159579
159580
159603
159648
159651
159678
159702
159656
159659
159838
159762
159769
159801
159828
159934
159940
159945
159947
159839
158736
160041
159013
159014
160054
160090
160104
213081
213084
213063
213064
213091
213078
213451
213445
213461
213469
213470
213444
213478
213481
213493
213503
213509
213517
213519
213521
213560
213579
213550
162224
170650
170106
170109
170881
170902
170900
171262
170856
170876
102281
95721
95595
95598
95601
95603
95725
95586
94735
94744
95069
95068
95073
95185
95333
95414
101752
95614
95621
95624
95431
95428
95446
95524
93544
101702
49820
41946
41958
36875
50447
50283
50003
49990
50006
91981
97752
97786
97734
94600
93412
93535
93524
93553
93561
92428
98957
98972
101681
101694
98621
98649
94603
97823
98234
98240
97848
97855
101824
102839
97788
97791
94539
98580
98590
191009
191015
191374
41972
49951
49970
49912
49980
42026
42073
50141
50142
50147
46164
50153
50154
50158
50168
42077
42120
42102
42147
42166
42168
42170
43993
43928
43926
40607
41001
43917
46353
44071
44259
44287
44201
44269
44271
44320
44345
44367
44397
44398
44420
44436
44406
44432
50271
44440
44496
44501
44740
43772
43777
43766
44021
44028
44739
44799
44800
45927
45897
44745
44752
44764
44771
45916
45917
45960
45963
46039
46042
46092
126092
126094
126148
126205
126212
127118
127127
127126
126221
126502
127379
127122
127384
127386
127388
45792
45793
45805
45804
45769
45776
45773
126655
45777
126625
132360
126637
125307
132543
125366
125379
125365
132547
125358
125360
45765
45767
125415
125411
125438
125414
125442
126708
126709
125434
125446
125453
126011
126028
126047
126054
126057
126065
126073
126016
45789
45801
45680
45687
45715
45589
46006
45999
46032
46033
46036
46050
46045
46048
127426
126520
126596
126592
126514
126515
127409
126575
126579
126609
126614
126622
129074
129092
127530
129066
129105
129156
129206
129257
129205
129211
129210
129259
129284
129296
129302
121077
121074
121060
121062
121093
121105
121002
121015
121078
120937
120986
120988
120989
121007
121014
121006
121111
121114
121117
121532
121537
121529
69101
69111
69231
69226
69235
73040
73043
73053
70196
70208
70150
70152
70156
69835
70137
70138
69113
69749
69754
69759
69820
69750
69684
78816
69780
69740
69767
69774
69601
69605
69610
69619
69790
69786
69798
72336
72337
72321
72322
72344
72501
72106
72507
72518
69836
70019
70021
70333
70337
70356
70367
70423
70531
70564
70667
70684
70687
70431
70435
70449
70452
70501
70502
70513
70514
70516
70525
70559
69325
69293
129299
129305
129314
129455
129457
120970
120977
120981
121144
219136
219138
218154
219102
219103
219099
219100
220662
221507
224578
218212
224572
218236
218262
218270
218053
218066
218067
218379
224497
218161
218044
219230
219232
219518
215424
224545
224546
224547
219509
222041
222077
222095
222093
215211
215217
215347
222257
222259
222261
215250
215267
215331
215346
215355
215357
215356
219737
215369
215372
215367
215427
215422
215397
215410
224149
215297
215389
215405
222305
215974
222284
222286
222276
222323
219561
219626
219830
219803
215198
215231
222034
222036
222076
222091
215205
215202
215239
215241
215199
223294
223314
223428
223422
223427
223276
223399
223289
223333
223181
223184
223278
150892
150964
151617
150861
150863
150869
150883
150887
148999
149396
149398
149229
149227
149224
151689
149641
149639
149640
150968
150958
150959
150967
150974
147217
140328
147215
147231
147256
147232
147233
147259
147288
147292
147331
147463
147467
147476
147484
147496
147498
147506
147502
147504
147509
147554
147782
147783
147793
147792
147797
147818
146988
151757
151633
148037
148038
