852
175740 176908 674
175593 175594 709
175593 175751 1560
175758 175751 905
175758 175759 2747
175758 176021 2362
175600 175599 3225
175600 176012 751
176025 175785 807
176025 176021 1141
185710 185711 837
175712 175713 789
175712 176012 1085
175756 175748 630
175756 177722 344
175749 175748 1323
175749 175750 870
175735 175734 1259
175735 175768 3337
175033 175006 673
176905 176659 111
176914 177069 3464
176907 176908 2181
176907 176917 747
176913 176912 3732
176913 176918 713
174802 174800 3589
174802 174819 3720
175549 175617 511
175615 175616 3704
175615 175622 418
175613 175044 336
175613 185466 1022
175538 175616 1111
175676 175682 415
175649 175650 2679
175649 175666 873
175688 175678 818
175688 175680 1027
175680 175669 1342
175680 175688 1027
174531 174536 893
174531 174550 2481
174537 174535 1882
174537 176416 581
210941 210940 137
210951 210948 1098
210954 210949 774
210954 210956 1590
210972 208317 1143
210972 210973 355
208317 208316 744
208317 210972 1143
208317 210979 989
210980 211041 739
210983 210962 1300
210983 210982 932
210983 211041 1521
210984 210985 649
210988 210985 801
210988 210989 1811
211102 211105 1090
211102 211106 751
211103 211105 867
211103 211422 605
211771 211777 705
211771 211778 918
211779 211778 1106
211022 211017 277
211020 211017 2688
211082 211081 850
211791 211778 751
211791 212072 1247
211794 203025 624
211794 212072 1073
203025 203026 106
203025 211794 624
211810 211813 1559
163513 163514 782
163513 172393 766
163533 163534 584
163533 163543 590
163542 163543 139
163542 163551 1349
163551 163542 1349
163551 163552 556
163555 163552 683
163555 163570 2335
163555 163747 674
163810 163808 796
163810 163846 674
163809 163808 1184
163809 163813 796
163812 163814 1449
163812 163815 782
163816 163815 766
163816 163819 782
163813 163809 796
163813 163814 782
163813 163824 683
163747 163555 674
163747 163748 2224
163751 163748 842
163751 163753 2334
163764 163753 683
163764 163779 1556
163782 163789 1000
163782 165224 2109
163783 163779 766
163783 163788 758
163783 165220 782
163773 163772 688
163773 163790 1352
163791 163784 778
163791 163790 667
163791 163872 1685
163772 163773 688
163772 163869 1179
163776 163775 778
163776 163868 1685
163776 163869 778
163840 163837 782
163840 163839 766
163859 163839 782
163859 163844 1449
163775 163776 778
163775 163777 674
163775 163865 1685
163863 163844 893
163863 163864 337
163721 166376 818
163846 163810 674
163846 163852 1153
163847 163848 796
163847 166417 1552
163847 166421 796
163029 163028 933
163029 163041 713
163457 163458 355
163457 163460 2590
163459 163460 766
163459 163474 1686
163516 163515 766
163521 163522 1906
163521 163525 871
163522 163521 1906
163522 164985 1686
163522 164987 790
164984 163474 850
164984 164983 2153
164984 164985 683
163026 163027 927
163026 163049 1695
163059 163049 710
163059 163060 1831
163059 163434 752
163433 163434 885
163433 163438 505
163438 163433 505
163438 163439 1124
163442 163458 541
162982 162983 1458
162982 162984 828
162982 163041 1798
164011 164010 1667
164011 164404 1673
164403 164398 279
164403 164404 202
164304 164305 789
164304 164398 1211
164177 164390 3875
164103 164104 630
164219 164209 2468
164219 164228 606
164188 164187 1154
164188 164323 2273
164322 164323 1211
164199 164200 276
164199 164394 688
164309 164308 713
164309 164394 1228
164306 164305 807
164307 164308 747
164307 164313 818
164307 164392 1304
164105 164104 790
164168 164212 739
164168 164220 1534
164176 164175 537
164176 164217 276
164175 164104 3400
164175 164176 537
164169 164161 2020
164169 164212 1995
164169 164222 906
164161 164139 337
164161 164169 2020
212399 212382 1595
212400 212383 2063
212400 212401 802
164495 164500 202
172420 161352 3010
172420 161352 3010
172420 212401 889
172420 212408 1141
164492 164501 1426
164138 164139 475
164138 164164 1085
164138 164237 537
164164 164138 1085
164164 164489 710
164488 164489 713
164488 164503 713
164488 164507 1813
164490 161363 1768
164490 164491 710
164490 164505 753
164484 164491 570
211814 211813 779
211814 212123 1825
212124 212088 2135
212124 212123 834
212124 212126 805
212125 212126 1963
212128 212126 833
212128 212129 2020
212131 212129 834
212131 212138 805
212131 212139 2200
212138 212131 805
212138 212141 2063
212145 212141 834
212145 212150 2021
212153 212150 883
212153 212157 1963
212158 212121 1768
212158 212157 751
212327 212328 183
212327 212337 320
212328 212324 631
212328 212327 183
212165 212168 1173
212165 214373 1111
212168 212156 700
212168 212165 1173
207785 215184 974
212333 212347 709
212333 212352 1637
212333 212354 760
212334 212354 1670
212334 212381 1570
212334 212384 779
212347 212333 709
212347 212348 1399
212381 212334 1570
212381 212382 751
178710 178709 1115
178710 178731 1161
114664 114665 2944
114664 116203 84
114593 114594 1398
114575 114576 1570
114443 114446 627
114443 114460 1355
114445 114446 746
114445 115190 755
114445 115191 1028
115192 114484 593
115192 116184 519
114457 114460 835
114420 114423 2624
114420 114436 3862
114422 114423 778
114422 115188 901
114438 114439 348
114050 114051 674
114050 114416 1774
114051 114050 674
114051 114426 610
114417 114048 4267
115152 115153 202
115183 115184 1555
115183 115185 113
115183 115208 22
115060 115058 2746
114825 114834 10018
114825 115011 2575
114827 114828 4979
114892 114891 782
114892 116232 1089
114948 114952 1089
114947 114952 2229
114882 114885 275
114882 114954 550
114955 114954 168
92086 92088 5027
92099 92088 1031
92127 92128 4600
92127 92129 1711
115301 115302 2850
115309 115312 3708
115310 115314 10116
115318 115319 5263
115352 115353 1663
115352 115354 1525
115361 115362 1223
115361 115406 2054
115654 115653 3507
115654 115719 273
115718 115717 603
106894 106895 903
106906 106896 787
106896 106895 981
106896 106906 787
116013 116014 1322
116014 116013 1322
107633 107785 5894
107785 107633 5894
107732 107513 2957
107513 107732 2957
111942 111945 681
111945 111942 681
111945 111955 868
111955 111945 868
112124 112131 681
112019 112293 516
112293 112019 516
112284 112134 869
112134 112284 869
112131 112124 681
112342 112418 1257
112418 112342 1257
112436 112435 847
112413 112400 764
112413 112438 2016
112435 112436 847
112438 112413 2016
112400 112413 764
112908 112917 1309
112917 112908 1309
112276 112275 681
112275 112276 681
112677 112963 1156
112963 112677 1156
113003 113082 1139
113082 113003 1139
113081 112927 764
112927 113081 764
104648 104616 974
104648 104659 1351
104659 104648 1351
104688 104694 426
104694 104688 426
104627 104624 1098
104624 104627 1098
104616 104648 974
104701 104692 648
105380 105381 1337
104692 104701 648
39865 39828 889
39828 39865 889
39837 39846 1115
39846 39837 1115
105140 105161 672
105161 105140 672
105135 105215 418
105215 105135 418
105107 105106 983
105106 105107 983
105381 104696 1581
105381 105380 1337
104696 104697 1093
104696 105381 1581
104697 104696 1093
40016 40023 765
40023 40016 765
41083 41085 1742
41085 41083 1742
41199 41205 1873
41205 41199 1873
41226 41231 889
41190 41184 373
41231 41226 889
41184 41190 373
55288 55296 1556
55296 55288 1556
55296 55307 1282
55307 55296 1282
55373 55380 630
55380 55373 630
49211 49212 879
49212 49211 879
49223 49224 605
49224 49223 605
49349 49397 558
49397 49349 558
53820 53826 605
53826 53820 605
144391 142465 2507
144391 144405 2447
144405 144391 2447
144413 144414 195
144414 144413 195
144454 144460 545
144460 144454 545
196701 196712 615
196712 196701 615
196712 196708 433
196708 196712 433
196742 196770 1463
196770 196742 1463
141602 141603 350
141603 141597 516
141603 141602 350
141567 141552 623
141597 141603 516
141598 141599 787
141552 141567 623
142465 144391 2507
142266 142265 1321
142265 142266 1321
141599 141598 787
141807 141815 1173
141815 141807 1173
141854 141852 875
141852 141854 875
207630 207633 796
207633 207630 796
207642 207643 857
207643 207642 857
207757 207758 779
207757 207759 696
207759 207757 696
207698 207689 756
207689 207698 756
196852 196853 1565
196805 196793 993
196853 196852 1565
196793 196805 993
196793 196845 1048
196845 196793 1048
196809 196826 2232
196826 196809 2232
145354 145374 151
145374 145354 151
146036 146038 830
146078 146034 797
151500 151439 1018
151439 151500 1018
146034 146078 797
146038 146036 830
139762 139763 1294
139762 139763 1294
151390 151392 534
151392 151390 534
139763 139762 1294
139763 139762 1294
203683 203684 866
204135 204646 843
204646 204135 843
204648 204653 709
204653 204648 709
203684 203683 866
203735 203739 482
203739 203735 482
204035 204040 863
204040 204035 863
208503 207830 329
207610 208100 2052
208100 207610 2052
208076 208077 201
208077 208076 201
207758 207757 779
207805 207808 1026
207808 207805 1026
207808 207816 936
195347 207827 677
207830 208503 329
207816 207808 936
207816 207827 684
207827 195347 677
207827 207816 684
208069 208070 801
208070 208069 801
208416 208431 1658
208431 208416 1658
178781 178782 276
178782 178781 276
180615 180617 827
180617 180615 827
180288 180287 697
180287 180288 697
166868 166872 600
166872 166868 600
185091 185092 475
185092 185091 475
185154 185155 1579
185149 185147 766
166620 166616 337
166616 166620 337
166989 166983 1268
166983 166989 1268
166921 166919 1636
166919 166921 1636
180563 180782 2365
180782 180563 2365
182376 182374 344
182540 182541 683
182374 182376 344
182265 182266 4
182266 182265 4
182541 182540 683
185147 185149 766
185155 185154 1579
152228 152170 2279
152233 152235 818
152244 152235 697
152235 152233 818
152235 152244 697
152170 152171 2063
152170 152228 2279
152171 152170 2063
176376 176375 951
176375 176376 951
176392 176391 630
176391 176392 630
152275 176336 818
176336 152275 818
174550 174531 2481
174550 174649 1016
174654 174651 344
174649 174550 1016
174651 174654 344
175302 175347 3240
175347 175302 3240
176908 175740 674
176908 176907 2181
175594 175593 709
175751 175593 1560
175751 175758 905
175759 175758 2747
176021 175758 2362
176021 176025 1141
175599 175600 3225
176012 175600 751
176012 175712 1085
175785 176025 807
185711 185710 837
175713 175712 789
175748 175749 1323
175748 175756 630
177722 175756 344
175750 175749 870
175734 175735 1259
175768 175735 3337
175006 175033 673
176659 176905 111
177069 176914 3464
176917 176907 747
176912 176913 3732
176918 176913 713
174800 174802 3589
174819 174802 3720
175617 175549 511
175616 175538 1111
175616 175615 3704
175622 175615 418
175044 175613 336
185466 175613 1022
175682 175676 415
175650 175649 2679
175666 175649 873
175678 175688 818
175669 175680 1342
174536 174531 893
174536 174535 452
174535 174536 452
174535 174537 1882
176416 174537 581
210940 210941 137
210948 210949 843
210948 210951 1098
210949 210948 843
210949 210954 774
210956 210954 1590
210956 210973 883
210973 210956 883
210973 210972 355
208316 208317 744
210979 208317 989
211041 210980 739
211041 210983 1521
210962 210983 1300
210982 210983 932
210985 210984 649
210985 210988 801
210989 210988 1811
210989 211017 469
211105 211102 1090
211105 211103 867
211106 211102 751
211106 211777 960
211422 211103 605
211777 211106 960
211777 211771 705
211778 211771 918
211778 211779 1106
211778 211791 751
211017 210989 469
211017 211020 2688
211017 211022 277
211081 211082 850
212072 211791 1247
212072 211794 1073
203026 203025 106
203026 211813 580
211813 203026 580
211813 211810 1559
211813 211814 779
163514 163513 782
163514 163515 782
172393 163513 766
163534 163533 584
163543 163533 590
163543 163542 139
163552 163551 556
163552 163555 683
163570 163555 2335
163570 163748 683
163808 163809 1184
163808 163810 796
163814 163812 1449
163814 163813 782
163815 163812 782
163815 163816 766
163819 163816 782
163819 163837 782
163824 163813 683
163748 163570 683
163748 163747 2224
163748 163751 842
163753 163751 2334
163753 163764 683
163779 163764 1556
163779 163783 766
163789 163782 1000
163789 163788 778
165224 163782 2109
163788 163783 758
163788 163789 778
165220 163783 782
163790 163773 1352
163790 163791 667
163790 163869 778
163784 163791 778
163872 163791 1685
163869 163772 1179
163869 163776 778
163869 163790 778
163868 163776 1685
163868 163865 778
163837 163819 782
163837 163840 782
163839 163840 766
163839 163859 782
163844 163859 1449
163844 163863 893
163777 163775 674
163865 163775 1685
163865 163864 889
163865 163868 778
163864 163863 337
163864 163865 889
166376 163721 818
163852 163846 1153
163848 163847 796
166417 163847 1552
166421 163847 796
163028 163027 758
163028 163029 933
163041 162982 1798
163041 163029 713
163458 163442 541
163458 163457 355
163460 163457 2590
163460 163459 766
163474 163459 1686
163474 164984 850
163515 163514 782
163515 163516 766
163525 163521 871
164985 163522 1686
164985 164984 683
164987 163522 790
164983 164984 2153
163027 163026 927
163027 163028 758
163049 163026 1695
163049 163059 710
163060 163059 1831
163434 163059 752
163434 163433 885
163434 163439 828
163439 163434 828
163439 163438 1124
162983 162982 1458
162984 162982 828
164010 164011 1667
164404 164011 1673
164404 164403 202
164398 164304 1211
164398 164403 279
164305 164304 789
164305 164306 807
164305 164313 747
164390 164177 3875
164104 164103 630
164104 164105 790
164104 164175 3400
164209 164219 2468
164228 164219 606
164187 164188 1154
164323 164188 2273
164323 164322 1211
164200 164199 276
164394 164199 688
164394 164309 1228
164308 164307 747
164308 164309 713
164313 164305 747
164313 164307 818
164392 164307 1304
164212 164168 739
164212 164169 1995
164220 164168 1534
164220 164217 474
164217 164176 276
164217 164220 474
164222 164169 906
164139 164138 475
164139 164161 337
212382 212381 751
212382 212383 709
212382 212384 1497
212382 212399 1595
212383 212382 709
212383 212400 2063
212401 172420 889
212401 212400 802
164500 164495 202
164500 164501 710
161352 172420 3010
161352 172420 3010
212408 172420 1141
164501 164492 1426
164501 164500 710
164237 164138 537
164489 164164 710
164489 164488 713
164503 164488 713
164507 164488 1813
161363 164490 1768
164491 164484 570
164491 164490 710
164505 164490 753
212123 211814 1825
212123 212124 834
212088 212124 2135
212126 212124 805
212126 212125 1963
212126 212128 833
212129 212128 2020
212129 212131 834
212139 212131 2200
212139 212141 834
212141 212138 2063
212141 212139 834
212141 212145 834
212150 212145 2021
212150 212153 883
212157 212153 1963
212157 212158 751
212121 212158 1768
212337 212324 670
212337 212327 320
212337 214373 560
212324 212328 631
212324 212337 670
214373 212165 1111
214373 212337 560
212156 212168 700
215184 207785 974
212352 212333 1637
212354 212333 760
212354 212334 1670
212384 212334 779
212384 212382 1497
212348 212347 1399
178709 178710 1115
178731 178710 1161
114665 114664 2944
116203 114664 84
114594 114593 1398
114576 114575 1570
114446 114443 627
114446 114445 746
114460 114443 1355
114460 114457 835
115190 114445 755
115191 114445 1028
114484 115192 593
116184 115192 519
114423 114420 2624
114423 114422 778
114436 114420 3862
115188 114422 901
114439 114438 348
114416 114050 1774
114426 114051 610
114048 114417 4267
115153 115152 202
115184 115183 1555
115185 115183 113
115208 115183 22
115058 115060 2746
114834 114825 10018
115011 114825 2575
114828 114827 4979
114891 114892 782
116232 114892 1089
114952 114947 2229
114952 114948 1089
114885 114882 275
114954 114882 550
114954 114955 168
92088 92086 5027
92088 92099 1031
92128 92127 4600
92129 92127 1711
115302 115301 2850
115312 115309 3708
115314 115310 10116
115319 115318 5263
115353 115352 1663
115354 115352 1525
115362 115361 1223
115406 115361 2054
115653 115654 3507
115719 115654 273
115717 115718 603
106895 106894 903
106895 106896 981
961
175740
175593
175758
175600
176025
185710
175712
175756
175749
175735
175033
176905
176914
176907
176913
174802
175549
175615
175613
175538
175676
175649
175688
175680
174531
174537
210941
210951
210954
210972
208317
210980
210983
210984
210988
211102
211103
211771
211779
211022
211020
211082
211791
211794
203025
211810
163513
163533
163542
163551
163555
163810
163809
163812
163816
163813
163747
163751
163764
163782
163783
163773
163791
163772
163776
163840
163859
163775
163863
163721
163846
163847
163029
163457
163459
163516
163521
163522
164984
163026
163059
163433
163438
163442
162982
164011
164403
164304
164177
164103
164219
164188
164322
164199
164309
164306
164307
164105
164168
164176
164175
164169
164161
212399
212400
164495
172420
164492
164138
164164
164488
164490
164484
211814
212124
212125
212128
212131
212138
212145
212153
212158
212327
212328
212165
212168
207785
212333
212334
212347
212381
178710
114664
114593
114575
114443
114445
115192
114457
114420
114422
114438
114050
114051
114417
115152
115183
115060
114825
114827
114892
114948
114947
114882
114955
92086
92099
92127
115301
115309
115310
115318
115352
115361
115654
115718
106894
106901
106950
113875
107019
107149
107144
107154
107161
107171
107305
113741
92880
92881
92927
92919
92932
106703
106906
106896
106898
106188
116013
116014
116023
116045
116116
116124
105765
115977
191517
191504
192852
191574
191573
191593
192821
192824
192830
192841
192795
192840
193016
193018
190988
107619
107633
109877
107785
107720
107732
107513
107727
107701
107646
111014
111103
111200
111156
111161
111210
111917
111920
111942
111945
111955
112086
112092
112097
112105
112124
112019
112285
112293
112283
112284
112134
112131
112302
112319
112331
112338
112342
112418
112419
112445
112431
112436
112413
112435
112438
112390
112400
112674
112901
112908
112917
112679
112912
112946
112387
112276
112275
112268
112677
112963
112986
112988
112997
113003
113103
113365
113370
113264
113378
113392
113102
112981
113084
113040
113049
113068
113098
113082
113081
112927
112929
105286
104648
104659
104688
104694
104557
104560
104627
104613
104635
104624
104616
104701
105374
105380
104692
39868
39865
39873
39828
39830
39920
39837
39846
39842
104862
104973
104975
104887
105139
105132
105140
105161
105130
105135
105215
105216
105214
105245
104980
50225
105107
105110
105119
105106
105120
105381
104696
104697
104700
105082
105088
105434
105426
39714
39728
39733
39758
39766
39939
39943
39959
39979
40016
40023
41087
41071
41079
41083
41048
41085
41097
41116
41199
41106
41195
41155
41200
41202
41205
41208
41225
41226
41190
41231
41184
41234
41339
41368
41335
41677
55070
55073
55135
55288
55953
55296
55307
55315
55383
55370
55373
55380
48641
48625
48645
48637
48639
48650
49231
49243
48808
49202
49211
49212
49221
49223
49224
49369
49343
49389
49391
49349
49397
49150
49153
49154
49162
49350
49355
49119
49161
49458
49442
49452
49455
49245
49250
49464
48336
129920
131805
131812
131817
49628
49655
54321
54323
54325
49633
53792
53820
53826
53828
55052
55054
144391
144405
144413
144414
144454
144460
144468
144469
144604
144601
144602
144637
144642
196701
196712
196708
196709
196724
196729
196435
196438
196613
196434
196784
196742
196770
141602
141603
141566
141567
141597
141598
150657
139857
150399
150673
139794
139868
139869
139875
140154
140159
140177
140219
140237
141550
141552
142263
142300
142307
142469
142472
142478
142448
142465
141856
142266
142265
141599
141612
141622
141625
141795
141633
141647
141807
141815
141848
141854
141852
141860
56073
55993
56005
56110
56072
56134
56140
204681
207630
207633
207642
207643
207646
207757
207756
207759
207750
207697
207698
207751
207689
207684
207685
196852
196805
196853
196793
196845
196846
196803
196832
196749
196810
196809
196826
145348
145354
145365
145370
145374
145367
145424
145441
145448
145464
145467
145474
145476
145991
146014
146027
146036
146078
151423
151433
151434
151432
151426
151500
151439
146034
146038
139762
151386
151390
151392
139763
203683
204039
204105
204110
204497
204498
204131
204135
204646
204648
204653
204677
203684
203701
203702
203732
203733
203735
203739
203772
203787
203793
203797
203799
204013
204016
204035
204040
208500
208503
208073
208095
207610
208100
208501
208065
208074
208066
208076
208077
207758
207805
207808
195347
207830
207816
207827
208069
208070
208083
208085
208131
208147
208161
208184
208378
208412
208416
208431
208429
208434
208447
208446
208453
210696
210701
210699
178660
178807
178694
178781
178782
180615
180620
180617
180288
180291
180287
180603
180611
180622
166864
166868
166872
185091
185092
185144
185159
185154
185149
166591
166512
166596
166620
166624
166623
166617
166616
166609
166976
166989
166983
166652
166667
166858
166860
166921
166919
166931
166981
166315
166835
166847
180600
180595
180563
180782
180518
180602
180578
180554
180472
180483
182380
182376
182540
182392
180039
182374
182265
181969
182015
181979
179722
181939
181949
181953
182227
182002
182266
182541
182550
182546
185251
182558
185147
185155
185917
152228
152230
152232
166945
152233
152196
152244
152235
152170
152171
185318
176343
176344
176355
176376
176388
176375
176392
176391
176393
152278
152270
152275
176336
176337
176341
173938
173955
174794
185820
173645
173655
173805
174550
174654
174649
174651
174686
174751
175302
175355
175341
175347
175261
175251
175349
175460
175463
175465
175922
175481
152005
175917
175448
175857
175868
175866
176908
175594
175751
175759
176021
175599
176012
175785
175713
175748
175750
175734
175768
175006
176659
177069
176917
176912
176918
174800
174819
175616
175044
185466
175682
175650
175666
175678
175669
174536
174535
176416
210948
210949
210956
210973
210979
210962
210982
210989
211105
211106
211422
211777
211081
212072
203026
211813
163514
163534
163543
163552
163570
163808
163814
163815
163819
163748
163753
163779
165224
163788
165220
163790
163784
163872
163869
163868
163837
163839
163844
163865
163864
166376
163852
166417
166421
163028
163041
163458
163460
163474
163515
163525
164985
164987
164983
163027
163049
163060
163434
163439
162984
164010
164404
164398
164305
164390
164209
164228
164187
164323
164200
164394
164308
164313
164392
164212
164220
164217
164222
212383
164500
161352
212408
164501
164489
164503
164507
161363
164491
164505
212123
212088
212126
212129
212139
212141
212150
212157
212121
212324
214373
212156
215184
212352
212354
212384
212348
178709
178731
116203
114576
114460
114484
114423
114436
114416
114426
114048
115153
115058
114834
114828
114891
116232
114885
92088
92128
115302
115312
115314
115354
115362
115406
115653
115719
115717
106895
