1210
36691 36692 1102
36691 36715 373
36701 36700 3181
36701 36710 1160
36715 36691 373
36715 36698 557
36815 36814 1015
36815 36816 713
36817 36816 1198
36817 36822 3043
36822 36817 3043
36822 36870 1098
36738 36733 3589
36738 36735 1248
36738 36775 1304
36742 36737 1931
36742 36743 1336
36743 36741 1497
36743 36742 1336
36743 36772 1558
36780 36772 3017
36780 36785 1560
36780 36857 5827
36775 36738 1304
36775 36774 2481
36859 36857 1188
36859 36860 2561
36818 36777 931
36818 36816 1560
36788 36786 2353
36788 36790 1797
36799 36795 1055
36799 36800 4037
36796 36794 4511
36796 36861 1014
36796 36865 1417
36800 36795 3863
36800 36799 4037
36620 36587 344
36620 36590 1161
36590 36586 1797
36590 36589 1675
36590 36620 1161
36582 36580 3453
36582 36588 2643
36582 36592 511
36589 36584 2448
36589 36590 1675
36592 36493 3785
36592 36582 511
36592 37538 1014
37541 37540 1594
37548 37543 932
37548 37549 751
36555 36524 1152
36555 36553 1532
36555 36556 3014
36598 36576 1161
36598 36594 889
36598 36597 1394
36576 36575 1140
36576 36579 1248
36576 36598 1161
36603 36579 1715
36603 36587 1014
36553 36527 1073
36553 36555 1532
36553 36568 1394
36593 36568 1475
36593 36599 650
36599 36593 650
36599 36597 336
36550 36543 1530
36550 36548 1676
36550 36549 1188
36556 36549 1409
36556 36555 3014
36916 36544 1280
36916 36918 1623
37570 37564 1578
37583 37569 984
37583 37582 1188
37585 37575 344
37589 37577 276
37589 37579 836
37556 37546 751
37556 37566 1636
37556 37567 1027
37582 37567 1027
37582 37583 1188
36919 36918 806
36924 36923 511
36925 36923 751
37658 37651 2550
37658 37659 511
37663 37655 2226
37668 37667 1682
37668 37670 1454
37668 37670 1454
37669 38237 873
37669 38253 1882
37669 38254 612
38229 38228 788
38239 38227 418
38239 38240 738
38244 38243 873
38269 38263 683
38269 38266 1308
38274 38266 1074
38274 38276 300
38261 37702 2597
38261 38255 1085
38261 38277 1779
38604 38599 279
38609 38603 697
38609 38610 3492
38610 38609 3492
38610 38644 788
38646 38645 418
38646 38647 476
38646 38651 452
38647 38646 476
38647 38652 1000
38654 38652 354
38668 38665 884
38668 38670 2031
38813 38666 848
38813 38814 2289
38814 38667 836
38814 38813 2289
38670 38668 2031
38670 38669 788
38655 38652 1675
38659 38625 2033
38659 38653 1906
38756 38625 1153
38756 38695 2418
38700 38132 1534
38700 38688 1363
38700 38704 1502
38704 38700 1502
38704 38701 2181
38708 38701 1339
38708 38739 3401
38716 48754 1364
38101 38091 878
38101 38102 238
38101 38107 202
38109 38102 1476
38109 38110 84
38682 38108 418
38683 38108 1476
38683 38689 2833
38683 38691 1153
38691 38683 1153
38691 38696 788
38697 38696 1503
38694 38689 1027
38694 38693 2143
38694 38696 2104
38695 38693 1009
38695 38756 2418
41506 38739 1612
41506 41504 709
41506 41508 4071
41511 46858 1412
41511 46862 4899
47499 47496 1901
47499 47498 314
47501 47498 1537
37255 37256 133
37255 46990 942
46989 46990 1325
46989 47535 951
47495 47497 404
47535 46989 951
47535 46993 752
47535 46994 1120
47539 46994 1225
47539 47542 1140
47542 47000 630
47542 47004 2216
47542 47539 1140
47544 47556 517
47544 47558 2192
47558 47032 1956
47558 47544 2192
47558 47557 435
47561 47032 683
47561 47564 2666
47308 47306 684
47564 47034 849
47564 47306 1483
47564 47561 2666
47310 47297 709
47310 47307 1742
47312 47307 849
47270 47269 1614
47247 47246 215
47360 47359 579
47272 47275 1009
47206 47154 4293
47206 47204 841
129982 128067 337
129982 129983 807
128065 128064 421
128060 128057 2809
128060 129940 2542
129948 126990 828
129958 129945 630
129958 129955 688
129961 129953 1078
129961 132339 2473
130657 130655 436
130659 130663 1824
130659 130664 1857
47191 47189 738
47191 47193 837
47211 47209 445
47211 47212 265
47212 47210 1352
47212 47211 265
130666 130664 1055
130099 128110 3903
130099 130098 751
130124 130122 879
130124 130123 1121
130124 130126 3018
130135 130133 940
130675 130134 2985
130675 130676 475
130943 130941 276
130975 130974 950
130945 130938 808
130945 130979 650
130931 130930 928
130933 130929 1304
130933 130935 751
130933 130938 739
130218 130216 1142
130218 130220 984
130220 130215 1065
130220 130218 984
130220 130221 2952
130927 130217 537
130221 130219 1010
130221 130220 2952
130221 130222 1673
130224 130222 1458
130224 130261 759
130266 130260 1118
130266 130261 452
131082 131091 139
131092 131087 1169
131092 131091 1949
131104 131087 1748
131104 131106 890
131992 131991 418
131993 131991 1759
131993 132000 1227
132009 132001 747
132012 132001 2431
132012 132006 697
132012 132042 1210
132024 132042 697
132024 132047 1010
132047 132024 1010
132047 132046 789
130242 130240 934
130242 130243 1467
130263 130243 829
130263 130269 1467
130275 130269 710
130254 130258 3848
130254 130287 2149
131041 131039 789
131041 131045 1344
131041 131046 885
131046 131041 885
131046 131042 1010
131046 131050 1485
131049 131050 808
131049 131081 1578
131039 131040 1557
131039 131041 789
132084 131984 3145
121647 121576 1918
121647 121648 949
121647 121649 5021
131990 131969 8950
131990 131984 276
131990 132048 4241
132100 132090 1838
132126 132130 739
215725 215724 2490
215725 222610 3824
219016 219013 1905
219016 221938 1465
219016 222613 1467
222614 222613 3090
222614 222615 1350
222615 222612 3117
222615 222614 1350
215731 215730 1242
215731 216380 830
218008 218007 2250
218008 218310 2943
218008 221783 3665
218275 218288 4164
218275 218289 3759
218287 218007 936
224295 218293 3876
218279 218285 1564
218279 218314 1818
218284 218285 1526
218286 218317 7208
218286 222721 1002
222626 224479 1148
222638 222637 808
222638 222658 3406
222721 218286 1002
222721 222664 1209
222721 222665 1029
53619 53617 169
53644 53651 2069
150564 150567 837
150568 146977 2515
150568 150567 2327
150568 150569 746
146977 146979 822
146977 150568 2515
146980 146979 279
146980 148987 774
146980 151051 193
150776 151051 853
150776 151055 1854
150777 151055 823
150777 151211 2407
151212 151211 791
148326 148341 2707
148342 148341 780
148342 148348 2125
148349 148348 808
148349 148352 870
148349 148377 1012
148367 148368 249
148367 148369 731
148369 148367 731
148369 148368 719
148369 148370 851
148374 148370 826
148374 148381 2070
148374 148388 837
148388 148374 837
148388 148410 2244
143936 144156 2716
144155 144156 691
144155 148541 2620
148544 148541 694
148544 148546 2668
148545 148546 744
148545 148555 2741
148554 148538 2234
148554 148555 830
148537 148538 1370
148537 148539 1164
148539 148537 1164
148539 148613 632
148540 148585 2575
148540 148613 866
148584 148585 784
148584 148587 857
148584 148590 2386
148584 148616 729
148587 148584 857
148587 148588 2094
148414 148466 345
148414 148468 2835
148569 148468 792
148569 148573 1164
148578 148573 777
148578 148579 1468
148586 148579 855
148586 148588 1045
148586 148589 2770
148393 148410 792
148393 148413 3012
144041 144042 858
144041 144105 2698
144102 144104 2549
144102 144105 711
144103 144104 789
144103 144109 1120
144039 144042 2579
144117 144119 2508
144117 144120 786
144116 144119 857
144116 144124 2660
144157 144156 846
144157 148548 2684
144159 144160 771
144159 148550 2622
148549 148548 843
148549 148550 827
148549 148553 2572
144077 144078 2729
144081 144078 769
144081 144163 828
144081 148666 2603
144092 144164 934
144092 144165 438
144123 144124 772
144123 144125 1930
144164 144092 934
144164 144166 933
144163 144081 828
144163 144167 716
144163 148667 2645
144160 144159 771
144160 144161 802
144160 148659 2677
144161 144078 920
144161 144160 802
144161 148660 2718
146149 144042 695
146149 146150 858
146149 146236 2710
146150 146149 858
146150 146237 2537
146239 146237 785
146239 146241 725
146251 146241 955
146251 146252 64
146164 146216 330
146255 146291 866
146217 146215 1876
146217 146219 151
146215 146216 313
146215 146217 1876
146229 146230 729
146228 146377 612
151217 151211 2421
151217 151218 808
151222 151218 2400
151222 151243 728
142926 142924 808
142926 151243 2362
142925 142924 2260
142925 142929 871
142937 142929 2363
142937 142936 791
142941 142936 1859
142941 142942 751
143015 143048 635
143015 143049 788
143049 143015 788
143049 143048 509
143047 142940 867
143047 142953 794
143047 143048 788
143051 142953 1571
143051 142956 935
143056 142956 340
143056 143059 478
143065 143058 2136
143065 143062 717
143066 143062 2276
143066 143086 846
143096 143086 2407
143096 143095 817
143102 143095 2261
143102 143103 767
143130 143103 2675
143130 143131 771
143130 143168 1161
143170 143165 578
143170 147618 2435
143170 150759 1423
143171 147618 648
143171 148136 2356
148137 148136 775
148137 148143 2360
148143 148137 2360
148143 148173 809
148141 148139 2436
148141 148149 746
148141 148174 2491
148170 148159 771
148177 148184 1499
151603 148193 2588
148334 148195 1235
148334 148335 2661
148336 148335 1178
148336 148339 2721
148336 148341 845
212641 212642 659
212641 212654 1026
212653 212654 347
212653 212657 583
212619 212620 2380
212619 212625 785
212637 212638 696
212637 212642 510
212655 212657 440
146381 146379 1023
146381 146380 600
146395 146380 1124
146383 146379 646
146383 146386 1114
146383 146388 574
146412 146388 599
146412 146413 2727
146413 146411 873
146413 146412 2727
146413 146418 2268
146474 146529 756
146474 146538 2318
146418 146413 2268
146418 146417 848
146418 146528 2249
146529 146474 756
146529 146528 892
146529 146539 2429
146540 146538 794
146540 146716 800
146732 146726 865
143427 143430 336
146738 143429 142
146738 146723 775
146727 146726 1218
146727 146737 388
146748 146723 2501
146748 146747 920
146759 146747 2326
146759 146758 730
146766 146758 2575
146766 146769 465
149955 149944 816
149944 149955 816
177861 177863 2689
177863 177861 2689
153776 153777 436
153777 153776 436
157332 157331 688
157236 157174 951
157173 157172 1028
157174 157236 951
154900 154821 1004
154821 154900 1004
154931 154935 782
154935 154931 782
157176 157177 927
157251 157177 2334
157172 157173 1028
157177 157176 927
157177 157251 2334
157331 157332 688
157343 157344 3249
157343 157381 3131
157344 157343 3249
178037 178045 1280
178045 178037 1280
178354 178356 354
178583 178396 1205
178396 178583 1205
178356 178354 354
177815 177816 293
177816 177815 293
157381 157343 3131
157371 157391 889
157391 157371 889
157402 158113 1606
158113 157402 1606
158518 158517 871
158517 158518 871
158590 160769 1454
160769 158590 1454
160769 160976 1454
160976 160769 1454
161010 161178 1307
161012 161013 1014
161013 161012 1014
160929 160959 590
161178 161010 1307
161178 161180 1182
161180 161178 1182
160959 160929 590
160901 160900 843
160900 160901 843
166018 166017 850
168223 168229 667
167913 167973 683
167973 167913 683
168229 168223 667
166017 166018 850
166050 166049 796
166049 166050 796
161770 161771 475
161771 161770 475
161786 161787 1081
161787 161786 1081
161735 161742 747
161742 161735 747
160121 166147 2050
166147 160121 2050
166165 166166 631
166166 166165 631
166106 166105 678
166105 166106 678
169567 169566 874
169566 169567 874
111908 111907 1692
111907 111908 1692
108347 108346 1097
108346 108347 1097
108687 108689 1811
108689 108687 1811
93896 101861 1419
101861 93896 1419
93998 93997 516
93997 93998 516
94001 94002 2206
94002 94001 2206
93779 93889 1931
93889 93779 1931
194271 194272 288
194272 194271 288
108824 108836 1114
108836 108824 1114
110474 110468 1306
110468 110474 1306
103814 103816 672
103816 103814 672
36692 36691 1102
36700 36698 747
36700 36701 3181
36710 36701 1160
36698 36700 747
36698 36715 557
36814 36815 1015
36816 36815 713
36816 36817 1198
36816 36818 1560
36870 36822 1098
36733 36737 1558
36733 36738 3589
36735 36738 1248
36737 36733 1558
36737 36741 1483
36737 36742 1931
36741 36737 1483
36741 36743 1497
36772 36743 1558
36772 36780 3017
36785 36780 1560
36785 36790 1742
36785 36794 1691
36857 36780 5827
36857 36859 1188
36857 36861 333
36774 36775 2481
36860 36859 2561
36777 36818 931
36786 36788 2353
36790 36785 1742
36790 36788 1797
36795 36794 1220
36795 36799 1055
36795 36800 3863
36794 36785 1691
36794 36795 1220
36794 36796 4511
36861 36796 1014
36861 36857 333
36865 36796 1417
36587 36603 1014
36587 36620 344
36586 36590 1797
36580 36493 1234
36580 36582 3453
36588 36582 2643
36588 36584 1022
36584 36588 1022
36584 36589 2448
36493 36580 1234
36493 36592 3785
37538 36592 1014
37540 37541 1594
37540 37543 688
37543 37540 688
37543 37548 932
37549 37548 751
36524 36527 1357
36524 36555 1152
36594 36598 889
36597 36598 1394
36597 36599 336
36575 36576 1140
36579 36576 1248
36579 36603 1715
36527 36524 1357
36527 36553 1073
36568 36553 1394
36568 36593 1475
36543 36550 1530
36548 36550 1676
36549 36550 1188
36549 36556 1409
36544 36916 1280
36918 36916 1623
36918 36919 806
37564 37570 1578
37569 37566 1016
37569 37567 1293
37569 37583 984
37575 37577 1004
37575 37585 344
37577 37575 1004
37577 37589 276
37579 37589 836
37546 37556 751
37566 37556 1636
37566 37569 1016
37567 37556 1027
37567 37569 1293
37567 37582 1027
36923 36924 511
36923 36925 751
37651 37658 2550
37659 37658 511
37655 37663 2226
37667 37668 1682
37670 37668 1454
37670 37668 1454
38237 37669 873
38237 38227 475
38253 37669 1882
38254 37669 612
38228 38227 2289
38228 38229 788
38227 38228 2289
38227 38237 475
38227 38239 418
38240 38239 738
38243 38244 873
38263 38269 683
38266 38269 1308
38266 38274 1074
38276 38274 300
37702 38261 2597
38255 38261 1085
38277 38261 1779
38599 38604 279
38603 38609 697
38644 38610 788
38644 38645 1029
38645 38644 1029
38645 38646 418
38645 38651 354
38651 38645 354
38651 38646 452
38651 38652 474
38651 38653 1667
38652 38647 1000
38652 38651 474
38652 38654 354
38652 38655 1675
38665 38666 697
38665 38668 884
38665 38669 2088
38666 38665 697
38666 38667 2088
38666 38813 848
38667 38666 2088
38667 38669 697
38667 38814 836
38669 38665 2088
38669 38667 697
38669 38670 788
38625 38659 2033
38625 38756 1153
38653 38651 1667
38653 38659 1906
38132 38700 1534
38688 38700 1363
38701 38704 2181
38701 38708 1339
38739 38708 3401
38739 41506 1612
48754 38716 1364
38091 38101 878
38102 38101 238
38102 38109 1476
38107 38101 202
38110 38109 84
38108 38682 418
38108 38683 1476
38689 38683 2833
38689 38694 1027
38696 38691 788
38696 38694 2104
38696 38697 1503
38693 38694 2143
38693 38695 1009
41504 41506 709
41508 41506 4071
46858 41511 1412
46862 41511 4899
47496 47497 404
47496 47499 1901
47498 47499 314
47498 47501 1537
37256 37255 133
46990 37255 942
46990 46989 1325
47497 47495 404
47497 47496 404
46993 47535 752
46994 47535 1120
46994 47539 1225
47000 47542 630
47004 47542 2216
47004 47556 337
47556 47004 337
47556 47544 517
47032 47558 1956
47032 47561 683
47557 47558 435
47306 47307 4064
47306 47308 684
47306 47564 1483
47034 47564 849
47297 47310 709
47307 47306 4064
47307 47310 1742
47307 47312 849
47269 47270 1614
47246 47247 215
47359 47154 1184
47359 47360 579
47275 47272 1009
47154 47206 4293
47154 47359 1184
47204 47206 841
128067 129982 337
129983 129982 807
128064 128065 421
128057 128060 2809
129940 128060 2542
126990 129948 828
129945 129958 630
129955 129958 688
129953 129961 1078
132339 129961 2473
130655 130657 436
130663 130659 1824
130663 130664 562
130664 130659 1857
130664 130663 562
130664 130666 1055
47189 47191 738
47193 47191 837
47209 47211 445
47210 47212 1352
128110 130099 3903
130098 130099 751
130122 130124 879
130123 130124 1121
130126 130124 3018
130133 130134 879
130133 130135 940
130134 130133 879
130134 130675 2985
130676 130675 475
130941 130943 276
130974 130975 950
130938 130933 739
130938 130945 808
130979 130945 650
130930 130929 829
130930 130931 928
130929 130930 829
130929 130933 1304
130935 130933 751
130216 130215 1323
130216 130217 751
130216 130218 1142
130215 130216 1323
130215 130219 2543
130215 130220 1065
130217 130216 751
130217 130927 537
130219 130215 2543
130219 130221 1010
130222 130221 1673
130222 130224 1458
130261 130224 759
130261 130266 452
130260 130266 1118
131091 131081 678
131091 131082 139
131091 131092 1949
131087 131092 1169
131087 131104 1748
131106 131104 890
131991 131992 418
131991 131993 1759
132000 131993 1227
132000 132001 1897
132001 132000 1897
132001 132009 747
132001 132012 2431
132006 132012 697
132042 132012 1210
132042 132024 697
132042 132046 1087
132046 132042 1087
132046 132047 789
130240 130242 934
130243 130242 1467
130243 130263 829
130269 130263 1467
130269 130275 710
130258 130254 3848
130287 130254 2149
131045 131041 1344
131042 131046 1010
131050 131046 1485
131050 131049 808
131081 131049 1578
131081 131091 678
131040 131039 1557
131984 131990 276
131984 132084 3145
121576 121647 1918
121648 121647 949
121649 121647 5021
131969 131990 8950
132048 131990 4241
132048 132090 675
132090 132048 675
132090 132100 1838
132130 132126 739
215724 215725 2490
215724 219013 1120
215724 222610 4553
222610 215724 4553
222610 215725 3824
219013 215724 1120
219013 219016 1905
219013 221938 2382
221938 219013 2382
221938 219016 1465
222613 219016 1467
222613 222612 1522
222613 222614 3090
222612 222613 1522
222612 222615 3117
215730 215731 1242
216380 215731 830
216380 221783 2679
218007 218008 2250
218007 218287 936
218310 218008 2943
221783 216380 2679
221783 218008 3665
218288 218275 4164
218288 218293 635
218289 218275 3759
218293 218288 635
218293 224295 3876
218285 218279 1564
218285 218284 1526
218314 218279 1818
218317 218286 7208
224479 222626 1148
222637 222638 808
222658 222638 3406
222664 222665 714
222664 222721 1209
222665 222664 714
222665 222721 1029
53617 53619 169
53651 53644 2069
150567 150564 837
150567 150568 2327
150569 146979 2506
150569 150568 746
146979 146977 822
146979 146980 279
146979 150569 2506
148987 146980 774
151051 146980 193
151051 150776 853
151055 150776 1854
151055 150777 823
151211 150777 2407
151211 151212 791
151211 151217 2421
148341 148326 2707
148341 148336 845
148341 148342 780
148348 148342 2125
148348 148349 808
148352 148349 870
148377 148349 1012
148368 148367 249
148368 148369 719
148370 148369 851
148370 148374 826
148381 148374 2070
148381 148410 866
148410 148381 866
148410 148388 2244
148410 148393 792
144156 143936 2716
144156 144155 691
144156 144157 846
148541 144155 2620
148541 148544 694
148546 148544 2668
148546 148545 744
148555 148545 2741
148555 148554 830
148538 148537 1370
148538 148554 2234
148613 148539 632
148613 148540 866
148585 148540 2575
148585 148584 784
148585 148616 203
148590 148584 2386
148590 148588 789
148616 148584 729
148616 148585 203
148588 148586 1045
148588 148587 2094
148588 148590 789
148466 148413 463
148466 148414 345
148468 148414 2835
148468 148569 792
148573 148569 1164
148573 148578 777
148579 148578 1468
148579 148586 855
148589 148586 2770
148413 148393 3012
148413 148466 463
144042 144039 2579
144042 144041 858
144042 146149 695
144105 144041 2698
144105 144102 711
144104 144102 2549
144104 144103 789
144109 144103 1120
144119 144116 857
144119 144117 2508
144120 144117 786
144124 144116 2660
144124 144123 772
148548 144157 2684
148548 148549 843
148550 144159 2622
148550 148549 827
148550 148659 767
148553 148549 2572
144078 144077 2729
144078 144081 769
144078 144161 920
148666 144081 2603
148666 148667 861
144165 144092 438
144165 144125 439
144125 144123 1930
144125 144165 439
144166 144164 933
144166 144167 278
144167 144163 716
144167 144166 278
148667 144163 2645
148667 148666 861
148659 144160 2677
148659 148550 767
148659 148660 831
148660 144161 2718
148660 148659 831
146236 146149 2710
146236 146237 1044
146237 146150 2537
146237 146236 1044
146237 146239 785
146241 146239 725
146241 146251 955
146252 146251 64
146216 146164 330
146216 146215 313
146216 146291 1625
146291 146216 1625
146291 146255 866
146219 146217 151
146230 146229 729
146230 146377 1809
146377 146228 612
146377 146230 1809
151218 151217 808
151218 151222 2400
151243 142926 2362
151243 151222 728
142924 142925 2260
142924 142926 808
142929 142925 871
142929 142937 2363
142936 142937 791
142936 142941 1859
142942 142940 789
142942 142941 751
142942 143048 790
143048 142942 790
143048 143015 635
143048 143047 788
143048 143049 509
142940 142942 789
142940 143047 867
142953 143047 794
142953 143051 1571
142956 143051 935
142956 143056 340
142956 143059 621
143059 142956 621
143059 143056 478
143059 143058 479
143058 143059 479
143058 143065 2136
143062 143065 717
143062 143066 2276
143086 143066 846
143086 143096 2407
143095 143096 817
143095 143102 2261
143103 143102 767
143103 143130 2675
143131 143130 771
143168 143130 1161
143165 143170 578
147618 143170 2435
147618 143171 648
150759 143170 1423
148136 143171 2356
148136 148137 775
148173 148143 809
148173 148174 28
148139 148141 2436
148149 148141 746
148174 148141 2491
148174 148173 28
148159 148170 771
148184 148177 1499
148193 148195 719
148193 151603 2588
148195 148193 719
148195 148334 1235
148335 148334 2661
148335 148336 1178
148339 148336 2721
212642 212637 510
212642 212641 659
212654 212641 1026
212654 212653 347
212657 212653 583
212657 212655 440
212620 212619 2380
212625 212619 785
212638 212637 696
146379 146381 1023
146379 146383 646
146380 146381 600
146380 146395 1124
146386 146383 1114
146388 146383 574
146388 146412 599
146411 146413 873
146411 146417 2267
146538 146474 2318
146538 146539 827
146538 146540 794
146417 146411 2267
146417 146418 848
146528 146418 2249
146528 146529 892
146539 146529 2429
146539 146538 827
146716 146540 800
146726 146727 1218
146726 146732 865
143430 143427 336
143430 143429 363
143430 146737 600
143429 143430 363
143429 146738 142
146723 146738 775
146723 146748 2501
146737 143430 600
146737 146727 388
146747 146748 920
146747 146759 2326
146758 146759 730
146758 146766 2575
146769 146766 465
947
36691
36701
36715
36815
36817
36822
36738
36742
36743
36780
36775
36859
36818
36788
36799
36796
36800
36620
36590
36582
36589
36592
37541
37548
36555
36598
36576
36603
36553
36593
36599
36550
36556
36916
37570
37583
37585
37589
37556
37582
36919
36924
36925
37658
37663
37668
37669
38229
38239
38244
38269
38274
38261
38604
38609
38610
38646
38647
38654
38668
38813
38814
38670
38655
38659
38756
38700
38704
38708
38716
38101
38109
38682
38683
38691
38697
38694
38695
41506
41511
47499
47501
37255
46989
47495
47535
47539
47542
47544
47558
47561
47308
47564
47310
47312
47270
47247
47360
47272
47206
129982
128065
128060
129948
129958
129961
130657
130659
47191
47211
47212
130666
130099
130124
130135
130675
130943
130975
130945
130931
130933
130218
130220
130927
130221
130224
130266
131082
131092
131104
131992
131993
132009
132012
132024
132047
130242
130263
130275
130254
131041
131046
131049
131039
132084
121647
131990
132100
132126
215725
219016
222614
222615
215731
218008
218275
218287
224295
218279
218284
218286
222626
222638
222721
53619
53644
150564
150568
146977
146980
150776
150777
151212
148326
148342
148349
148367
148369
148374
148388
143936
144155
148544
148545
148554
148537
148539
148540
148584
148587
148414
148569
148578
148586
148393
144041
144102
144103
144039
144117
144116
144157
144159
148549
144077
144081
144092
144123
144164
144163
144160
144161
146149
146150
146239
146251
146164
146255
146217
146215
146229
146228
151217
151222
142926
142925
142937
142941
143015
143049
143047
143051
143056
143065
143066
143096
143102
143130
143170
143171
148137
148143
148141
148170
148177
151603
148334
148336
212641
212653
212619
212637
212655
146381
146395
146383
146412
146413
146474
146418
146529
146540
146732
143427
146738
146727
146748
146759
146766
149955
149959
149961
149944
149949
149964
150391
150383
153684
153690
153693
152102
153687
162485
168270
167781
168559
168585
168563
168591
168560
168561
179638
177785
179802
179783
185293
177832
177861
177863
153753
153776
153777
153782
153797
153803
153837
153166
154722
157364
157332
157049
157357
157243
157142
157236
157173
157174
154701
154879
154726
154776
154755
154783
154771
154781
154693
154889
154882
154900
154820
154821
154910
154925
154919
154931
154933
154935
155228
155239
157176
157251
157281
157222
157215
157605
157609
155360
157624
157660
157146
157172
157177
157246
157331
157339
157343
157344
178037
178045
177881
177909
178110
177907
178290
178295
178341
178354
178372
178583
178396
178356
178366
178346
173380
173400
173398
177806
177815
177816
174765
177787
177979
178038
173490
173390
173410
160309
160612
160659
157381
157371
157386
157391
157422
157402
158117
158113
158143
158160
158151
158276
158387
158564
158518
158443
158517
158557
158561
158567
160764
158524
158590
160769
158936
158938
158890
160976
160989
161010
161012
161013
161023
161026
160929
161178
161180
160959
161186
160975
161177
160801
160803
160821
160845
160849
160747
160901
160900
160883
160891
160903
160889
166018
166037
166042
166028
166122
166075
168223
172517
167965
167990
167897
167913
167922
167927
167968
167973
168008
168108
168296
168179
168171
168240
168246
168242
168199
168229
168245
167894
167899
166017
166045
166050
166049
166132
161590
161821
161890
161916
162037
162032
162047
161914
162045
161770
161771
161782
161786
161787
161735
161781
161791
161742
161789
155249
161597
161647
161650
161677
169039
165815
166077
160121
160124
165841
166116
166139
166147
166163
166170
166175
166165
166160
166166
166168
166106
166105
166108
166159
169795
169799
169800
169738
169567
169740
169792
169791
169807
169566
169756
169762
169444
169082
169104
169390
169415
169416
118489
118595
118969
118787
94852
94609
94779
94790
95007
102080
94683
103154
103170
93905
93923
108059
108103
111908
108261
111907
113916
108317
108672
108347
108674
113652
108346
108355
108361
108687
108689
108706
108708
108719
108702
102812
93273
100735
93600
93270
93896
101861
93982
93985
94014
93998
93997
94001
93942
93964
93979
94040
94002
94041
93776
93778
93779
93889
97537
97540
98450
102661
93277
93302
93304
93287
102694
102695
93210
93218
93224
93228
98517
98521
191298
191300
191248
191128
194187
194190
190856
190931
191160
191166
191164
191143
190949
191347
192604
118757
118769
118761
118773
194271
194272
108570
108832
108872
108370
108824
108836
108561
109716
108855
108789
108884
110357
110339
110474
110468
110637
110652
110648
110511
110514
110650
110684
103814
103797
103816
36683
35501
36662
36120
103782
110586
109368
110667
110674
110721
110880
110725
110728
103394
36700
36710
36698
36814
36733
36735
36737
36741
36772
36785
36774
36777
36786
36790
36861
36865
36587
36586
36580
36588
36584
36493
37538
37540
37543
36524
36594
36597
36575
36579
36527
36568
36543
36548
36549
36544
36918
37564
37575
37577
37579
37546
37566
36923
37651
37655
37667
37670
38237
38253
38254
38240
38243
38263
38266
38276
37702
38255
38277
38599
38603
38644
38645
38625
38653
38132
38688
38701
38091
38102
38107
38110
38108
38689
38693
41504
41508
46858
46862
47496
47498
37256
46990
46993
46994
47000
47004
47032
47557
47306
47034
47297
47307
47269
47246
47154
47204
128067
129983
128064
128057
129940
126990
129945
129955
129953
132339
130655
130663
47189
47209
47210
128110
130098
130122
130123
130133
130134
130676
130941
130974
130938
130930
130929
130935
130216
130215
130217
130219
130222
130261
130260
131087
131106
131991
132000
132001
132006
132042
132046
130240
130243
130269
130258
130287
131042
131050
131081
131984
121576
121648
121649
131969
132090
222610
221938
222612
218007
221783
218288
218289
218293
218285
218314
218317
222637
222658
222664
222665
53617
53651
150567
150569
146979
148987
151051
151055
151211
148341
148348
148352
148377
148368
148370
148381
148410
144156
148541
148546
148555
148538
148613
148585
148590
148616
148588
148468
148573
148579
148589
148413
144042
144105
144104
144119
144120
144124
148548
148550
148553
144078
148666
144165
144125
144166
144167
148667
148659
148660
146236
146237
146241
146252
146291
146230
146377
151218
151243
142924
142929
142936
142942
142940
142953
142956
143059
143058
143062
143086
143095
143103
143131
143165
147618
148136
148173
148139
148149
148159
148184
148193
148195
148335
148339
212642
212654
212625
212638
146379
146380
146386
146388
146411
146538
146417
146528
146539
146716
146726
143429
146723
146737
146747
146758
146769
