1256
47150 47143 558
47150 47149 1258
47150 47153 1055
47151 47149 828
47151 47261 3125
47153 47148 626
47153 47150 1055
47198 47196 677
47198 47199 924
47201 47177 1940
47201 47200 778
47207 47197 436
47207 47199 789
47213 47148 928
47213 47200 1988
128062 127943 202
128066 127945 1560
128066 127953 650
128066 128069 1228
129984 128069 848
129984 129985 673
129990 129993 1485
129990 129994 940
129990 129997 1118
127944 127942 850
127927 127917 1884
127927 127931 2532
126974 126967 2457
126974 126980 782
126988 126980 984
126988 126989 1865
129957 129950 1124
46551 46549 590
46551 46549 590
46551 46550 605
46565 46564 673
46568 46566 276
129966 46569 940
129966 47194 474
130064 130065 2876
130064 130563 475
130064 130653 805
47167 47164 1074
47167 47165 848
47186 47185 1275
47186 47187 751
47190 47183 674
47190 47197 556
128104 128103 697
128104 128106 1747
128106 128104 1747
128106 128105 650
128189 128174 2050
128189 128181 1534
130094 128111 1116
130094 130095 810
130094 130097 2687
130097 130094 2687
130097 130096 837
130104 130089 807
130104 130096 1865
130107 130089 2834
130107 130103 337
130114 130115 1105
130114 130116 885
130120 130119 871
130120 130121 905
130129 130132 2151
130129 130146 3900
130131 130132 2231
130198 130193 953
130198 130922 436
130914 130915 496
130914 130917 818
130212 130200 2379
130190 130188 436
130190 130197 1085
130202 130200 610
130202 130201 872
130202 130206 1674
130207 130206 1105
130208 130205 2153
130208 130232 759
130232 130165 985
130232 130167 445
130232 130208 759
130233 128335 2071
130233 130165 1357
131089 131058 837
131089 131105 751
131089 131924 2015
131090 131058 1881
131090 131085 811
131105 131089 751
131105 131929 2084
131105 131953 789
131953 131105 789
131953 131930 1884
131953 131958 476
131958 131953 476
131958 131955 1309
131961 131952 9656
131961 131960 1587
131961 131964 3915
132003 132002 789
132028 132026 953
132028 132031 837
132028 132035 1285
132033 132035 751
128345 128333 850
128345 128349 1467
130230 128334 650
130235 128349 829
130238 128347 1102
130238 130239 610
130271 130239 1602
130271 130272 710
130271 130285 667
130252 130249 976
130252 130250 759
130252 130273 600
130273 130252 600
130273 130285 893
130273 130288 954
130256 128364 850
130256 130248 1467
130256 130257 2216
131053 131055 606
131053 131084 276
131084 131053 276
131084 131085 940
131979 131975 837
131979 131981 1341
132034 132031 1211
132034 132032 789
132034 132035 751
132040 132032 1010
132040 132039 872
132044 132035 1211
121612 121607 7273
121612 121618 1399
121642 121638 791
121642 121641 1742
121656 121657 2772
121656 121659 1803
121485 121486 8662
121660 70241 442
131986 131985 789
129045 129046 1798
218009 224610 2145
218295 218403 1301
218296 219032 1018
218015 218021 5491
218318 218322 850
218318 218333 3374
218334 218342 399
218335 218320 351
218335 219367 1395
218335 219395 111
222640 219432 439
222640 222642 333
224892 224893 170
224892 224894 156
222646 222643 3900
222646 222675 1500
222653 222651 715
222653 222654 1132
222661 222656 807
222660 222655 146
222660 222662 2416
222139 222086 590
222840 222839 1311
222840 222841 3113
222840 222882 140
150557 150556 1256
150557 150558 808
150560 144194 2480
150560 150558 2403
150560 151034 802
144194 144196 805
144194 150560 2480
144197 144196 194
144197 144199 840
144197 151047 200
151049 151047 812
151049 151050 1896
151054 151050 746
151054 151208 2479
151209 151208 767
148351 148347 789
148351 148429 2831
148379 148382 751
148379 148458 2837
148457 148429 773
148457 148458 941
148457 148461 2326
148382 148379 751
148382 148459 2793
148465 148459 826
148465 148464 755
148465 148469 2399
148464 148465 755
148464 148472 2078
148551 148561 2765
148556 148561 740
148556 148564 2920
148560 148564 752
148560 148628 410
148620 148621 1944
148620 148628 881
148606 148607 902
148606 148638 699
148606 148641 2624
148625 148626 804
148625 148638 2617
148619 148622 884
148619 148626 2796
148617 148621 900
148617 148622 2398
148607 148606 902
148607 148610 2617
148575 148576 2805
148581 148576 862
148581 148596 995
148597 148603 741
148597 148608 2645
148609 148608 813
148609 148610 1049
148609 148611 2541
148474 148472 858
148474 148476 3352
144108 146242 337
144128 144139 830
144128 144140 1871
144134 144136 805
144134 144139 2698
144129 144140 740
144135 144112 1269
144135 144136 2452
144135 144137 822
144169 144171 885
144169 144172 2129
148562 148561 833
148562 148566 1866
148674 148677 515
148674 148681 650
148515 148516 168
148515 148566 1124
148515 148679 1383
148664 146983 389
148664 148689 696
146984 146983 369
146984 148672 805
146984 148689 1088
146984 148691 2397
151842 146983 57
148706 144171 1761
148706 148709 866
148707 148709 938
148707 148710 1189
148671 148673 1198
148671 148710 857
148672 146984 805
148672 148673 762
148672 148696 1809
148675 148676 1044
148675 148677 543
148676 148675 1044
148676 148678 1089
148676 148689 1308
146254 146247 844
146254 146256 1263
146254 146258 1106
146293 146261 1521
146293 146294 157
146293 146301 1212
146233 146234 1072
146233 146235 876
146233 146295 3680
151221 151215 2348
151221 151220 796
151234 151220 2395
151234 151236 834
142932 142933 735
142932 151236 2250
142933 142932 735
142933 151235 2322
142933 151246 808
142939 142946 877
142939 151246 2293
142947 142945 790
142947 142946 1246
142952 142945 1333
142952 142951 725
142964 142951 2407
142964 142961 867
143060 142961 1183
143060 142965 840
143077 142965 737
143077 143078 778
143080 143078 2327
143080 143084 768
143093 143084 2362
143093 143092 802
143100 143092 2396
143100 143099 883
143164 139765 837
143164 143162 686
147613 139765 2323
147613 147615 829
147613 147620 1662
147623 147619 757
147623 147620 739
147622 147619 2327
147622 147639 863
148146 147639 2447
148146 148148 777
148156 148148 2381
148156 148157 848
148156 148165 2341
148168 148165 753
148168 148186 1183
148187 148188 342
148187 151741 1134
148191 148186 1271
148191 148188 160
148190 148186 1212
148190 148201 989
148190 148266 1170
148190 148268 1664
148200 148199 2356
148200 148201 2736
148200 148203 826
148203 148200 826
148203 148202 2427
148203 148204 2723
148205 148204 798
148205 148285 845
148205 148337 789
148337 148205 789
148337 148416 568
148340 148416 1217
148340 148420 2702
148347 148351 789
148347 148428 2883
148420 148340 2702
148420 148417 1163
148420 148421 2865
148427 148421 1202
148427 148428 864
148427 148431 2389
212645 212644 936
212645 212646 1528
212629 212630 2271
212629 212631 791
212629 212644 594
146389 146391 895
146389 146392 2640
146392 146389 2640
146392 146393 854
146392 146504 2377
146504 146392 2377
146504 146505 771
146504 146508 2214
146526 146508 870
146526 146530 2475
146532 146530 801
146532 146543 1012
146547 146548 711
146550 146548 2243
146550 146549 854
146745 146549 2484
146745 146564 699
146756 146754 820
146756 146757 1260
146756 146763 759
146763 146756 759
146763 146764 1254
146768 146764 849
149885 149884 1723
149905 149879 2370
149905 149884 512
149905 149906 788
149882 149881 654
149882 149883 586
149906 149900 2355
149906 149905 788
149906 149909 894
149909 149902 2380
149909 149906 894
149909 149910 804
149912 149910 1615
149912 149919 749
149919 149912 749
149919 149918 1631
149919 149972 662
149973 149972 2407
149973 149974 840
148763 148756 2414
148763 148762 764
148763 149873 1073
149870 148762 2318
149870 148764 844
149880 149875 472
149880 149881 443
149931 148764 2345
149931 149930 764
149933 149930 2363
149933 149937 508
149946 149937 2370
149946 149945 781
150376 150375 824
198839 198854 1117
198839 198855 1009
153704 153705 222
153707 153706 917
153707 153766 1413
153766 153707 1413
153766 172704 953
172710 172711 475
152098 162476 398
162475 153698 934
162475 162474 672
168258 168256 2958
168258 168291 1105
168264 168265 1145
168264 168294 782
168290 168291 3637
168290 168293 1229
168271 168267 487
168272 168274 1053
168282 168294 506
162479 162480 1300
162479 168580 474
168558 168551 1304
168558 172538 1357
168533 168554 848
168533 168555 600
168476 168475 928
168476 168477 790
168485 168477 610
168565 168554 656
179632 179630 931
179632 179633 681
179635 179636 1120
179635 179637 612
177776 177777 2312
177795 177778 2395
177795 179799 882
177778 177777 3167
177778 177795 2395
177828 177829 475
177828 177830 556
153768 153769 737
153771 153770 344
153771 153772 452
153785 153786 238
153785 153789 2885
153911 153909 1410
153911 153910 1283
153913 153786 1017
153913 153918 475
153798 153799 990
153909 153910 688
153909 153911 1410
153972 159692 782
153945 153946 217
153945 153971 452
157368 157380 518
157418 157405 683
157418 157417 1011
157418 157444 1364
157418 157445 1891
157415 157431 1116
157427 157425 818
157427 157428 1594
157417 157418 1011
157417 157432 2779
157426 157425 1011
157426 157432 843
157426 157538 2668
157161 157160 562
157161 157162 752
157252 157160 871
157252 157264 1004
157255 157256 713
157255 157260 518
157165 157166 1011
153971 153945 452
153971 153974 1014
153984 153974 1533
153984 153983 905
153984 153985 4145
153985 153984 4145
153985 153987 971
154795 153986 1145
154797 154799 2493
154797 154803 1222
154811 154803 953
154817 154806 1967
154817 154827 739
154805 154801 139
154805 154804 452
154805 154813 1269
154814 154813 222
154827 154817 739
154827 154826 169
155168 155167 710
155168 155184 976
155192 155184 1201
155192 155195 782
155197 155195 1605
155197 155196 688
155197 155234 1533
155232 155233 650
155232 172301 969
172720 172714 1138
157227 157228 581
157227 157229 600
157231 157232 688
157231 157235 927
157231 157290 1701
157288 157289 672
157288 157297 202
157291 157277 2020
157291 157290 344
157209 157210 452
155269 155266 2119
155269 155268 889
157300 155266 672
157300 157299 2026
157207 157206 2000
157207 157301 843
157616 155268 1951
157616 157617 885
155304 155295 1439
155304 155300 879
155317 155316 953
155317 155358 984
157638 157637 253
157638 157639 782
157674 157689 451
157257 157256 518
157257 157292 924
157289 157288 672
157289 157293 1726
177905 177904 2172
177905 177906 847
178298 178299 676
178298 178332 1730
178332 178298 1730
178332 178300 750
178332 185372 1457
178381 178380 672
178381 178382 737
178381 185360 1299
178383 178380 750
178399 178400 1761
178399 178407 893
178410 178411 704
177796 177797 3867
177796 185351 947
177841 177842 403
177841 185354 418
157405 157418 683
157444 157418 1364
157444 157445 1346
157444 157544 751
157544 157444 751
158156 158154 828
158120 158263 818
158154 158156 828
158263 158120 818
158527 158584 606
158584 158527 606
161058 161048 927
161039 161040 475
161048 161058 927
161040 161039 475
168106 168104 590
168104 168106 590
168237 168274 2959
168266 168267 1450
161828 161873 759
161873 161828 759
161906 161951 1434
162054 162053 1023
162053 162054 1023
161951 161906 1434
162046 162079 844
162079 162046 844
161801 161802 1305
162122 162121 713
162121 162122 713
161802 161801 1305
161763 161764 610
161764 161763 610
161614 161618 475
161618 161614 475
168062 168060 2752
168060 168062 2752
169947 169948 202
169948 169947 202
169996 169997 404
169997 169996 404
169387 169410 1356
169410 169387 1356
108726 108731 1097
108731 108726 1097
110640 110643 1576
110643 110640 1576
36660 36658 649
36658 36660 649
36479 36474 2510
36474 36479 2510
36563 36521 1932
36521 36563 1932
36907 36913 1140
36913 36907 1140
37694 37696 673
37694 37697 2623
37696 37694 673
37697 37694 2623
38000 38010 168
38010 38000 168
38616 38622 1115
38622 38616 1115
38113 38120 1904
38120 38113 1904
38135 38134 2418
38134 38135 2418
41495 41496 2068
41496 41495 2068
38040 38074 435
38074 38040 435
46999 46972 713
46972 46999 713
47299 47298 344
47298 47299 344
47143 47150 558
47149 47150 1258
47149 47151 828
47261 47151 3125
47148 47153 626
47148 47213 928
47196 47198 677
47196 47199 1268
47199 47196 1268
47199 47198 924
47199 47207 789
47177 47201 1940
47200 47201 778
47200 47213 1988
47197 47190 556
47197 47207 436
127943 127942 1282
127943 128062 202
127945 128066 1560
127953 128066 650
128069 128066 1228
128069 129984 848
129985 129984 673
129993 129990 1485
129994 129990 940
129997 129990 1118
127942 127943 1282
127942 127944 850
127917 127927 1884
127931 127927 2532
126967 126974 2457
126980 126974 782
126980 126988 984
126989 126988 1865
129950 129957 1124
46549 46550 1145
46549 46551 590
46549 46551 590
46550 46549 1145
46550 46551 605
46564 46565 673
46564 46566 873
46566 46564 873
46566 46568 276
46566 46569 810
46569 46566 810
46569 129966 940
47194 129966 474
130065 130064 2876
130563 130064 475
130653 130064 805
47164 47167 1074
47164 47185 697
47165 47167 848
47185 47164 697
47185 47186 1275
47187 47186 751
47183 47190 674
128103 128104 697
128103 128105 1683
128105 128103 1683
128105 128106 650
128174 128189 2050
128181 128189 1534
128111 130094 1116
130095 130094 810
130096 130097 837
130096 130104 1865
130089 130104 807
130089 130107 2834
130103 130107 337
130115 130114 1105
130116 130114 885
130116 130119 337
130119 130116 337
130119 130120 871
130121 130120 905
130132 130129 2151
130132 130131 2231
130146 130129 3900
130193 130198 953
130922 130198 436
130915 130914 496
130917 130914 818
130200 130202 610
130200 130212 2379
130188 130190 436
130197 130190 1085
130201 130202 872
130206 130202 1674
130206 130205 452
130206 130207 1105
130205 130206 452
130205 130208 2153
130165 130232 985
130165 130233 1357
130167 130232 445
128335 128334 337
128335 130233 2071
131058 131089 837
131058 131090 1881
131924 131089 2015
131924 131929 837
131085 131084 940
131085 131090 811
131929 131105 2084
131929 131924 837
131929 131930 811
131930 131929 811
131930 131953 1884
131955 131958 1309
131952 131961 9656
131960 131961 1587
131964 131961 3915
131964 132002 697
132002 131964 697
132002 132003 789
132002 132026 1225
132026 132002 1225
132026 132028 953
132031 132028 837
132031 132034 1211
132035 132028 1285
132035 132033 751
132035 132034 751
132035 132044 1211
128333 128345 850
128349 128345 1467
128349 128347 1248
128349 130235 829
128334 128335 337
128334 130230 650
128347 128349 1248
128347 130238 1102
130239 130238 610
130239 130249 1023
130239 130271 1602
130272 130271 710
130285 130249 1118
130285 130271 667
130285 130273 893
130249 130239 1023
130249 130252 976
130249 130285 1118
130250 130252 759
130288 130273 954
128364 130256 850
130248 130256 1467
130257 130256 2216
131055 131053 606
131975 131979 837
131981 131979 1341
132032 132034 789
132032 132040 1010
132039 132040 872
121607 121612 7273
121618 121612 1399
121638 121642 791
121641 121642 1742
121657 121656 2772
121659 121656 1803
121486 121485 8662
70241 121660 442
131985 131986 789
129046 129045 1798
224610 218009 2145
218403 218295 1301
219032 218296 1018
218021 218015 5491
218322 218318 850
218333 218318 3374
218342 218334 399
218320 218335 351
219367 218335 1395
219395 218335 111
219432 222640 439
222642 222640 333
222642 222643 659
224893 224892 170
224894 224892 156
222643 222642 659
222643 222646 3900
222675 222646 1500
222675 222656 676
222651 222653 715
222654 222653 1132
222656 222655 2261
222656 222655 2261
222656 222661 807
222656 222675 676
222655 222656 2261
222655 222656 2261
222655 222660 146
222662 222660 2416
222086 222139 590
222839 222840 1311
222841 222840 3113
222841 222882 3205
222882 222840 140
222882 222841 3205
150556 150557 1256
150558 150557 808
150558 150560 2403
151034 144196 2505
151034 150560 802
144196 144194 805
144196 144197 194
144196 151034 2505
144199 144197 840
151047 144197 200
151047 151049 812
151050 151049 1896
151050 151054 746
151208 151054 2479
151208 151209 767
148429 148351 2831
148429 148428 815
148429 148457 773
148458 148379 2837
148458 148457 941
148458 148459 702
148461 148457 2326
148459 148382 2793
148459 148458 702
148459 148465 826
148469 148465 2399
148469 148472 899
148472 148464 2078
148472 148469 899
148472 148474 858
148561 148551 2765
148561 148556 740
148561 148562 833
148564 148556 2920
148564 148560 752
148564 148628 880
148628 148560 410
148628 148564 880
148628 148620 881
148621 148617 900
148621 148620 1944
148638 148606 699
148638 148625 2617
148641 148606 2624
148641 148610 828
148626 148619 2796
148626 148625 804
148622 148617 2398
148622 148619 884
148610 148607 2617
148610 148609 1049
148610 148641 828
148576 148575 2805
148576 148581 862
148596 148581 995
148603 148597 741
148608 148597 2645
148608 148609 813
148611 148609 2541
148476 148474 3352
146242 144108 337
144139 144128 830
144139 144134 2698
144140 144128 1871
144140 144129 740
144136 144134 805
144136 144135 2452
144112 144135 1269
144137 144135 822
144171 144169 885
144171 148706 1761
144172 144169 2129
148566 148515 1124
148566 148562 1866
148677 148674 515
148677 148675 543
148677 148681 819
148681 148674 650
148681 148677 819
148516 148515 168
148679 148515 1383
146983 146984 369
146983 148664 389
146983 148689 843
146983 151842 57
148689 146983 843
148689 146984 1088
148689 148664 696
148689 148676 1308
148691 146984 2397
148709 148706 866
148709 148707 938
148710 148671 857
148710 148707 1189
148673 148671 1198
148673 148672 762
148696 148672 1809
148678 148676 1089
146247 146254 844
146256 146254 1263
146258 146254 1106
146258 146261 957
146261 146258 957
146261 146293 1521
146261 146301 630
146294 146293 157
146294 146295 2515
146301 146261 630
146301 146293 1212
146234 146233 1072
146234 146235 788
146235 146233 876
146235 146234 788
146235 146391 818
146295 146233 3680
146295 146294 2515
151215 151221 2348
151220 151221 796
151220 151234 2395
151236 142932 2250
151236 151234 834
151236 151235 791
151235 142933 2322
151235 151236 791
151246 142933 808
151246 142939 2293
142946 142939 877
142946 142947 1246
142945 142947 790
142945 142952 1333
142951 142952 725
142951 142964 2407
142961 142964 867
142961 143060 1183
142965 143060 840
142965 143077 737
143078 143077 778
143078 143080 2327
143084 143080 768
143084 143093 2362
143092 143093 802
143092 143100 2396
143099 143100 883
143099 143162 2017
139765 143164 837
139765 147613 2323
143162 143099 2017
143162 143164 686
147615 147613 829
147615 147619 2462
147620 147613 1662
147620 147623 739
147619 147615 2462
147619 147622 2327
147619 147623 757
147639 147622 863
147639 148146 2447
148148 148146 777
148148 148156 2381
148157 148156 848
148165 148156 2341
148165 148168 753
148186 148168 1183
148186 148190 1212
148186 148191 1271
148188 148187 342
148188 148191 160
151741 148187 1134
148201 148190 989
148201 148200 2736
148201 148204 864
148266 148190 1170
148268 148190 1664
148199 148200 2356
148202 148203 2427
148204 148201 864
148204 148203 2723
148204 148205 798
148285 148205 845
148285 148416 833
148416 148285 833
148416 148337 568
148416 148340 1217
148416 148417 2389
148428 148347 2883
148428 148427 864
148428 148429 815
148417 148416 2389
148417 148420 1163
148421 148420 2865
148421 148427 1202
148431 148427 2389
212644 212629 594
212644 212645 936
212646 212645 1528
212630 212629 2271
212631 212629 791
146391 146235 818
146391 146389 895
146391 146393 2700
146393 146391 2700
146393 146392 854
146393 146505 2279
146505 146393 2279
146505 146504 771
146508 146504 2214
146508 146526 870
146530 146526 2475
146530 146532 801
146543 146532 1012
146543 146548 1412
146548 146543 1412
146548 146547 711
146548 146550 2243
146549 146550 854
146549 146745 2484
146564 146745 699
146754 146756 820
146757 146756 1260
146757 146764 653
146764 146757 653
146764 146763 1254
146764 146768 849
149884 149883 898
149884 149885 1723
149884 149905 512
149879 149900 750
149879 149905 2370
149881 149880 443
149881 149882 654
149881 149883 404
149883 149881 404
149883 149882 586
149883 149884 898
149900 149879 750
149900 149902 1060
149900 149906 2355
149902 149900 1060
149902 149909 2380
149910 149909 804
149910 149912 1615
149910 149918 769
149918 149910 769
149918 149919 1631
149972 149919 662
149972 149973 2407
149974 149973 840
148756 148763 2414
148762 148763 764
148762 149870 2318
149873 148763 1073
148764 149870 844
148764 149931 2345
149875 149880 472
149930 149931 764
149930 149933 2363
149937 149933 508
149937 149946 2370
149945 149946 781
150375 150376 824
198854 198839 1117
198854 198855 960
198855 198839 1009
198855 198854 960
153705 153704 222
153705 153706 436
153706 153705 436
153706 153707 917
172704 153766 953
172711 172710 475
162476 152098 398
153698 162475 934
162474 162475 672
168256 168258 2958
168256 168291 2654
168291 168256 2654
168291 168258 1105
168291 168290 3637
168265 168264 1145
168294 168264 782
168294 168282 506
168293 168290 1229
168267 168266 1450
168267 168271 487
168274 168237 2959
168274 168272 1053
162480 162479 1300
162480 168551 344
168580 162479 474
168551 162480 344
168551 168558 1304
172538 168558 1357
168554 168533 848
168554 168565 656
168555 168533 600
168475 168476 928
168477 168476 790
168477 168485 610
179630 179632 931
179633 179632 681
179636 179635 1120
179637 179635 612
177777 177776 2312
177777 177778 3167
179799 177795 882
177829 177828 475
177830 177828 556
153769 153768 737
153770 153771 344
153772 153771 452
153786 153785 238
153786 153913 1017
153789 153785 2885
153910 153909 688
153910 153911 1283
153918 153913 475
153799 153798 990
159692 153946 1566
159692 153972 782
153946 153945 217
153946 159692 1566
157380 157368 518
157445 157418 1891
157445 157444 1346
157431 157415 1116
157425 157426 1011
157425 157427 818
157428 157427 1594
157432 157417 2779
157432 157426 843
157538 157426 2668
157160 157161 562
157160 157252 871
157162 157161 752
157264 157252 1004
157256 157255 713
157256 157257 518
157260 157255 518
157166 157165 1011
153974 153971 1014
153974 153984 1533
153983 153984 905
153987 153985 971
153987 153986 760
153986 153987 760
153986 154795 1145
154799 154797 2493
154799 154801 789
154803 154797 1222
154803 154811 953
154806 154804 1636
154806 154817 1967
154801 154799 789
154801 154805 139
154804 154805 452
154804 154806 1636
154813 154805 1269
154813 154814 222
154826 154827 169
155167 155168 710
155184 155168 976
155184 155192 1201
155195 155192 782
155195 155197 1605
155196 155197 688
155196 155233 1353
155234 155197 1533
155233 155196 1353
155233 155232 650
172301 155232 969
172714 172720 1138
157228 157227 581
157229 157227 600
157232 157231 688
157235 157231 927
157290 157231 1701
157290 157291 344
157297 157288 202
157277 157291 2020
157210 157209 452
155266 155269 2119
155266 157300 672
155268 155269 889
155268 157616 1951
157299 157300 2026
157206 157207 2000
157301 157207 843
157617 157616 885
155295 155304 1439
155300 155304 879
155316 155317 953
155358 155317 984
157637 157638 253
157639 157638 782
157689 157674 451
157292 157257 924
157292 157293 924
157293 157289 1726
157293 157292 924
177904 177905 2172
177906 177905 847
178299 178298 676
178299 178300 1768
178300 178299 1768
178300 178332 750
185372 178332 1457
178380 178381 672
178380 178383 750
178382 178381 737
185360 178381 1299
178400 178399 1761
178407 178399 893
178411 178410 704
177797 177796 3867
185351 177796 947
177842 177841 403
185354 177841 418
931
47150
47151
47153
47198
47201
47207
47213
128062
128066
129984
129990
127944
127927
126974
126988
129957
46551
46565
46568
129966
130064
47167
47186
47190
128104
128106
128189
130094
130097
130104
130107
130114
130120
130129
130131
130198
130914
130212
130190
130202
130207
130208
130232
130233
131089
131090
131105
131953
131958
131961
132003
132028
132033
128345
130230
130235
130238
130271
130252
130273
130256
131053
131084
131979
132034
132040
132044
121612
121642
121656
121485
121660
131986
129045
218009
218295
218296
218015
218318
218334
218335
222640
224892
222646
222653
222661
222660
222139
222840
150557
150560
144194
144197
151049
151054
151209
148351
148379
148457
148382
148465
148464
148551
148556
148560
148620
148606
148625
148619
148617
148607
148575
148581
148597
148609
148474
144108
144128
144134
144129
144135
144169
148562
148674
148515
148664
146984
151842
148706
148707
148671
148672
148675
148676
146254
146293
146233
151221
151234
142932
142933
142939
142947
142952
142964
143060
143077
143080
143093
143100
143164
147613
147623
147622
148146
148156
148168
148187
148191
148190
148200
148203
148205
148337
148340
148347
148420
148427
212645
212629
146389
146392
146504
146526
146532
146547
146550
146745
146756
146763
146768
149885
149905
149882
149906
149909
149912
149919
149973
148763
149870
149880
149931
149933
149946
150376
198839
153704
153707
153766
172710
152098
162475
168258
168264
168290
168271
168272
168282
162479
168558
168533
168476
168485
168565
179632
179635
177776
177795
177778
177828
153768
153771
153785
153911
153913
153798
153909
153972
153945
157368
157418
157415
157427
157417
157426
157161
157252
157255
157165
153971
153984
153985
154795
154797
154811
154817
154805
154814
154827
155168
155192
155197
155232
172720
157227
157231
157288
157291
157209
155269
157300
157207
157616
155304
155317
157638
157674
157257
157289
177905
178298
178332
178381
178383
178399
178410
177796
177841
185298
173413
160300
157405
157444
157544
158094
158102
158156
158120
158154
158265
158263
158271
158514
158534
158446
158475
158565
158537
158527
158584
158596
158865
158900
158904
158917
158942
158545
158598
158599
158827
158830
158856
158901
160982
161029
161033
161058
161065
161039
161048
161040
160815
160941
160952
161060
161185
160669
161188
161189
160808
160750
160794
160795
160790
160919
160913
166061
166131
167975
167983
168099
168106
166079
168009
168014
168017
168104
168119
168237
168300
168266
166080
161550
161551
161566
161569
161828
161873
161878
161906
161908
162054
162053
162073
161951
161957
162046
162079
161801
162122
162121
162127
162056
162124
161802
161810
161813
169153
161739
161763
161764
161794
161601
161614
161618
161652
161681
161683
161685
168044
168040
166135
165522
166137
172627
168037
168070
168068
168053
168062
170021
168060
169919
169931
169942
169947
169948
169996
169993
169997
169990
169915
169744
169749
169818
169819
169914
169769
169766
169774
169439
169085
169088
169093
169099
169339
169345
169356
169413
169387
169410
118812
118920
118799
118806
94854
102757
94772
94799
94802
102254
102082
94768
97512
97517
93908
108065
108263
108268
108277
108282
108308
113767
108726
108700
108241
116291
108731
108329
108294
108753
108760
108740
94025
102459
102294
94020
93928
93938
103182
94052
94056
93761
97531
97534
97629
98461
93308
93317
102683
98457
93221
93227
102276
98481
98515
191297
191451
191136
191485
191263
191429
191170
191133
191243
191487
190854
191254
118749
118512
118765
118777
108819
108821
109062
110298
108794
109054
109049
110307
107038
109168
110337
110348
110343
110640
110643
110523
113659
110528
110680
110709
36116
103792
36669
36642
36317
103781
105777
110266
110585
110270
103634
103636
110707
110699
36651
36707
36729
36726
36660
36658
36765
36893
36479
36474
36482
36564
36489
37355
37509
37510
37525
36563
36468
36507
36512
36517
36521
36532
36541
36907
36529
36913
37560
37573
36379
36755
36911
37638
37653
37694
37696
37690
37697
37992
37991
37993
37995
38000
38010
38016
38614
38616
38622
38113
38117
38120
38135
38093
38134
41495
41496
38040
38073
38074
38083
38085
38096
38099
41501
46842
46855
46863
46866
46987
46985
46974
46995
46999
46970
46972
47019
47021
47029
47299
47301
47027
47298
47292
47254
47289
47264
47143
47149
47261
47148
47196
47177
47200
47197
127945
127953
128069
129993
129994
129997
127942
127917
126967
126980
126989
129950
46549
46550
46564
46566
47194
130065
130653
47164
47165
47185
47187
47183
128103
128105
128174
128181
128111
130096
130089
130103
130116
130119
130146
130193
130915
130917
130200
130188
130197
130201
130205
130165
130167
128335
131058
131924
131085
131929
131930
131955
131952
131960
131964
132026
132031
128333
128349
128334
128347
130239
130285
130249
130250
128364
130248
130257
131055
131975
131981
132032
132039
121607
121618
121638
121641
121657
121486
70241
131985
129046
218403
219032
218021
218322
218333
218342
218320
219367
219432
222642
222643
222675
222651
222086
222839
222841
222882
150558
151034
144196
144199
151047
151050
151208
148429
148458
148461
148459
148469
148472
148561
148564
148628
148621
148638
148641
148626
148622
148610
148576
148596
148603
148608
148611
148476
146242
144139
144140
144136
144112
144137
144171
144172
148566
148677
148681
148516
148679
148689
148691
148709
148710
148673
148696
148678
146247
146256
146258
146261
146301
146234
146235
146295
151215
151220
151236
151235
151246
142946
142945
142951
142961
142965
143078
143084
143092
143099
139765
147615
147620
147619
147639
148148
148157
148165
148186
148201
148266
148268
148204
148285
148428
148417
148421
148431
212644
212646
212631
146393
146505
146508
146530
146543
146548
146549
146564
146754
146757
149884
149879
149883
149900
149902
149910
149918
149972
149974
148756
148762
149873
148764
149875
149930
149937
149945
150375
198854
198855
153705
153706
162476
153698
162474
168256
168291
168294
168293
168551
168554
168475
168477
179630
177777
153769
153770
153772
153786
153789
153910
153918
153799
159692
157445
157431
157425
157428
157432
157538
157160
157256
157166
153974
153983
153987
153986
154799
154803
154806
154801
154804
154813
154826
155167
155184
155195
155196
172301
172714
157232
157235
157290
157297
157277
155266
155268
157299
157206
157301
157617
155295
155300
155316
155358
157637
157639
157689
157292
157293
177904
178300
178380
178382
178400
178407
178411
185351
177842
