1236
209170 209167 2003
209170 209169 866
209170 209456 1857
209170 209785 957
209972 214359 3525
209973 209974 556
209973 209976 363
209925 209924 1953
209925 209928 1021
209942 209931 573
209942 209943 857
209954 209946 593
209954 209957 862
209954 209960 932
213941 213911 474
213941 213942 329
213918 213919 1632
213922 213923 804
213922 213924 1529
213942 213924 791
213942 213941 329
213907 213909 1522
213902 213901 594
213902 213904 773
213902 213912 2454
213901 213902 594
213901 213908 2439
213825 213827 1979
213825 213854 841
213903 213827 779
213903 213905 2079
213904 213902 773
213904 213905 785
213904 213913 2344
213823 213824 1406
213823 213847 802
213824 213823 1406
213824 213853 814
213824 213854 1644
201519 201518 640
201519 201660 845
201662 201660 723
201664 201660 1460
201664 201661 707
201672 201657 853
201672 201661 1915
201672 201724 2596
201729 201724 804
201737 201727 997
201737 201736 864
201737 201739 1311
201738 201736 1151
179610 179441 313
194518 179486 136
179483 179482 1177
179483 179484 3248
179487 179484 405
192301 192302 11566
192301 192311 3896
192317 192584 707
192317 192584 707
192325 192324 1973
192322 192324 1141
193377 193373 5926
193422 193476 734
193576 193580 2486
193576 193581 1341
193571 192602 407
193571 194073 1742
193323 193318 556
193323 193326 3565
193293 193292 13383
193293 193333 735
190921 190926 1193
190921 190930 1347
190926 190921 1193
190926 190927 77
105841 105842 1960
105841 105974 1447
105957 105956 6452
105957 105959 788
105895 105894 2022
105895 109697 4982
105938 105939 1031
105938 115962 1648
115936 115962 749
115937 115955 1271
115947 115946 2226
115947 115957 1829
115949 115950 1219
115949 115960 2262
103419 103418 1261
103419 114808 2016
114800 114801 2428
114800 114804 335
114801 114800 2428
114801 114803 1904
105614 105603 3904
105614 105604 3691
105613 105605 3418
105660 105659 1159
105660 105661 3468
105943 105944 1138
105943 106136 778
105942 115955 402
105630 105631 3952
105647 105648 1277
105647 105666 687
105652 105651 3122
105652 106145 6449
105652 113545 687
105643 105644 3566
105643 105645 603
105643 113543 1220
105653 105644 1178
105653 105657 1576
192313 192311 1235
192313 192318 647
192370 192285 5538
192370 192582 209
192446 192491 264
192375 192452 9425
192464 192493 255
192464 192494 213
193263 193262 7206
193863 193862 1120
193509 193510 3369
193491 193485 2345
192345 192343 6103
192345 192401 2817
192395 192396 8773
192395 192402 5493
193490 193485 783
193490 193488 7543
193599 193595 2821
193599 193596 441
193596 192589 6539
193596 193599 441
193932 193655 899
193681 193679 2944
193572 193570 3830
193572 193680 5480
193654 193655 1719
193654 193658 495
13322 13323 405
29647 29641 8170
35446 35447 1263
30645 30646 1752
30648 30647 2042
30607 30609 948
30652 30653 3292
30652 30678 1623
34765 34766 498
34925 30889 2830
30649 30610 3771
30649 30704 1661
30708 30720 1742
30939 27518 3047
30939 30938 670
11190 10845 3694
11190 11191 1700
11190 30948 1244
34022 30913 769
9868 9867 1047
9868 30940 1636
30943 30983 1246
30943 30985 1203
30087 30085 4509
30087 30088 842
30091 30092 3255
30091 31192 3206
30967 30972 1090
29780 29781 459
29780 34250 369
24700 24701 267
24700 25020 692
24434 24433 771
24434 35353 706
29728 29727 1013
30096 30082 2159
30096 30095 5457
31224 31221 1084
31224 31225 689
31341 31343 2172
31341 31344 1395
31393 31392 1533
31393 34027 1216
29822 29823 1353
29822 31236 251
31332 31331 547
31309 31310 2714
31309 31402 1527
31309 31407 3483
31467 31464 1774
31467 31466 1894
31463 31457 1721
31480 31477 1706
31480 31478 3778
31559 31527 1065
31559 31560 2320
31649 31611 1725
31649 31651 762
31653 31655 1524
31653 31656 1389
31656 31653 1389
31656 31658 754
31668 31690 808
31668 31691 4205
32245 32234 1253
32245 32244 1661
32247 32242 720
32247 32248 862
31694 31688 1863
31694 31696 1077
32277 31918 1600
32277 32278 2038
32295 32288 222
32297 32288 515
32302 32301 1004
32302 32304 680
32323 32322 284
34043 34575 728
7401 7399 1124
7401 7402 825
7401 7405 924
7399 7400 3152
7399 7401 1124
7418 7419 846
7418 7421 846
7404 7405 1221
14415 14391 410
14393 14391 1466
14393 14394 1031
14399 14398 2441
14399 33313 3037
14399 33323 1583
14398 14396 1292
14398 14399 2441
14434 14396 2635
14434 14437 1872
14400 14401 2603
14400 14402 924
14432 14403 1479
14432 14448 511
14437 14434 1872
14437 14440 434
14450 14449 1375
14450 14451 2281
14451 14450 2281
14451 14461 1445
14580 14579 275
14580 14581 1955
14584 14581 923
14584 14586 1096
14584 14587 1292
14586 14584 1096
14586 14588 1248
14586 14589 1221
14589 14586 1221
14589 14609 1248
14589 14627 1465
14632 14627 1592
14634 14635 1292
14991 14988 1248
14991 14992 475
15000 14998 2248
15028 15026 885
15028 34724 1536
15027 15003 903
15027 15026 1530
15030 15010 1494
15030 15051 2605
15073 15051 1278
15073 15074 1234
15083 15079 1248
15083 15088 1793
15084 15086 796
15084 15206 868
15220 15217 1688
15220 15224 580
15242 15226 1248
15242 15243 1466
15525 15521 434
15273 15272 1000
15548 15546 333
19049 19050 678
19049 19059 1160
19049 19061 2174
19071 19061 950
19071 19072 580
19077 19075 847
19077 19078 2486
19082 19078 923
19082 19088 562
17712 17693 1128
19396 19395 818
19399 19395 1335
19399 19401 452
19231 19230 1208
18063 18061 3634
18063 18062 3630
18063 19240 1755
19245 18119 1917
19245 19240 604
19265 18122 1500
19265 19264 344
19265 19266 475
19252 19253 1618
19252 19280 672
19252 19281 511
19328 19347 1621
19328 19457 750
19338 19337 2561
19338 19347 94
19307 19300 2642
19307 19306 696
19308 19304 889
19308 19305 1944
19308 19327 3637
19311 19309 2546
19311 20329 889
19311 20360 2280
20360 19311 2280
20360 20361 836
19327 19308 3637
19327 19326 3246
19342 19339 1809
19342 19457 950
20379 20378 787
20379 20380 805
20382 20380 696
20382 20384 418
19458 19457 872
20368 20366 809
20368 20381 1863
20368 20402 560
20385 20380 649
20385 20386 604
20400 20393 1695
20400 20401 782
20408 20401 2489
20408 20409 697
20408 20503 1675
20672 20670 2243
20672 20675 234
20672 20680 1504
20679 20678 3360
20679 20684 3223
20841 20835 1880
25726 25709 336
25711 25710 2011
25706 25690 1744
25706 25710 649
25706 25720 975
25776 25774 1167
25776 25775 809
25778 25774 872
25778 25794 672
25769 25766 1341
25769 25773 1115
25720 25706 975
25720 25713 373
25718 25702 1744
25718 25717 889
25722 25719 1205
25717 25716 1609
25717 25718 889
25717 25760 975
25765 25760 1475
25765 25766 889
25679 25674 1543
25679 25681 809
25679 25683 836
25790 25681 2481
25790 25788 418
25683 25673 1681
25683 25679 836
25683 25682 947
25684 25677 672
25684 27498 1901
27505 27504 1948
27505 27631 697
27504 27498 1140
27504 27499 1074
27504 27505 1948
27511 27508 737
27638 27639 1209
8674 27533 931
8775 8703 1737
8775 27533 1060
27490 27489 751
27490 27530 5581
27490 27555 1625
27557 27556 1577
27557 27558 2953
27587 7428 139
27589 27592 475
27589 27593 809
27593 27589 809
27593 27596 336
27593 27597 878
27601 27597 1484
27601 27603 878
27718 27690 459
27718 27710 591
27875 27873 983
27875 27886 2243
27890 27893 2111
20655 20654 947
20655 20656 2005
20656 20654 2888
20656 20655 2005
20656 20670 1031
20682 20673 1493
28057 28072 336
27748 27672 1438
27757 27683 3961
27757 27758 1640
27691 27676 1167
27720 27698 975
27892 27899 3849
27897 27886 1140
27897 27900 951
27906 28128 950
27906 28129 1577
27572 27570 1342
27572 27578 2838
27041 27040 537
27252 27251 3824
27252 27256 3067
27252 27257 2347
27275 27274 354
27430 27429 202
50706 50721 1168
50709 50723 2252
50709 50724 810
50710 50723 677
50710 50758 2814
50678 50679 1085
50678 50680 2605
50676 50674 385
50676 50675 366
51246 51245 238
50807 50808 4648
50807 50839 1310
50807 50842 2851
50846 50842 561
50863 50862 848
50863 50864 1611
50869 50864 751
50869 50874 612
50892 50891 1262
50892 50893 1889
51186 51194 5709
51186 55657 6868
50878 50877 6760
50878 55687 608
56594 51244 1193
50920 50909 166
50920 56661 177
50921 50924 276
50938 50926 884
50938 50956 677
50974 50951 1769
50974 50975 382
51004 50951 1008
51004 51006 280
51007 51008 612
51007 51010 673
51011 51010 610
51011 51014 435
50995 50996 788
50995 56671 1668
50994 50996 393
50724 50709 810
50724 50762 2057
50765 50766 605
50765 50769 1055
50774 50771 650
50774 54858 2927
50722 50721 738
51141 56714 344
51684 51682 1631
51684 51685 1008
51684 51688 2479
51710 51717 3187
51153 51154 918
51153 51157 1820
51159 51162 713
51159 51164 1737
51160 51157 554
51160 51164 779
51160 51747 487
51166 51161 1502
51166 51163 606
51166 51171 1153
51275 51276 878
51291 51276 1631
51291 51293 630
51291 51295 1307
51282 51281 974
51260 51277 1022
51260 51279 512
51260 51280 1153
51277 51260 1022
51277 51281 751
51530 51536 7972
51530 51687 1610
51697 51695 878
51697 51696 1022
51876 51872 751
51876 51897 511
51901 51816 252
51907 51906 286
51909 51795 2143
51909 51910 738
51912 51910 1299
51912 51914 677
51932 51935 836
51937 51935 1555
51937 51938 927
51937 51999 878
52000 52001 279
56121 56122 196
56121 56633 415
56618 56122 361
56618 56619 106
52684 52683 1168
186332 186319 532
186365 186378 1542
186376 186378 746
194673 194682 439
194682 194673 439
186378 186365 1542
186378 186376 746
186495 186483 899
186483 186495 899
52082 52094 279
52094 52082 279
52096 52118 418
52118 52096 418
52177 52179 751
52168 52173 807
52180 52179 747
52173 52168 807
52683 52684 1168
52179 52177 751
52179 52180 747
52222 52228 697
52228 52222 697
52243 52244 418
52244 52243 418
52253 52250 650
52250 52253 650
52250 52254 788
52254 52250 788
186211 186215 827
186319 186332 532
186215 186211 827
194808 194811 256
194811 194808 256
194811 194812 583
194814 194812 774
194812 194811 583
194812 194814 774
194940 194941 773
194941 194940 773
195004 195009 755
194960 194963 357
194963 194960 357
195010 195009 864
195009 195004 755
195009 195010 864
194966 194883 669
194883 194966 669
195125 195126 687
195126 195125 687
195183 195181 872
195181 195183 872
198254 198260 787
198275 198276 845
198260 198254 787
195638 195635 779
195635 195638 779
198278 198279 863
198276 198275 845
198279 198278 863
198999 198437 848
199002 199001 1019
198969 199001 330
199001 198969 330
199001 199002 1019
198437 198999 848
198585 196943 1688
196943 198585 1688
196972 196971 928
196971 196970 745
196971 196972 928
196970 196971 745
202145 202147 583
202147 202145 583
202295 202407 220
202407 202295 220
202410 202412 745
202412 202410 745
202355 202430 562
202430 202355 562
202886 202887 680
202489 202490 836
202490 202489 836
202420 202419 942
202419 202420 942
202887 202886 680
205359 205364 419
205364 205359 419
205483 205494 774
205494 205483 774
198441 198405 936
198966 198968 791
198968 198966 791
198399 198400 756
198400 198399 756
198400 198405 776
198405 198400 776
198405 198441 936
206151 206152 866
206152 206151 866
206448 206455 1038
206455 206448 1038
208938 208947 2374
208947 208938 2374
209113 209121 2034
209121 209113 2034
209160 209159 278
209777 209782 2562
209158 209167 2002
209159 209160 278
179554 179553 2964
179553 179554 2964
179489 179504 738
179504 179489 738
209782 209777 2562
209924 209925 1953
209167 209158 2002
209167 209170 2003
209169 209170 866
209456 209170 1857
209785 209170 957
214359 209972 3525
209974 209973 556
209976 209973 363
209928 209925 1021
209931 209942 573
209943 209942 857
209946 209954 593
209946 209957 420
209957 209946 420
209957 209954 862
209960 209954 932
213911 213941 474
213919 213918 1632
213923 213922 804
213924 213922 1529
213924 213942 791
213909 213907 1522
213912 213902 2454
213912 213908 705
213912 213913 779
213908 213901 2439
213908 213912 705
213827 213825 1979
213827 213903 779
213854 213824 1644
213854 213825 841
213905 213903 2079
213905 213904 785
213913 213904 2344
213913 213912 779
213847 213823 802
213847 213853 1038
213853 213824 814
213853 213847 1038
201518 201519 640
201660 201519 845
201660 201662 723
201660 201664 1460
201661 201664 707
201661 201672 1915
201657 201672 853
201724 201672 2596
201724 201729 804
201727 201737 997
201736 201737 864
201736 201738 1151
201739 201737 1311
179441 179610 313
179486 194518 136
179482 179483 1177
179484 179483 3248
179484 179487 405
192302 192301 11566
192311 192301 3896
192311 192313 1235
192584 192317 707
192584 192317 707
192324 192322 1141
192324 192325 1973
193373 193377 5926
193476 193422 734
193580 193576 2486
193581 193576 1341
192602 193571 407
194073 193571 1742
193318 193323 556
193326 193323 3565
193292 193293 13383
193333 193293 735
190930 190921 1347
190927 190926 77
105842 105841 1960
105974 105841 1447
105956 105957 6452
105959 105957 788
105894 105895 2022
109697 105895 4982
105939 105938 1031
115962 105938 1648
115962 115936 749
115955 105942 402
115955 115937 1271
115946 115947 2226
115946 115957 3494
115957 115946 3494
115957 115947 1829
115950 115949 1219
115950 115960 1443
115960 115949 2262
115960 115950 1443
103418 103419 1261
114808 103419 2016
114808 114804 3116
114804 114800 335
114804 114803 672
114804 114808 3116
114803 114801 1904
114803 114804 672
105603 105604 921
105603 105614 3904
105604 105603 921
105604 105605 2006
105604 105614 3691
105605 105604 2006
105605 105613 3418
105659 105660 1159
105659 106136 4608
105661 105660 3468
105944 105943 1138
106136 105659 4608
106136 105943 778
105631 105630 3952
105648 105647 1277
105648 105666 1177
105666 105647 687
105666 105648 1177
105651 105652 3122
106145 105652 6449
113545 105652 687
105644 105643 3566
105644 105645 3422
105644 105653 1178
105645 105643 603
105645 105644 3422
113543 105643 1220
105657 105653 1576
192318 192313 647
192285 192370 5538
192582 192370 209
192491 192446 264
192491 192493 229
192452 192375 9425
192493 192464 255
192493 192491 229
192493 192494 172
192494 192464 213
192494 192493 172
193262 193263 7206
193862 193863 1120
193510 193509 3369
193485 193490 783
193485 193491 2345
192343 192345 6103
192401 192345 2817
192396 192395 8773
192402 192395 5493
193488 193490 7543
193595 193599 2821
192589 193596 6539
193655 193654 1719
193655 193932 899
193679 193570 6224
193679 193680 2492
193679 193681 2944
193570 193572 3830
193570 193679 6224
193680 193572 5480
193680 193679 2492
193658 193654 495
13323 13322 405
29641 29647 8170
35447 35446 1263
30646 30645 1752
30647 30648 2042
30609 30607 948
30653 30652 3292
30678 30652 1623
34766 34765 498
30889 34925 2830
30610 30649 3771
30704 30649 1661
30720 30708 1742
27518 30939 3047
30938 30939 670
10845 11190 3694
11191 11190 1700
30948 11190 1244
30948 30985 2182
30913 34022 769
9867 9868 1047
30940 9868 1636
30983 30943 1246
30985 30943 1203
30985 30948 2182
30085 30087 4509
30088 30087 842
30092 30091 3255
31192 30091 3206
30972 30967 1090
29781 29780 459
34250 29780 369
24701 24700 267
25020 24700 692
24433 24434 771
35353 24434 706
29727 29728 1013
30082 30096 2159
30095 30096 5457
31221 31224 1084
31225 31224 689
31343 31341 2172
31344 31341 1395
31392 31393 1533
34027 31393 1216
29823 29822 1353
31236 29822 251
31331 31332 547
31310 31309 2714
31402 31309 1527
31407 31309 3483
31464 31466 1639
31464 31467 1774
31466 31464 1639
31466 31467 1894
31457 31463 1721
31477 31478 4118
31477 31480 1706
31478 31477 4118
31478 31480 3778
31478 31527 1242
31527 31478 1242
31527 31559 1065
31560 31559 2320
31611 31649 1725
31651 31649 762
31655 31653 1524
31658 31656 754
31690 31668 808
31690 31691 4290
31691 31668 4205
31691 31690 4290
32234 32242 844
32234 32244 1166
32234 32245 1253
32244 32234 1166
32244 32245 1661
32242 32234 844
32242 32247 720
32248 32247 862
31688 31694 1863
31696 31694 1077
31918 32277 1600
32278 32277 2038
32288 32295 222
32288 32297 515
32301 32302 1004
32304 32302 680
32322 32323 284
34575 34043 728
7402 7401 825
7405 7401 924
7405 7404 1221
7400 7399 3152
7419 7418 846
7421 7418 846
14391 14393 1466
14391 14415 410
14394 14393 1031
33313 14399 3037
33323 14399 1583
14396 14398 1292
14396 14434 2635
14401 14400 2603
14402 14400 924
14403 14432 1479
14448 14432 511
14440 14437 434
14449 14450 1375
14461 14451 1445
14579 14580 275
14581 14580 1955
14581 14584 923
14587 14584 1292
14587 14588 434
14588 14586 1248
14588 14587 434
14588 14609 1221
14609 14588 1221
14609 14589 1248
14627 14589 1465
14627 14632 1592
14627 14635 1574
14635 14627 1574
14635 14634 1292
14988 14991 1248
14992 14991 475
14998 15000 2248
15026 15003 1161
15026 15027 1530
15026 15028 885
34724 15028 1536
15003 15026 1161
15003 15027 903
15010 15030 1494
15051 15030 2605
15051 15073 1278
15074 15073 1234
15074 15079 1383
15079 15074 1383
15079 15083 1248
15088 15083 1793
15086 15084 796
15206 15084 868
15217 15220 1688
15224 15220 580
15226 15242 1248
15243 15242 1466
15521 15525 434
15272 15273 1000
15546 15548 333
19050 19049 678
19059 19049 1160
19061 19049 2174
19061 19071 950
19072 19071 580
19075 19077 847
19078 19077 2486
19078 19082 923
19088 19082 562
17693 17712 1128
19395 19396 818
19395 19399 1335
19401 19399 452
19230 19231 1208
18061 18062 87
18061 18063 3634
18062 18061 87
18062 18063 3630
19240 18063 1755
19240 19245 604
18119 19245 1917
18119 19264 344
18122 19265 1500
19264 18119 344
19264 19265 344
19266 19265 475
19253 19252 1618
19280 19252 672
19281 19252 511
19347 19328 1621
19347 19338 94
19457 19328 750
19457 19342 950
19457 19458 872
19337 19338 2561
19300 19305 536
19300 19307 2642
19306 19307 696
19306 19309 836
19304 19305 2172
19304 19308 889
19305 19300 536
19305 19304 2172
19305 19308 1944
19309 19306 836
19309 19311 2546
20329 19311 889
20329 20361 2345
20361 20329 2345
20361 20360 836
19326 19327 3246
19339 19342 1809
20378 20366 1778
20378 20379 787
20378 20381 737
20380 20379 805
20380 20381 836
20380 20382 696
20380 20385 649
20384 20382 418
20366 20368 809
20366 20378 1778
20381 20368 1863
20381 20378 737
20381 20380 836
20402 20368 560
20386 20385 604
20393 20400 1695
20401 20400 782
20401 20408 2489
20409 20408 697
20503 20408 1675
20670 20656 1031
20670 20672 2243
20670 20673 2182
20675 20672 234
20680 20672 1504
20680 20684 475
20678 20679 3360
20684 20679 3223
20684 20680 475
20835 20841 1880
25709 25710 475
25709 25726 336
25710 25706 649
25710 25709 475
25710 25711 2011
25690 25706 1744
25774 25776 1167
25774 25778 872
25775 25776 809
25794 25778 672
25766 25765 889
25766 25769 1341
25773 25769 1115
25713 25719 557
25713 25720 373
25702 25716 788
25702 25718 1744
25719 25713 557
25719 25722 1205
25716 25702 788
25716 25717 1609
25760 25717 975
25760 25765 1475
25674 25673 672
25674 25679 1543
25681 25679 809
25681 25790 2481
25788 25790 418
25673 25674 672
25673 25683 1681
25682 25683 947
25677 25684 672
27498 25684 1901
27498 27504 1140
27631 27505 697
27499 27504 1074
27499 27508 155
27508 27499 155
27508 27511 737
27639 27638 1209
27533 8674 931
27533 8775 1060
27533 27530 1017
8703 8775 1737
27489 27490 751
27530 27490 5581
27530 27533 1017
27555 7428 901
27555 27490 1625
27556 27557 1577
27558 27557 2953
7428 27555 901
7428 27587 139
27592 27589 475
27596 27593 336
27597 27593 878
27597 27601 1484
27603 27601 878
27690 27718 459
27710 27718 591
27873 27875 983
27886 27875 2243
27886 27897 1140
27893 27890 2111
20654 20655 947
20654 20656 2888
20673 20670 2182
20673 20682 1493
28072 28057 336
27672 27748 1438
27683 27757 3961
27758 27757 1640
27676 27691 1167
27698 27720 975
27899 27892 3849
27900 27897 951
28128 27906 950
28129 27906 1577
27570 27572 1342
27578 27572 2838
27040 27041 537
27251 27252 3824
27256 27252 3067
27257 27252 2347
27274 27275 354
27429 27430 202
50721 50706 1168
50721 50722 738
50723 50709 2252
50723 50710 677
50723 50762 878
50758 50710 2814
50679 50678 1085
50680 50678 2605
50674 50676 385
50675 50676 366
51245 51244 1483
51245 51246 238
50808 50807 4648
50839 50807 1310
50842 50807 2851
50842 50846 561
50862 50863 848
50864 50863 1611
50864 50869 751
50874 50869 612
50891 50892 1262
50893 50892 1889
51194 51186 5709
55657 51186 6868
50877 50878 6760
55687 50878 608
51244 51245 1483
51244 56594 1193
50909 50920 166
56661 50920 177
50924 50921 276
50924 50926 476
50926 50924 476
50926 50938 884
50956 50938 677
50951 50974 1769
50951 51004 1008
50975 50974 382
51006 51004 280
51008 51007 612
51010 51007 673
51010 51011 610
51014 51011 435
50996 50994 393
50996 50995 788
50996 56671 1935
56671 50995 1668
56671 50996 1935
50762 50723 878
50762 50724 2057
50766 50765 605
50769 50765 1055
50771 50774 650
54858 50774 2927
56714 51141 344
51682 51684 1631
51682 51687 403
51685 51684 1008
51688 51684 2479
51717 51710 3187
51154 51153 918
51157 51153 1820
51157 51160 554
51162 51159 713
51162 51161 747
51162 51163 1581
51164 51159 1737
51164 51160 779
51164 51163 803
51747 51160 487
51161 51162 747
51161 51166 1502
51163 51162 1581
51163 51164 803
51163 51166 606
51171 51166 1153
51276 51275 878
51276 51291 1631
51293 51291 630
51295 51291 1307
51281 51277 751
51281 51280 1124
51281 51282 974
51279 51260 512
51280 51260 1153
51280 51281 1124
51536 51530 7972
51687 51530 1610
51687 51682 403
51695 51697 878
51696 51697 1022
51872 51876 751
51897 51876 511
51816 51901 252
51906 51907 286
51795 51909 2143
51910 51909 738
51910 51912 1299
51914 51912 677
51935 51932 836
51935 51937 1555
51938 51937 927
51999 51937 878
51999 52001 697
52001 51999 697
52001 52000 279
56122 56121 196
56122 56618 361
56633 56121 415
56619 56618 106
891
209170
209972
209973
209925
209942
209954
213941
213918
213922
213942
213907
213902
213901
213825
213903
213904
213823
213824
201519
201662
201664
201672
201729
201737
201738
179610
194518
179483
179487
192301
192317
192325
192322
193377
193422
193576
193571
193323
193293
190921
190926
105841
105957
105895
105938
115936
115937
115947
115949
103419
114800
114801
105614
105613
105660
105943
105942
105630
105647
105652
105643
105653
192313
192370
192446
192375
192464
193263
193863
193509
193491
192345
192395
193490
193599
193596
193932
193681
193572
193654
13322
29647
35446
30645
30648
30607
30652
34765
34925
30649
30708
30939
11190
34022
9868
30943
30087
30091
30967
29780
24700
24434
29728
30096
31224
31341
31393
29822
31332
31309
31467
31463
31480
31559
31649
31653
31656
31668
32245
32247
31694
32277
32295
32297
32302
32323
34043
7401
7399
7418
7404
14415
14393
14399
14398
14434
14400
14432
14437
14450
14451
14580
14584
14586
14589
14632
14634
14991
15000
15028
15027
15030
15073
15083
15084
15220
15242
15525
15273
15548
19049
19071
19077
19082
17712
19396
19399
19231
18063
19245
19265
19252
19328
19338
19307
19308
19311
20360
19327
19342
20379
20382
19458
20368
20385
20400
20408
20672
20679
20841
25726
25711
25706
25776
25778
25769
25720
25718
25722
25717
25765
25679
25790
25683
25684
27505
27504
27511
27638
8674
8775
27490
27557
27587
27589
27593
27601
27718
27875
27890
20655
20656
20682
28057
27748
27757
27691
27720
27892
27897
27906
27572
27041
27252
27275
27430
50706
50709
50710
50678
50676
51246
50807
50846
50863
50869
50892
51186
50878
56594
50920
50921
50938
50974
51004
51007
51011
50995
50994
50724
50765
50774
50722
51141
51684
51710
51153
51159
51160
51166
51275
51291
51282
51260
51277
51530
51697
51876
51901
51907
51909
51912
51932
51937
52000
56121
56618
56824
52010
52140
52152
52157
52166
52684
186355
186332
186365
186376
186381
194673
194682
194683
194657
194689
194697
140786
186494
190702
186378
186495
186483
186498
186484
186500
186504
187052
187066
187067
187070
187082
194769
51847
52283
52288
52287
52301
51826
51835
51846
51842
52082
52094
52096
52118
52120
52177
52168
52169
52180
52173
52683
52179
52259
52222
52227
52228
52297
52224
52226
52243
52244
52237
52240
52253
52250
51364
52251
52383
52254
52382
52385
52391
52399
52479
52454
52456
52464
52886
186211
186228
186319
189764
190127
189739
186220
186215
139718
139722
139730
139740
194788
194790
198615
194808
194811
194814
194928
194812
194940
194989
194941
195004
194960
194963
195010
195009
194959
194966
194883
195125
195126
195154
195137
195138
195183
195181
195584
195586
198227
198235
214288
198254
198266
198275
198265
198260
198519
195638
195635
195589
195593
195594
198534
198545
198554
198207
198278
198550
198551
198276
198279
196585
198999
199002
198969
199001
198439
198444
198437
198584
198585
196943
196946
196972
196971
196950
196967
196970
196979
202099
202145
202147
202357
202260
202295
202377
202381
202407
202410
202336
202412
202355
202430
202432
202886
201725
203341
203346
203350
202488
202489
202490
202493
202953
202964
202997
203008
203330
203333
202479
202940
202441
202388
202389
202402
202459
202461
202464
202416
202420
202419
202436
202887
202438
214304
202627
203398
203402
203105
205321
205359
205364
205377
205483
205494
205496
198441
198966
198968
198261
198263
198297
198315
198380
198382
198399
198400
198405
205545
205552
205553
206151
206152
206206
206212
206213
206235
206429
206433
206449
206448
206455
206490
206232
206494
206511
206538
208938
208947
209113
209121
209112
209114
209140
209160
209777
209145
209149
209158
209159
179554
179553
181333
179548
181102
181103
181088
181423
181320
181438
181788
181807
181772
179558
179540
213802
213828
213829
213776
213782
213783
213778
179489
179504
209769
209782
209790
209834
209840
209850
209924
209793
209820
209167
209169
209456
209785
214359
209974
209931
209943
209946
209957
213911
213919
213923
213924
213909
213912
213908
213827
213854
213905
213913
213847
213853
201518
201660
201661
201657
201724
201727
201736
201739
179441
179486
179482
179484
192302
192311
192584
192324
193373
193476
192602
193318
193326
193292
105842
105974
105956
105959
105894
109697
105939
115962
115955
115946
115957
115950
115960
103418
114808
114803
105605
105659
105944
106136
105631
105648
105666
105651
106145
105645
105657
192318
192285
192491
192494
193262
193862
193485
192343
192401
192396
192402
193488
193595
192589
193570
193658
29641
30647
30678
34766
30889
30610
30704
30720
27518
30938
10845
30948
30913
9867
30983
30985
30085
30088
30092
31192
30972
24701
24433
29727
30082
30095
31221
31392
31236
31331
31310
31402
31407
31464
31466
31457
31477
31527
31611
31651
31690
31691
32234
32242
31688
31918
32278
32288
32301
32304
32322
34575
7402
7405
7400
14391
14394
33313
33323
14396
14401
14402
14403
14448
14449
14461
14579
14581
14587
14609
14635
14988
14998
15003
15010
15051
15074
15079
15088
15086
15206
15217
15226
15243
15521
15272
15546
19050
19059
19061
19075
19078
19088
17693
19395
18061
18062
19240
18119
18122
19266
19281
19347
19337
19300
19306
19304
19309
20329
20361
19326
19339
20366
20393
20401
20409
20675
20684
20835
25709
25690
25774
25775
25794
25766
25773
25713
25702
25716
25760
25674
25681
25788
25673
25682
25677
27498
27499
8703
27489
27555
27556
7428
27597
27603
27690
27710
27873
27886
20654
27672
27683
27676
27698
28129
27570
27040
27256
27274
27429
50723
50758
50679
50680
50674
50675
50839
50842
50862
50864
50891
50893
51194
50877
50909
50924
50926
50956
50951
50975
51006
51008
51010
51014
50762
50766
50771
51682
51685
51717
51154
51157
51164
51747
51161
51163
51171
51276
51293
51295
51281
51279
51280
51536
51687
51695
51696
51872
51897
51816
51906
51795
51910
51914
51935
51938
51999
52001
56122
56633
