1910
206092 206093 348
206092 206094 867
206274 206094 773
206274 206273 791
206274 206280 1856
200918 201091 1947
200918 206273 774
201091 200918 1947
201091 206279 793
206280 206274 1856
206280 206279 769
206280 206281 897
206290 206278 1007
206290 206297 1228
206292 206299 164
206292 206303 342
206302 206305 164
206302 206355 285
206302 206356 2083
206354 206355 592
206354 206358 843
206354 206360 867
206350 206353 824
206359 206360 828
206359 206376 1456
201444 201443 780
201447 201443 1146
201447 201544 802
201547 201544 1504
201547 201550 758
201547 201580 2020
206367 206353 473
206367 206376 1238
206380 206376 1702
206380 206381 955
206375 206381 841
206375 208804 780
206375 208815 1899
208804 206375 780
208804 208816 1874
208818 208816 817
208818 208820 1979
208829 208820 901
208829 208853 1979
208831 208832 796
208831 208834 1905
208832 208831 796
208832 208864 816
208832 208871 1899
208898 208897 1285
208864 208832 816
208864 208865 802
208864 208870 1875
208863 208868 986
208863 208869 1797
208865 208864 802
208865 208869 816
208865 208872 1765
208867 208868 2360
201481 201480 594
201481 208877 2233
201480 201481 594
201480 201482 198
201479 201482 959
201479 201485 846
201479 201486 2147
201581 201584 802
201581 201587 1794
201586 201485 779
201586 201587 683
201580 201547 2020
201580 201584 1594
201485 201479 846
201485 201487 808
201485 201586 779
201549 201546 773
201549 201548 1748
201550 201546 1487
201550 201547 758
201585 201584 755
201597 201588 1637
201597 201598 774
201631 201633 2200
201632 201640 1296
201632 201785 804
201637 201785 622
201637 201786 2000
201638 201786 1539
201638 201789 369
201638 201790 539
201781 201782 639
201781 201784 1919
201955 201953 508
201955 201957 838
201955 201964 818
201959 198895 2123
201959 201962 842
201965 198895 352
201965 201974 3686
201615 209707 620
206057 206058 519
206057 206202 426
206057 209708 923
209691 209688 751
209691 209690 1145
209695 209690 1178
209695 209694 578
209749 209748 445
209749 209750 508
209751 206058 1805
209751 209752 3122
209752 209751 3122
209752 209753 5533
201806 201801 1042
214523 201917 98
193424 193423 2511
193424 193831 4520
193384 193385 9621
193384 193431 4159
224986 224988 11060
224996 224999 4215
193797 193798 1204
193795 193794 2142
193795 193796 1615
233823 233824 1147
233823 233830 535
233646 233647 1279
233646 233648 2407
233650 235280 1231
193721 192361 4363
193737 193738 4020
193737 193750 259
193768 193770 1871
193768 193771 487
193771 193768 487
193771 193772 1946
29682 29616 9251
29682 29684 2250
29717 29714 3210
29724 29722 134
29908 29913 5496
29963 29955 370
29978 29965 2219
29978 29980 591
29979 29980 1420
29979 29981 1360
25243 25244 1321
30141 30131 1473
30141 30142 1010
30197 30193 982
19901 19902 82
30066 29980 3252
30066 30065 371
30139 30138 4050
32007 32005 707
32009 32010 194
32009 32011 1256
32009 32012 777
32024 35189 794
32024 35190 289
32042 32038 1091
32042 32044 1306
32044 32041 989
32044 32042 1306
32044 32047 1544
32051 32052 519
32051 32070 1607
32070 32051 1607
32070 32071 1036
32086 32085 3584
32086 32092 736
32091 32090 2619
32091 32094 2572
32094 32091 2572
32094 32093 153
32133 32131 1069
32133 32141 1147
32143 32144 801
32143 32145 446
34734 34733 1618
34734 34735 94
7000 7014 346
32208 32203 1720
32207 32198 1434
32207 32214 2767
32217 6991 1733
32217 32216 1871
32217 32219 5313
32195 32167 334
7056 7058 865
7056 7413 1030
7058 7056 865
7058 7060 955
7003 7004 663
7003 7030 2110
7422 7415 1722
7426 7415 1229
7426 7427 1879
7494 7493 1040
7494 7495 1016
7501 7497 795
7518 7499 1252
7518 7525 992
7518 7536 2263
7519 7520 855
7541 7539 817
7541 14761 4556
7568 7540 870
7568 7555 981
7568 7571 686
14761 7541 4556
14761 14760 692
14826 14786 341
14826 35399 240
14827 14787 1231
14827 14830 659
14764 14763 558
14764 14763 558
14913 14917 368
14919 14917 267
14923 14924 688
14923 14931 1510
14943 14929 1853
15154 15159 475
15162 15435 373
15162 15436 434
15439 15438 1444
15439 15440 787
15439 15444 5911
15460 15463 2548
15460 15464 628
15491 15483 1408
15491 34725 1455
15483 15482 1667
15483 15491 1408
15489 15463 628
15489 15490 1596
15492 15493 1248
15507 15498 1114
15648 15650 1416
15648 15651 575
15653 15654 1480
15653 15688 1357
15688 15653 1357
15688 15689 2798
15688 15690 2804
15652 35070 633
15702 15687 336
15706 15705 2279
15660 15659 1630
15660 15675 1188
15677 15672 1409
15677 15676 975
15508 15498 354
15508 15510 2216
15573 15510 749
15573 15565 746
15565 15564 1575
15565 15573 746
15576 15577 598
15576 15578 1139
15658 15581 2406
15658 15659 868
234235 234239 1346
15694 14773 438
15694 35242 1124
16112 16113 672
16112 16114 1694
16119 16104 847
16119 16114 1480
16100 16090 1253
16100 16099 201
16117 19556 1499
16117 19587 981
19590 19598 1114
19590 34514 954
19750 19765 1084
19768 19767 707
19768 19770 2138
19768 19774 847
19775 19777 1084
19775 19780 550
19770 19765 868
19770 19768 2138
19777 19769 982
19777 19775 1084
19777 19779 983
19867 19853 1885
19867 19872 713
19867 19873 403
19935 19926 707
19935 19939 1797
19943 19944 628
19943 21513 1292
21514 19944 1322
21514 21513 707
21514 21517 344
21521 19944 903
21521 19962 2568
21549 21547 1013
21549 21551 2028
21550 21560 445
21559 21562 713
21575 21572 1055
21575 21576 259
21576 21573 257
21576 21575 259
20203 20159 452
20203 20162 373
20142 20138 3184
20142 20140 983
20142 20144 713
20158 20144 1689
20158 20159 950
20140 20113 3264
20140 20133 924
20140 20142 983
20178 20133 1610
20178 20175 1055
20178 35421 1137
20179 20175 1575
20179 20192 1565
20214 20215 1635
20214 21875 1225
20214 21895 1061
20022 20017 1377
20022 20023 1234
20022 20135 3947
20151 20149 1336
20163 20156 788
20163 20164 1008
20227 20023 2401
20227 20231 580
20083 20078 3261
20083 20084 927
20233 20234 937
20233 20237 1344
20079 20077 689
20079 20225 667
20237 20230 1061
20237 20233 1344
19514 19513 1032
20074 20038 373
20058 20059 1901
20269 20261 1273
20269 20264 1306
20269 20274 975
20277 20275 874
20277 34807 731
20264 20260 1208
20264 20263 1205
20264 20269 1306
21105 20263 938
21105 21104 1205
21105 21116 737
21116 21105 737
21116 21107 1436
21119 21118 750
21132 21163 1145
20956 20954 782
20989 20975 1085
20973 20970 1007
20973 20974 1114
20973 20975 1114
21111 20974 1072
21111 21110 975
21115 21114 275
21129 21112 806
21129 21114 1167
21129 21120 1248
20938 20908 1145
20938 20915 976
20938 20939 975
20942 20939 3754
20942 20941 1139
20942 20983 1944
20983 20942 1944
20983 20984 1028
20987 20984 1420
20987 21039 1830
21050 21051 612
21050 21052 550
21053 21041 1072
21053 21046 950
21062 21046 1341
21062 21063 1457
21062 21065 2145
21065 21062 2145
21065 21064 1085
21086 21085 168
21089 21097 950
21084 21064 1085
21084 21083 201
21084 21085 1797
21098 21097 982
21098 21099 713
25877 25871 756
25877 25876 1454
25877 25882 1124
25878 21365 562
21350 21347 252
21350 21352 782
21363 21352 931
21362 21352 796
21362 21361 452
21398 21365 848
25883 25874 1139
25883 25881 667
25885 25882 516
25885 25890 931
25905 25872 516
25910 25907 2093
25910 25911 2111
19625 26028 755
25925 25922 1022
25925 25924 681
25925 26028 1631
25922 25894 1902
25922 25925 1022
26033 27802 839
26033 27814 1796
26053 34591 360
27923 28023 701
27910 27909 2174
27910 27920 2243
27931 27933 2652
27937 27933 708
27937 27938 336
27938 27937 336
27938 27957 1293
27985 27987 1612
21093 21094 2044
21095 21094 1220
21095 21334 275
21321 21320 275
21324 21323 985
21324 21325 1191
21328 21323 2020
21328 21342 778
21345 21342 924
21345 21347 1334
28007 28009 847
28034 28009 1146
28035 28013 2086
28038 28027 1180
28038 28039 4897
28122 28121 810
51116 51086 697
56593 51072 2210
56593 56744 2256
56593 56749 1058
56662 56663 114
56662 56751 2091
51548 51547 517
51566 51549 1716
51566 51567 3761
51569 51571 1345
51569 51621 1328
51570 51549 752
51570 51596 788
51570 51597 1684
51606 51597 474
51612 51611 276
51612 51618 1066
51644 51642 238
51644 51646 939
51645 51654 336
51657 51651 751
51657 51656 1769
51667 51654 836
52617 52608 511
52617 52616 238
52659 50612 1120
51671 51656 806
51671 52601 1810
52603 52601 806
52604 52602 1482
52604 52608 650
50632 50631 893
50632 50633 873
56691 56690 525
56695 56696 274
56695 56697 438
187583 187563 3094
187583 187585 793
187583 189425 1503
188687 189425 843
188687 189431 898
189432 189431 844
189439 188739 1086
189439 189438 793
189439 189441 1501
189442 189441 753
189442 189444 2246
189445 189444 810
189445 189451 2220
188739 189434 2375
188739 189439 1086
189428 189427 776
189428 189429 705
189428 189434 433
189454 189451 803
189454 189455 2155
189456 189457 946
190531 189457 584
190534 190533 5081
197276 197277 340
197276 197280 2452
197276 214908 4513
188988 188987 1465
189393 189394 1834
189393 189399 1196
189393 190833 1173
188986 188987 264
188986 190834 515
190834 188986 515
190834 190836 598
189005 189004 1395
189005 190843 971
189399 189393 1196
189399 190833 202
187563 187539 2149
187563 187565 785
187563 187583 3094
187513 187375 1233
187513 187523 204
187517 187522 778
187517 187525 2728
187533 187525 851
187533 187539 539
187375 187373 442
187375 187377 655
187375 187513 1233
187377 187373 523
187377 187375 655
187377 190617 1081
187377 190814 709
190617 187377 1081
190617 190618 1034
190617 190619 245
190617 190814 607
187539 187533 539
187539 187538 844
187539 187563 2149
187369 190618 949
190616 190620 659
52590 52589 1410
189650 190615 1249
190496 189678 82
190496 190608 1418
190500 190499 1390
197986 197989 875
197988 197989 1500
197988 197990 801
197848 197989 1227
197848 197991 853
197336 197334 750
197336 197337 2164
197368 197330 197
197368 197334 1842
197330 197329 2125
197330 197333 1977
197330 197368 197
197338 197337 670
197338 197340 2080
197355 197340 834
197355 197354 1595
197355 197356 751
197380 197393 1982
197380 197399 2044
197380 197412 2429
197393 197380 1982
197393 197396 2502
197395 197672 1962
197671 197672 913
197671 197679 745
197679 197671 745
197679 197682 2180
197684 197682 743
197684 197685 767
197684 197688 1944
197685 197684 767
197685 197690 2047
197685 197698 730
197686 197698 3022
197686 197719 800
197719 197686 800
197719 197699 2997
197735 197701 805
197735 197707 1944
197735 197736 868
197701 197699 759
197701 197702 1954
197701 197735 805
197746 197740 3042
197736 197710 1993
197736 197735 868
197736 197740 848
197873 197884 943
197873 198009 2715
197875 197993 2753
197875 198009 815
197991 197848 853
197991 197992 1100
197991 197993 833
197891 197892 1923
197891 197893 867
197938 197892 759
197938 197937 3203
197748 197749 3113
197748 197750 695
197908 197750 3014
197908 197910 804
197906 197907 1213
197906 197910 2270
197906 197911 1702
197907 197906 1213
197907 197912 727
197937 197912 2019
197937 197938 3203
197937 197939 815
197741 197738 2069
197741 197740 842
197741 197749 755
197879 197884 930
197879 197886 901
197889 197886 906
197889 197890 936
197883 197890 237
197883 197893 554
197883 197894 993
198791 198790 79
198791 199428 603
199478 199477 6
202860 202857 1787
202860 202859 973
202860 202861 933
199552 199553 4242
199552 199979 3279
214821 214958 2111
203042 203039 973
203042 203043 1367
203060 203043 897
203060 203061 1782
203062 203065 751
205206 205207 2000
205252 205253 1339
205252 205254 2493
205254 205252 2493
205254 205261 750
205257 205262 1289
205257 205265 1835
205266 205265 882
205266 205393 1427
205382 200379 1628
205382 205383 691
205385 205383 751
205385 205388 1899
205385 205389 762
205386 205391 804
205386 205395 1227
205394 205393 745
205394 205395 763
205394 205408 750
200404 200403 453
200407 200416 755
200407 200427 2247
200425 200427 747
200425 200428 2447
200426 200432 913
200431 200432 490
200431 200433 731
200389 200390 860
200389 200433 2528
200379 200391 394
200379 205382 1628
199091 199092 557
199091 214333 562
199091 214897 533
199456 199455 611
198946 214346 187
200414 200415 684
200414 200416 1239
200419 200415 458
200419 200440 883
200444 200440 864
200444 200446 2030
200449 200446 845
200449 200452 2565
200449 200819 766
200814 200819 1690
200814 200820 774
200818 200822 791
200818 200824 996
200822 199698 82
200822 200818 791
200822 200823 766
200884 200883 755
200885 200881 845
200882 200848 734
200882 200883 1796
200882 200891 220
200891 200853 755
200891 200856 2573
200891 200882 220
200892 200856 846
200892 200896 774
200892 200897 2336
200896 200892 774
200896 200898 2337
200911 200898 665
200911 206090 901
206093 206090 1932
206093 206092 348
206093 206095 330
206094 206092 867
206094 206274 773
206094 206275 1119
206094 206276 2188
206094 206281 1772
206273 200918 774
206273 206274 791
206273 206279 1945
206279 201091 793
206279 206273 1945
206279 206280 769
206281 206094 1772
206281 206278 1022
206281 206280 897
206278 206275 1028
206278 206281 1022
206278 206285 707
206278 206286 802
206278 206290 1007
206297 206286 1139
206297 206290 1228
206297 206298 1038
206297 206299 1150
206299 206292 164
206299 206297 1150
206299 206298 751
206299 206303 416
206303 206292 342
206303 206299 416
206303 206304 1754
206303 206305 1475
206305 206302 164
206305 206303 1475
206305 206304 822
206355 206302 285
206355 206354 592
206355 206357 1345
206356 206302 2083
206356 206326 759
206356 206386 1899
206356 206388 779
206358 206354 843
206358 206357 486
206358 206378 1576
206360 206354 867
206360 206359 828
206360 206377 1119
206353 206350 824
206353 206352 1459
206353 206367 473
206376 206359 1456
206376 206367 1238
206376 206377 881
206376 206380 1702
201443 201442 678
201443 201444 780
201443 201447 1146
201544 201447 802
201544 201543 1589
201544 201546 756
201544 201547 1504
206381 206375 841
206381 206380 955
206381 206382 867
206381 206385 1804
208815 206375 1899
208815 206385 785
208815 208816 710
208815 208817 1891
208816 208804 1874
208816 208815 710
208816 208818 817
208816 208819 1797
208820 208818 1979
208820 208819 683
208820 208829 901
208820 208852 1933
208853 194880 1458
208853 208829 1979
208853 208852 710
208834 208831 1905
208834 208871 779
208834 208889 884
208834 208890 2003
208871 208832 1899
208871 208834 779
208871 208870 751
208871 208891 2002
208897 194846 908
208897 208898 1285
208870 208864 1875
208870 208871 751
208870 208872 824
208870 208874 2034
208868 208863 986
208868 208867 2360
208868 208877 824
208868 208878 1797
208869 208863 1797
208869 208865 816
208869 208873 1874
208869 208878 986
208872 208865 1765
208872 208870 824
208872 208873 796
208872 208875 2137
208877 201481 2233
208877 201483 796
208877 208868 824
208877 208879 1874
201482 201479 959
201482 201480 198
201482 201483 2240
201486 201479 2147
201486 201483 969
201486 208880 892
201486 208881 1874
201584 201580 1594
201584 201581 802
201584 201585 755
201584 201588 1020
201587 201581 1794
201587 201586 683
201587 201589 867
201587 201590 901
201487 201485 808
201487 201590 1348
201487 208967 836
201546 201544 756
201546 201545 1618
201546 201549 773
201546 201550 1487
201548 201549 1748
201588 201584 1020
201588 201589 804
201588 201597 1637
201598 201589 1393
201598 201597 774
201598 201599 912
201633 201631 2200
201633 201639 881
201633 201640 756
201640 201632 1296
201640 201633 756
201640 201787 1044
201785 201632 804
201785 201637 622
201785 201787 1635
201786 201637 2000
201786 201638 1539
201786 201787 877
201789 201638 369
201789 201784 791
201789 201790 639
201790 201638 539
201790 201789 639
201790 201795 300
201782 201781 639
201782 201783 1247
201784 201781 1919
201784 201783 933
201784 201789 791
201953 201848 493
201953 201950 1878
201953 201955 508
201957 201955 838
201957 201956 942
201964 201954 990
201964 201955 818
198895 198896 5427
198895 201959 2123
198895 201965 352
198895 201975 1108
201962 201959 842
201962 201963 1803
201962 201978 2100
201974 201965 3686
201974 202018 1885
209707 201615 620
209707 209682 1532
209707 209684 1303
209707 209701 371
209707 214886 275
206058 206057 519
206058 209738 1705
206058 209751 1805
206202 206057 426
209708 206057 923
209708 209705 816
209708 209709 1765
209688 209678 872
209688 209680 1972
209688 209691 751
209690 209689 679
209690 209691 1145
209690 209695 1178
209694 209689 1125
209694 209693 572
209694 209695 578
209748 209746 388
209748 209749 445
209748 209750 705
209750 209748 705
209750 209749 508
209750 209852 1476
209750 209855 1203
209753 209752 5533
209753 209868 1309
201801 201800 1953
201801 201806 1042
201801 201807 1269
201801 201815 778
201917 194793 369
201917 201809 790
201917 214523 98
193423 193424 2511
193423 193425 8669
193423 193827 1264
193831 193424 4520
193385 193384 9621
193385 194101 3506
193431 193384 4159
224988 224986 11060
224988 224992 9315
224988 224993 6372
224999 224996 4215
224999 235330 1027
193798 193791 2443
193798 193797 1204
193798 193896 3255
193794 193793 1738
193794 193795 2142
193794 193806 3907
193796 193795 1615
233824 233823 1147
233830 233823 535
233647 233646 1279
233648 233646 2407
235280 193783 5574
235280 233650 1231
192361 192360 19638
192361 192360 19638
192361 193717 1419
192361 193721 4363
192361 193722 15440
193738 193737 4020
193750 193737 259
193750 193749 209
193770 193768 1871
193770 193772 450
193770 193787 1518
193772 193770 450
193772 193771 1946
193772 193786 1782
29616 29617 1355
29616 29682 9251
29616 29688 5603
29684 29682 2250
29684 29685 3006
29684 29686 8732
29714 29694 734
29714 29717 3210
29722 29718 1745
29722 29724 134
29722 34757 193
29913 29908 5496
29913 29932 510
29955 29932 527
29955 29956 1918
29955 29963 370
29965 29964 2476
29965 29972 3646
29965 29978 2219
29980 29978 591
29980 29979 1420
29980 30066 3252
29981 29979 1360
25244 25243 1321
30131 30132 633
30131 30133 1435
30131 30141 1473
30142 30141 1010
30193 30192 450
30193 30197 982
19902 19901 82
30065 30064 3097
30065 30066 371
30138 30139 4050
32005 30203 1262
32005 32007 707
32010 32009 194
32011 32009 1256
32012 32009 777
32012 32016 721
32012 32017 2096
35189 32021 1677
35189 32024 794
35189 35191 781
35190 32024 289
32038 32036 1927
32038 32042 1091
32041 32040 1129
32041 32043 1445
32041 32044 989
32047 32043 1246
32047 32044 1544
32047 32052 1771
32052 32046 3983
32052 32047 1771
32052 32051 519
32052 32053 3066
32071 32070 1036
32085 32084 577
32085 32086 3584
32092 32086 736
32092 32090 2778
32092 32093 2285
32090 32088 527
32090 32091 2619
32090 32092 2778
32090 32093 755
32093 32090 755
32093 32092 2285
32093 32094 153
32131 32130 1584
32131 32133 1069
32141 32133 1147
32144 6962 2823
32144 32143 801
32144 32147 517
32145 6963 3416
32145 32143 446
32145 32152 2298
34733 34732 1618
34733 34734 1618
34735 34734 94
7014 7000 346
7014 34819 878
32203 32198 1547
32203 32202 622
32203 32208 1720
32198 32196 1327
32198 32203 1547
32198 32205 779
32198 32207 1434
32214 32207 2767
32214 32213 557
32214 32216 407
6991 6990 393
6991 6992 2461
6991 32217 1733
32216 32214 407
32216 32217 1871
32219 32217 5313
32167 32168 2512
32167 32195 334
7413 7056 1030
7413 7060 557
7060 7058 955
7060 7413 557
7060 7414 1894
7004 7003 663
7004 34660 1051
7004 34661 1177
7030 7003 2110
7415 7414 1034
7415 7422 1722
7415 7426 1229
7427 7426 1879
7427 7448 1793
7427 7449 2349
7493 7465 1126
7493 7494 1040
7493 7495 1457
7495 7493 1457
7495 7494 1016
7495 7497 953
7497 7495 953
7497 7496 693
7497 7501 795
7499 7463 1349
7499 7498 1422
7499 7518 1252
7525 7518 992
7525 7520 978
7525 7538 2277
7525 7540 1041
7536 7518 2263
7536 7537 93
7536 7538 1101
7520 7519 855
7520 7525 978
7520 7526 1013
7539 7538 1055
7539 7540 2343
7539 7541 817
7539 7542 2421
7540 7525 1041
7540 7526 919
7540 7539 2343
7540 7568 870
7555 7526 883
7555 7568 981
7555 7569 360
7571 7568 686
14760 7542 2159
14760 14759 1083
14760 14761 692
14760 14785 1067
14786 14785 2086
14786 14787 1450
14786 14826 341
35399 14826 240
14787 14786 1450
14787 14827 1231
14787 14828 840
14830 14827 659
14763 14764 558
14763 14764 558
14763 14829 3425
14917 14912 248
14917 14913 368
14917 14918 830
14917 14919 267
14924 14923 688
14931 14923 1510
14931 14933 1502
14931 14934 1225
14931 14935 1884
14929 14930 3706
14929 14936 1000
14929 14943 1853
15159 15154 475
15435 15162 373
15436 15162 434
15438 15439 1444
15440 15439 787
15444 15439 5911
15463 15460 2548
15463 15489 628
15464 15460 628
34725 15491 1455
15482 15483 1667
15490 15489 1596
15493 15492 1248
15498 15507 1114
15498 15508 354
15650 15648 1416
15651 15648 575
15654 15653 1480
15689 15688 2798
15689 15690 1651
15690 15688 2804
15690 15689 1651
35070 15652 633
15687 15702 336
15705 15706 2279
15659 15658 868
15659 15660 1630
15675 15660 1188
15675 15676 1622
15672 15677 1409
15676 15675 1622
15676 15677 975
15510 15508 2216
15510 15573 749
15564 15565 1575
15577 15576 598
15578 15576 1139
15578 15581 1013
15581 15578 1013
15581 15658 2406
234239 234235 1346
14773 15694 438
35242 15694 1124
16113 16112 672
16114 16112 1694
16114 16119 1480
16104 16119 847
16090 16100 1253
16099 16100 201
19556 16117 1499
19587 16117 981
19598 19590 1114
34514 19590 954
19765 19750 1084
19765 19767 2085
19765 19770 868
19767 19765 2085
19767 19768 707
19767 19769 2347
19774 19768 847
19780 19775 550
19769 19767 2347
19769 19777 982
19779 19777 983
19853 19867 1885
19872 19867 713
19873 19867 403
19926 19935 707
19939 19935 1797
19944 19943 628
19944 21514 1322
19944 21521 903
21513 19943 1292
21513 21514 707
21517 21514 344
19962 21521 2568
19962 21547 333
21547 19962 333
21547 21549 1013
21551 21549 2028
21560 21550 445
21560 21562 2146
21562 21559 713
21562 21560 2146
21572 21575 1055
21573 21576 257
20159 20158 950
20159 20203 452
20162 20164 1085
20162 20203 373
20138 20113 950
20138 20142 3184
20144 20142 713
20144 20158 1689
20113 20138 950
20113 20140 3264
20133 20140 924
20133 20178 1610
20175 20178 1055
20175 20179 1575
35421 20178 1137
20192 20179 1565
20215 20214 1635
21875 20214 1225
21895 20214 1061
20017 20022 1377
20023 20022 1234
20023 20077 950
20023 20227 2401
20135 20022 3947
20149 20151 1336
20156 20163 788
20164 20162 1085
20164 20163 1008
20231 20227 580
20078 20077 1014
20078 20083 3261
20084 20083 927
20234 20233 937
20077 20023 950
20077 20078 1014
20077 20079 689
20225 20079 667
20230 20237 1061
19513 19514 1032
20038 20074 373
20059 20058 1901
20261 20260 1254
20261 20269 1273
20274 20269 975
20274 20275 1025
20275 20274 1025
20275 20277 874
34807 20277 731
20260 20261 1254
20260 20264 1208
20263 20264 1205
20263 21105 938
21104 21105 1205
21104 21107 835
21107 21104 835
21107 21116 1436
21107 21118 938
21118 21107 938
21118 21119 750
21118 21120 1234
21163 21132 1145
20954 20956 782
20975 20973 1114
20975 20989 1085
20970 20973 1007
20974 20973 1114
20974 21111 1072
21110 21111 975
21110 21112 1114
21110 21114 737
21114 21110 737
21114 21115 275
21114 21129 1167
21112 21110 1114
21112 21129 806
21120 21118 1234
21120 21129 1248
20908 20938 1145
20915 20938 976
20939 20938 975
20939 20942 3754
20941 20942 1139
20941 20984 1408
20984 20941 1408
20984 20983 1028
20984 20987 1420
21039 20987 1830
21051 21050 612
21052 21041 531
21052 21050 550
21041 21052 531
21041 21053 1072
21046 21053 950
21046 21062 1341
21063 21062 1457
21063 21064 2101
21064 21063 2101
21064 21065 1085
21064 21084 1085
21085 21084 1797
21085 21086 168
21097 21089 950
21097 21098 982
21083 21084 201
21099 21098 713
25871 25877 756
25876 21365 1092
25876 25877 1454
25882 25877 1124
25882 25881 420
25882 25885 516
21365 21361 1139
21365 21398 848
21365 25876 1092
21365 25878 562
21347 21345 1334
21347 21350 252
21352 21350 782
21352 21362 796
21352 21363 931
21361 21362 452
21361 21365 1139
25874 25883 1139
25881 25882 420
25881 25883 667
25890 25885 931
25872 25905 516
25907 25910 2093
25911 25910 2111
26028 19625 755
26028 25925 1631
25924 25925 681
25894 25922 1902
27802 26033 839
27814 26033 1796
27814 27909 1577
34591 26053 360
28023 27923 701
27909 27814 1577
27909 27910 2174
27920 27910 2243
27920 27933 1079
27933 27920 1079
27933 27931 2652
27933 27937 708
27957 27938 1293
27987 27985 1612
21094 21093 2044
21094 21095 1220
21334 21095 275
21320 21321 275
21323 21324 985
21323 21328 2020
21325 21324 1191
21342 21328 778
21342 21345 924
28009 28007 847
28009 28034 1146
28013 28027 750
28013 28035 2086
28027 28013 750
28027 28038 1180
28039 28038 4897
28121 28122 810
51086 51116 697
51072 56593 2210
56744 56593 2256
56749 56593 1058
56663 56662 114
56751 56662 2091
51547 51548 517
51549 51566 1716
51549 51570 752
51567 51566 3761
51571 51569 1345
51621 51569 1328
51596 51570 788
51597 51570 1684
51597 51606 474
51611 51612 276
51618 51612 1066
51642 51644 238
51646 51644 939
51646 51651 751
51654 51645 336
51654 51651 581
51654 51667 836
51651 51646 751
51651 51654 581
51651 51657 751
51656 51657 1769
51656 51671 806
52608 52604 650
52608 52617 511
52616 52617 238
50612 52659 1120
52601 51671 1810
52601 52602 983
52601 52603 806
52602 52601 983
52602 52604 1482
50631 50632 893
50633 50632 873
56690 56691 525
56696 56695 274
56697 56695 438
187585 187583 793
189425 187583 1503
189425 188687 843
189425 189429 881
189431 188687 898
189431 189429 812
189431 189432 844
189438 189439 793
189441 189439 1501
189441 189442 753
189444 189442 2246
189444 189445 810
189451 189445 2220
189451 189454 803
189434 188739 2375
189434 189428 433
189427 189428 776
189429 189425 881
189429 189428 705
189429 189431 812
189455 189454 2155
189455 189457 776
189457 189455 776
189457 189456 946
189457 190531 584
190533 190534 5081
197277 197276 340
197280 197276 2452
214908 197276 4513
188987 188986 264
188987 188988 1465
189394 189393 1834
190833 189393 1173
190833 189399 202
190836 190834 598
189004 189005 1395
190843 189005 971
187565 187538 1927
187565 187563 785
187523 187373 1243
187523 187513 204
187522 187517 778
187525 187517 2728
187525 187533 851
187525 187538 767
187373 187375 442
187373 187377 523
187373 187523 1243
190814 187377 709
190814 190617 607
190814 190619 583
190618 187369 949
190618 190617 1034
190619 190615 123
190619 190617 245
190619 190620 410
190619 190814 583
187538 187525 767
187538 187539 844
187538 187565 1927
190620 190615 440
190620 190616 659
190620 190619 410
52589 52590 1410
190615 189650 1249
190615 190619 123
190615 190620 440
189678 190496 82
190608 190496 1418
190499 190500 1390
197989 197848 1227
197989 197986 875
197989 197988 1500
197989 197992 833
197990 197988 801
197990 197992 1630
197334 197333 841
197334 197336 750
197334 197368 1842
197337 197336 2164
197337 197338 670
197329 197330 2125
197333 197330 1977
197333 197334 841
197340 197338 2080
197340 197355 834
197354 197355 1595
197356 197355 751
197399 197380 2044
197412 197380 2429
197412 197396 1901
197396 197393 2502
197396 197412 1901
197672 197395 1962
197672 197671 913
197682 197679 2180
197682 197684 743
197688 197684 1944
197688 197690 805
197690 197685 2047
197690 197688 805
197698 197685 730
197698 197686 3022
197698 197699 805
197699 197698 805
197699 197701 759
197699 197719 2997
197707 197702 820
197707 197710 790
197707 197735 1944
197702 197701 1954
197702 197707 820
197740 197736 848
197740 197741 842
197740 197746 3042
197710 197707 790
197710 197736 1993
197884 197873 943
197884 197879 930
198009 197873 2715
198009 197875 815
197993 197875 2753
197993 197991 833
197992 197989 833
197992 197990 1630
197992 197991 1100
197892 197891 1923
197892 197938 759
197892 197939 3296
197893 197883 554
197893 197891 867
197749 197741 755
197749 197748 3113
197750 197748 695
197750 197908 3014
197910 197906 2270
197910 197908 804
197911 197906 1702
197911 197912 2602
197912 197907 727
197912 197911 2602
197912 197937 2019
197939 197892 3296
197939 197937 815
197738 197741 2069
197886 197879 901
197886 197889 906
197890 197883 237
197890 197889 936
197894 197883 993
198790 198791 79
199428 198791 603
199428 199455 1938
199477 199478 6
202857 202860 1787
202859 202860 973
202861 202860 933
199553 199552 4242
199979 199552 3279
214958 214821 2111
203039 203042 973
203043 203042 1367
203043 203060 897
203061 203060 1782
203065 203062 751
205207 205206 2000
205253 205252 1339
205261 205254 750
205261 205262 289
205262 205257 1289
205262 205261 289
205265 205257 1835
205265 205266 882
205393 205266 1427
205393 205394 745
205383 205382 691
205383 205385 751
205388 205385 1899
205389 205385 762
205391 205386 804
205395 205386 1227
205395 205394 763
205408 205394 750
200403 200404 453
200416 200407 755
200416 200414 1239
200416 200440 797
200427 200407 2247
200427 200425 747
200428 200425 2447
200432 200426 913
200432 200431 490
200433 200389 2528
200433 200431 731
200390 200389 860
200390 200391 1576
200391 200379 394
200391 200390 1576
199092 199091 557
214333 199091 562
214897 199091 533
199455 199428 1938
199455 199456 611
214346 198946 187
200415 200414 684
200415 200419 458
200440 200416 797
200440 200419 883
200440 200444 864
200446 200444 2030
200446 200449 845
200452 200449 2565
200819 200449 766
200819 200814 1690
200820 200814 774
200824 200818 996
200824 200823 1449
199698 200822 82
200823 200822 766
200823 200824 1449
200883 200881 1009
200883 200882 1796
200883 200884 755
200881 200883 1009
200881 200885 845
200848 200853 449
200848 200882 734
200853 200848 449
200853 200891 755
200856 200891 2573
200856 200892 846
200897 200892 2336
200897 200898 774
200898 200896 2337
200898 200897 774
200898 200911 665
206090 200911 901
206090 206093 1932
206095 206093 330
206275 206094 1119
206275 206278 1028
206276 206094 2188
206285 206278 707
206285 206286 346
206286 206278 802
206286 206285 346
206286 206297 1139
206298 206297 1038
206298 206299 751
206304 206303 1754
206304 206305 822
206304 206326 1781
206357 206355 1345
206357 206358 486
206357 206388 679
206326 206304 1781
206326 206356 759
206386 206356 1899
206388 206356 779
206388 206357 679
206378 206358 1576
206378 206377 1007
206377 206360 1119
206377 206376 881
206377 206378 1007
206377 206382 1212
206352 206353 1459
201442 201443 678
201543 201544 1589
206382 206377 1212
206382 206381 867
206385 206381 1804
206385 208815 785
208817 208815 1891
208817 208819 825
208819 208816 1797
208819 208817 825
208819 208820 683
208852 208820 1933
208852 208853 710
194880 208853 1458
208889 208834 884
208890 208834 2003
208890 208891 780
208891 208871 2002
208891 208874 834
208891 208890 780
194846 208897 908
208874 208870 2034
208874 208875 784
208874 208891 834
208878 208868 1797
208878 208869 986
208878 208879 715
208873 208869 1874
208873 208872 796
208875 208872 2137
208875 208874 784
201483 201482 2240
201483 201486 969
201483 208877 796
208879 208877 1874
208879 208878 715
208880 201486 892
208881 201486 1874
201589 201587 867
201589 201588 804
201589 201598 1393
201590 201487 1348
201590 201587 901
208967 201487 836
201545 201546 1618
201599 201598 912
201639 201633 881
201787 201640 1044
201787 201785 1635
201787 201786 877
201795 201790 300
201783 201782 1247
201783 201784 933
201848 201953 493
201950 201953 1878
201950 201954 606
201956 201957 942
201954 201950 606
201954 201964 990
198896 198895 5427
198896 202018 568
201975 198895 1108
201975 201978 1237
201963 201962 1803
201978 201962 2100
201978 201975 1237
202018 198896 568
202018 201974 1885
209682 209707 1532
209684 209707 1303
209701 209707 371
214886 209707 275
209738 206058 1705
209705 209708 816
209709 209708 1765
209678 209688 872
209680 209688 1972
209680 209689 867
209689 209680 867
209689 209690 679
209689 209694 1125
209693 209694 572
209746 209748 388
209852 209750 1476
209855 209750 1203
209868 209753 1309
201800 201801 1953
201807 201801 1269
201807 201809 780
201815 201801 778
194793 201917 369
201809 201807 780
201809 201917 790
193425 193423 8669
193827 193423 1264
194101 193385 3506
224992 224988 9315
224993 224988 6372
235330 224999 1027
193791 193798 2443
193896 193798 3255
193793 193794 1738
193806 193794 3907
193783 235280 5574
192360 192361 19638
192360 192361 19638
193717 192361 1419
193722 192361 15440
193749 193750 209
193787 193770 1518
193787 193786 374
193786 193772 1782
193786 193787 374
29617 29616 1355
29688 29616 5603
29685 29684 3006
29686 29684 8732
29694 29714 734
29718 29722 1745
34757 29722 193
29932 29913 510
29932 29955 527
29956 29955 1918
29964 29965 2476
29972 29965 3646
30132 30131 633
30133 30131 1435
30192 30193 450
30064 30065 3097
30203 32005 1262
32016 32012 721
32017 32012 2096
32017 32021 1116
32021 32017 1116
32021 35189 1677
35191 35189 781
32036 32038 1927
32040 32041 1129
32043 32041 1445
32043 32047 1246
32046 32052 3983
32053 32052 3066
32084 32085 577
32088 32090 527
32130 32131 1584
6962 6963 3204
6962 32144 2823
32147 32144 517
6963 6962 3204
6963 32145 3416
32152 32145 2298
34732 34733 1618
34819 7014 878
32202 32203 622
32196 32198 1327
32205 32198 779
32213 32214 557
6990 6991 393
6992 6991 2461
32168 32167 2512
7414 7060 1894
7414 7415 1034
34660 7004 1051
34661 7004 1177
7448 7427 1793
7449 7427 2349
7465 7493 1126
7496 7463 1022
7496 7497 693
7463 7496 1022
7463 7498 1939
7463 7499 1349
7498 7463 1939
7498 7499 1422
7538 7525 2277
7538 7536 1101
7538 7539 1055
7537 7536 93
7526 7520 1013
7526 7540 919
7526 7555 883
7542 7539 2421
7542 14760 2159
7569 7555 360
14759 14760 1083
14785 14760 1067
14785 14786 2086
14828 14787 840
14828 14829 966
14829 14763 3425
14829 14828 966
14912 14917 248
14912 14918 950
14918 14912 950
14918 14917 830
14918 14930 3115
14933 14931 1502
14934 14931 1225
14934 14936 1234
14935 14931 1884
14930 14918 3115
14930 14929 3706
14936 14929 1000
14936 14934 1234
747
206092
206274
200918
201091
206280
206290
206292
206302
206354
206350
206359
201444
201447
201547
206367
206380
206375
208804
208818
208829
208831
208832
208898
208864
208863
208865
208867
201481
201480
201479
201581
201586
201580
201485
201549
201550
201585
201597
201631
201632
201637
201638
201781
201955
201959
201965
201615
206057
209691
209695
209749
209751
209752
201806
214523
193424
193384
224986
224996
193797
193795
233823
233646
233650
193721
193737
193768
193771
29682
29717
29724
29908
29963
29978
29979
25243
30141
30197
19901
30066
30139
32007
32009
32024
32042
32044
32051
32070
32086
32091
32094
32133
32143
34734
7000
32208
32207
32217
32195
7056
7058
7003
7422
7426
7494
7501
7518
7519
7541
7568
14761
14826
14827
14764
14913
14919
14923
14943
15154
15162
15439
15460
15491
15483
15489
15492
15507
15648
15653
15688
15652
15702
15706
15660
15677
15508
15573
15565
15576
15658
234235
15694
16112
16119
16100
16117
19590
19750
19768
19775
19770
19777
19867
19935
19943
21514
21521
21549
21550
21559
21575
21576
20203
20142
20158
20140
20178
20179
20214
20022
20151
20163
20227
20083
20233
20079
20237
19514
20074
20058
20269
20277
20264
21105
21116
21119
21132
20956
20989
20973
21111
21115
21129
20938
20942
20983
20987
21050
21053
21062
21065
21086
21089
21084
21098
25877
25878
21350
21363
21362
21398
25883
25885
25905
25910
19625
25925
25922
26033
26053
27923
27910
27931
27937
27938
27985
21093
21095
21321
21324
21328
21345
28007
28034
28035
28038
28122
51116
56593
56662
51548
51566
51569
51570
51606
51612
51644
51645
51657
51667
52617
52659
51671
52603
52604
50632
56691
56695
187583
188687
189432
189439
189442
189445
188739
189428
189454
189456
190531
190534
197276
188988
189393
188986
190834
189005
189399
187563
187513
187517
187533
187375
187377
190617
187539
187369
190616
52590
189650
190496
190500
197986
197988
197848
197336
197368
197330
197338
197355
197380
197393
197395
197671
197679
197684
197685
197686
197719
197735
197701
197746
197736
197873
197875
197991
197891
197938
197748
197908
197906
197907
197937
197741
197879
197889
197883
198791
199478
202860
199552
214821
203042
203060
203062
205206
205252
205254
205257
205266
205382
205385
205386
205394
200404
200407
200425
200426
200431
200389
200379
199091
199456
198946
200414
200419
200444
200449
200814
200818
200822
200884
200885
200882
200891
200892
200896
200911
206093
15159
15435
15438
15440
15444
15463
15493
15498
15689
15690
15687
15705
15659
15675
15672
15676
15510
15564
15578
15581
234239
14773
16114
16104
16090
16099
19587
19598
19765
19767
19769
19853
19872
19926
19944
21513
19962
21547
21551
21560
21562
21572
21573
20159
20162
20138
20144
20113
20133
20175
20192
21875
20017
20135
20149
20156
20164
20078
20084
20234
20230
19513
20038
20059
20261
20274
20275
20260
20263
21104
21107
21163
20954
20975
20970
20974
21110
21112
21120
20908
20915
20939
20941
20984
21039
21041
21046
21063
21085
21097
21083
21099
25871
25876
21347
21361
25874
25881
25872
25907
25911
25894
27802
27814
27920
27933
27957
27987
21094
21334
21320
21323
21342
28009
28013
28027
28039
28121
51086
51072
56744
56663
56751
51547
51549
51596
51597
51611
51618
51642
51646
51651
51656
52608
52616
50612
52601
52602
50631
50633
187585
189425
189438
189441
189444
189451
189434
189427
189455
190533
197277
197280
214908
188987
189394
190833
189004
190843
187565
187523
187522
187525
187373
190814
187538
52589
190615
189678
190608
190499
197990
197334
197337
197333
197340
197354
197356
197399
197412
197396
197672
197682
197688
197690
197698
197699
197707
197702
197740
197710
197884
198009
197993
197992
197892
197893
197749
197750
197910
197911
197912
197939
197738
197886
197890
197894
198790
199477
202857
202859
202861
199553
214958
203039
203043
203061
203065
205207
205253
205261
205262
205265
205393
205383
205388
205389
205391
205395
205408
200416
200427
200428
200432
200433
200390
200391
199092
214333
214897
214346
200440
200446
200452
200819
200820
200824
199698
200823
200883
200881
200848
200853
200856
200897
206090
206095
206275
206276
206285
206298
206304
206357
206326
206386
206388
206378
206382
206385
208817
208819
208852
194880
208890
208891
194846
208874
208878
208873
208875
201483
208879
208880
208881
201589
201590
208967
201599
201639
201787
201795
201848
201950
201954
198896
201975
201963
201978
202018
209682
209684
209701
214886
209738
209705
209709
209678
209680
209693
209746
209852
209855
209868
201800
201807
201815
194793
201809
193827
194101
224992
224993
235330
193791
193896
193793
193806
193783
192360
193717
193722
193749
193787
29617
29688
29694
29718
29932
29964
29972
30133
30192
30064
30203
32017
32021
32036
32040
32043
32046
32053
32084
32088
32130
6962
32147
6963
32196
32205
32213
6990
6992
32168
7414
34660
7449
7465
7496
7463
7498
7537
7542
14759
14785
14828
14829
14912
14934
14935
14936
