18
216723 216732 522
216732 216723 522
217271 217491 574
217377 217491 2168
217756 217758 1167
217758 217756 1167
217425 217842 779
217425 217844 1362
217842 217425 779
217491 217271 574
217491 217377 2168
217496 217497 755
217497 217496 755
215404 217558 665
217558 215404 665
217508 217509 1121
217509 217508 1121
217844 217425 1362
36
216721
216723
216732
224147
217266
217447
217271
217451
217377
217262
217441
217711
216725
217756
217758
217780
217425
217842
217491
217496
217497
217500
215404
217511
217558
217550
217552
217508
217520
217509
217844
217863
217869
217534
217545
224157
