16
77160 77166 1186
77166 77160 1186
60295 77224 1104
77224 60295 1104
66158 66159 812
66195 66153 790
66159 66158 812
66162 66240 2985
66240 66162 2985
65604 66231 680
66231 65604 680
66122 66153 1117
66153 66122 1117
66153 66195 790
87493 91240 2215
91240 87493 2215
38
77160
65645
65728
65729
65654
77166
60295
60331
77224
68565
65634
65647
65649
66158
66195
66159
66162
66240
65579
65589
65595
65604
66231
65469
65578
77218
66113
66122
66123
66153
83957
87363
87493
91240
87500
87504
88107
88578
