16
54401 54402 789
54402 54401 789
53851 53852 984
53852 53851 984
53795 53796 3291
53796 53795 3291
53833 53926 418
53926 53833 418
55143 55142 771
55142 55143 771
55158 55197 837
55197 55158 837
144477 144485 2554
144485 144477 2554
144485 144522 2737
144522 144485 2737
38
54343
54439
54441
54491
54510
54391
54401
54402
56724
54498
54507
54669
54653
49674
53851
53854
53852
53856
53858
53795
53796
53833
53926
53929
55142
55157
55158
55197
55203
144477
144485
144522
144530
144535
144611
144619
144621
144649
