648
187169 190485 467
190485 187169 467
190485 190486 988
190485 190844 245
190486 190478 631
190486 190485 988
190486 190691 3584
190486 190808 139
190844 190485 245
190844 190808 1070
190844 190848 1283
190478 190477 6
190478 190486 631
190691 190480 2224
190691 190486 3584
190691 190692 359
190808 190486 139
190808 190809 254
190808 190844 1070
190848 190844 1283
190477 187603 245
190477 190478 6
190477 190685 15
190480 190479 533
190480 190691 2224
190692 190691 359
190809 190808 254
187603 187648 1832
187603 190477 245
187603 190680 981
190685 190477 15
190685 190684 4172
190479 190480 533
187648 187603 1832
187648 187647 897
187648 187652 2964
190680 187603 981
190680 190681 955
190680 190823 897
190684 190683 1110
190684 190685 4172
187647 187645 899
187647 187648 897
187647 187649 1670
187652 187648 2964
187652 187651 1196
187652 190823 2793
190681 190142 3834
190681 190680 955
190681 190823 710
190823 187652 2793
190823 190680 897
190823 190681 710
190683 190682 343
190683 190684 1110
187645 187647 899
187645 187657 1652
187649 187647 1670
187649 187650 2520
187649 187657 929
187651 187650 955
187651 187652 1196
187651 187658 590
190142 190141 792
190142 190681 3834
190682 190151 193
190682 190683 343
187657 187645 1652
187657 187649 929
187657 187656 2756
187657 187659 1758
187650 187615 1599
187650 187649 2520
187650 187651 955
187650 187660 923
187658 187616 1007
187658 187651 590
187658 190141 579
190141 187616 1009
190141 187658 579
190141 190142 792
190151 190682 193
187656 187655 1040
187656 187657 2756
187656 187661 1678
187659 187657 1758
187659 187660 746
187659 187661 2710
187615 187605 785
187615 187614 955
187615 187616 914
187615 187650 1599
187660 187612 819
187660 187650 923
187660 187659 746
187660 187662 2776
187616 187607 744
187616 187615 914
187616 187658 1007
187616 190141 1009
187655 187654 2408
187655 187656 1040
187655 187666 2170
187661 187656 1678
187661 187659 2710
187661 187662 752
187661 187665 2613
187605 187604 2480
187605 187607 916
187605 187615 785
187614 187608 3330
187614 187612 761
187614 187613 2745
187614 187615 955
187612 187611 2743
187612 187614 761
187612 187660 819
187662 187611 837
187662 187660 2776
187662 187661 752
187662 187671 1097
187607 187605 916
187607 187606 2541
187607 187616 744
187654 187655 2408
187666 187655 2170
187666 187664 842
187665 187661 2613
187665 187663 816
187665 188117 1446
187665 188121 794
187604 187605 2480
187604 187606 988
187604 187608 948
187608 187604 948
187608 187609 752
187608 187614 3330
187608 187623 2751
187613 187611 804
187613 187614 2745
187613 187621 769
187613 187668 1519
187611 187612 2743
187611 187613 804
187611 187662 837
187611 187669 1356
187671 187662 1097
187671 187669 776
187606 187604 988
187606 187607 2541
187606 187610 805
187664 187663 466
187664 187666 842
187664 188119 963
187663 187664 466
187663 187665 816
187663 188119 824
188117 187665 1446
188117 188118 524
188117 188120 818
188117 188126 588
188121 187665 794
188121 188120 1439
188121 188125 884
187609 187608 752
187609 187610 2081
187609 187617 843
187623 187608 2751
187623 187622 1668
187623 187633 853
187623 187673 1559
187621 187613 769
187621 187622 827
187621 187670 1609
187668 187613 1519
187668 187669 810
187668 187670 788
187669 187611 1356
187669 187668 810
187669 187671 776
187610 187606 805
187610 187609 2081
187610 187618 817
188119 187663 824
188119 187664 963
188118 188117 524
188120 188117 818
188120 188121 1439
188120 188124 827
188120 188127 1006
188126 188117 588
188126 188127 917
188125 188121 884
188125 188124 1469
188125 188131 712
187617 187609 843
187617 187618 2033
187617 187619 786
187617 187627 2743
187622 187621 827
187622 187623 1668
187622 187674 1682
187633 187623 853
187633 187627 769
187633 187632 1640
187673 187623 1559
187673 187632 809
187673 187674 1715
187670 187621 1609
187670 187668 788
187670 187674 769
187618 187610 817
187618 187617 2033
187618 187620 865
187618 190143 852
188124 188120 827
188124 188125 1469
188124 188129 715
188124 188134 1371
188127 188120 1006
188127 188126 917
188127 188135 701
188127 188152 386
188131 188125 712
188131 188129 1429
188131 188130 810
187619 187617 786
187619 187620 1820
187619 187624 747
187619 187626 2760
187627 187617 2743
187627 187626 777
187627 187631 1797
187627 187633 769
187674 187622 1682
187674 187670 769
187674 187673 1715
187632 187631 845
187632 187633 1640
187632 187673 809
187620 187618 865
187620 187619 1820
187620 187625 858
187620 190143 261
190143 187618 852
190143 187620 261
190143 190144 1355
188129 188124 715
188129 188128 809
188129 188131 1429
188129 188136 1388
188134 188124 1371
188134 188135 248
188134 188136 705
188134 188145 111
188135 188127 701
188135 188134 248
188135 188145 222
188135 188152 630
188152 188127 386
188152 188135 630
188130 188128 1428
188130 188131 810
188130 188133 818
187624 187619 747
187624 187625 1535
187624 187628 891
187624 187630 2786
187626 187619 2760
187626 187627 777
187626 187630 794
187626 187634 1951
187631 187627 1797
187631 187632 845
187631 187634 776
187625 187620 858
187625 187624 1535
187625 187629 764
190144 188533 1245
190144 190143 1355
190144 190145 2628
188128 188129 809
188128 188130 1428
188128 188132 843
188128 188137 1390
188136 188129 1388
188136 188134 705
188136 188137 851
188136 188144 621
188145 188134 111
188145 188135 222
188145 188144 882
188145 188159 2631
188133 188130 818
188133 188132 1421
188133 188139 765
187628 187624 891
187628 187629 1380
187628 188528 778
187628 188534 2782
187630 187624 2786
187630 187626 794
187630 188534 769
187634 187626 1951
187634 187631 776
187634 188546 2517
187629 187625 764
187629 187628 1380
187629 188533 879
188533 187629 879
188533 188528 1249
188533 188529 763
188533 190144 1245
190145 188522 269
190145 190144 2628
188132 188128 843
188132 188133 1421
188132 188138 785
188132 188142 1388
188137 188128 1390
188137 188136 851
188137 188142 802
188137 188146 1086
188144 188136 621
188144 188145 882
188144 188146 988
188144 188158 2116
188159 188145 2631
188159 188158 747
188139 188133 765
188139 188138 1537
188139 188141 932
188528 187628 778
188528 188526 2785
188528 188527 826
188528 188533 1249
188534 187628 2782
188534 187630 769
188534 188526 860
188546 187634 2517
188546 188526 2637
188546 188541 827
188546 188550 1414
188529 188522 809
188529 188527 1462
188529 188533 763
188522 188520 1379
188522 188521 760
188522 188529 809
188522 190145 269
188138 188132 785
188138 188139 1537
188138 188140 879
188138 188143 1315
188142 188132 1388
188142 188137 802
188142 188143 802
188142 188147 1560
188146 188137 1086
188146 188144 988
188146 188147 935
188146 188160 1665
188158 188144 2116
188158 188159 747
188158 188160 802
188158 188167 2784
188141 188139 932
188141 188140 1445
188141 188569 934
188526 188525 802
188526 188528 2785
188526 188534 860
188526 188546 2637
188527 188520 730
188527 188525 2751
188527 188528 826
188527 188529 1462
188541 188525 2711
188541 188540 802
188541 188546 827
188541 188548 1356
188550 188546 1414
188550 188548 793
188550 188567 938
188550 188581 778
188520 188519 794
188520 188522 1379
188520 188527 730
188520 188530 2817
188520 188532 837
188521 188519 1354
188521 188522 760
188521 188524 892
188140 188138 879
188140 188141 1445
188140 188568 837
188140 188572 1347
188143 188138 1315
188143 188142 802
188143 188572 860
188143 189010 2056
188147 188142 1560
188147 188146 935
188147 188168 1152
188147 189010 899
188160 188146 1665
188160 188158 802
188160 188168 843
188160 188169 2760
188167 188158 2784
188167 188169 793
188167 188228 1551
188569 188141 934
188569 188568 971
188569 188571 918
188525 188526 802
188525 188527 2751
188525 188530 777
188525 188541 2711
188540 188530 2705
188540 188541 802
188540 188542 793
188540 188547 1298
188548 188541 1356
188548 188547 771
188548 188550 793
188548 188564 1355
188567 188550 938
188567 188566 516
188567 188579 537
188567 188582 417
188581 188550 778
188581 188578 860
188581 188580 1355
188519 188520 794
188519 188521 1354
188519 188523 916
188519 188532 270
188530 188520 2817
188530 188525 777
188530 188531 753
188530 188540 2705
188532 188519 270
188532 188520 837
188532 188531 2547
188532 188535 1026
188524 188370 900
188524 188521 892
188524 188523 1347
188568 188140 837
188568 188569 971
188568 188570 793
188568 188573 1399
188572 188140 1347
188572 188143 860
188572 188573 891
188572 189009 2775
189010 188143 2056
189010 188147 899
189010 189009 1101
189010 189013 652
188168 188147 1152
188168 188160 843
188168 189013 721
188168 189022 2793
188169 188160 2760
188169 188167 793
188169 189022 867
188169 189027 3081
188228 188167 1551
188571 188569 918
188571 188570 507
188571 188574 935
188542 188531 2748
188542 188540 793
188542 188543 891
188542 188549 1315
188547 188540 1298
188547 188548 771
188547 188549 827
188547 188563 1414
188564 188548 1355
188564 188563 842
188564 188566 474
188566 188564 474
188566 188567 516
188566 188582 360
188566 188593 271
188579 188567 537
188579 188580 402
188579 188582 295
188579 188590 405
188582 188566 360
188582 188567 417
188582 188579 295
188582 188590 302
188582 188593 231
188578 188574 785
188578 188577 1359
188578 188581 860
188580 188577 818
188580 188579 402
188580 188581 1355
188580 188587 2784
188523 188369 868
188523 188519 916
188523 188524 1347
188523 188535 711
188531 188530 753
188531 188532 2547
188531 188537 932
188531 188542 2748
188535 188372 937
188535 188523 711
188535 188532 1026
188535 188537 2114
188370 188369 1371
188370 188524 900
188570 188568 793
188570 188571 507
188570 188574 778
188570 188575 1346
188573 188568 1399
188573 188572 891
188573 188575 696
188573 189012 2718
189009 188572 2775
189009 189010 1101
189009 189011 299
189009 189013 867
189009 189016 2698
189013 188168 721
189013 189009 867
189013 189010 652
189013 189017 2780
189022 188168 2793
189022 188169 867
189022 189017 771
189022 189026 3061
189027 188169 3081
189027 189026 794
188574 188570 778
188574 188571 935
188574 188576 1374
188574 188578 785
188543 188537 2745
188543 188542 891
188543 188544 810
188543 188551 1281
188549 188542 1315
188549 188547 827
188549 188551 828
188549 188565 1339
188563 188547 1414
188563 188564 842
188563 188565 762
188593 188566 271
188593 188582 231
188593 188590 220
188593 190530 1459
188590 188579 405
188590 188582 302
188590 188589 2474
188590 188593 220
188577 188576 794
188577 188578 1359
188577 188580 818
188577 188588 2727
188587 188580 2784
188587 188588 810
188587 188589 680
188587 189021 2344
188369 187287 802
188369 188370 1371
188369 188372 1061
188369 188523 868
188537 188531 932
188537 188535 2114
188537 188536 836
188537 188543 2745
188372 188369 1061
188372 188371 813
188372 188535 937
188372 188536 1747
188575 188570 1346
188575 188573 696
188575 188576 867
188575 188592 2733
189012 188573 2718
189012 188592 834
189012 189011 606
189012 189014 450
189011 189009 299
189011 189012 606
189011 189014 774
189016 189009 2698
189016 189017 869
189016 189018 843
189016 189023 3150
189017 189013 2780
189017 189016 869
189017 189022 771
189017 189024 3144
189026 189022 3061
189026 189024 810
189026 189027 794
189026 189049 1559
188576 188574 1374
188576 188575 867
188576 188577 794
188576 188591 2719
188544 188536 2752
188544 188543 810
188551 188543 1281
188551 188549 828
188565 188549 1339
188565 188563 762
190530 188593 1459
188589 188587 680
188589 188590 2474
188588 188577 2727
188588 188587 810
188588 188591 810
189021 188587 2344
187287 188369 802
187287 188371 1282
188536 188372 1747
188536 188537 836
188536 188544 2752
188371 187287 1282
188371 188372 813
188592 188575 2733
188592 188591 769
188592 189012 834
189014 189011 774
189014 189012 450
189014 189018 2319
189018 189014 2319
189018 189016 843
189023 189016 3150
189023 189024 802
189024 189017 3144
189024 189023 802
189024 189026 810
189049 189026 1559
188591 188576 2719
188591 188588 810
188591 188592 769
200
187169
190485
190486
190844
190478
190691
190808
190848
190477
190480
190692
190809
187603
190685
190479
187648
190680
190684
187647
187652
190681
190823
190683
187645
187649
187651
190142
190682
187657
187650
187658
190141
190151
187656
187659
187615
187660
187616
187655
187661
187605
187614
187612
187662
187607
187654
187666
187665
187604
187608
187613
187611
187671
187606
187664
187663
188117
188121
187609
187623
187621
187668
187669
187610
188119
188118
188120
188126
188125
187617
187622
187633
187673
187670
187618
188124
188127
188131
187619
187627
187674
187632
187620
190143
188129
188134
188135
188152
188130
187624
187626
187631
187625
190144
188128
188136
188145
188133
187628
187630
187634
187629
188533
190145
188132
188137
188144
188159
188139
188528
188534
188546
188529
188522
188138
188142
188146
188158
188141
188526
188527
188541
188550
188520
188521
188140
188143
188147
188160
188167
188569
188525
188540
188548
188567
188581
188519
188530
188532
188524
188568
188572
189010
188168
188169
188228
188571
188542
188547
188564
188566
188579
188582
188578
188580
188523
188531
188535
188370
188570
188573
189009
189013
189022
189027
188574
188543
188549
188563
188593
188590
188577
188587
188369
188537
188372
188575
189012
189011
189016
189017
189026
188576
188544
188551
188565
190530
188589
188588
189021
187287
188536
188371
188592
189014
189018
189023
189024
189049
188591
