14
206632 206588 231
206632 206633 1929
205766 205768 1009
205768 205766 1009
206588 206632 231
206633 206632 1929
206654 206655 988
206655 206654 988
206752 206834 1095
206834 206752 1095
206899 209198 1834
209198 206899 1834
206898 206980 1009
206980 206898 1009
35
197108
197114
197134
205978
206004
206003
206008
206632
205760
205766
205768
205929
205940
214360
205772
206631
206643
206654
206655
206752
206834
206916
206918
206968
206979
206899
209198
198873
209235
209242
206898
206980
180927
180194
180219
