450
12962 12963 592
12962 29824 2360
12963 12962 592
12963 34009 3618
12963 34016 2136
29824 12962 2360
29824 29820 1765
29824 29834 2419
34009 12963 3618
34009 34010 2639
34009 34011 1320
34016 12963 2136
34016 29821 2953
29820 29821 3177
29820 29824 1765
29834 29824 2419
29834 29835 1720
29834 29837 916
34010 13826 1926
34010 34009 2639
34011 34009 1320
34011 34012 763
34011 34012 763
29821 29820 3177
29821 34016 2953
29835 29834 1720
29835 29841 1927
29835 29844 969
29837 29834 916
29837 29836 3397
29837 34018 1468
13826 13827 228
13826 34010 1926
13826 34135 265
34012 29830 1299
34012 30057 337
34012 34011 763
34012 34011 763
29841 29835 1927
29841 29842 1414
29841 29843 889
29844 29835 969
29844 30969 1157
29836 29833 194
29836 29837 3397
29836 30965 3018
34018 29837 1468
13827 13826 228
13827 27550 490
13827 27614 217
34135 13826 265
34135 27614 265
34135 29737 210
29830 29831 390
29830 34012 1299
29830 34013 395
30057 29789 723
30057 30905 1456
30057 34012 337
29842 29841 1414
29842 29845 1284
29843 29841 889
29843 29846 842
30969 29844 1157
30969 30089 381
30969 30968 3325
29833 29832 208
29833 29836 194
29833 30968 876
30965 29836 3018
27550 13827 490
27550 27551 724
27550 27608 155
27614 13827 217
27614 27608 417
27614 30272 1305
27614 34135 265
29737 29738 1188
29737 29783 1187
29737 34135 210
29831 29830 390
34013 29830 395
29789 29777 139
29789 29790 157
29789 30057 723
30905 30057 1456
30905 30904 1324
29845 29842 1284
29846 29843 842
30089 30090 2688
30089 30969 381
30089 31190 587
30968 29833 876
30968 30969 3325
29832 29833 208
29832 30966 2013
27551 27550 724
27551 29786 1477
27608 27550 155
27608 27614 417
27608 27615 1370
27608 30238 1261
30272 27614 1305
30272 29655 1828
30272 30238 293
30272 34924 211
29738 29737 1188
29783 27439 804
29783 29737 1187
29783 29740 872
29777 29778 17
29777 29789 139
29790 29780 502
29790 29789 157
30904 29778 26
30904 30905 1324
30090 30087 440
30090 30089 2688
31190 30089 587
31190 30091 1015
31190 31191 1629
30966 29832 2013
30966 30967 2085
29786 27551 1477
29786 29787 421
27615 27608 1370
27615 30238 436
27615 30239 2044
30238 27608 1261
30238 27615 436
30238 30272 293
30238 31193 2099
29655 27436 2834
29655 30272 1828
29655 34926 541
34924 30272 211
27439 27438 879
27439 29783 804
27439 34926 385
29740 29741 837
29740 29782 399
29740 29783 872
29778 14337 248
29778 29777 17
29778 30904 26
29780 29781 459
29780 29790 502
29780 34250 369
30087 30085 4509
30087 30088 842
30087 30090 440
30091 30092 3255
30091 31190 1015
30091 31192 3206
31191 31190 1629
30967 30966 2085
30967 30972 1090
29787 28954 1239
29787 29784 49
29787 29786 421
30239 27615 2044
30239 30237 208
30239 30275 575
30239 34236 261
31193 30238 2099
31193 30246 460
31193 34133 480
31193 34236 221
27436 24028 349
27436 27437 1212
27436 29655 2834
34926 27438 1006
34926 27439 385
34926 29655 541
27438 27439 879
27438 29782 405
27438 34926 1006
29741 29740 837
29782 27438 405
29782 29740 399
14337 14336 1086
14337 14336 1086
14337 29778 248
29781 29780 459
34250 29780 369
30085 30087 4509
30088 30087 842
30088 34327 194
30092 30091 3255
30092 34714 467
31192 30091 3206
30972 30967 1090
30972 30973 510
30972 30981 3222
28954 28946 2329
28954 29787 1239
28954 34864 927
28954 34875 1087
29784 29787 49
30237 30236 1104
30237 30239 208
30275 30239 575
30275 30246 206
30275 34236 496
34236 30239 261
34236 30275 496
34236 31193 221
30246 27590 220
30246 30275 206
30246 31193 460
34133 31193 480
24028 14336 242
24028 27436 349
24028 29779 1058
27437 27436 1212
14336 14337 1086
14336 14337 1086
14336 24028 242
34327 30088 194
34714 30092 467
30973 30971 1271
30973 30972 510
30973 30974 594
30981 30972 3222
30981 31198 654
30981 34813 3231
28946 28954 2329
34864 28954 927
34864 30236 1291
34864 34865 1456
34864 34876 747
34875 28954 1087
30236 30237 1104
30236 34864 1291
30236 34872 306
27590 27591 528
27590 30246 220
29779 24028 1058
30971 30958 2260
30971 30973 1271
30971 30975 1921
30971 30976 1097
30974 30973 594
31198 30981 654
31198 31204 266
34813 30981 3231
34865 34864 1456
34865 34866 284
34865 34867 1523
34876 34864 747
34872 30236 306
34872 34868 719
34872 34874 1125
27591 27590 528
30958 30956 1980
30958 30957 612
30958 30971 2260
30975 30964 1107
30975 30971 1921
30975 30978 496
30976 30971 1097
31204 31198 266
31204 31205 1771
31204 31206 3054
34866 34865 284
34867 34865 1523
34867 34868 782
34867 34871 1155
34868 34867 782
34868 34872 719
34868 34873 1171
34874 34872 1125
30956 30955 2159
30956 30958 1980
30956 30970 1480
30957 30958 612
30964 30960 1004
30964 30975 1107
30964 30977 962
30978 30975 496
30978 30979 1034
30978 30980 4134
31205 31204 1771
31206 31204 3054
31206 31207 1495
34871 34867 1155
34873 34868 1171
30955 30956 2159
30970 30956 1480
30960 30959 2028
30960 30963 1984
30960 30964 1004
30977 30964 962
30979 30978 1034
30980 30978 4134
30980 30989 814
30980 31004 3403
31207 31206 1495
30959 30960 2028
30959 30961 4109
30963 30960 1984
30989 24002 692
30989 30980 814
30989 30990 1890
31004 30980 3403
31004 31005 1938
31004 31199 840
30961 30959 4109
30961 30962 2857
30961 30986 1507
24002 24001 3093
24002 30989 692
24002 31003 468
30990 30986 1454
30990 30989 1890
30990 35269 2113
31005 31004 1938
31199 31004 840
31199 31200 2603
31199 31203 1580
30962 30961 2857
30986 30961 1507
30986 30990 1454
30986 30991 1305
24001 24002 3093
24001 24006 1686
24001 29620 1321
31003 24002 468
35269 30990 2113
31200 31199 2603
31203 31199 1580
31203 31201 1178
31203 31212 2417
30991 30986 1305
24006 24001 1686
24006 24007 253
24006 35449 2372
29620 24001 1321
29620 29623 1198
29620 31009 889
31201 31202 1036
31201 31203 1178
31201 31210 2073
31212 31203 2417
31212 31209 2273
31212 31213 743
24007 24006 253
35449 24006 2372
29623 29620 1198
31009 29620 889
31009 31008 440
31009 34861 591
31202 31201 1036
31210 31201 2073
31209 31211 836
31209 31212 2273
31213 31211 2139
31213 31212 743
31213 31234 2396
31008 31009 440
31008 31245 873
31008 34861 544
34861 31008 544
34861 31009 591
34861 31259 1856
31211 31209 836
31211 31213 2139
31211 31232 945
31234 31213 2396
31234 31235 1154
31234 31251 2062
31245 31008 873
31245 31241 1451
31245 34612 775
31259 31019 1550
31259 33339 1135
31259 34861 1856
31232 31211 945
31232 31233 1573
31235 31234 1154
31235 31237 1484
31235 31276 1918
31235 31288 1083
31251 31195 1596
31251 31234 2062
31251 31255 1382
31251 31276 1073
31241 31242 2079
31241 31243 214
31241 31245 1451
34612 31245 775
31019 31016 2502
31019 31020 744
31019 31259 1550
33339 31259 1135
31233 31232 1573
31237 31235 1484
31237 31238 1981
31276 31235 1918
31276 31251 1073
31276 31279 619
31288 31007 801
31288 31235 1083
31288 31280 1783
31195 31196 429
31195 31197 894
31195 31251 1596
31255 31251 1382
31255 31253 1199
31255 31256 1020
31242 31241 2079
31243 31239 1080
31243 31241 214
31243 31246 2138
31016 31017 2075
31016 31018 1933
31016 31019 2502
31020 31019 744
31020 31263 1328
31020 31265 884
31238 31237 1981
31279 31256 756
31279 31276 619
31279 31277 372
31279 31280 1127
31007 31006 981
31007 31288 801
31007 31290 409
31280 31278 728
31280 31279 1127
31280 31288 1783
31196 31195 429
31197 31195 894
31253 31255 1199
31256 31255 1020
31256 31277 620
31256 31279 756
31239 31243 1080
31246 31243 2138
31017 31016 2075
31018 31016 1933
31263 31020 1328
31265 31020 884
31277 31256 620
31277 31278 1110
31277 31279 372
31006 31007 981
31290 31007 409
31278 31277 1110
31278 31280 728
41
29821
30085
31192
29784
28946
34867
34868
31206
34871
34873
31207
31003
31209
31211
31234
31232
31235
31251
31233
31237
31276
31288
31195
31255
31238
31279
31007
31280
31196
31197
31253
31256
31239
31246
31018
31263
31265
31277
31006
31290
31278
