18
199873 200050 769
199872 199871 793
200050 199873 769
200032 199991 2024
199991 200032 2024
199871 199872 793
199887 199940 594
199940 199887 594
200484 200490 675
200490 200484 675
200490 200491 2557
200490 200492 902
200491 200490 2557
200456 200457 866
200457 200456 866
200492 200490 902
200508 200519 769
200519 200508 769
31
199873
199872
200046
200049
200050
200032
199987
199991
199871
214618
199887
199940
199941
199937
199942
200491
200530
199930
199959
200456
200464
200468
200472
200528
139522
139527
200736
200492
199963
200507
200508
