18
48484 48483 452
48483 48484 452
48483 48485 1398
47699 47770 752
47770 47699 752
48096 48098 3590
48485 48483 1398
48098 48096 3590
48104 48113 2560
48113 48104 2560
48121 48205 101
48221 48222 653
48116 48172 1162
48172 48116 1162
48172 48175 1165
48175 48172 1165
48205 48121 101
48222 48221 653
36
48484
48483
47667
47694
47695
47666
47692
47699
47770
47817
47818
47819
47820
48096
48485
48098
48104
48113
48115
48120
48135
48138
48221
48016
48158
48159
48014
48042
48046
48116
48175
48205
48206
48222
48286
47469
