14
114547 114608 1114
114608 114547 1114
115257 115263 1342
115263 115257 1342
115150 115176 1669
115176 115150 1669
115586 115587 1607
115586 115587 1607
115587 115586 1607
115587 115586 1607
115598 115599 1649
115599 115588 474
115599 115598 1649
115588 115599 474
33
179090
114528
114626
114522
114547
114551
114608
114553
114560
114687
115259
116210
115257
115263
115481
115530
115499
115002
115068
115105
115238
115262
115082
115088
115096
115101
115150
115176
115299
115588
115609
106335
106386
