14
147602 147606 2259
147606 147602 2259
147636 147707 2378
147707 147636 2378
147707 148210 2563
148210 147707 2563
148244 148232 864
148231 148233 812
148232 148244 864
148233 148231 812
148293 148300 283
148300 148293 283
149047 149054 852
149054 149047 852
38
151250
151262
151266
151295
142976
142980
143150
147572
147580
147579
147602
147606
147633
147636
147707
148210
148243
148244
148231
148232
148233
148317
148272
148293
148300
148303
148311
148316
148440
148442
149097
149047
149054
149060
149098
212681
146502
146351
