24
190450 190257 801
190257 190450 801
142190 142191 414
142191 142156 1771
142191 142190 414
142207 142203 751
142211 142335 962
142335 142211 962
141372 141371 833
141371 141372 833
142203 142207 751
142149 142157 1983
142157 142149 1983
142157 142156 2260
141680 141682 219
141682 141680 219
141682 141684 58
141684 141682 58
141766 141764 633
141744 142147 802
141764 141766 633
142147 141744 802
142156 142157 2260
142156 142191 1771
38
190450
190044
190384
190257
189665
190001
190004
190472
141362
141367
142190
142191
142207
142211
141356
142335
142341
141359
141372
141371
141369
142203
141409
142157
141655
141680
141682
141684
141766
141742
141744
141755
141764
151609
141757
141761
142147
142156
