14
196183 196186 857
195447 195448 1140
195448 195447 1140
196186 196183 857
141001 141016 1113
141016 141001 1113
141112 141124 1328
141124 141112 1328
190300 190349 1308
190349 190300 1308
190357 190366 677
190366 190357 677
186591 186576 728
186576 186591 728
39
195514
195432
195512
195524
195525
195441
196183
195444
195447
195448
196203
196186
141297
141337
141383
141398
140711
140995
141001
141016
141017
141024
141107
141112
141128
141215
141124
190290
190298
190299
190300
190349
190357
190366
186591
186600
186601
186576
189702
