16
110982 110984 750
110984 110982 750
111063 111062 946
111062 111063 946
111510 111517 782
111517 111510 782
111603 111604 905
111613 111604 893
111613 111612 551
111608 111607 378
111607 111608 378
111612 111613 551
111604 111603 905
111604 111613 893
111431 111430 1700
111430 111431 1700
38
110982
110984
110987
111053
111063
111062
111061
111057
111079
110152
111243
111247
111253
111277
111284
111288
111297
111310
111352
111363
103365
111490
111510
111517
111610
111603
111608
111607
111612
111604
111453
111409
111410
111431
111436
111430
112482
112625
