462
93349 93350 9242
93349 98638 561
93350 93349 9242
93350 93353 2270
93350 98647 354
98638 93349 561
98638 98627 1748
98638 103195 667
93353 93350 2270
93353 93354 3911
98647 93350 354
98647 98646 2725
98627 98550 4769
98627 98637 3572
98627 98638 1748
103195 98638 667
93354 93353 3911
93354 93404 2641
98646 98585 708
98646 98645 1576
98646 98647 2725
98550 98551 706
98550 98589 2542
98550 98627 4769
98637 98627 3572
98637 98632 757
93404 93354 2641
93404 93405 4584
93404 93417 2905
93404 102692 4294
98585 98582 11252
98585 98615 3637
98585 98646 708
98645 98615 3572
98645 98646 1576
98645 98648 983
98551 94692 1017
98551 98550 706
98551 102009 1003
98589 98550 2542
98589 98588 1362
98632 98633 1598
98632 98634 889
98632 98637 757
93405 93404 4584
93405 93406 1054
93405 93413 2544
93417 93404 2905
93417 93416 3427
93417 94626 1489
102692 93404 4294
102692 98802 994
98582 98321 8727
98582 98583 782
98582 98585 11252
98615 98585 3637
98615 98621 419
98615 98645 3572
98648 98645 983
98648 98649 1671
94692 94693 500
94692 94694 1044
94692 98551 1017
102009 98551 1003
98588 98577 2283
98588 98587 1675
98588 98589 1362
98633 98632 1598
98634 98632 889
98634 98635 924
98634 98636 445
93406 93405 1054
93406 93409 953
93406 94339 1420
93413 93405 2544
93413 93426 249
93416 93417 3427
93416 93418 2001
93416 93419 1377
94626 93417 1489
94626 94627 1640
94626 94628 2210
98802 98801 4045
98802 102692 994
98321 98322 3979
98321 98582 8727
98583 98577 580
98583 98582 782
98621 98615 419
98621 98620 331
98621 102734 225
98649 98623 713
98649 98648 1671
98649 98650 1098
94693 94692 500
94694 94692 1044
94694 94695 534
94694 94698 2620
98577 98572 1680
98577 98583 580
98577 98588 2283
98587 98588 1675
98635 98634 924
98636 98634 445
93409 93406 953
93409 93407 1878
93409 93410 666
94339 93406 1420
94339 94336 957
94339 94338 483
93426 93413 249
93426 93427 1243
93426 102033 863
93418 93416 2001
93418 93420 3060
93419 93416 1377
93419 93421 5522
93419 93422 336
94627 94626 1640
94628 94626 2210
98801 98802 4045
98322 98321 3979
98322 98580 1733
98322 98590 1092
98620 98595 1661
98620 98621 331
102734 98621 225
98623 98622 818
98623 98624 1344
98623 98649 713
98650 98624 778
98650 98649 1098
98650 98651 2002
98650 98652 1260
94695 94694 534
94695 94699 1425
94695 94699 1425
94698 94694 2620
98572 98565 737
98572 98577 1680
98572 98578 1114
93407 93355 2808
93407 93408 1124
93407 93409 1878
93410 93409 666
93410 93411 448
93410 94336 528
94336 93410 528
94336 94337 445
94336 94339 957
94338 94337 201
94338 94339 483
93427 93420 869
93427 93426 1243
93427 103038 475
102033 93426 863
93420 93418 3060
93420 93427 869
93420 93428 859
93421 93419 5522
93421 93459 1422
93421 93485 1377
93422 93419 336
93422 93424 810
98580 98322 1733
98580 98584 1227
98590 98322 1092
98590 98584 1522
98590 102560 702
98595 98620 1661
98622 98623 818
98622 98626 1596
98624 98623 1344
98624 98626 778
98624 98650 778
98624 98653 931
98651 98650 2002
98651 98652 1556
98652 98650 1260
98652 98651 1556
98652 98653 950
94699 94695 1425
94699 94695 1425
94699 94700 617
98565 98508 1474
98565 98564 1761
98565 98571 1761
98565 98572 737
98578 98566 696
98578 98572 1114
98578 98579 947
93355 93356 1124
93355 93407 2808
93408 93356 3140
93408 93407 1124
93408 93411 1796
93411 93408 1796
93411 93410 448
93411 93412 1979
94337 94336 445
94337 94338 201
103038 93427 475
93428 93420 859
93428 93429 2295
93428 93430 1437
93459 93421 1422
93459 93458 984
93459 93465 918
93485 93421 1377
93485 93468 2567
93485 93487 556
93424 93422 810
93424 93423 600
93424 95427 820
98584 98580 1227
98584 98586 425
98584 98590 1522
102560 98590 702
98626 98622 1596
98626 98624 778
98626 98630 778
98626 98654 756
98653 98624 931
98653 98652 950
98653 98654 688
94700 94699 617
94700 94717 459
94700 94718 2238
98508 98320 2826
98508 98565 1474
98508 102846 1781
98564 98563 475
98564 98565 1761
98564 98566 806
98564 98567 975
98571 98565 1761
98571 98573 1775
98571 98574 872
98566 98564 806
98566 98568 826
98566 98578 696
98579 98578 947
93356 93355 1124
93356 93408 3140
93412 93411 1979
93412 93525 451
93412 94622 1858
93429 93428 2295
93429 93433 1234
93429 93434 4706
93430 93428 1437
93430 93440 2935
93430 93443 1461
93458 93403 1600
93458 93459 984
93458 93461 1979
93465 93459 918
93468 93464 1993
93468 93485 2567
93468 93489 1205
93487 93485 556
93487 93488 1556
93487 93489 2298
93423 93424 600
93423 93425 1724
93423 93486 2253
95427 93424 820
95427 95462 757
95427 102701 822
98586 98584 425
98630 98626 778
98630 98655 756
98654 98626 756
98654 98653 688
98654 98655 778
94717 94700 459
94717 94718 1793
94717 94718 1793
94718 94700 2238
94718 94717 1793
94718 94717 1793
94718 94719 892
98320 98319 463
98320 98508 2826
98320 98510 740
102846 98508 1781
98563 98564 475
98567 98564 975
98573 98571 1775
98574 98571 872
98574 98575 2877
98574 98576 672
98568 98566 826
98568 98569 1031
98568 98570 758
93525 93412 451
93525 93524 1245
93525 103039 733
94622 93412 1858
94622 94334 804
94622 94616 590
93433 93429 1234
93433 93432 639
93433 93435 151
93434 93429 4706
93434 93502 1375
93434 93503 1334
93440 93430 2935
93440 93439 410
93440 93441 2708
93443 93430 1461
93443 93442 1358
93443 93444 736
93403 93400 1684
93403 93457 1669
93403 93458 1600
93461 93456 2331
93461 93457 2334
93461 93458 1979
93461 93462 716
93464 93463 2433
93464 93467 2106
93464 93468 1993
93464 103037 639
93489 93468 1205
93489 93487 2298
93489 102241 437
93488 93486 2542
93488 93487 1556
93488 93490 516
93425 93423 1724
93425 93495 1928
93425 93497 443
93486 93423 2253
93486 93488 2542
93486 93493 1901
95462 95427 757
102701 95427 822
98655 98630 756
98655 98654 778
98655 98657 847
94719 94718 892
94719 94907 904
94719 94917 2498
98319 98308 1769
98319 98314 924
98319 98320 463
98510 98320 740
98510 98543 1046
98510 98544 627
98575 98574 2877
98576 98574 672
98569 98568 1031
98570 98568 758
98570 102998 1497
93524 93415 818
93524 93525 1245
93524 93526 562
103039 93525 733
94334 94335 149
94334 94612 794
94334 94622 804
94616 94615 491
94616 94622 590
94616 94623 403
93432 93431 3277
93432 93433 639
93432 93436 1240
93435 93415 1794
93435 93433 151
93502 93434 1375
93502 93441 1000
93502 93444 1308
93502 93504 931
93503 93434 1334
93503 93539 1385
93439 93438 167
93439 93440 410
93441 93440 2708
93441 93501 1848
93441 93502 1000
93442 93443 1358
93444 93443 736
93444 93502 1308
93400 93399 764
93400 93402 1445
93400 93403 1684
93457 93403 1669
93457 93461 2334
93456 93455 734
93456 93461 2331
93462 93461 716
93462 93463 48
93462 95716 811
93463 93462 48
93463 93464 2433
93463 93466 836
93467 93464 2106
93467 93466 302
93467 93476 1427
103037 93464 639
102241 93489 437
102241 102335 270
93490 93488 516
93490 93491 1280
93490 93493 2028
93495 93425 1928
93495 93494 1197
93495 93500 556
93497 93425 443
93497 93498 2347
93497 93499 2574
93493 93486 1901
93493 93490 2028
93493 93492 1198
98657 98655 847
94907 94719 904
94907 94926 574
94917 94719 2498
98308 98319 1769
98314 98319 924
98543 98510 1046
98544 98510 627
102998 98570 1497
93415 93435 1794
93415 93524 818
93526 93524 562
94335 94334 149
94612 94334 794
94615 94616 491
94623 94616 403
93431 93432 3277
93436 93432 1240
93436 93539 1304
93504 93502 931
93539 93436 1304
93539 93503 1385
93438 93439 167
93501 93441 1848
93501 93498 1344
93399 93400 764
93402 93400 1445
93455 93456 734
95716 93462 811
93466 93463 836
93466 93467 302
93476 93467 1427
102335 102241 270
93491 93490 1280
93491 93492 2016
93494 93492 1950
93494 93495 1197
93500 93495 556
93498 93497 2347
93498 93499 975
93498 93501 1344
93499 93497 2574
93499 93498 975
93492 93491 2016
93492 93493 1198
93492 93494 1950
94926 94907 574
200
93349
93350
98638
93353
98647
98627
103195
93354
98646
98550
98637
93404
98585
98645
98551
98589
98632
93405
93417
102692
98582
98615
98648
94692
102009
98588
98633
98634
93406
93413
93416
94626
98802
98321
98583
98621
98649
94693
94694
98577
98587
98635
98636
93409
94339
93426
93418
93419
94627
94628
98801
98322
98620
102734
98623
98650
94695
94698
98572
93407
93410
94336
94338
93427
102033
93420
93421
93422
98580
98590
98595
98622
98624
98651
98652
94699
98565
98578
93355
93408
93411
94337
103038
93428
93459
93485
93424
98584
102560
98626
98653
94700
98508
98564
98571
98566
98579
93356
93412
93429
93430
93458
93465
93468
93487
93423
95427
98586
98630
98654
94717
94718
98320
102846
98563
98567
98573
98574
98568
93525
94622
93433
93434
93440
93443
93403
93461
93464
93489
93488
93425
93486
95462
102701
98655
94719
98319
98510
98575
98576
98569
98570
93524
103039
94334
94616
93432
93435
93502
93503
93439
93441
93442
93444
93400
93457
93456
93462
93463
93467
103037
102241
93490
93495
93497
93493
98657
94907
94917
98308
98314
98543
98544
102998
93415
93526
94335
94612
94615
94623
93431
93436
93504
93539
93438
93501
93399
93402
93455
95716
93466
93476
102335
93491
93494
93500
93498
93499
93492
94926
