16
200848 200853 449
200853 200848 449
206304 206326 1781
206357 206388 679
206326 206304 1781
206388 206357 679
208817 208819 825
208819 208817 825
208890 208891 780
208891 208874 834
208891 208890 780
208874 208875 784
208874 208891 834
208878 208879 715
208875 208874 784
208879 208878 715
38
200848
200853
200856
200897
206090
206095
206275
206276
206285
206298
206304
206357
206326
206386
206388
206378
206382
206385
208817
208819
208852
194880
208890
208891
194846
208874
208878
208873
208875
201483
208879
208880
208881
201589
201590
208967
201599
201639
