20
12460 12461 839
12461 12460 839
11786 11787 778
11726 11752 2118
11732 11734 756
11752 11726 2118
11734 11732 756
11787 11786 778
11884 11679 809
11679 11884 809
11673 11675 688
11675 11673 688
11939 11941 1139
11941 11939 1139
12045 12054 950
12045 12054 950
12040 12056 788
12054 12045 950
12054 12045 950
12056 12040 788
36
12460
12461
11776
11783
12455
12500
11786
11789
11726
11727
11732
11752
11734
11787
11749
11756
11647
11884
11678
11679
11673
11675
11937
11939
11941
11948
12032
12038
12040
12060
12056
12070
34359
9830
12137
12143
