506
194793 194794 2809
194793 201917 369
194794 194793 2809
194794 201810 623
194794 201812 810
201917 194793 369
201917 201809 790
201917 214523 98
201810 194794 623
201810 201809 2397
201810 201811 802
201812 194794 810
201812 201821 1143
201812 201831 804
201809 201807 780
201809 201810 2397
201809 201917 790
214523 201917 98
214523 214400 122
201811 201807 1957
201811 201810 802
201811 201820 750
201811 201821 897
201821 201811 897
201821 201812 1143
201831 201812 804
201807 201801 1269
201807 201809 780
201807 201811 1957
201807 201816 773
214400 201806 194
214400 201808 4209
214400 214523 122
201820 201811 750
201820 201816 1722
201801 201800 1953
201801 201806 1042
201801 201807 1269
201801 201815 778
201816 201807 773
201816 201815 1380
201816 201820 1722
201806 201801 1042
201806 214400 194
201808 201780 639
201808 214400 4209
201800 201713 943
201800 201801 1953
201800 201804 864
201815 201801 778
201815 201816 1380
201780 201779 765
201780 201808 639
201713 201712 671
201713 201718 486
201713 201800 943
201804 201800 864
201804 201803 1132
201804 201805 920
201779 201620 2608
201779 201780 765
201712 201713 671
201712 201718 327
201712 214836 1711
201718 201712 327
201718 201713 486
201718 201721 1613
201718 201723 1328
201718 201803 1517
201803 201718 1517
201803 201758 937
201803 201804 1132
201805 201758 1110
201805 201759 936
201805 201804 920
201620 201619 594
201620 201779 2608
214836 201712 1711
201721 201711 477
201721 201718 1613
201721 201722 846
201721 201723 766
201723 201718 1328
201723 201721 766
201723 201756 2519
201723 214592 1023
201758 201756 1230
201758 201759 1474
201758 201803 937
201758 201805 1110
201759 201758 1474
201759 201805 936
201759 201813 440
201619 201618 637
201619 201620 594
201711 201710 1276
201711 201721 477
201722 201721 846
201722 201778 149
201756 201723 2519
201756 201757 1327
201756 201758 1230
201756 214470 511
214592 201720 574
214592 201723 1023
201813 201759 440
201618 201617 266
201618 201619 637
201710 201526 164
201710 201711 1276
201710 201719 1601
201778 201722 149
201757 201756 1327
214470 201756 511
201720 201716 1170
201720 214592 574
201617 201612 594
201617 201618 266
201526 201527 1064
201526 201694 1566
201526 201710 164
201719 201710 1601
201716 201717 675
201716 201720 1170
201716 201754 173
201612 201611 336
201612 201613 433
201612 201614 556
201612 201617 594
201527 201526 1064
201527 201708 24
201527 201709 172
201694 201526 1566
201694 201691 706
201694 201695 1349
201717 201716 675
201717 201755 991
201717 214504 383
201754 201716 173
201754 209747 633
201611 201608 1108
201611 201612 336
201613 201610 456
201613 201612 433
201613 201614 876
201614 201612 556
201614 201613 876
201614 201626 2136
201708 201527 24
201708 201715 1312
201709 201527 172
201691 201690 275
201691 201694 706
201695 201694 1349
201755 201717 991
214504 201717 383
214504 214505 325
209747 201754 633
201608 201607 357
201608 201611 1108
201610 201604 278
201610 201613 456
201626 201614 2136
201715 201697 857
201715 201708 1312
201715 201714 1218
201690 201682 533
201690 201691 275
214505 214504 325
214505 214591 815
201607 201606 584
201607 201608 357
201604 201577 665
201604 201603 1483
201604 201609 1813
201604 201610 278
201697 201693 1216
201697 201696 868
201697 201715 857
201714 201693 938
201714 201715 1218
201682 201678 574
201682 201689 939
201682 201690 533
214591 214505 815
201606 201605 761
201606 201607 584
201577 201575 1380
201577 201576 867
201577 201604 665
201603 201575 709
201603 201601 950
201603 201604 1483
201609 201596 2004
201609 201604 1813
201609 201621 2681
201693 201530 847
201693 201697 1216
201693 201714 938
201696 201530 1428
201696 201692 835
201696 201697 868
201678 201681 827
201678 201682 574
201689 201525 759
201689 201681 745
201689 201682 939
201605 201489 6775
201605 201606 761
201575 201568 942
201575 201573 1092
201575 201577 1380
201575 201603 709
201576 201568 1384
201576 201577 867
201576 201578 522
201601 201602 319
201601 201603 950
201596 201578 1842
201596 201594 779
201596 201609 2004
201596 215034 678
201621 201609 2681
201530 201529 709
201530 201693 847
201530 201696 1428
201692 199264 736
201692 201529 1580
201692 201696 835
201681 201678 827
201681 201689 745
201525 201523 955
201525 201524 1122
201525 201689 759
201489 201488 1870
201489 201605 6775
201568 201556 1046
201568 201570 693
201568 201575 942
201568 201576 1384
201573 201574 292
201573 201575 1092
201578 201572 256
201578 201576 522
201578 201596 1842
201602 201601 319
201594 201583 955
201594 201593 1916
201594 201596 779
215034 201596 678
201529 201528 688
201529 201530 709
201529 201692 1580
199264 199265 1338
199264 201528 1610
199264 201692 736
201523 201522 965
201523 201525 955
201523 201528 1074
201523 214596 708
201524 201525 1122
201488 201321 4638
201488 201489 1870
201488 214896 454
201556 201557 440
201556 201568 1046
201570 201565 623
201570 201568 693
201570 201569 804
201570 201572 1469
201574 201573 292
201572 201570 1469
201572 201578 256
201572 201593 438
201583 201551 1931
201583 201582 796
201583 201594 955
201593 201571 255
201593 201572 438
201593 201594 1916
201528 199264 1610
201528 201523 1074
201528 201529 688
199265 199264 1338
201522 201523 965
214596 201523 708
201321 201318 774
201321 201322 1253
201321 201325 838
201321 201488 4638
214896 201299 2397
214896 201488 454
201557 201555 1163
201557 201556 440
201557 201559 932
201565 201549 867
201565 201564 1252
201565 201570 623
201565 201571 1360
201569 201570 804
201551 201549 1380
201551 201550 796
201551 201571 779
201551 201583 1931
201582 201550 1931
201582 201580 779
201582 201583 796
201582 201585 1701
201571 201551 779
201571 201565 1360
201571 201593 255
201318 201316 759
201318 201319 1380
201318 201321 774
201322 201319 709
201322 201321 1253
201322 201324 1741
201322 201326 867
201325 201321 838
201325 201326 1038
201325 201492 2703
201299 201293 2683
201299 201305 3917
201299 214896 2397
201555 201554 300
201555 201557 1163
201555 201559 611
201559 201555 611
201559 201557 932
201559 201558 255
201549 201546 773
201549 201548 1748
201549 201551 1380
201549 201565 867
201564 201565 1252
201550 201546 1487
201550 201547 758
201550 201551 796
201550 201582 1931
201580 201547 2020
201580 201582 779
201585 201582 1701
201316 201309 433
201316 201317 1128
201316 201318 759
201319 201317 774
201319 201318 1380
201319 201322 709
201319 201323 1717
201324 201322 1741
201324 201323 796
201324 201327 755
201324 201428 1590
201326 201322 867
201326 201325 1038
201326 201327 1824
201326 201328 959
201492 201325 2703
201492 201493 730
201492 201495 846
201293 201292 4035
201293 201297 666
201293 201299 2683
201305 201299 3917
201305 201303 427
201305 201304 527
201305 201306 595
201554 201552 582
201554 201555 300
201558 201553 219
201558 201559 255
201558 201560 470
201546 201544 756
201546 201545 1618
201546 201549 773
201546 201550 1487
201548 201549 1748
201547 201448 792
201547 201544 1504
201547 201550 758
201547 201580 2020
201309 201308 1468
201309 201313 434
201309 201316 433
201317 201314 871
201317 201316 1128
201317 201319 774
201317 201320 1722
201323 201319 1717
201323 201320 756
201323 201324 796
201323 201427 1594
201327 201324 755
201327 201326 1824
201327 201329 885
201327 201431 1487
201428 201324 1590
201428 201427 778
201428 201431 797
201428 201432 1253
201328 201326 959
201328 201329 1827
201328 201490 938
201493 201490 885
201493 201492 730
201493 201494 973
201495 201492 846
201495 201496 1540
201292 201293 4035
201292 214837 3477
201297 201287 1626
201297 201293 666
201297 201296 475
201297 201298 446
201303 201288 805
201303 201304 387
201303 201305 427
201304 201300 1610
201304 201303 387
201304 201305 527
201306 201301 2171
201306 201305 595
201552 201500 1348
201552 201538 774
201552 201554 582
201553 201504 2025
201553 201558 219
201553 201561 693
201560 201558 470
201560 201563 1027
201544 201447 802
201544 201543 1589
201544 201546 756
201544 201547 1504
201545 201546 1618
201448 201446 758
201448 201447 1468
201448 201547 792
201308 201302 755
201308 201309 1468
201313 201307 419
201313 201309 434
201313 201314 1145
201314 201311 594
201314 201313 1145
201314 201315 1722
201314 201317 871
201320 201315 871
201320 201317 1722
201320 201323 756
201320 201414 1589
201427 201323 1594
201427 201414 774
201427 201428 778
201427 201430 1274
201329 201327 885
201329 201328 1827
201329 201531 1572
201329 201532 686
201431 201327 1487
201431 201428 797
201431 201531 848
201432 201428 1253
201432 201430 691
201490 201328 938
201490 201493 885
201494 201493 973
201494 201496 709
201496 201494 709
201496 201495 1540
214837 201292 3477
201287 201297 1626
201296 201297 475
201298 201297 446
201288 201303 805
201300 201301 1229
201300 201304 1610
201301 201300 1229
201301 201302 789
201301 201306 2171
201500 201504 774
201500 201552 1348
201538 201552 774
201504 201500 774
201504 201553 2025
201561 201553 693
201563 201560 1027
201447 201448 1468
201447 201544 802
201543 201544 1589
201446 201448 758
201302 201301 789
201302 201307 1455
201302 201308 755
201307 201302 1455
201307 201313 419
201311 201314 594
201315 201314 1722
201315 201320 871
201414 201320 1589
201414 201427 774
201430 201427 1274
201430 201432 691
201531 201329 1572
201531 201431 848
201532 201329 686
63
201821
201831
201820
201816
201815
201759
201813
201719
201695
201626
201690
201682
201678
201689
201621
201681
201525
201523
201524
201583
201528
201522
214596
201551
201582
201571
201549
201550
201580
201585
201546
201548
201547
201544
201545
201448
201431
201432
201490
201494
201496
214837
201287
201298
201288
201300
201301
201500
201538
201504
201561
201563
201447
201543
201446
201302
201307
201311
201315
201414
201430
201531
201532
