502
42465 42476 3927
42465 42484 605
42476 42465 3927
42476 42478 697
42484 42465 605
42484 42499 1248
42478 42476 697
42478 42479 1619
42478 42499 3156
42499 42478 3156
42499 42484 1248
42499 42492 983
42479 42478 1619
42479 42500 2683
42479 42502 276
42492 42485 2407
42492 42499 983
42492 42500 1014
42492 42505 1208
42500 42479 2683
42500 42492 1014
42500 42501 1873
42502 42479 276
42502 42501 1350
42502 42503 475
42485 42492 2407
42485 42495 931
42505 42492 1208
42501 42500 1873
42501 42502 1350
42501 42504 1073
42503 42502 475
42495 42485 931
42495 42496 2544
42504 42501 1073
42504 43571 3676
42496 42495 2544
42496 42506 2154
42496 43549 782
42496 43552 279
43571 42504 3676
43571 43572 697
43571 43573 354
42506 42496 2154
42506 42507 1257
42506 42508 750
43549 42496 782
43549 43551 2003
43552 42496 279
43552 43553 1426
43552 43554 202
43572 43571 697
43573 43571 354
43573 43574 581
43573 43575 435
42507 42506 1257
42507 42509 1085
42507 42510 1545
42508 42506 750
42508 43553 1167
42508 43563 2092
43551 43549 2003
43551 43550 344
43553 42508 1167
43553 43552 1426
43553 43564 1208
43554 43552 202
43554 43559 3125
43574 43573 581
43574 43576 2737
43575 43568 1009
43575 43573 435
42509 42507 1085
42509 42511 1100
42509 42512 872
42510 42507 1545
43563 42508 2092
43563 43565 1224
43563 43568 1585
43550 43551 344
43550 43555 3117
43550 43555 3117
43564 43553 1208
43564 43565 947
43564 43566 1254
43559 43554 3125
43559 43557 1426
43559 43560 336
43576 42621 1167
43576 43574 2737
43576 43579 2668
43576 43787 827
43568 43563 1585
43568 43575 1009
43568 43578 2012
42511 42509 1100
42511 42513 823
42512 42509 872
42512 42513 581
42512 43570 673
43565 43563 1224
43565 43564 947
43565 43569 2011
43555 43550 3117
43555 43550 3117
43566 43558 612
43566 43564 1254
43566 43567 3039
43557 43558 1115
43557 43559 1426
43557 43561 551
43560 43559 336
43560 43562 1577
43560 43580 2780
42621 42620 2720
42621 43576 1167
42621 43778 676
43579 43576 2668
43787 43576 827
43787 43604 1302
43578 43568 2012
43578 43569 605
43578 43601 3558
42513 42511 823
42513 42512 581
43570 42512 673
43569 43565 2011
43569 43567 1028
43569 43578 605
43558 43557 1115
43558 43561 1597
43558 43566 612
43567 43566 3039
43567 43569 1028
43567 43599 1887
43561 43557 551
43561 43558 1597
43561 43577 1266
43562 43560 1577
43562 43582 2240
43562 43584 789
43580 43556 1120
43580 43560 2780
43580 43582 1744
42620 42621 2720
43778 42621 676
43778 43780 276
43604 43602 4503
43604 43787 1302
43604 43789 1482
43604 43791 1454
43604 43792 1337
43601 43578 3558
43601 43594 2092
43601 43600 403
43599 43567 1887
43599 43577 1901
43599 43600 806
43577 43561 1266
43577 43585 1152
43577 43599 1901
43582 43562 2240
43582 43580 1744
43582 43581 1160
43584 43562 789
43584 43585 1592
43584 43586 1152
43584 43588 3343
43556 43580 1120
43556 43581 1814
43780 43778 276
43780 43779 983
43780 43788 738
43602 43603 537
43602 43604 4503
43602 43605 872
43789 43604 1482
43789 43788 202
43791 43604 1454
43791 43792 1482
43792 43604 1337
43792 43791 1482
43594 43586 1008
43594 43601 2092
43594 43609 403
43600 43593 418
43600 43599 806
43600 43601 403
43585 43577 1152
43585 43584 1592
43585 43593 738
43581 43556 1814
43581 43582 1160
43581 43588 904
43586 43584 1152
43586 43593 1631
43586 43594 1008
43586 43595 2555
43588 43581 904
43588 43583 1167
43588 43584 3343
43588 43589 1008
43588 43590 2503
43779 43780 983
43779 43781 1558
43779 43788 1103
43788 43779 1103
43788 43780 738
43788 43789 202
43603 43602 537
43605 43602 872
43605 43606 1762
43605 43612 373
43609 43594 403
43609 43610 782
43609 43708 2863
43609 43713 3511
43593 43585 738
43593 43586 1631
43593 43600 418
43595 43586 2555
43595 43589 713
43595 43597 878
43583 43587 2170
43583 43588 1167
43589 43588 1008
43589 43595 713
43589 43596 551
43590 43587 676
43590 43588 2503
43590 43591 747
43590 43592 1280
43781 43779 1558
43781 43785 1771
43606 43605 1762
43606 43608 951
43612 43605 373
43612 43611 2421
43610 43609 782
43708 43598 344
43708 43609 2863
43708 43709 517
43713 43609 3511
43713 43711 373
43713 43712 336
43597 43595 878
43587 43543 2787
43587 43583 2170
43587 43590 676
43596 43589 551
43596 43592 2477
43596 43598 1152
43591 43590 747
43592 43590 1280
43592 43596 2477
43592 43704 1378
43785 43781 1771
43608 43606 951
43608 43617 1612
43608 43815 1438
43611 43612 2421
43611 43613 612
43611 43614 557
43598 43596 1152
43598 43704 2598
43598 43708 344
43709 43708 517
43709 43710 1283
43709 43715 3362
43711 43614 3712
43711 43713 373
43712 43710 403
43712 43713 336
43543 43540 1482
43543 43587 2787
43543 43646 927
43543 43647 605
43704 43592 1378
43704 43598 2598
43704 43707 475
43617 43608 1612
43617 43616 474
43815 43608 1438
43815 43736 1918
43613 43611 612
43613 43615 276
43613 43730 1755
43614 43611 557
43614 43711 3712
43710 43709 1283
43710 43712 403
43710 43720 479
43715 43707 1828
43715 43709 3362
43715 43716 474
43540 43543 1482
43646 43543 927
43647 43543 605
43647 43648 905
43647 43649 2217
43707 43703 333
43707 43704 475
43707 43715 1828
43616 43617 474
43616 43618 1085
43616 43734 1501
43736 43618 476
43736 43815 1918
43615 43613 276
43615 43732 373
43615 43733 1484
43730 43613 1755
43730 43731 557
43730 43732 1724
43720 43710 479
43720 43722 996
43720 47921 748
43716 43706 1409
43716 43715 474
43716 43717 1386
43648 43647 905
43648 43657 2006
43648 43703 1932
43649 43644 1274
43649 43647 2217
43649 43653 904
43703 43648 1932
43703 43705 1022
43703 43707 333
43618 43616 1085
43618 43736 476
43618 43737 476
43734 43616 1501
43734 43732 889
43732 43615 373
43732 43730 1724
43732 43734 889
43733 43615 1484
43731 43730 557
43722 43720 996
43722 43721 1362
43722 43723 1559
47921 43720 748
43706 43705 2674
43706 43716 1409
43706 43743 605
43717 43716 1386
43717 43718 1224
43717 43719 1559
43717 43744 1409
43657 43648 2006
43657 43656 581
43657 43660 373
43644 43642 905
43644 43649 1274
43653 43649 904
43653 43654 452
43653 43656 747
43705 43659 818
43705 43703 1022
43705 43706 2674
43737 43618 476
43721 43722 1362
43721 43728 474
43723 43718 279
43723 43722 1559
43723 43724 610
43743 43690 747
43743 43706 605
43718 43717 1224
43718 43723 279
43718 43724 782
43719 43717 1559
43719 43728 2627
43719 43745 1545
43744 43701 2700
43744 43717 1409
43656 43653 747
43656 43657 581
43656 43658 1062
43660 43657 373
43660 43659 581
43660 43661 2282
43642 43644 905
43654 43653 452
43659 43660 581
43659 43705 818
43728 43719 2627
43728 43721 474
43724 43718 782
43724 43723 610
43724 43725 202
43690 43661 904
43690 43688 2460
43690 43743 747
43745 43719 1545
43745 43746 474
43701 43702 1863
43701 43744 2700
43701 43751 1612
43658 43656 1062
43658 43663 1188
43658 43666 1102
43661 43660 2282
43661 43666 1031
43661 43690 904
43725 43724 202
43688 43665 1411
43688 43687 2271
43688 43690 2460
43746 43745 474
43746 43747 1283
43746 43754 2303
43702 43701 1863
43751 43701 1612
43663 43658 1188
43666 43658 1102
43666 43661 1031
43666 43689 1220
43665 43664 827
43665 43683 3597
43665 43688 1411
43687 43686 872
43687 43688 2271
43687 43694 279
43747 43746 1283
43747 43756 3561
43747 43757 1008
43754 43746 2303
43754 43752 939
43754 43973 1585
43689 43666 1220
43664 43662 385
43664 43665 827
43683 43665 3597
43683 43684 877
43683 43691 1120
43686 43684 1257
43686 43685 1357
43686 43687 872
43694 43687 279
43694 43693 1299
43694 43700 3361
43756 43747 3561
43756 43973 1066
43756 44002 1167
43757 43747 1008
43752 43753 1140
43752 43754 939
43752 43755 1224
43973 43754 1585
43973 43756 1066
43973 43970 947
43662 43664 385
43684 43683 877
43684 43686 1257
43684 43692 697
43684 43693 983
43691 43683 1120
43685 43686 1357
43693 43684 983
43693 43694 1299
43693 43695 3153
43693 43696 1028
43700 43694 3361
43700 43970 1120
43700 43971 649
44002 43756 1167
43753 43752 1140
43755 43752 1224
43970 43700 1120
43970 43972 904
43970 43973 947
43692 43684 697
43695 43693 3153
43695 43969 809
43696 43693 1028
43696 43697 697
43696 43699 3823
43971 43700 649
43972 43969 1454
43972 43970 904
43972 43974 1102
43969 43695 809
43969 43972 1454
43969 43974 1544
43969 43975 836
43697 43696 697
43697 43698 672
43699 43696 3823
43699 43975 511
43699 43976 557
43974 43969 1544
43974 43972 1102
43974 43977 951
43975 43699 511
43975 43969 836
43975 43977 1945
43698 43697 672
43976 43699 557
43977 43974 951
43977 43975 1945
200
42465
42476
42484
42478
42499
42479
42492
42500
42502
42485
42505
42501
42503
42495
42504
42496
43571
42506
43549
43552
43572
43573
42507
42508
43551
43553
43554
43574
43575
42509
42510
43563
43550
43564
43559
43576
43568
42511
42512
43565
43555
43566
43557
43560
42621
43579
43787
43578
42513
43570
43569
43558
43567
43561
43562
43580
42620
43778
43604
43601
43599
43577
43582
43584
43556
43780
43602
43789
43791
43792
43594
43600
43585
43581
43586
43588
43779
43788
43603
43605
43609
43593
43595
43583
43589
43590
43781
43606
43612
43610
43708
43713
43597
43587
43596
43591
43592
43785
43608
43611
43598
43709
43711
43712
43543
43704
43617
43815
43613
43614
43710
43715
43540
43646
43647
43707
43616
43736
43615
43730
43720
43716
43648
43649
43703
43618
43734
43732
43733
43731
43722
47921
43706
43717
43657
43644
43653
43705
43737
43721
43723
43743
43718
43719
43744
43656
43660
43642
43654
43659
43728
43724
43690
43745
43701
43658
43661
43725
43688
43746
43702
43751
43663
43666
43665
43687
43747
43754
43689
43664
43683
43686
43694
43756
43757
43752
43973
43662
43684
43691
43685
43693
43700
44002
43753
43755
43970
43692
43695
43696
43971
43972
43969
43697
43699
43974
43975
43698
43976
43977
