434
30 31 3412
30 38 3288
31 30 3412
38 30 3288
38 37 1018
38 4680 350
37 38 1018
4680 38 350
4680 4678 5324
4680 4686 3797
4678 4675 2556
4678 4679 3756
4678 4680 5324
4686 4680 3797
4686 4685 1436
4686 4687 2442
4675 4673 335
4675 4677 8441
4675 4678 2556
4679 4678 3756
4679 4684 2924
4679 4685 4903
4685 4679 4903
4685 4686 1436
4687 4686 2442
4673 4671 2067
4673 4674 3033
4673 4675 335
4677 4675 8441
4677 4676 2023
4677 4682 1159
4684 4679 2924
4671 4670 2913
4671 4673 2067
4671 4676 7224
4674 4673 3033
4676 4671 7224
4676 4672 1809
4676 4677 2023
4682 4677 1159
4682 4683 1374
4682 4747 984
4670 4645 4453
4670 4660 373
4670 4671 2913
4672 4645 3938
4672 4676 1809
4672 4681 2304
4683 4682 1374
4747 4682 984
4645 4643 9602
4645 4670 4453
4645 4672 3938
4660 4670 373
4681 4672 2304
4643 4644 883
4643 4645 9602
4643 4648 3469
4644 4643 883
4648 4643 3469
4648 4646 1005
4648 4705 3113
4646 4647 4068
4646 4648 1005
4646 4702 2094
4705 4648 3113
4705 4745 1914
4705 4746 2476
4647 4646 4068
4702 4646 2094
4702 4701 5521
4702 4708 3183
4702 4750 4907
4745 4705 1914
4746 4705 2476
4701 4700 1225
4701 4702 5521
4701 4704 2595
4708 4702 3183
4708 4709 9168
4750 4702 4907
4750 4749 2578
4700 4698 1267
4700 4699 1544
4700 4701 1225
4700 4722 9803
4704 4701 2595
4709 4708 9168
4749 4748 3919
4749 4750 2578
4749 4759 5330
4698 4632 924
4698 4638 2613
4698 4700 1267
4699 4642 353
4699 4700 1544
4722 4700 9803
4722 4723 1497
4748 4749 3919
4759 4749 5330
4759 4751 2749
4632 4631 9255
4632 4698 924
4632 4703 2790
4638 4637 3545
4638 4698 2613
4642 4641 6558
4642 4699 353
4723 4722 1497
4723 4724 2698
4751 4752 562
4751 4759 2749
4631 4628 4031
4631 4632 9255
4703 4632 2790
4637 4636 1398
4637 4638 3545
4637 4639 597
4641 4640 6389
4641 4642 6558
4724 4723 2698
4724 4729 473
4752 4751 562
4628 4625 2207
4628 4627 1454
4628 4631 4031
4636 4633 5830
4636 4637 1398
4639 4616 10498
4639 4637 597
4640 4641 6389
4640 4669 2974
4729 4724 473
4729 4732 749
4625 4608 4200
4625 4628 2207
4627 4553 5788
4627 4628 1454
4627 4629 1210
4633 4626 2811
4633 4634 6194
4633 4635 2690
4633 4636 5830
4616 4480 7428
4616 4621 4920
4616 4623 9440
4616 4639 10498
4669 4640 2974
4669 4658 1021
4732 167 344
4732 4729 749
4732 4733 1139
4732 4734 808
4608 4607 1649
4608 4625 4200
4608 4626 7679
4553 4552 1466
4553 4554 3615
4553 4627 5788
4629 4627 1210
4629 4630 2978
4629 4696 5188
4626 4608 7679
4626 4619 3048
4626 4633 2811
4634 4633 6194
4635 4633 2690
4480 4481 2288
4480 4616 7428
4621 4613 6452
4621 4616 4920
4621 4620 2778
4623 4616 9440
4623 4653 1980
4623 4655 417
4658 4669 1021
167 168 1345
167 4730 549
167 4732 344
4733 4732 1139
4733 4735 924
4734 4732 808
4734 4738 945
4607 4536 1762
4607 4608 1649
4607 4624 4122
4552 4549 402
4552 4551 452
4552 4553 1466
4554 4553 3615
4630 4629 2978
4696 4593 1950
4696 4629 5188
4619 4618 474
4619 4620 335
4619 4626 3048
4481 4479 837
4481 4480 2288
4613 4614 2605
4613 4615 3719
4613 4621 6452
4620 4618 475
4620 4619 335
4620 4621 2778
4653 4623 1980
4653 4651 3065
4653 4654 1215
4655 4623 417
4655 4656 278
168 167 1345
168 4737 2508
4730 167 549
4730 4731 649
4735 4733 924
4735 4736 354
4738 4501 4134
4738 4734 945
4536 4537 7241
4536 4607 1762
4536 4611 3495
4624 4607 4122
4549 4546 278
4549 4548 3952
4549 4552 402
4551 84 2862
4551 4546 251
4551 4552 452
4593 4592 11675
4593 4696 1950
4593 4697 2700
4618 4612 344
4618 4619 474
4618 4620 475
4479 4481 837
4479 4484 2248
4614 4613 2605
4615 4613 3719
4651 4649 260
4651 4652 4290
4651 4653 3065
4654 4653 1215
4656 4655 278
4737 168 2508
4731 4728 706
4731 4730 649
4736 4500 2641
4736 4735 354
4501 4738 4134
4537 4535 649
4537 4536 7241
4537 4539 514
4611 4536 3495
4611 4609 433
4611 4610 452
4546 4547 4617
4546 4549 278
4546 4551 251
4548 4539 4861
4548 4549 3952
84 85 7921
84 4550 7134
84 4551 2862
4592 4593 11675
4592 4594 1193
4697 4593 2700
4612 4610 4883
4612 4617 2140
4612 4618 344
4484 4479 2248
4484 4516 6022
4649 4516 3237
4649 4650 2890
4649 4651 260
4652 4651 4290
4728 4726 1133
4728 4731 706
4500 4499 1113
4500 4736 2641
4500 4739 1512
4535 4531 2202
4535 4537 649
4535 4539 475
4539 4535 475
4539 4537 514
4539 4548 4861
4609 4606 731
4609 4610 473
4609 4611 433
4610 4609 473
4610 4611 452
4610 4612 4883
4547 4546 4617
85 84 7921
85 86 10233
4550 84 7134
4550 4544 5729
4550 4582 2709
4594 4592 1193
4594 4599 236
4594 4600 691
4617 4612 2140
4516 4484 6022
4516 4519 5234
4516 4649 3237
4650 4649 2890
4726 4725 1396
4726 4727 362
4726 4728 1133
4499 4500 1113
4739 4500 1512
4531 4532 8070
4531 4533 9067
4531 4535 2202
4531 4538 5539
4606 4605 968
4606 4609 731
86 85 10233
86 4573 4478
4544 4542 1822
4544 4545 4585
4544 4550 5729
4582 4550 2709
4582 4581 5284
4599 4591 235
4599 4594 236
4599 4598 434
4600 4594 691
4600 4710 2844
4600 4712 1737
4519 4516 5234
4725 4717 841
4725 4726 1396
4727 4726 362
4532 4531 8070
4533 4524 373
4533 4530 474
4533 4531 9067
4538 4531 5539
4605 4476 12163
4605 4604 2940
4605 4606 968
4573 86 4478
4573 4591 2149
4542 4540 2279
4542 4543 1276
4542 4544 1822
4545 4544 4585
4581 4580 3921
4581 4582 5284
4591 4573 2149
4591 4599 235
4598 4596 4785
4598 4599 434
4710 4600 2844
4710 4711 807
4712 4600 1737
4717 4716 4384
4717 4721 3803
4717 4725 841
4524 4523 2778
4524 4530 275
4524 4533 373
4530 4464 5415
4530 4524 275
4530 4533 474
4476 4463 6241
4476 4605 12163
4604 4603 3842
4604 4605 2940
4540 4529 1373
4540 4541 1055
4540 4542 2279
4543 4542 1276
4580 4581 3921
4580 4584 1841
4596 4595 445
4596 4597 335
4596 4598 4785
4711 4710 807
4711 4713 3142
4716 4715 3943
4716 4717 4384
4721 4717 3803
4721 4719 1385
4523 4522 983
4523 4524 2778
4523 4525 1664
4464 4465 886
4464 4467 3115
4464 4530 5415
4463 4454 12613
4463 4460 4445
4463 4476 6241
4603 4470 7200
4603 4527 1445
4603 4604 3842
4529 4525 5386
4529 4540 1373
4541 4540 1055
4541 259792 11240
4541 263692 170
4584 4578 6315
4584 4580 1841
4584 4585 6137
4584 4586 2825
4595 4585 3897
4595 4596 445
4595 4597 335
4597 4595 335
4597 4596 335
4597 4601 3477
4713 4711 3142
4713 4714 2153
4713 4715 711
4715 4713 711
4715 4716 3943
4719 4721 1385
4522 4523 983
4525 4523 1664
4525 4529 5386
4465 4464 886
4467 4464 3115
4454 4463 12613
4460 4463 4445
4470 4603 7200
4527 4603 1445
259792 4541 11240
263692 4541 170
4578 4584 6315
4585 4584 6137
4585 4595 3897
4586 4584 2825
4601 4597 3477
4714 4713 2153
29
37
4660
4708
4709
4759
4751
4752
4658
4479
4656
4501
4484
4516
4499
4519
4463
4719
4522
4525
4465
4454
4460
4470
4527
259792
263692
4578
4601
4714
