16
171772 171774 2197
171774 171772 2197
171942 171940 3446
171940 171942 3446
96186 96190 1576
96221 96217 983
96221 96222 884
96190 96186 1576
96661 96216 1140
96216 96661 1140
96217 96221 983
96222 96221 884
96228 96227 1120
96230 96232 1353
96227 96228 1120
96232 96230 1353
37
170408
171758
171768
171770
171772
171914
171902
171897
171774
171942
171956
171997
171989
171986
171946
171951
171960
171953
171977
172000
171968
171974
171940
95851
95865
96183
96186
96221
96190
96661
96216
96217
96222
96228
96230
96227
96232
