18
140438 140451 2258
140438 140455 807
140455 140438 807
140451 140438 2258
140530 140529 791
140529 140530 791
141947 141956 2356
141956 141947 2356
141956 141960 2348
141960 141956 2348
142109 142643 3296
142643 142109 3296
142674 142672 901
142672 142671 879
142672 142674 901
142671 142672 879
142080 142588 2484
142588 142080 2484
40
150742
140437
140438
140455
140457
140451
140460
141869
141885
141899
141903
140530
141943
140529
141947
141956
141960
141992
143266
143419
143462
142119
142133
142135
142130
142656
142109
142643
142650
142674
142672
142081
142633
142646
142671
142008
143263
142080
142588
142596
