460
56850 56851 1457
56850 58524 475
56850 58526 674
56851 56850 1457
58524 56850 475
58524 58522 1162
58524 58528 1617
58526 56850 674
58526 58525 2017
58526 58530 1614
58522 58519 1032
58522 58524 1162
58528 58228 337
58528 58524 1617
58528 61122 750
58525 58226 553
58525 58228 279
58525 58526 2017
58530 58526 1614
58530 58529 1213
58530 58534 1489
58519 58518 3981
58519 58521 4174
58519 58522 1032
58519 58523 2843
58228 56852 1688
58228 58525 279
58228 58528 337
61122 58528 750
58226 58225 1485
58226 58232 475
58226 58525 553
58529 58234 5111
58529 58527 1415
58529 58530 1213
58529 58531 2756
58534 58530 1489
58534 58538 1233
58518 58222 1536
58518 58519 3981
58521 58519 4174
58521 58628 5746
58523 58519 2843
58523 58537 2843
56852 56853 1413
56852 58225 475
56852 58227 362
56852 58228 1688
58225 56852 475
58225 58223 2249
58225 58224 674
58225 58226 1485
58232 58224 1547
58232 58226 475
58232 58233 1076
58234 58231 419
58234 58235 2733
58234 58529 5111
58527 58233 1116
58527 58529 1415
58531 58529 2756
58531 58539 1143
58531 77490 291
58538 58534 1233
58222 58221 2755
58222 58518 1536
58222 76680 3590
58628 58521 5746
58628 58629 2512
58628 58632 3921
58537 58523 2843
58537 58540 445
56853 56852 1413
58227 56852 362
58223 58225 2249
58224 58225 674
58224 58232 1547
58224 77489 2216
58233 58230 4592
58233 58232 1076
58233 58527 1116
58231 58230 1486
58231 58234 419
58235 58234 2733
58235 58532 810
58235 58533 1407
58539 58531 1143
58539 58540 3644
58539 78379 604
77490 58531 291
77490 60915 1130
58221 58219 837
58221 58222 2755
76680 58222 3590
76680 76679 541
76680 77512 1877
58629 58628 2512
58632 58628 3921
58632 58640 966
58540 58537 445
58540 58539 3644
58540 58542 1256
77489 58224 2216
77489 78170 470
58230 58229 558
58230 58231 1486
58230 58233 4592
58532 58235 810
58533 58235 1407
78379 58539 604
60915 60916 1040
60915 60919 584
60915 77490 1130
58219 58218 2732
58219 58220 1066
58219 58221 837
76679 58484 624
76679 76680 541
76679 77506 1289
77512 76519 299
77512 76680 1877
77512 77511 1452
58640 58632 966
58640 58641 1614
58640 58642 4234
58542 58540 1256
58542 58543 875
78170 77489 470
58229 58230 558
60916 60915 1040
60919 60915 584
58218 58217 222
58218 58219 2732
58220 58219 1066
58484 58485 931
58484 58485 931
58484 76679 624
77506 58520 217
77506 76679 1289
77506 78349 555
76519 76520 724
76519 77512 299
76519 77626 471
76519 77627 540
77511 58472 1729
77511 77509 224
77511 77512 1452
58641 58640 1614
58642 58636 309
58642 58640 4234
58642 59094 5659
58543 58542 875
58543 58544 2412
58543 58545 475
58543 58546 1076
58217 58216 279
58217 58218 222
58485 58484 931
58485 58484 931
58485 58493 1252
58520 58491 542
58520 58493 278
58520 77506 217
78349 77506 555
76520 76517 1328
76520 76519 724
76520 77510 533
77626 76519 471
77627 76519 540
58472 58471 870
58472 58490 3196
58472 58491 2235
58472 77511 1729
77509 77508 390
77509 77511 224
77509 78356 362
58636 58546 10862
58636 58642 309
58636 58644 5063
58636 59095 7274
59094 58642 5659
59094 59093 1535
59094 59096 3001
59094 59098 1588
58544 58541 2266
58544 58543 2412
58545 58543 475
58545 58547 2183
58546 58543 1076
58546 58636 10862
58216 58215 893
58216 58217 279
58493 58466 1830
58493 58485 1252
58493 58520 278
58491 58472 2235
58491 58508 4315
58491 58520 542
76517 76518 678
76517 76520 1328
76517 77508 1838
77510 76520 533
58471 58470 852
58471 58472 870
58471 58492 1208
58490 56983 891
58490 58472 3196
58490 58489 1727
58490 58501 875
77508 76517 1838
77508 77507 209
77508 77509 390
78356 77509 362
78356 78357 507
78356 78358 499
58644 58635 4105
58644 58636 5063
58644 58645 2054
59095 58636 7274
59095 59099 439
59095 59100 1253
59095 59101 624
59093 59094 1535
59093 76896 799
59096 59094 3001
59096 59099 878
59098 59076 1056
59098 59094 1588
58541 58544 2266
58547 58545 2183
58547 58548 3357
58547 58633 2693
58547 58634 1537
58215 58200 1447
58215 58208 2633
58215 58216 893
58466 58467 394
58466 58493 1830
58466 58495 2928
58508 58491 4315
58508 58495 752
58508 58498 1011
76518 76517 678
58470 58471 852
58470 58489 2404
58492 58471 1208
56983 56984 377
56983 58490 891
56983 58496 1076
56983 58505 811
58489 58470 2404
58489 58488 1015
58489 58490 1727
58501 58490 875
58501 58502 1547
58501 58503 880
77507 58468 795
77507 77508 209
78357 78356 507
78358 78356 499
58635 58634 4377
58635 58644 4105
58635 59097 6441
58635 60792 1189
58645 58644 2054
58645 58646 2063
58645 58647 4200
59099 59095 439
59099 59096 878
59100 59095 1253
59100 59102 2064
59101 59095 624
59101 78693 586
76896 59092 788
76896 59093 799
59076 59075 3033
59076 59092 3141
59076 59098 1056
58548 58547 3357
58548 60684 2158
58548 60695 3410
58633 58547 2693
58633 60790 3442
58634 58547 1537
58634 58635 4377
58200 58199 1111
58200 58207 1815
58200 58214 538
58200 58215 1447
58208 58207 885
58208 58215 2633
58208 58453 2695
58467 58466 394
58467 65290 441
58467 65291 956
58495 58466 2928
58495 58494 207
58495 58508 752
58498 58496 891
58498 58507 2960
58498 58508 1011
56984 56983 377
56984 78457 209
58496 56983 1076
58496 58497 2283
58496 58498 891
58505 56983 811
58505 58506 698
58505 58510 446
58488 58463 1184
58488 58489 1015
58502 58501 1547
58502 58504 698
58502 58510 723
58503 58501 880
58503 58504 1211
58468 58469 333
58468 77507 795
59097 58635 6441
59097 58647 2069
59097 59106 6871
60792 58635 1189
60792 60790 344
58646 58645 2063
58647 58645 4200
58647 59097 2069
58647 59103 6080
59102 59100 2064
59102 59103 1004
59102 59104 277
78693 59101 586
78693 59108 293
59092 59076 3141
59092 59091 1013
59092 76896 788
59075 59065 1904
59075 59073 475
59075 59076 3033
60684 58548 2158
60684 60614 3631
60684 60686 1699
60695 58548 3410
60695 60696 2528
60790 58633 3442
60790 60791 2443
60790 60792 344
58199 58198 451
58199 58200 1111
58199 58211 3032
58207 58200 1815
58207 58208 885
58207 58213 2488
58214 58200 538
58453 58208 2695
58453 58213 752
58453 58452 2623
65290 58467 441
65290 76417 796
65290 76418 1634
65291 58467 956
58494 58495 207
58494 58515 213
58494 76480 1936
58507 58498 2960
78457 56984 209
58497 58496 2283
58506 58505 698
58506 58509 1081
58506 58511 613
58510 58502 723
58510 58505 446
58463 58462 837
58463 58478 2623
58463 58487 2002
58463 58488 1184
58504 58500 885
58504 58502 698
58504 58503 1211
58469 58468 333
58469 77513 253
59106 59097 6871
59106 59105 672
59106 59107 3937
59106 59215 613
59103 58647 6080
59103 59102 1004
59103 59105 1000
59104 59102 277
59104 59214 5293
59108 59109 675
59108 78693 293
59091 59090 2068
59091 59092 1013
59091 77502 573
59091 77504 1140
59065 59009 1338
59065 59064 3240
59065 59072 544
59065 59075 1904
59073 59074 1495
59073 59075 475
59073 59086 606
60614 60612 7063
60614 60612 7063
60614 60684 3631
60686 60684 1699
60686 60685 2228
60696 60695 2528
60696 60791 3970
60791 60696 3970
60791 60790 2443
60791 60810 2081
60791 60908 8282
58198 58195 752
58198 58197 1336
58198 58199 451
58211 58199 3032
58213 58207 2488
58213 58453 752
58452 58453 2623
76417 65290 796
76417 76418 2416
76418 65290 1634
76418 76417 2416
76418 76480 719
58515 58494 213
58515 58509 659
76480 58494 1936
76480 76418 719
58509 58506 1081
58509 58515 659
58511 58506 613
58462 58463 837
58478 58463 2623
58487 58463 2002
58500 58504 885
77513 58469 253
59105 59103 1000
59105 59106 672
59107 59106 3937
59215 59106 613
59215 59214 5104
59214 59104 5293
59214 59215 5104
59109 59108 675
59090 59091 2068
77502 59091 573
77504 59091 1140
59009 59065 1338
59064 59065 3240
59072 59065 544
59074 59073 1495
59086 59073 606
60612 60614 7063
60612 60614 7063
60685 60686 2228
60810 60791 2081
60908 60791 8282
58195 58198 752
58197 58198 1336
25
58211
58213
58452
76417
76418
58515
76480
58509
58511
58462
58478
58500
59107
59214
59109
59090
77502
59009
59064
59074
59086
60685
60810
60908
58197
