22
131423 131424 2007
131424 131423 2007
131427 131428 421
131428 131427 421
131582 131583 1081
131583 131582 1081
131596 131600 1631
131600 131596 1631
131696 131724 1190
131724 131696 1190
131757 131734 433
131765 132262 620
132262 131765 620
131788 132266 1856
132266 131788 1856
132266 132285 2600
131734 131757 433
132285 132266 2600
132285 132294 1439
132294 132285 1439
54188 54187 837
54187 54188 837
35
130911
131341
131423
131424
131427
131428
131442
131443
129941
129979
129947
131531
131538
131582
131583
131587
131596
131600
131690
131695
131696
131724
131726
131757
131759
132262
132266
131734
132285
132294
53984
54188
54195
54186
54187
