16
182661 182660 893
182660 182661 893
182696 182694 3449
182696 182707 1120
182707 182696 1120
182694 182696 3449
182827 182829 330
182833 182834 818
182834 182833 818
182829 182827 330
182884 182883 1010
182883 182884 1010
183523 183522 849
183522 183523 849
183467 183466 924
183466 183467 924
30
181610
182661
181687
181685
182660
181654
181680
181657
181700
182040
182045
182696
182707
182711
182721
182694
182827
182833
182834
182829
182837
182861
182870
182795
182864
182884
182883
183474
183467
183466
