20
208214 208222 508
208222 208214 508
208247 208248 917
208248 208247 917
208320 208325 683
208323 208322 867
208322 208323 867
208325 208320 683
210547 210548 901
210548 210547 901
210559 210560 292
210560 210559 292
210612 210615 522
210615 210612 522
210615 210617 805
210621 210617 660
210617 210615 805
210617 210621 660
178686 178685 1378
178685 178686 1378
35
208037
208050
208252
208251
208254
208258
208214
208217
208222
208235
208247
208248
208303
208309
208320
208323
208322
208347
208325
210547
210548
210562
210612
210615
210621
210637
210617
178686
178762
178664
178685
178745
178914
178890
178929
