14
133085 133086 1085
248991 248986 778
248986 248991 778
133065 133070 983
133070 133065 983
133086 133085 1085
134288 134289 2044
134289 134288 2044
134421 134425 872
134435 134434 1008
134425 134421 872
134425 134426 1115
134426 134425 1115
134434 134435 1008
38
133085
132663
249016
249017
248991
248986
248992
249000
249161
249184
133065
133177
133190
133151
133161
133173
133077
133078
133061
133086
133195
134288
134289
134293
134353
134354
132994
134419
134421
134435
134443
134426
134434
134439
134441
134449
134451
134459
