16
157274 157273 1201
153980 154762 1234
154753 154420 1592
153978 154765 1344
154420 154753 1592
154964 155021 1002
154765 153978 1344
154762 153980 1234
155021 154964 1002
155179 155181 1124
155181 155179 1124
155188 155186 934
155186 155188 934
155201 155203 511
155203 155201 511
157273 157274 1201
34
152020
157551
157267
157452
157261
157274
157486
154404
153980
154753
153978
154420
154947
154973
154964
154765
154762
155025
155027
155181
155188
155191
155186
155203
155258
155240
155263
155287
155271
157481
157628
157273
157646
172723
