28
111553 105274 1084
105274 105275 877
105274 111553 1084
111588 111586 889
105275 105274 877
111586 111588 889
111728 111729 889
111729 111728 889
112143 112144 905
112144 112143 905
112159 112160 1592
112213 112160 764
111755 111776 847
111756 111744 756
111776 111755 847
111676 111675 504
111674 112578 344
112578 111674 344
111675 111676 504
112603 112604 975
111744 111756 756
112604 112603 975
112185 112189 1222
112161 112160 847
112160 112159 1592
112160 112161 847
112160 112213 764
112189 112185 1222
35
111544
111553
105274
111549
111588
105275
111584
111586
112065
112070
111721
111692
111728
111729
112143
112144
112157
112159
112213
111755
111756
111735
111674
112578
111675
112586
112603
111736
111744
112604
111771
112170
112161
112187
112189
