20
55910 55909 1437
55910 55915 1352
55915 55910 1352
55909 55910 1437
189855 189856 1677
189855 190273 680
189856 189855 1677
190309 190280 258
190280 190309 258
190273 189855 680
190273 190272 1325
190272 190273 1325
196170 196139 657
196139 196170 657
196246 196242 553
196242 196246 553
202571 197195 1281
197195 202571 1281
197201 197202 328
197202 197201 328
37
55832
55839
55859
55861
55910
55915
55909
56577
56578
189855
189856
189861
190309
190311
190274
190280
190273
190272
196147
196148
196159
196170
196139
196175
196228
196233
196223
196226
196243
196242
196439
197162
197195
197201
197197
197202
197204
