36
144144 144146 1360
146265 146268 493
146268 146265 493
146266 146246 875
144146 144144 1360
148769 148766 754
148687 148683 865
148683 148687 865
148773 148772 801
148765 148766 521
148766 148765 521
148766 148769 754
148772 148773 801
148692 148693 220
148692 148702 2472
148693 148692 220
148695 148699 802
148695 148702 847
148699 148695 802
148699 148701 830
148737 148735 842
148735 148737 842
148701 148699 830
148702 148692 2472
148702 148695 847
146246 146266 875
146246 146273 477
146273 146246 477
146273 146274 405
146274 146273 405
146263 146262 729
146262 146263 729
146262 146304 567
146304 146262 567
146305 146297 1448
146297 146305 1448
37
144144
146265
146268
146266
148717
144146
144174
148720
148768
148769
148687
148683
148773
148765
148772
148695
148699
148715
148714
148737
148735
148701
148702
148704
146246
146273
146274
146263
146281
146262
146304
146305
146297
146310
146314
146316
146317
