16
248707 248709 904
248709 248707 904
249052 249109 872
249109 249052 872
249211 249210 238
249195 249215 1072
249210 249211 238
249216 249215 1357
249215 249195 1072
249215 249216 1357
249215 249233 713
249233 249215 713
133131 133204 1862
133142 133143 1762
133143 133142 1762
133204 133131 1862
37
248890
248504
248701
248707
248709
248729
249045
249046
249052
249063
249070
249109
249099
249100
249129
249136
249140
249143
249151
249230
132961
133004
133005
249201
249211
249205
249195
249210
249227
249232
249233
133121
133127
133131
133142
133204
133210
