22
161131 161154 2223
161154 161131 2223
161068 161067 710
161067 161068 710
161067 161075 710
160944 160936 452
161075 161067 710
160936 160937 630
160936 160944 452
160945 160937 767
160937 160936 630
160937 160945 767
167977 167979 674
167977 168023 209
167980 167979 778
168023 167977 209
168023 168091 240
168091 168023 240
168046 168026 1602
167979 167977 674
167979 167980 778
168026 168046 1602
34
161150
161131
161120
161154
161049
161132
161068
161067
160944
160960
160970
160116
160129
160132
161075
160665
161194
161191
161217
161210
160755
160924
160945
167980
168091
168111
168046
167979
168026
168126
168124
168311
161554
161562
