16
199600 199612 1947
199612 199600 1947
200342 200343 238
200349 200359 1444
200343 200342 238
199438 199437 876
199437 199438 876
200729 200731 771
200731 200729 771
200359 200349 1444
200359 200361 846
200393 200361 779
200361 200359 846
200361 200393 779
200864 200880 238
200880 200864 238
38
199600
199612
200129
200133
200143
200147
200175
200177
200342
200349
200344
200364
200343
200185
200815
199438
199439
199535
199538
199431
199437
200304
200320
200715
200411
200410
200729
200793
200731
200359
200305
200393
200361
200804
200808
200813
200902
201077
