14
223472 223415 787
223415 223472 787
149840 149836 324
149836 149840 324
150456 150438 565
147161 147175 1739
147175 147161 1739
147176 147248 284
147091 147094 184
147094 147091 184
150438 150456 565
147248 147176 284
148129 148130 2302
148130 148129 2302
38
223472
223374
223415
149774
149840
149836
149837
150433
150456
147127
151953
147154
147161
147163
147175
147176
147079
147083
150474
150476
151193
147091
147094
147097
147145
150466
150463
150438
147248
147208
147311
147318
142910
148004
148057
148129
148130
212787
