16
151275 151272 703
147374 147404 2316
151272 151275 703
147404 147374 2316
147598 147601 2167
147601 147598 2167
147728 147732 572
147732 147728 572
148249 148252 833
148252 148249 833
148878 148879 802
148879 148878 802
148879 148924 875
148924 148879 875
148924 148929 784
148929 148924 784
40
149597
149600
149680
149683
146597
146525
151028
151107
151146
151153
151274
151275
147374
151301
151282
151280
151272
147404
147417
147442
147451
147598
147601
147660
147664
147709
147727
147728
147732
147736
148249
148252
148866
148877
148878
148879
148924
148929
148938
148939
