222
218349 224045 2610
224045 218349 2610
224045 218501 93
224045 218546 2178
218501 218490 777
218501 224045 93
218546 218503 900
218546 218545 2286
218546 224045 2178
218490 218492 849
218490 218501 777
218490 218503 2238
218503 218490 2238
218503 218502 1188
218503 218504 844
218503 218546 900
218545 218546 2286
218545 218551 659
218545 218561 723
218545 220907 1254
218492 218490 849
218492 218504 2275
218502 218503 1188
218504 218492 2275
218504 218503 844
218504 218509 331
218504 218510 1316
218551 218545 659
218551 218550 40
218551 220951 1320
218561 218545 723
218561 218714 1266
218561 222299 491
220907 218545 1254
220907 218714 710
220907 220951 651
218509 218504 331
218509 218507 190
218509 224043 245
218510 218504 1316
218510 218547 595
218510 218550 567
218550 218510 567
218550 218551 40
220951 218551 1320
220951 220907 651
218714 218561 1266
218714 220907 710
218714 224486 519
222299 218561 491
222299 222300 578
222299 224050 221
218507 218506 1110
218507 218509 190
224043 218509 245
218547 218510 595
218547 218548 591
224486 218714 519
224486 224052 252
222300 222299 578
224050 222299 221
224050 224048 518
224050 224052 1115
218506 218495 774
218506 218507 1110
218506 218508 1682
218548 218511 1382
218548 218547 591
224052 224050 1115
224052 224051 569
224052 224486 252
224048 224047 762
224048 224050 518
224048 224051 1044
218495 218494 722
218495 218505 1261
218495 218506 774
218508 218505 819
218508 218506 1682
218508 218511 1731
218511 218508 1731
218511 218519 409
218511 218520 1599
218511 218548 1382
224051 218563 272
224051 224048 1044
224051 224052 569
224047 220264 452
224047 224048 762
224047 224049 898
218494 218495 722
218505 218495 1261
218505 218508 819
218519 218511 409
218519 218521 320
218520 218511 1599
218520 218526 826
218520 218554 670
218520 218557 1486
218563 224049 474
218563 224051 272
220264 220108 830
220264 220265 352
220264 224047 452
224049 218563 474
224049 224047 898
218521 218519 320
218521 218522 393
218526 218520 826
218526 218522 1299
218526 218527 804
218526 218556 1501
218554 218520 670
218557 218520 1486
218557 218556 804
220108 218696 425
220108 220264 830
220108 224488 395
220265 218696 782
220265 220264 352
220265 224452 603
218522 218521 393
218522 218526 1299
218522 218527 1513
218527 218522 1513
218527 218526 804
218527 218558 1595
218527 224922 675
218556 218526 1501
218556 218557 804
218556 218558 764
218696 218566 325
218696 220108 425
218696 220265 782
218696 224487 603
224488 220108 395
224452 218543 911
224452 220265 603
224452 224487 788
218558 218527 1595
218558 218556 764
224922 218527 675
218566 218565 526
218566 218696 325
224487 218696 603
224487 224452 788
224487 224484 849
218543 218542 85
218543 224452 911
218543 224484 646
218565 218566 526
218565 218567 493
218565 218674 1678
224484 218543 646
224484 218544 255
224484 224485 548
224484 224487 849
218542 218543 85
218542 218544 738
218542 218673 682
218567 218565 493
218674 218544 661
218674 218565 1678
218544 218542 738
218544 218674 661
218544 224484 255
224485 224484 548
218673 218542 682
218673 218671 952
218671 218533 550
218671 218673 952
218533 218530 966
218533 218532 2318
218533 218671 550
218530 218531 1044
218530 218533 966
218530 218672 1863
218530 222991 405
218532 218517 608
218532 218533 2318
218532 222983 884
218531 218530 1044
218531 222983 1223
218672 218530 1863
218672 218683 394
222991 218530 405
222991 222988 670
222991 222995 1107
218517 218518 848
218517 218532 608
218517 218537 798
218517 222307 532
222983 218531 1223
222983 218532 884
222983 222982 716
218683 218672 394
218683 222995 779
222988 222986 1184
222988 222991 670
222995 218683 779
222995 222991 1107
222995 222993 1038
218518 218517 848
218537 218517 798
218537 222982 1451
218537 224053 428
218537 224054 652
222307 218517 532
222982 218537 1451
222982 222983 716
222986 222987 787
222986 222988 1184
222993 222994 673
222993 222995 1038
224053 218537 428
224054 218537 652
224054 224388 275
224054 224389 979
222987 222986 787
222994 222993 673
224388 224054 275
224389 224054 979
90
218349
224045
218501
218546
218490
218503
218545
218492
218502
218504
218551
218561
220907
218509
218510
218550
220951
218714
222299
218507
224043
218547
224486
222300
224050
218506
218548
224052
224048
218495
218508
218511
224051
224047
218494
218505
218519
218520
218563
220264
224049
218521
218526
218554
218557
220108
220265
218522
218527
218556
218696
224488
224452
218558
224922
218566
224487
218543
218565
224484
218542
218567
218674
218544
224485
218673
218671
218533
218530
218532
218531
218672
222991
218517
222983
218683
222988
222995
218518
218537
222307
222982
222986
222993
224053
224054
222987
222994
224388
224389
