18
16105 16109 2231
16109 16105 2231
16282 16283 354
16283 16282 354
16280 19728 1046
19728 16280 1046
19844 19846 2317
19846 19844 2317
19842 19931 847
19931 19842 847
21601 21603 1796
21603 21601 1796
21608 21593 610
21593 21608 610
21595 21909 84
21909 21595 84
21909 21910 333
21910 21909 333
37
16105
16109
16271
16282
16283
16310
16311
16292
16280
16290
19736
19752
19728
19819
19833
19844
19846
21453
19842
19931
21505
21525
21533
21540
16217
21544
21601
21597
21608
21593
21595
21907
21903
21998
20221
20228
20289
