494
217428 217429 1580
217428 221094 522
217429 217428 1580
217429 217446 743
217429 224652 18
217429 224655 2820
221094 217428 522
221094 221052 1268
221094 221097 884
217446 217429 743
224652 217429 18
224652 224656 2096
224652 224657 600
224655 217429 2820
224655 221048 1080
224655 221051 2452
221052 221050 2941
221052 221094 1268
221052 221097 1963
221097 221052 1963
221097 221094 884
221097 221098 1865
224656 224652 2096
224656 224658 273
224656 224659 126
224657 224652 600
224657 224654 1458
221048 221031 4751
221048 221049 2219
221048 224529 568
221048 224655 1080
221051 221050 310
221051 224655 2452
221050 221051 310
221050 221052 2941
221050 221065 3060
221050 224648 376
221098 221097 1865
221098 221110 627
221098 221112 1267
221098 221113 2019
224658 224654 703
224658 224656 273
224658 224660 1110
224659 224656 126
224654 224653 1330
224654 224657 1458
224654 224658 703
221031 220576 4900
221031 221029 964
221031 221048 4751
221031 221053 1493
221049 221048 2219
224529 221048 568
224529 223330 558
224529 224530 850
221065 221050 3060
221065 221066 931
221065 221089 998
224648 221042 1743
224648 221050 376
224648 221067 1309
221110 221098 627
221110 221109 1105
221110 221111 1742
221112 221098 1267
221112 221114 1875
221112 221124 2076
221113 221098 2019
224660 224658 1110
224653 224654 1330
220576 220544 1939
220576 220549 294
220576 221031 4900
221029 221028 3339
221029 221030 133
221029 221031 964
221053 221031 1493
223330 223329 670
223330 224529 558
223330 224530 572
224530 223330 572
224530 224529 850
224530 224531 1340
221066 221065 931
221089 221065 998
221089 221076 369
221089 221086 971
221042 221040 2327
221042 224648 1743
221042 224650 923
221067 221068 1022
221067 224648 1309
221067 224650 2199
221109 221102 844
221109 221108 1532
221109 221110 1105
221111 221108 1630
221111 221110 1742
221111 221115 969
221114 221112 1875
221124 221112 2076
221124 221115 578
221124 221125 794
220544 220528 3023
220544 220545 225
220544 220571 2129
220544 220576 1939
220544 220581 162
220549 220547 3278
220549 220576 294
221028 221027 1244
221028 221029 3339
221028 221033 1765
221030 221029 133
221030 224294 64
223329 221024 1659
223329 223300 1073
223329 223330 670
224531 224530 1340
221076 221075 1125
221076 221089 369
221076 221093 549
221086 221077 1499
221086 221087 1120
221086 221089 971
221040 221037 1087
221040 221041 1050
221040 221042 2327
224650 221039 1060
224650 221041 2348
224650 221042 923
224650 221067 2199
221068 221067 1022
221068 224290 310
221068 224651 2170
221102 221101 586
221102 221106 1112
221102 221109 844
221108 221107 917
221108 221109 1532
221108 221111 1630
221115 221111 969
221115 221123 2946
221115 221124 578
221125 221124 794
220528 220526 794
220528 220544 3023
220528 220566 1898
220545 220527 3463
220545 220544 225
220571 220544 2129
220571 220572 117
220581 220544 162
220581 220578 5988
220547 220546 440
220547 220548 2253
220547 220549 3278
221027 221005 1207
221027 221028 1244
221027 221032 1791
221033 221028 1765
224294 220550 3053
224294 221030 64
221024 221023 2220
221024 223329 1659
221024 224649 580
223300 223299 860
223300 223329 1073
223300 224747 712
221075 221074 482
221075 221076 1125
221075 221077 1322
221075 221079 762
221093 221076 549
221077 221075 1322
221077 221084 733
221077 221086 1499
221077 221099 1100
221087 221086 1120
221087 221088 487
221087 221099 1482
221037 221016 3963
221037 221036 2233
221037 221040 1087
221041 221038 969
221041 221040 1050
221041 224650 2348
221039 221038 1911
221039 224649 1199
221039 224650 1060
221039 224651 901
224290 221068 310
224651 221039 901
224651 221068 2170
221101 221091 1039
221101 221100 567
221101 221102 586
221106 221102 1112
221106 221105 1129
221106 221107 416
221107 221106 416
221107 221108 917
221107 221123 951
221123 221107 951
221123 221115 2946
221123 221122 1142
220526 220524 553
220526 220527 1033
220526 220528 794
220566 220528 1898
220566 220568 1829
220527 220524 970
220527 220526 1033
220527 220545 3463
220527 220546 780
220572 220571 117
220572 224292 3826
220578 220577 1311
220578 220577 1311
220578 220581 5988
220546 220527 780
220546 220534 5111
220546 220547 440
220548 220547 2253
220548 220552 739
220548 220552 739
221005 221004 977
221005 221018 1840
221005 221027 1207
221032 221027 1791
220550 220534 3813
220550 220552 459
220550 224294 3053
221023 221020 814
221023 221022 232
221023 221024 2220
224649 221024 580
224649 221039 1199
223299 223300 860
224747 223300 712
221074 221072 560
221074 221075 482
221074 224807 624
221079 221075 762
221079 221078 1092
221079 221081 550
221084 221077 733
221084 221081 974
221084 221083 849
221099 221077 1100
221099 221087 1482
221099 221092 845
221088 221087 487
221088 221090 282
221088 224661 1387
221016 221013 1171
221016 221017 372
221016 221037 3963
221036 221035 961
221036 221037 2233
221036 221044 1048
221038 221025 744
221038 221039 1911
221038 221041 969
221091 221090 795
221091 221101 1039
221100 221092 204
221100 221101 567
221100 221105 962
221105 221100 962
221105 221104 540
221105 221106 1129
221122 221104 1115
221122 221121 919
221122 221123 1142
220524 220525 2333
220524 220526 553
220524 220527 970
220568 220566 1829
224292 220572 3826
220577 220570 5745
220577 220578 1311
220577 220578 1311
220534 220532 4352
220534 220546 5111
220534 220550 3813
220552 220548 739
220552 220548 739
220552 220550 459
221004 218420 899
221004 221001 1435
221004 221005 977
221018 218421 937
221018 221005 1840
221018 224527 847
221020 218421 842
221020 221019 355
221020 221021 764
221020 221023 814
221022 221017 826
221022 221023 232
221022 221025 969
221072 221071 539
221072 221073 3421
221072 221074 560
224807 221071 1293
224807 221074 624
224807 224808 441
221078 221079 1092
221078 221080 868
221078 224312 95
221078 224313 1563
221081 221079 550
221081 221080 1305
221081 221084 974
221083 221082 824
221083 221084 849
221083 221085 828
221092 221090 1313
221092 221099 845
221092 221100 204
221090 221088 282
221090 221091 795
221090 221092 1313
224661 221088 1387
221013 221011 188
221013 221014 1060
221013 221015 671
221013 221016 1171
221017 221016 372
221017 221022 826
221035 220754 427
221035 221036 961
221044 221036 1048
221044 221043 313
221044 221045 302
221025 221022 969
221025 221026 2014
221025 221038 744
221104 221103 751
221104 221105 540
221104 221122 1115
221121 221103 1381
221121 221116 853
221121 221122 919
220525 220524 2333
220570 220577 5745
220532 220534 4352
218420 218421 951
218420 218652 1452
218420 221004 899
221001 220998 1781
221001 221003 333
221001 221004 1435
218421 218420 951
218421 221007 1145
218421 221018 937
218421 221020 842
224527 221018 847
221019 221020 355
221021 221020 764
221071 221061 189
221071 221072 539
221071 224807 1293
221073 221072 3421
224808 224807 441
221080 221078 868
221080 221081 1305
221080 221082 769
224312 221078 95
224312 224311 64
224313 221078 1563
221082 221080 769
221082 221083 824
221082 221116 883
221085 221083 828
221085 221103 734
221085 221116 1139
221011 221010 211
221011 221012 576
221011 221013 188
221014 221013 1060
221015 221000 781
221015 221013 671
220754 220753 1092
220754 220772 3720
220754 221035 427
221043 220942 1979
221043 221044 313
221045 221044 302
221045 221046 277
221045 221047 2009
221026 221025 2014
221103 221085 734
221103 221104 751
221103 221121 1381
221116 221082 883
221116 221085 1139
221116 221121 853
218652 218420 1452
218652 220999 2146
218652 221006 951
220998 220543 860
220998 220997 367
220998 221001 1781
221003 221001 333
221007 218421 1145
221007 221006 307
221061 221056 2175
221061 221070 2182
221061 221071 189
224311 221119 4108
224311 224312 64
221010 221008 1825
221010 221011 211
221010 224647 606
221012 221011 576
221000 219503 731
221000 221006 1396
221000 221015 781
220753 220747 923
220753 220754 1092
220753 220755 202
220772 220754 3720
220772 220770 1042
220772 220940 286
220942 220941 1033
220942 221043 1979
220942 221047 754
221046 221045 277
221047 220942 754
221047 220943 1248
221047 221045 2009
220999 218652 2146
220999 219503 833
220999 220997 827
221006 218652 951
221006 221000 1396
221006 221007 307
220543 220533 2475
220543 220542 1364
220543 220998 860
220997 220541 1109
220997 220998 367
220997 220999 827
221056 221055 967
221056 221057 937
221056 221060 203
221056 221061 2175
221056 221069 1180
221070 221061 2182
221119 221064 971
221119 224311 4108
221008 220699 280
221008 221009 1380
221008 221010 1825
224647 221010 606
219503 219504 591
219503 220999 833
219503 221000 731
220747 220706 555
220747 220748 824
220747 220753 923
220755 220753 202
220755 220768 1960
220755 224862 1294
220770 220772 1042
220940 220772 286
220940 220941 575
220941 220940 575
220941 220942 1033
220941 220943 876
220943 220941 876
220943 221047 1248
220533 220543 2475
220542 220541 748
220542 220543 1364
220541 220542 748
220541 220997 1109
221055 221056 967
221055 221057 187
221057 221055 187
221057 221056 937
221060 221056 203
221069 221056 1180
221064 221119 971
220699 221008 280
221009 221008 1380
219504 219503 591
220706 220747 555
220748 220747 824
220768 220755 1960
224862 220755 1294
23
220571
220566
220572
220524
220568
224292
220525
220570
220532
220770
220941
220943
220533
220542
220541
221055
221057
221060
221064
220699
220706
220748
220768
