20
140120 140122 803
140122 140120 803
190084 190080 716
190080 190084 716
190081 190082 600
190082 190081 600
190088 190098 699
190098 190088 699
190466 190076 256
189987 189997 629
189997 189987 629
190076 190466 256
189967 190677 169
189973 189974 665
190677 189967 169
190677 190678 115
190678 190677 115
189974 189973 665
142214 142339 1443
142339 142214 1443
35
140108
140104
140120
140098
140101
140122
140123
190041
190084
190080
190081
190082
190088
190098
190105
190113
190448
190319
190115
189987
189990
189994
189997
190076
189967
189973
190677
190678
189974
190563
190315
142209
142214
142339
142346
