102
260358 260395 1139
260395 260358 1139
260395 260362 707
260362 260361 818
260362 260382 818
260362 260395 707
260361 260359 508
260361 260362 818
260382 260362 818
260382 260369 3339
260382 260406 905
260359 260360 2948
260359 260361 508
260369 260382 3339
260406 260382 905
260406 260385 475
260360 260359 2948
260385 260383 1030
260385 260386 1955
260385 260406 475
260383 260380 1223
260383 260384 2153
260383 260385 1030
260386 260385 1955
260386 260389 511
260380 260381 1635
260380 260383 1223
260384 260381 1006
260384 260383 2153
260384 260387 2783
260384 260389 838
260389 260384 838
260389 260386 511
260389 260413 434
260381 260380 1635
260381 260384 1006
260387 260384 2783
260413 260389 434
260413 260414 782
260414 260413 782
260414 260415 905
260415 260414 905
260415 260416 515
260415 260417 1493
260416 260415 515
260416 260422 1224
260416 260422 1224
260417 260415 1493
260422 260416 1224
260422 260416 1224
260422 260421 475
260421 260422 475
260421 260423 1084
260423 260421 1084
260423 260434 312
260434 260423 312
260434 260433 772
260434 263860 774
260433 260434 772
260433 260516 1573
260433 260534 562
263860 260434 774
260516 260433 1573
260534 260433 562
260534 260437 825
260534 260535 983
260437 260436 796
260437 260453 227
260437 260534 825
260535 260520 1687
260535 260534 983
260436 260437 796
260436 260451 1962
260453 260437 227
260453 263847 62
260453 263848 389
260520 260521 847
260520 260535 1687
260451 260436 1962
260451 260452 713
263847 260452 1791
263847 260453 62
263848 260453 389
263848 263849 817
263848 263850 749
260521 260520 847
260452 260451 713
260452 260454 373
260452 263847 1791
263849 263848 817
263849 263851 880
263849 263852 1293
263849 263857 886
263849 263859 806
263850 263848 749
260454 260452 373
260454 260564 713
263851 263849 880
263852 263849 1293
263857 263849 886
263859 263849 806
260564 260454 713
48
260358
260395
260362
260361
260382
260359
260369
260406
260360
260385
260383
260386
260380
260384
260389
260381
260387
260413
260414
260415
260416
260417
260422
260421
260423
260434
260433
263860
260516
260534
260437
260535
260436
260453
260520
260451
263847
263848
260521
260452
263849
263850
260454
263851
263852
263857
263859
260564
