28
251560 251561 836
251561 251560 836
251561 251566 1225
251566 251561 1225
251697 252004 1111
252005 252006 713
252004 251697 1111
252006 252005 713
252211 252246 354
252246 252211 354
252302 252303 847
252302 252360 279
252360 252302 279
252299 252315 373
252315 252299 373
252303 252302 847
252341 252342 893
252342 252341 893
252779 252792 950
252792 252779 950
252819 252818 1124
252819 252821 788
252822 252821 905
252818 252819 1124
252821 252819 788
252821 252822 905
252826 252832 1357
252832 252826 1357
35
251560
251561
251566
251569
251697
251881
252005
252004
252006
252016
252208
252211
252246
264006
252302
252360
252050
252283
252297
252299
252315
252316
252287
252292
252303
252307
252308
252341
252342
252771
252779
252792
252824
252822
252832
