452
82585 82601 2286
82601 82585 2286
82601 82602 4
82602 82601 4
82602 82640 1463
82640 82602 1463
82640 82638 3753
82640 82643 3372
82638 82639 1068
82638 82640 3753
82638 82644 2045
82638 82666 2463
82638 82688 1275
82643 82640 3372
82643 82641 520
82643 82645 1022
82639 82637 5678
82639 82638 1068
82639 82689 1697
82639 82693 1114
82644 82638 2045
82644 82646 1828
82644 82667 2059
82666 82638 2463
82666 82671 762
82688 82638 1275
82688 82687 854
82688 82689 905
82641 82597 1357
82641 82643 520
82645 82599 1980
82645 82643 1022
82645 82646 1360
82637 82639 5678
82689 82639 1697
82689 82688 905
82689 82691 854
82689 82692 1114
82693 82639 1114
82693 82692 1697
82693 82698 905
82693 91681 938
82646 82644 1828
82646 82645 1360
82646 82658 438
82667 82644 2059
82671 82666 762
82671 85114 677
82687 82686 254
82687 82688 854
82687 82691 905
82597 82596 818
82597 82641 1357
82599 82600 2153
82599 82645 1980
82599 82659 1976
82691 82687 905
82691 82689 854
82691 82690 423
82691 82705 1124
82692 82689 1114
82692 82693 1697
82692 82703 951
82692 82705 770
82698 82693 905
82698 82699 2717
82698 82700 931
82698 82703 1191
91681 82693 938
82658 82646 438
82658 82659 2045
85114 82671 677
85114 90668 603
82686 82687 254
82596 82597 818
82596 82598 796
82600 82599 2153
82659 82599 1976
82659 82658 2045
82659 84935 562
82690 82691 423
82705 82691 1124
82705 82692 770
82705 82713 339
82703 82692 951
82703 82698 1191
82703 82704 4017
82703 82712 675
82699 82698 2717
82699 82700 2458
82699 82704 796
82700 82698 931
82700 82699 2458
82700 91680 593
90668 82660 893
90668 85114 603
90668 90669 8889
82598 82596 796
84935 82659 562
84935 90736 2430
82713 82705 339
82704 82699 796
82704 82703 4017
82704 90980 478
82712 82703 675
82712 82711 356
82712 90979 651
91680 82700 593
82660 82661 1222
82660 82665 488
82660 90668 893
90669 90668 8889
90669 90670 2326
90736 84935 2430
90980 82704 478
82711 82712 356
90979 82712 651
82661 82660 1222
82661 82662 279
82661 82714 1334
82665 82660 488
90670 90669 2326
90670 90671 250
90670 91677 252
82662 82661 279
82662 82663 277
82662 90740 553
82714 82653 556
82714 82661 1334
82714 82715 1022
90671 85145 2206
90671 90670 250
90671 91756 260
91677 90670 252
91677 91678 415
91677 91756 233
82663 82662 277
82663 82664 630
82663 90739 569
90740 82662 553
82653 82654 556
82653 82656 1016
82653 82714 556
82715 82714 1022
82715 90738 356
85145 85138 1780
85145 85144 1367
85145 90671 2206
91756 90671 260
91756 91677 233
91756 91930 360
91678 91677 415
82664 82663 630
90739 82663 569
82654 82653 556
82654 82655 1948
82654 82706 556
82654 90667 931
82656 82653 1016
82656 82657 593
90738 82715 356
85138 85137 556
85138 85139 310
85138 85145 1780
85144 85139 468
85144 85145 1367
85144 90781 571
91930 91756 360
82655 82654 1948
82706 82654 556
82706 82707 1355
82706 82724 333
82706 85147 339
90667 82654 931
82657 82656 593
85137 85132 562
85137 85138 556
85137 85142 1022
85139 85138 310
85139 85140 588
85139 85144 468
90781 85144 571
82707 82706 1355
82707 82708 333
82724 82706 333
82724 82708 1355
82724 82723 333
85147 82706 339
85147 82744 445
85147 85148 847
85147 90741 457
85132 85133 508
85132 85136 1328
85132 85137 562
85142 85137 1022
85142 85143 169
85142 85146 667
85140 85139 588
85140 85141 262
85140 91679 317
82708 82707 333
82708 82709 606
82708 82724 1355
82723 82685 748
82723 82716 242
82723 82724 333
82744 82685 889
82744 82743 677
82744 85147 445
85148 85147 847
90741 85147 457
85133 85132 508
85133 85146 423
85136 85132 1328
85136 85134 526
85136 90672 8580
85143 85142 169
85146 85133 423
85146 85142 667
85146 91029 339
85141 85140 262
91679 85140 317
82709 82708 606
82709 82710 439
82709 82716 1498
82685 82680 794
82685 82684 667
82685 82717 339
82685 82723 748
82685 82744 889
82716 82709 1498
82716 82717 425
82716 82723 242
82743 82680 1114
82743 82744 677
85134 85135 782
85134 85136 526
85134 91026 672
85134 91027 677
90672 85127 2568
90672 85136 8580
90672 90778 423
91029 85146 339
82710 82709 439
82680 82681 520
82680 82685 794
82680 82743 1114
82684 82682 2111
82684 82685 667
82684 82725 1951
82717 82685 339
82717 82716 425
82717 82718 1778
85135 85134 782
91026 85134 672
91027 85134 677
85127 85120 633
85127 85128 532
85127 90672 2568
90778 90672 423
90778 90779 356
90778 91028 374
82681 82680 520
82682 82683 1206
82682 82684 2111
82682 82742 417
82725 82684 1951
82718 82717 1778
85120 85121 1085
85120 85124 1486
85120 85127 633
85128 85127 532
85128 85129 981
85128 85131 1064
90779 90778 356
91028 90778 374
82683 82682 1206
82742 82682 417
82742 82741 1253
82742 84715 558
85121 85120 1085
85121 85122 516
85121 85123 506
85124 85120 1486
85124 85125 1100
85124 85126 2006
85129 85128 981
85129 85130 197
85129 85131 526
85131 85128 1064
85131 85129 526
85131 90780 103
82741 82740 1138
82741 82742 1253
82741 84715 1047
84715 82739 719
84715 82741 1047
84715 82742 558
85122 85121 516
85123 85121 506
85125 85124 1100
85126 85116 501
85126 85124 2006
85130 85129 197
90780 85131 103
82740 82739 48
82740 82741 1138
82739 82738 6307
82739 82740 48
82739 84715 719
85116 85115 740
85116 85117 1401
85116 85126 501
82738 82737 2335
82738 82739 6307
82738 91331 1778
85115 85116 740
85115 85119 242
85117 85116 1401
85117 85118 2699
82737 82736 757
82737 82738 2335
82737 82745 603
91331 82738 1778
85119 85080 114
85119 85115 242
85118 85117 2699
85118 90640 30934
82736 82735 476
82736 82737 757
82736 82746 1103
82745 82737 603
82745 91683 344
85080 85079 1642
85080 85119 114
90640 84949 810
90640 85118 30934
90640 90641 11586
82735 82734 436
82735 82736 476
82735 82747 1075
82746 82736 1103
91683 82745 344
91683 91684 688
91683 91685 593
85079 84941 1190
85079 85080 1642
84949 90640 810
90641 84945 10980
90641 90640 11586
90641 90642 7952
90641 91558 5065
82734 82732 294
82734 82735 436
82747 82735 1075
82747 90743 457
91684 91683 688
91685 91683 593
91685 91686 667
91685 91687 1016
84941 85079 1190
84945 84943 581
84945 84944 581
84945 90641 10980
90642 90641 7952
91558 90641 5065
82732 82733 488
82732 82734 294
82732 90743 1680
90743 82732 1680
90743 82747 457
91686 91685 667
91687 91685 1016
84943 84937 3804
84943 84944 338
84943 84945 581
84944 84936 1618
84944 84943 338
84944 84945 581
82733 82732 488
82733 82756 200
84937 84936 3878
84937 84939 1626
84937 84943 3804
84936 84937 3878
84936 84938 3030
84936 84944 1618
82756 82733 200
82756 82755 356
82756 90742 1761
84939 84937 1626
84939 84938 4703
84939 85172 17554
84938 84936 3030
84938 84939 4703
84938 85164 478
82755 82754 445
82755 82756 356
82755 82760 1525
90742 82756 1761
85172 84939 17554
85172 85171 2786
85172 85173 1376
85172 85180 7794
85164 84938 478
85164 85165 1952
85164 85181 748
82754 82755 445
82754 82757 2205
82760 82755 1525
82760 82759 1751
85171 85170 5036
85171 85172 2786
85171 85178 2379
85171 86898 356
85173 85172 1376
85180 85172 7794
85180 85179 4966
85180 86876 3075
85165 85164 1952
85165 85166 1077
85181 85164 748
85181 85182 4825
82757 82754 2205
82757 82758 423
82759 82760 1751
85170 85169 2229
85170 85171 5036
85170 85187 789
85178 85171 2379
85178 85179 621
85178 86899 388
86898 85171 356
86898 86899 1936
86898 86902 1204
85179 85178 621
85179 85180 4966
85179 86877 2502
86876 85180 3075
86876 86897 3785
85166 85165 1077
85182 85181 4825
82758 82757 423
85169 85170 2229
85169 85187 1665
85187 85169 1665
85187 85170 789
86899 85178 388
86899 86898 1936
86902 86898 1204
86877 85179 2502
86897 86876 3785
200
82585
82601
82602
82640
82638
82643
82639
82644
82666
82688
82641
82645
82637
82689
82693
82646
82667
82671
82687
82597
82599
82691
82692
82698
91681
82658
85114
82686
82596
82600
82659
82690
82705
82703
82699
82700
90668
82598
84935
82713
82704
82712
91680
82660
90669
90736
90980
82711
90979
82661
82665
90670
82662
82714
90671
91677
82663
90740
82653
82715
85145
91756
91678
82664
90739
82654
82656
90738
85138
85144
91930
82655
82706
90667
82657
85137
85139
90781
82707
82724
85147
85132
85142
85140
82708
82723
82744
85148
90741
85133
85136
85143
85146
85141
91679
82709
82685
82716
82743
85134
90672
91029
82710
82680
82684
82717
85135
91026
91027
85127
90778
82681
82682
82725
82718
85120
85128
90779
91028
82683
82742
85121
85124
85129
85131
82741
84715
85122
85123
85125
85126
85130
90780
82740
82739
85116
82738
85115
85117
82737
91331
85119
85118
82736
82745
85080
90640
82735
82746
91683
85079
84949
90641
82734
82747
91684
91685
84941
84945
90642
91558
82732
90743
91686
91687
84943
84944
82733
84937
84936
82756
84939
84938
82755
90742
85172
85164
82754
82760
85171
85173
85180
85165
85181
82757
82759
85170
85178
86898
85179
86876
85166
85182
82758
85169
85187
86899
86902
86877
86897
