38
141548 141549 844
141548 141551 1819
141549 141548 844
141549 141550 834
141549 141552 2327
141551 141548 1819
141551 141561 1251
141551 141567 524
141550 141549 834
141550 141572 2311
141552 141549 2327
141552 141567 623
141552 141572 842
141552 141584 947
141561 141551 1251
141561 141554 531
141561 141562 573
141567 141551 524
141567 141552 623
141567 141564 249
141567 141584 1141
141572 141550 2311
141572 141552 842
141572 141580 2051
141584 141552 947
141584 141567 1141
141584 141580 1334
141554 141561 531
141554 141562 237
141562 141554 237
141562 141560 311
141562 141561 573
141564 141567 249
141580 141572 2051
141580 141584 1334
141580 141626 400
141560 141562 311
141626 141580 400
15
141548
141549
141551
141550
141552
141561
141567
141572
141584
141554
141562
141564
141580
141560
141626
