18
21447 21446 1234
21446 21447 1234
21733 21734 238
21734 21733 238
21736 21737 2002
21730 21744 893
21744 21730 893
21745 21737 420
21737 21736 2002
21737 21745 420
21616 21760 588
21760 21616 588
21918 21923 1669
21923 21918 1669
21923 21931 2000
21931 21923 2000
21898 21936 1978
21936 21898 1978
34
19807
21447
21446
21456
21457
21460
21524
21534
21649
21590
21725
21718
21733
21716
21734
21736
21740
21804
21730
21732
21744
21745
21606
21757
21610
21612
21616
21760
21918
21923
21931
21930
21898
21913
