14
145047 145058 645
145058 145047 645
145679 145683 851
145683 145679 851
145685 145697 482
145697 145685 482
145900 145856 832
145902 145898 719
145898 145896 751
145898 145902 719
145896 145898 751
145856 145900 832
145934 145935 1472
145935 145934 1472
39
144834
144843
144845
144851
145047
145058
145134
145148
145155
145525
145531
145536
145552
144131
145644
145679
145683
145685
145697
145700
145705
145900
145902
145898
145896
145903
145920
145889
145911
145923
145856
145934
145935
145944
145947
146090
151594
203846
204546
