14
146036 146038 830
146078 146034 797
151500 151439 1018
151439 151500 1018
146034 146078 797
146038 146036 830
139762 139763 1294
139762 139763 1294
151390 151392 534
151392 151390 534
139763 139762 1294
139763 139762 1294
204131 204130 245
204130 204131 245
38
145365
145370
145374
145367
145424
145441
145448
145464
145467
145474
145476
145991
146014
146027
146036
146078
151423
151433
151434
151432
151426
151500
151439
146034
146038
139762
151386
151390
151392
139763
203683
204039
204105
204110
204497
204498
204131
204135
