16
243107 261992 1635
261992 243107 1635
247554 247557 736
247557 247554 736
247652 247658 867
247658 247652 867
247659 247593 1206
247593 247659 1206
247593 247670 1021
247670 247593 1021
247670 247672 750
247672 247670 750
247672 247679 746
247679 247672 746
247681 247683 1935
247683 247681 1935
33
243630
242887
243107
242903
261992
264297
261543
244055
247536
247543
247554
247557
247564
247631
247652
247658
247659
247593
247672
247679
247681
247683
247816
247821
247833
247840
248028
248034
248082
248350
248355
248365
258623
