18
190762 190763 75
190763 190762 75
189536 187899 1462
187899 189536 1462
134793 134795 1768
134795 134793 1768
134736 134735 1066
134735 134736 1066
134997 134998 951
134915 135015 751
134998 134997 951
135015 134915 751
134982 135078 757
135078 134982 757
135082 135083 757
135083 135082 757
135796 135804 673
135804 135796 673
38
190599
190604
190762
190763
187972
187975
190785
187251
187825
187837
189595
189536
187899
134721
134733
134796
134786
134793
134795
134784
134735
134718
134218
134997
134915
134998
134962
135015
134982
135078
135082
135083
135796
135804
135773
135785
135825
135724
