18
243612 243606 690
243606 243612 690
243475 243477 1348
243283 243301 435
243283 243438 115
243438 243283 115
243292 243303 740
243301 243283 435
243303 243292 740
243477 243475 1348
243477 243487 991
243487 243477 991
243487 243489 742
243324 243329 2751
243329 243324 2751
243489 243487 742
243498 243501 616
243501 243498 616
35
256949
256951
257003
240583
257318
238925
261167
262852
244156
262816
257936
257942
262830
239108
243612
243606
243473
243475
242793
243425
242788
243283
243438
243292
243301
243303
243487
243291
243295
243324
243329
243330
243489
243498
243503
