24
146453 146456 2189
146456 146453 2189
146618 146635 1311
146635 146618 1311
146651 146654 911
146654 146651 911
146692 146697 1499
146697 146692 1499
146912 146910 543
146900 146910 812
146910 146900 812
146910 146912 543
153808 153807 1206
153805 153814 1161
153807 153808 1206
153608 153607 414
153607 153608 414
153814 153805 1161
153567 153566 139
153566 153567 139
153560 153564 562
153564 153560 562
168526 162502 337
162502 168526 337
38
146448
146453
146456
146618
146635
146651
146654
146692
146697
146706
146713
146830
146884
146888
146895
146912
146900
146910
150159
212215
213379
153808
153807
153574
153605
153607
153620
153629
153814
153817
153567
153557
153566
153560
153564
152076
168526
162502
