22
130216 130215 1323
130216 130217 751
130215 130216 1323
130215 130219 2543
130217 130216 751
130219 130215 2543
131091 131081 678
132000 132001 1897
132001 132000 1897
132042 132046 1087
132046 132042 1087
131081 131091 678
132048 132090 675
132090 132048 675
215724 219013 1120
215724 222610 4553
222610 215724 4553
219013 215724 1120
219013 221938 2382
221938 219013 2382
222613 222612 1522
222612 222613 1522
34
130935
130216
130215
130217
130219
130222
130261
130260
131091
131087
131106
131991
132000
132001
132006
132042
132046
130240
130243
130269
130258
130287
131042
131050
131081
131984
121576
121648
121649
131969
132090
222610
221938
222612
