30
135391 135399 751
135399 135391 751
135399 135453 827
135453 135399 827
135467 135470 1063
136278 136279 344
136297 139586 1226
136279 136278 344
135470 135467 1063
135470 135817 905
135817 135470 905
136217 136218 1345
136218 136217 1345
139586 136297 1226
139586 136299 1615
136299 136305 1543
136299 139586 1615
136305 136299 1543
136305 136422 889
136422 136305 889
136453 136465 1093
136443 136466 2113
136465 136453 1093
136465 136466 848
136465 136467 2451
136466 136443 2113
136466 136465 848
136467 136465 2451
136525 136528 848
136528 136525 848
31
135391
135389
135399
135452
135453
135464
135467
136278
136296
136297
136279
136280
135470
135817
136217
136218
136272
136299
136422
136424
136453
136473
136477
136537
136539
136511
136515
136467
136853
137796
137801
