568
161348 161349 796
161348 161353 714
161348 161357 2210
161348 161358 1055
161349 161348 796
161349 161350 1914
161349 161354 713
161349 161373 2210
161353 161348 714
161353 161351 731
161357 161348 2210
161357 161356 1956
161357 161373 796
161357 164525 829
161358 161348 1055
161358 161359 1504
161358 161361 848
161358 161365 752
161350 161349 1914
161354 161349 713
161354 161355 1748
161354 161374 796
161354 161376 2325
161373 161349 2210
161373 161357 796
161373 161376 796
161351 161352 653
161351 161353 731
161356 161357 1956
161356 161364 1011
161356 161372 808
164525 161357 829
164525 161370 818
164525 164527 581
164525 172423 1533
161359 161358 1504
161359 161360 782
161361 161358 848
161361 161360 1283
161361 161362 848
161361 164499 1735
161365 161358 752
161365 161366 610
161365 164502 829
161355 161354 1748
161355 212427 530
161374 161354 796
161374 161375 1627
161374 161377 818
161374 161379 2291
161376 161354 2325
161376 161373 796
161376 161379 688
161376 164526 768
161352 161351 653
161352 172420 3010
161352 172420 3010
161352 212411 278
161364 161356 1011
161364 161363 808
161364 164509 475
161372 161356 808
161372 161367 2409
161372 161370 1014
161372 164518 951
161370 161371 1226
161370 161372 1014
161370 164525 818
164527 164525 581
164527 164526 796
164527 172422 1662
172423 164525 1533
161360 161359 782
161360 161361 1283
161362 161361 848
161362 161363 279
161362 164498 436
164499 161361 1735
164499 164500 782
164499 164502 796
161366 161365 610
164502 161365 829
164502 164499 796
164502 172421 1050
212427 161355 530
212427 212411 1611
212427 212425 890
212427 212428 679
161375 161374 1627
161375 212428 709
161377 161374 818
161377 161378 1459
161377 161380 581
161377 161382 2425
161379 161374 2291
161379 161376 688
161379 161382 672
164526 161376 768
164526 161397 1357
164526 161400 683
164526 164527 796
172420 161352 3010
172420 161352 3010
172420 164496 220
172420 164496 220
172420 212401 889
172420 212408 1141
212411 161352 278
212411 212405 900
212411 212407 679
212411 212427 1611
161363 161362 279
161363 161364 808
161363 164490 1768
164509 161364 475
164509 164508 688
164509 164518 1735
161367 161368 672
161367 161372 2409
161367 164542 1537
164518 161372 951
164518 164509 1735
164518 164517 818
164518 164519 1881
161371 161370 1226
172422 164527 1662
164498 161362 436
164498 164491 1636
164498 164501 829
164500 164495 202
164500 164499 782
164500 164501 710
172421 164502 1050
212425 212406 808
212425 212407 1648
212425 212426 631
212425 212427 890
212428 161375 709
212428 212426 988
212428 212427 679
212428 212429 718
161378 161377 1459
161378 212429 843
161380 161377 581
161380 161381 1416
161380 161383 818
161380 161386 2452
161382 161377 2425
161382 161379 672
161382 161386 688
161382 161397 767
161397 161382 767
161397 161398 684
161397 164526 1357
161400 161398 1357
161400 161401 595
161400 164526 683
164496 164495 811
164496 164497 974
164496 164497 974
164496 172420 220
164496 172420 220
164496 212376 1887
212401 172420 889
212401 212400 802
212408 172420 1141
212408 212405 897
212408 212410 918
212405 212404 1069
212405 212408 897
212405 212411 900
212407 212402 743
212407 212411 679
212407 212425 1648
164490 161363 1768
164490 164165 2244
164490 164491 710
164490 164505 753
164508 164505 713
164508 164509 688
164508 164517 1775
161368 161367 672
161368 161369 872
161368 164530 796
164542 161367 1537
164542 164551 511
164517 164508 1775
164517 164515 713
164517 164518 818
164519 164515 1065
164519 164516 713
164519 164518 1881
164491 164484 570
164491 164490 710
164491 164498 1636
164501 164492 1426
164501 164498 829
164501 164500 710
164495 164493 1426
164495 164496 811
164495 164500 202
212406 212402 1596
212406 212403 834
212406 212416 1630
212406 212425 808
212426 212417 892
212426 212425 631
212426 212428 988
212429 161378 843
212429 212417 1130
212429 212428 718
212429 212430 689
161381 161380 1416
161381 212430 946
161383 161380 818
161383 161384 874
161383 161389 2210
161383 161391 905
161386 161380 2452
161386 161382 688
161386 161389 928
161386 161396 3086
161398 161397 684
161398 161399 683
161398 161400 1357
161401 161392 1189
161401 161400 595
161401 168720 712
164497 164494 340
164497 164494 340
164497 164496 974
164497 164496 974
212376 164496 1887
212376 212374 606
212376 212375 1918
212376 212390 622
212400 212383 2063
212400 212398 594
212400 212401 802
212410 212404 805
212410 212408 918
212410 214696 401
212404 212402 786
212404 212405 1069
212404 212410 805
212402 212383 841
212402 212404 786
212402 212406 1596
212402 212407 743
164165 164148 711
164165 164164 713
164165 164488 710
164165 164490 2244
164505 164490 753
164505 164504 818
164505 164508 713
164505 164515 1775
161369 161368 872
164530 161368 796
164530 161392 1032
164530 164531 752
164551 164537 475
164551 164542 511
164551 164550 1145
164515 164505 1775
164515 164511 747
164515 164517 713
164515 164519 1065
164516 164511 985
164516 164514 789
164516 164519 713
164484 164482 856
164484 164491 570
164492 164485 818
164492 164493 906
164492 164501 1426
164493 164492 906
164493 164494 940
164493 164495 1426
212403 212383 1613
212403 212384 759
212403 212406 834
212403 212413 1558
212416 212406 1630
212416 212413 808
212416 212417 779
212417 212416 779
212417 212426 892
212417 212429 1130
212430 161381 946
212430 212415 205
212430 212429 689
161384 161383 874
161384 161385 363
161384 161387 1002
161389 161383 2210
161389 161386 928
161389 161390 333
161391 161383 905
161396 161386 3086
161396 161395 374
161396 172148 610
161399 161398 683
161392 161393 238
161392 161401 1189
161392 164530 1032
168720 161401 712
164494 164487 810
164494 164487 810
164494 164493 940
164494 164497 340
164494 164497 340
212374 212372 1995
212374 212376 606
212374 212398 498
212375 212372 787
212375 212376 1918
212375 212377 560
212390 212376 622
212390 212378 1004
212390 212391 706
212390 212393 1592
212383 212382 709
212383 212400 2063
212383 212402 841
212383 212403 1613
212398 212374 498
212398 212399 278
212398 212400 594
214696 212410 401
164148 164146 796
164148 164149 2392
164148 164165 711
164148 164482 818
164164 164138 1085
164164 164165 713
164164 164489 710
164488 164165 710
164488 164489 713
164488 164503 713
164488 164507 1813
164504 164503 818
164504 164505 818
164504 164511 1891
164531 164530 752
164531 164541 1689
164537 164535 374
164537 164538 2210
164537 164551 475
164550 164551 1145
164511 164504 1891
164511 164506 796
164511 164515 747
164511 164516 985
164514 164506 1261
164514 164512 837
164514 164516 789
164482 164148 818
164482 164483 2406
164482 164484 856
164485 164486 355
164485 164487 1649
164485 164492 818
212384 212334 779
212384 212355 1689
212384 212382 1497
212384 212403 759
212413 212355 785
212413 212403 1558
212413 212414 736
212413 212416 808
212415 212361 590
212415 212414 2873
212415 212430 205
161385 161384 363
161385 212361 1179
161387 161384 1002
161387 161388 330
161387 172147 303
161390 161389 333
161395 161396 374
161395 164582 879
172148 161396 610
161393 161392 238
164487 164483 745
164487 164483 745
164487 164485 1649
164487 164494 810
164487 164494 810
164487 212396 947
212372 212373 560
212372 212374 1995
212372 212375 787
212377 212375 560
212377 212378 775
212377 212385 1296
212378 212377 775
212378 212388 745
212378 212390 1004
212391 212388 963
212391 212390 706
212391 212392 973
212393 212390 1592
212382 212381 751
212382 212383 709
212382 212384 1497
212382 212399 1595
212399 212380 1029
212399 212382 1595
212399 212398 278
164146 164145 713
164146 164147 2316
164146 164148 796
164149 164147 712
164149 164147 712
164149 164148 2392
164149 164483 777
164149 164483 777
164138 164139 475
164138 164140 879
164138 164164 1085
164138 164237 537
164489 164164 710
164489 164249 872
164489 164488 713
164503 164488 713
164503 164504 818
164503 164506 1813
164507 164247 848
164507 164488 1813
164507 164506 713
164507 164512 1500
164541 164531 1689
164535 164536 344
164535 164537 374
164535 164548 2017
164538 164537 2210
164538 164539 751
164538 172424 436
164506 164503 1813
164506 164507 713
164506 164511 796
164506 164514 1261
164512 164507 1500
164512 164513 874
164512 164514 837
164483 164149 777
164483 164149 777
164483 164482 2406
164483 164487 745
164483 164487 745
164486 164485 355
212334 212331 808
212334 212354 1670
212334 212381 1570
212334 212384 779
212355 212354 826
212355 212357 1613
212355 212384 1689
212355 212413 785
212414 212412 891
212414 212413 736
212414 212415 2873
212361 161385 1179
212361 212362 231
212361 212415 590
161388 161387 330
161388 212431 1187
172147 161387 303
164582 161395 879
164582 172149 789
212396 164487 947
212396 212389 727
212396 212392 377
212396 212394 810
212373 212372 560
212373 214313 311
212373 214314 750
212385 212041 701
212385 212377 1296
212385 212387 612
212388 212378 745
212388 212387 723
212388 212391 963
212392 212391 973
212392 212396 377
212392 212397 694
212381 212334 1570
212381 212380 1041
212381 212382 751
212380 212379 955
212380 212381 1041
212380 212399 1029
164145 164140 475
164145 164144 1066
164145 164146 713
164147 164137 544
164147 164137 544
164147 164146 2316
164147 164149 712
164147 164149 712
164147 214271 1099
164139 164138 475
164139 164161 337
164140 164138 879
164140 164145 475
164140 164151 1347
164140 164162 511
164237 164138 537
164249 164234 747
164249 164247 985
164249 164489 872
164247 164246 710
164247 164248 713
164247 164249 985
164247 164507 848
164536 164535 344
164536 164539 1936
164536 164557 713
164548 164535 2017
164539 164536 1936
164539 164538 751
164539 164558 789
172424 164538 436
164513 164246 1182
164513 164512 874
212331 212334 808
212331 212379 1964
212354 212334 1670
212354 212355 826
212357 212355 1613
212357 212412 709
212412 212357 709
212412 212414 891
212362 212361 231
212362 212431 550
212431 161388 1187
212431 212362 550
172149 164582 789
212389 212387 1055
212389 212396 727
212394 212396 810
212394 214271 1034
214313 212373 311
214314 212373 750
212041 212385 701
212387 212385 612
212387 212388 723
212387 212389 1055
212397 212392 694
212379 212331 1964
212379 212380 955
164144 164145 1066
164137 164147 544
164137 164147 544
214271 164147 1099
214271 212394 1034
164161 164139 337
164151 164140 1347
164162 164140 511
164234 164249 747
164246 164247 710
164246 164513 1182
164248 164247 713
164557 164536 713
164557 164558 1775
164558 164539 789
164558 164557 1775
39
164542
164551
164531
164537
164550
161395
161393
164541
164535
164538
164582
164536
164548
164539
172424
164513
212331
212354
212357
212412
212362
212431
172149
212389
212394
214313
214314
212041
212387
212379
164144
164137
214271
164161
164151
164234
164246
164557
164558
