14
112893 112889 222
113334 112889 610
103329 103328 737
103328 103329 737
103322 112769 1167
112769 103322 1167
112796 112795 3167
112795 112796 3167
112889 112893 222
112889 113334 610
104333 104336 747
104336 104333 747
104439 104441 672
104441 104439 672
37
112606
112695
112705
112721
112771
112893
113334
113339
113341
104305
105718
104316
104329
112782
112786
103329
103328
103322
112769
112715
112716
112723
112712
112766
112796
112798
112779
112889
112812
113845
104507
104513
104333
104336
104437
104439
104441
