16
215265 215261 882
215265 215264 601
215443 215446 1686
215446 215443 1686
215261 215260 724
215261 215265 882
215495 215498 410
215498 215495 410
219799 219809 127
219809 219799 127
215259 215260 833
215264 215265 601
215260 215259 833
215260 215261 724
223342 223346 1117
223346 223342 1117
32
219286
219321
219319
224349
219326
219243
219255
219204
219268
215265
215440
215978
215443
215446
215589
215633
215772
215261
215300
215498
215575
215576
222294
222318
222327
219834
219796
219799
219809
219815
215260
223725
