18
18879 18880 1686
18880 18879 1686
25428 25330 1901
25428 25427 1715
19008 19010 806
25427 25428 1715
25389 25331 1894
25331 25330 2087
25331 25389 1894
25330 25331 2087
25330 25428 1901
19010 19008 806
25451 25452 1007
25452 25451 1007
26797 26798 806
26798 26797 806
26798 26799 373
26799 26798 373
38
20340
18784
18879
18880
18886
18901
18905
19015
19018
19024
20748
18898
18875
18881
18888
18890
19031
19028
25462
34272
35193
25428
19008
25427
25389
25390
25331
25330
19010
25441
25451
25452
25455
25396
25418
26784
26797
26799
