14
184827 184934 985
184934 184827 985
184741 184743 738
184758 184760 709
184760 184758 709
184743 184741 738
183438 183429 435
183429 183438 435
182586 182588 562
182588 182586 562
182591 182592 1652
182592 182591 1652
183658 185237 2272
185237 183658 2272
37
184836
184890
184825
184827
184920
184934
184741
184758
184760
184738
184743
184764
184770
183386
183401
183438
183429
180729
180817
180826
182019
185806
182509
182894
182586
182588
182591
182592
183663
182613
182650
183654
183658
173981
185237
173992
174002
