32
137052 137053 2451
137052 137056 672
137054 137056 2002
137116 137166 2002
137166 137116 2002
137166 137164 848
137006 137008 336
137008 137006 336
137008 137036 836
137036 137008 836
137053 137052 2451
137531 137527 672
137527 137531 672
137572 137575 1102
137575 137572 1102
137606 137605 676
137605 137606 676
137610 137604 778
137056 137052 672
137056 137054 2002
137161 137154 672
137164 137166 848
137154 137161 672
137604 137610 778
137604 137611 1299
137611 137604 1299
138053 138077 939
138077 138053 939
138216 138201 947
138201 138216 947
138202 138226 1085
138226 138202 1085
37
137052
137054
137116
137166
137005
137006
137008
137036
137045
137049
137053
137434
137531
137437
137527
137542
137555
137572
137575
137606
137605
137610
137161
137164
137611
137630
137653
138036
138045
138053
138077
138216
138201
138202
138226
138232
138082
