518
20116 20117 529
20116 20118 600
20116 27318 267
20117 20116 529
20117 27315 1338
20117 27384 1014
20118 20116 600
27318 20116 267
27318 27317 1379
27318 27375 796
27315 20117 1338
27315 27314 1417
27315 27317 905
27315 27319 951
27384 20117 1014
27384 27344 751
27384 27385 1612
27317 27312 1338
27317 27315 905
27317 27318 1379
27375 27316 1409
27375 27318 796
27314 27307 951
27314 27312 924
27314 27315 1417
27319 27307 1417
27319 27315 951
27319 27343 1831
27319 27344 789
27344 27319 789
27344 27383 951
27344 27384 751
27385 27347 736
27385 27384 1612
27385 27386 924
27385 27387 1555
27312 27305 1379
27312 27311 610
27312 27314 924
27312 27317 1338
27316 27313 1008
27316 27369 1395
27316 27375 1409
27307 27303 1613
27307 27314 951
27307 27319 1417
27307 27326 983
27343 27319 1831
27343 27342 168
27343 27345 517
27383 27344 951
27347 27345 569
27347 27385 736
27386 27357 276
27386 27385 924
27386 27388 1502
27387 27385 1555
27305 27302 1008
27305 27303 1967
27305 27310 611
27305 27312 1379
27311 27309 1274
27311 27312 610
27311 27313 836
27313 27287 1210
27313 27311 836
27313 27316 1008
27313 27368 1394
27369 27316 1395
27369 27368 806
27369 27371 1362
27303 27286 984
27303 27305 1967
27303 27306 2104
27303 27307 1613
27326 27307 983
27326 27327 1063
27326 27328 983
27342 27336 1979
27342 27341 517
27342 27343 168
27345 27343 517
27345 27346 1124
27345 27347 569
27357 27346 952
27357 27359 697
27357 27386 276
27388 27386 1502
27302 27286 2204
27302 27294 1009
27302 27305 1008
27310 27305 611
27310 27309 317
27309 27287 751
27309 27310 317
27309 27311 1274
27287 27288 966
27287 27297 1600
27287 27309 751
27287 27313 1210
27368 27313 1394
27368 27369 806
27368 27370 1394
27371 27369 1362
27371 27370 939
27371 27374 1307
27286 27284 1259
27286 27302 2204
27286 27303 984
27286 27304 2241
27306 27303 2104
27306 27304 1034
27306 27320 1848
27306 27321 789
27327 27326 1063
27328 27321 870
27328 27325 1831
27328 27326 983
27328 27329 517
27336 27334 709
27336 27338 848
27336 27342 1979
27336 27348 870
27341 27329 276
27341 27340 1085
27341 27342 517
27346 27345 1124
27346 27348 924
27346 27357 952
27359 27357 697
27359 27358 333
27359 27360 1613
27294 27293 1210
27294 27298 713
27294 27300 1161
27294 27302 1009
27288 27287 966
27297 27287 1600
27297 27296 681
27297 27389 972
27370 27365 336
27370 27368 1394
27370 27371 939
27374 26525 1426
27374 27371 1307
27374 27373 873
27374 27379 403
27284 27285 2418
27284 27286 1259
27284 27301 418
27304 27286 2241
27304 27306 1034
27304 29328 354
27320 27306 1848
27320 27322 599
27320 27323 1530
27320 29326 1534
27321 27306 789
27321 27322 1798
27321 27328 870
27325 27322 789
27325 27328 1831
27325 27330 1798
27325 27334 827
27329 27328 517
27329 27334 1955
27329 27341 276
27334 27325 827
27334 27329 1955
27334 27335 747
27334 27336 709
27338 27336 848
27338 27337 435
27338 27349 713
27338 27350 905
27348 27336 870
27348 27346 924
27348 27350 951
27348 27358 789
27340 27341 1085
27358 27348 789
27358 27359 333
27358 27361 344
27360 27359 1613
27293 27283 1209
27293 27291 927
27293 27294 1210
27298 27294 713
27298 27295 202
27298 27299 1677
27300 27294 1161
27300 27301 1022
27300 29302 2817
27296 26455 1085
27296 27295 747
27296 27297 681
27296 34304 2304
27389 27297 972
27365 27308 806
27365 27367 1254
27365 27370 336
26525 26523 1274
26525 26533 202
26525 27374 1426
26525 27378 474
27373 27367 476
27373 27374 873
27379 27374 403
27379 27380 1161
27285 27284 2418
27285 29309 1116
27285 29319 1395
27285 29328 1034
27301 27284 418
27301 27300 1022
27301 29308 1079
29328 27285 1034
29328 27304 354
29328 29329 796
27322 27320 599
27322 27321 1798
27322 27324 1742
27322 27325 789
27323 27320 1530
27323 27324 677
29326 27320 1534
29326 29325 1224
29326 29327 1930
29326 29329 884
27330 27324 629
27330 27325 1798
27330 27331 818
27335 27334 747
27337 27338 435
27349 27338 713
27349 27351 1234
27350 27338 905
27350 27348 951
27350 27352 373
27350 27354 870
27361 27354 581
27361 27358 344
27361 27362 905
27283 27282 976
27283 27293 1209
27283 29304 354
27291 27292 276
27291 27293 927
27291 27295 1140
27295 27291 1140
27295 27296 747
27295 27298 202
27299 27298 1677
29302 27300 2817
29302 29291 806
29302 29304 1066
29302 29305 1205
26455 26314 2418
26455 26477 1161
26455 27296 1085
34304 27296 2304
34304 29206 830
27308 26517 738
27308 26518 1394
27308 27365 806
27367 27365 1254
27367 27366 403
27367 27373 476
26523 26519 403
26523 26525 1274
26533 26525 202
26533 26530 1695
27378 26525 474
27378 26535 252
27380 26535 279
27380 27379 1161
29309 27285 1116
29309 29308 3205
29309 29318 1022
29319 27285 1395
29319 29318 1079
29319 29325 238
29308 27301 1079
29308 29307 939
29308 29309 3205
29329 29326 884
29329 29328 796
29329 29330 476
27324 27322 1742
27324 27323 677
27324 27330 629
29325 29319 238
29325 29326 1224
29325 29327 1258
29327 29316 238
29327 29325 1258
29327 29326 1930
27331 27330 818
27331 27332 984
27331 27333 1221
27331 29279 4369
27351 27349 1234
27351 27364 1063
27352 27350 373
27352 27353 222
27354 27350 870
27354 27361 581
27354 27363 279
27354 29390 710
27362 27361 905
27362 27390 713
27362 27391 552
27282 27283 976
29304 27283 354
29304 29302 1066
29304 29303 537
27292 27291 276
29291 29287 1073
29291 29290 1161
29291 29300 1066
29291 29302 806
29305 29296 927
29305 29302 1205
26314 26313 751
26314 26452 976
26314 26455 2418
26477 26455 1161
26477 26456 1119
26477 26476 747
29206 29203 889
29206 34304 830
26517 26478 738
26517 26481 1394
26517 27308 738
26518 26481 738
26518 27308 1394
26518 27366 418
27366 26518 418
27366 27367 403
27366 27372 697
26519 26516 1073
26519 26523 403
26519 26524 848
26530 26522 1345
26530 26532 806
26530 26533 1695
26535 26532 1810
26535 26536 673
26535 27378 252
26535 27380 279
29318 29309 1022
29318 29311 1274
29318 29314 558
29318 29319 1079
29307 29297 1066
29307 29308 939
29330 29329 476
29316 29279 747
29316 29315 2676
29316 29327 238
27332 27331 984
27332 27339 709
27333 27331 1221
27333 27400 789
27333 29323 3609
29279 27331 4369
29279 29277 2793
29279 29316 747
29279 29320 1205
27364 27280 237
27364 27351 1063
27364 27356 919
27364 29390 1573
27353 27352 222
27363 27354 279
27363 27356 641
29390 27354 710
29390 27364 1573
27390 27362 713
27390 27392 476
27391 27362 552
29303 29300 276
29303 29304 537
29303 29306 1254
29287 29204 1115
29287 29286 878
29287 29289 1161
29287 29291 1073
29290 29289 1073
29290 29291 1161
29290 29293 976
29300 29291 1066
29300 29299 673
29300 29303 276
29296 29293 806
29296 29297 873
29296 29305 927
26313 26314 751
26313 26454 713
26313 29205 612
26452 26314 976
26452 26450 1409
26452 26453 1168
26452 26456 1162
26456 26452 1162
26456 26477 1119
26476 26460 474
26476 26477 747
26476 26478 1409
29203 29202 476
29203 29205 1115
29203 29206 889
26478 26476 1409
26478 26479 1345
26478 26517 738
26481 26479 806
26481 26517 1394
26481 26518 738
27372 27366 697
26516 26514 537
26516 26519 1073
26516 26520 1224
26524 26519 848
26522 26521 1073
26522 26528 2068
26522 26530 1345
26532 26530 806
26532 26531 2087
26532 26534 738
26532 26535 1810
26536 26534 1855
26536 26535 673
26536 27381 751
29311 29246 788
29311 29295 673
29311 29313 650
29311 29318 1274
29314 29313 1210
29314 29317 848
29314 29318 558
29297 29294 650
29297 29296 873
29297 29307 1066
29315 29275 558
29315 29276 238
29315 29316 2676
27339 27332 709
27400 27333 789
27400 27401 2605
29323 27333 3609
29323 29320 958
29277 29276 474
29277 29278 650
29277 29279 2793
29320 29279 1205
29320 29283 1829
29320 29321 1426
29320 29323 958
27280 27281 1518
27280 27364 237
27280 27401 1138
27356 27355 535
27356 27363 641
27356 27364 919
27392 27390 476
29306 29303 1254
29204 29202 1672
29204 29287 1115
29204 29288 551
29204 29299 336
29286 29164 238
29286 29285 788
29286 29287 878
29289 29287 1161
29289 29290 1073
29293 29290 976
29293 29296 806
29299 29204 336
29299 29300 673
26454 26313 713
29205 26313 612
29205 29203 1115
26450 26452 1409
26453 26452 1168
26460 26476 474
29202 29203 476
29202 29204 1672
26479 26478 1345
26479 26481 806
26514 26516 537
26520 26516 1224
26521 26522 1073
26528 26522 2068
26531 26532 2087
26534 26532 738
26534 26536 1855
27381 26536 751
29246 29311 788
29295 29311 673
29313 29311 650
29313 29314 1210
29317 29314 848
29294 29297 650
29275 29315 558
29276 29277 474
29276 29315 238
27401 27280 1138
27401 27400 2605
29278 29277 650
29278 29283 873
29283 29278 873
29283 29320 1829
29321 29320 1426
27281 27280 1518
27355 27356 535
29288 29204 551
29164 29286 238
29285 29286 788
33
26530
26522
26532
29289
29293
29299
29205
26450
26453
26460
29202
26479
26514
26521
26528
26531
26534
27381
29246
29295
29313
29317
29294
29275
29276
27401
29278
29283
29321
27281
29288
29164
29285
