20
45759 45763 3291
125390 125391 890
125391 125390 890
125996 126000 2350
126000 125996 2350
126001 126002 697
126002 126001 697
45763 45759 3291
45706 45707 1146
45707 45706 1146
45707 45710 558
45710 45700 976
45710 45707 558
45700 45710 976
45983 45985 139
45988 45995 1120
45985 45983 139
45995 45988 1120
126553 126555 976
126555 126553 976
31
125914
45759
125423
125397
125427
125390
125393
125391
125996
126000
126019
126036
126041
126040
126001
126005
120189
126002
45559
45704
45700
45981
45988
45985
126465
126477
126551
126553
126555
126585
127501
