20
18634 18638 1467
18638 18634 1467
26616 26632 468
26632 26616 468
26632 26619 1483
26144 26146 809
26146 26144 809
26543 26544 536
26544 26543 536
26544 26549 2367
26549 26544 2367
26562 26613 877
26613 26562 877
26617 26619 311
26573 26572 975
26619 26617 311
26619 26632 1483
26581 26586 836
26586 26581 836
26572 26573 975
33
18450
18924
103492
103551
103556
103559
103561
103603
103602
18634
18638
18647
26616
26632
25278
26141
26144
26146
26543
26544
26549
26560
26562
26186
26565
26573
21886
26263
26580
26581
26644
26572
26578
