24
135440 135443 629
135443 135440 629
135593 136331 789
136331 135593 789
135612 135633 951
135633 135612 951
135633 135632 1612
135632 135633 1612
135570 136680 1702
136680 135570 1702
136680 136696 202
136696 136680 202
136696 136694 939
136702 136725 1006
136724 136725 836
136725 136702 1006
136725 136724 836
135622 135623 1258
135625 135619 951
135623 135581 924
135623 135622 1258
135581 135623 924
136694 136696 939
135619 135625 951
36
135540
135543
135424
135440
135425
135549
135503
135520
135443
135498
135589
135593
132608
136331
136336
135612
135633
135632
135631
135570
136680
136724
136673
136690
136711
136714
136657
136672
136725
136727
135622
135625
135623
135581
136694
135619
