46
113963 113964 1475
113963 113965 670
113963 113968 739
113963 114015 1483
113964 113963 1475
113964 113987 2025
113965 113963 670
113965 113966 686
113965 113967 375
113968 113963 739
113968 113967 877
113968 113986 1421
114015 113963 1483
114015 113974 2224
114015 113986 959
114015 113995 865
113987 113964 2025
113987 113988 939
113987 113995 4119
113966 113965 686
113966 114820 76
113967 113965 375
113967 113968 877
113967 114821 101
113986 113968 1421
113986 114014 1670
113986 114015 959
113974 113972 1372
113974 114015 2224
113995 113987 4119
113995 113994 1629
113995 114015 865
113988 113987 939
114820 113966 76
114821 113967 101
114014 113972 1634
114014 113986 1670
114014 116226 661
113972 113973 1621
113972 113974 1372
113972 114014 1634
113994 113995 1629
116226 114014 661
113973 113972 1621
113973 114007 2034
114007 113973 2034
5
113974
113972
113994
113973
114007
