484
173261 173262 400
173261 173310 475
173262 173261 400
173262 173308 833
173310 173261 475
173308 173262 833
173308 173307 870
173308 186039 816
173307 173263 2004
173307 173306 1553
173307 173308 870
186039 173308 816
173263 173264 2966
173263 173307 2004
173306 173307 1553
173264 173263 2966
173264 173342 798
173342 173264 798
173342 174776 1031
174776 173342 1031
174776 174771 1507
174776 174775 1509
174771 174755 1558
174771 174776 1507
174771 174921 599
174775 173337 1210
174775 174774 1121
174775 174776 1509
174755 174754 3495
174755 174771 1558
174755 174881 2044
174921 173499 2285
174921 174771 599
174921 174919 1873
173337 173338 1121
173337 173505 1310
173337 174775 1210
174774 173338 1052
174774 174773 984
174774 174775 1121
174754 174755 3495
174754 174831 904
174881 174755 2044
174881 174882 2182
174881 174920 599
173499 173498 905
173499 173500 516
173499 174921 2285
174919 173498 2353
174919 174920 1592
174919 174921 1873
173338 173337 1121
173338 173339 1036
173338 174774 1052
173505 173337 1310
174773 173339 996
174773 174772 944
174773 174774 984
174831 174754 904
174831 174832 1357
174831 174880 708
174882 173468 751
174882 174872 3537
174882 174881 2182
174920 174881 599
174920 174919 1592
174920 174922 1085
174920 174924 708
173498 173496 1304
173498 173499 905
173498 174919 2353
173500 173458 1830
173500 173499 516
173500 173501 435
173339 173338 1036
173339 173340 969
173339 174773 996
174772 173340 960
174772 173341 644
174772 174773 944
174832 174831 1357
174832 174833 516
174832 174866 1483
174832 174883 765
174880 174831 708
174880 174878 354
174880 174883 1482
173468 173464 4780
173468 173469 3904
173468 174882 751
173468 174922 983
174872 173463 3981
174872 174871 1179
174872 174882 3537
174922 173468 983
174922 174920 1085
174922 174926 3750
174924 174920 708
174924 174923 3140
174924 174927 1142
173496 173497 788
173496 173498 1304
173496 174923 893
173458 173459 1197
173458 173460 818
173458 173500 1830
173501 173500 435
173340 173339 969
173340 173341 765
173340 174772 960
173341 173265 511
173341 173340 765
173341 174772 644
174833 174832 516
174833 174834 610
174833 174874 782
174866 174832 1483
174866 174865 905
174866 174867 765
174883 174832 765
174883 174867 1483
174883 174876 789
174883 174880 1482
174878 174877 435
174878 174879 1293
174878 174880 354
173464 173463 2182
173464 173465 2824
173464 173468 4780
173469 173468 3904
173469 173470 1609
173469 174926 403
173463 173461 3078
173463 173464 2182
173463 174872 3981
174871 174869 562
174871 174872 1179
174871 174875 1062
174926 173469 403
174926 174922 3750
174926 174925 1022
174923 173496 893
174923 174924 3140
174923 174928 1675
174927 174924 1142
174927 174928 1223
174927 174930 884
173497 173496 788
173497 173502 1225
173497 174929 420
173459 173449 1055
173459 173458 1197
173459 173495 788
173460 173448 3335
173460 173450 827
173460 173458 818
173265 173266 466
173265 173341 511
174834 174833 610
174834 174835 1937
174874 174833 782
174874 174873 708
174865 174864 514
174865 174866 905
174865 185451 789
174867 174866 765
174867 174868 516
174867 174883 1483
174876 174875 1592
174876 174877 1482
174876 174883 789
174877 174876 1482
174877 174878 435
174879 174878 1293
173465 173464 2824
173465 173466 1033
173465 173467 983
173470 173469 1609
173470 173471 536
173470 173472 1671
173461 173462 4539
173461 173463 3078
173461 174856 2282
173461 174935 1120
174869 174868 1612
174869 174870 562
174869 174871 562
174875 174868 252
174875 174871 1062
174875 174876 1592
174925 174926 1022
174925 174929 3019
174925 174932 869
174928 174923 1675
174928 174927 1223
174930 174927 884
173502 173495 893
173502 173497 1225
173502 173508 2489
174929 173497 420
174929 174925 3019
174929 174932 3017
173449 173445 551
173449 173450 354
173449 173459 1055
173495 173459 788
173495 173482 904
173495 173502 893
173448 173302 877
173448 173447 884
173448 173460 3335
173450 173447 2237
173450 173449 354
173450 173460 827
173266 173265 466
174835 174834 1937
174835 174836 751
174835 174854 747
174873 174854 1482
174873 174855 836
174873 174874 708
174864 174849 944
174864 174865 514
185451 174865 789
174868 174867 516
174868 174869 1612
174868 174875 252
173466 173465 1033
173467 173465 983
173471 173470 536
173472 173470 1671
173472 173473 2321
173472 174937 452
173462 173461 4539
173462 185508 404
174856 173461 2282
174856 174857 2875
174856 174936 599
174935 173461 1120
174935 174936 2018
174935 174946 4184
174870 174869 562
174932 174925 869
174932 174929 3017
174932 174931 1681
173508 173479 1031
173508 173502 2489
173508 174931 1768
173445 173446 1014
173445 173449 551
173482 173457 847
173482 173480 1115
173482 173495 904
173302 173300 796
173302 173303 511
173302 173448 877
173447 173446 1283
173447 173448 884
173447 173450 2237
174836 174835 751
174836 174837 605
174836 174853 1341
174854 174835 747
174854 174853 452
174854 174873 1482
174855 174839 1014
174855 174853 1205
174855 174873 836
174849 174829 2666
174849 174848 827
174849 174863 1345
174849 174864 944
173473 173472 2321
173473 173474 252
173473 173475 1015
174937 173472 452
174937 173475 1447
174937 174933 756
185508 173462 404
185508 185506 1537
185508 185509 4754
185508 185683 2824
174857 174856 2875
174857 174858 1070
174857 174859 367
174936 174856 599
174936 174935 2018
174946 174935 4184
174946 174947 2414
174946 174948 3204
174931 173508 1768
174931 174932 1681
174931 174933 475
173479 173478 872
173479 173480 1140
173479 173508 1031
173446 173445 1014
173446 173447 1283
173446 173451 276
173457 173455 3889
173457 173482 847
173480 173479 1140
173480 173481 737
173480 173482 1115
173300 173301 1467
173300 173302 796
173303 173302 511
173303 173304 631
174837 174836 605
174837 174838 2850
174853 174836 1341
174853 174854 452
174853 174855 1205
174839 174838 848
174839 174840 713
174839 174855 1014
174829 174849 2666
174829 174862 1962
174829 174934 1357
174848 174846 924
174848 174849 827
174848 174884 605
174863 174849 1345
173474 173473 252
173475 173473 1015
173475 173476 847
173475 174937 1447
174933 173478 1558
174933 174931 475
174933 174937 756
185506 185496 599
185506 185507 2007
185506 185508 1537
185509 185508 4754
185683 185508 2824
174858 174857 1070
174858 185495 1027
174858 185948 1210
174859 174857 367
174859 174860 2613
174859 174861 504
174947 174946 2414
174948 174939 5259
174948 174946 3204
173478 173476 889
173478 173479 872
173478 174933 1558
173451 173446 276
173455 173457 3889
173455 173483 1671
173481 173480 737
173301 173300 1467
173304 173303 631
173304 173305 545
173304 173305 545
174838 174837 2850
174838 174839 848
174840 174839 713
174840 174841 403
174840 174890 870
174862 174829 1962
174862 174861 827
174934 174829 1357
174934 174911 2525
174934 174938 649
174846 174845 2148
174846 174847 344
174846 174848 924
174884 174848 605
174884 174885 905
174884 174888 629
173476 173475 847
173476 173477 889
173476 173478 889
185496 173492 6196
185496 185503 590
185496 185506 599
185507 185506 2007
185495 174858 1027
185948 174858 1210
174860 174859 2613
174861 174859 504
174861 174862 827
174861 174918 1454
174939 174940 2913
174939 174948 5259
174939 176683 1257
174939 176692 884
173483 173455 1671
173305 173304 545
173305 173304 545
174841 174840 403
174841 174842 676
174841 174887 1161
174890 174840 870
174890 174885 403
174911 174850 967
174911 174912 1114
174911 174914 2977
174911 174934 2525
174938 174912 2853
174938 174934 649
174938 174949 950
174845 174843 878
174845 174846 2148
174845 174887 556
174847 174846 344
174885 174884 905
174885 174886 551
174885 174890 403
174888 174884 629
174888 174887 789
174888 174889 581
173477 173476 889
173492 173493 3346
173492 185496 6196
185503 185496 590
185503 185502 4757
185503 185684 5322
174918 174861 1454
174918 174916 2727
174918 174917 2243
174940 174939 2913
174940 174941 2261
174940 174942 474
176683 174939 1257
176683 176684 1530
176683 176693 5087
176692 174939 884
176692 176691 536
176692 176703 1312
174842 174841 676
174842 174843 905
174887 174841 1161
174887 174845 556
174887 174888 789
174850 174851 2189
174850 174911 967
174912 173876 893
174912 174911 1114
174912 174913 2367
174912 174938 2853
174914 174911 2977
174949 173876 3099
174949 173880 610
174949 174938 950
174843 174842 905
174843 174844 354
174843 174845 878
174886 174885 551
174889 174888 581
173493 173492 3346
185502 176747 2983
185502 185503 4757
185502 185680 4888
185684 185503 5322
174916 174915 2002
174916 174918 2727
174916 185789 475
174917 174915 2093
174917 174918 2243
174917 185787 373
174941 174940 2261
174942 174902 1585
174942 174940 474
174942 174943 2635
176684 176683 1530
176693 176683 5087
176691 176692 536
176703 176692 1312
174851 174850 2189
173876 174912 893
173876 174949 3099
174913 174912 2367
173880 174949 610
174844 174843 354
176747 185502 2983
185680 185502 4888
174915 174916 2002
174915 174917 2093
185789 174916 475
185787 174917 373
174902 174942 1585
174943 174942 2635
200
173261
173262
173310
173308
173307
186039
173263
173306
173264
173342
174776
174771
174775
174755
174921
173337
174774
174754
174881
173499
174919
173338
173505
174773
174831
174882
174920
173498
173500
173339
174772
174832
174880
173468
174872
174922
174924
173496
173458
173501
173340
173341
174833
174866
174883
174878
173464
173469
173463
174871
174926
174923
174927
173497
173459
173460
173265
174834
174874
174865
174867
174876
174877
174879
173465
173470
173461
174869
174875
174925
174928
174930
173502
174929
173449
173495
173448
173450
173266
174835
174873
174864
185451
174868
173466
173467
173471
173472
173462
174856
174935
174870
174932
173508
173445
173482
173302
173447
174836
174854
174855
174849
173473
174937
185508
174857
174936
174946
174931
173479
173446
173457
173480
173300
173303
174837
174853
174839
174829
174848
174863
173474
173475
174933
185506
185509
185683
174858
174859
174947
174948
173478
173451
173455
173481
173301
173304
174838
174840
174862
174934
174846
174884
173476
185496
185507
185495
185948
174860
174861
174939
173483
173305
174841
174890
174911
174938
174845
174847
174885
174888
173477
173492
185503
174918
174940
176683
176692
174842
174887
174850
174912
174914
174949
174843
174886
174889
173493
185502
185684
174916
174917
174941
174942
176684
176693
176691
176703
174851
173876
174913
173880
174844
176747
185680
174915
185789
185787
174902
174943
