18
135991 136000 1079
136000 135991 1079
136059 136061 649
136061 136059 649
136878 136877 197
136877 136878 197
137581 137641 983
137641 137581 983
137641 137642 435
137642 137641 435
137642 137645 629
137645 137642 629
137640 137651 827
137651 137640 827
138039 138043 673
138043 138039 673
138192 138193 750
138193 138192 750
35
135914
135962
135985
135990
135991
136000
136045
136047
136059
136061
136062
136071
136075
136746
136750
136752
137449
136878
137443
137549
137554
137558
137574
137580
137581
137645
137640
137647
137651
137655
138039
138126
138133
138192
138193
