30
135560 135561 848
135561 135560 848
135561 135562 747
135561 135571 932
135562 135561 747
135571 135561 932
135571 135572 610
135571 135573 939
135572 135571 610
135572 135574 747
135572 135575 905
135573 135571 939
135573 135575 373
135574 135568 788
135574 135572 747
135574 135578 951
135575 135572 905
135575 135573 373
135575 135578 848
135568 135574 788
135568 135577 1079
135578 135574 951
135578 135575 848
135578 135577 848
135577 135568 1079
135577 135578 848
135577 135579 878
135579 135577 878
135579 135580 878
135580 135579 878
13
135560
135561
135562
135571
135572
135573
135574
135575
135568
135578
135577
135579
135580
