18
46915 46917 650
46917 46915 650
47061 47055 168
47055 47061 168
47101 47102 842
47102 47101 842
46799 46801 612
46801 46799 612
127257 127255 1140
127234 127231 789
127231 127234 789
127255 127257 1140
127305 127310 3295
127310 127305 3295
126900 126902 885
126902 126900 885
126890 126889 890
126889 126890 890
37
46790
46908
46912
46794
46915
46917
47061
47049
47055
47101
46484
47045
46795
47102
46799
46801
127235
127257
127234
127231
127255
127085
127204
127242
127248
127203
127271
127305
127310
126907
126943
126900
126864
126890
126889
126892
46214
