16
252603 252581 805
252603 252600 938
252600 252603 938
252673 252672 279
252581 252603 805
252581 252672 1223
252602 252605 452
252672 252581 1223
252672 252673 279
252605 252602 452
252612 252613 905
252613 252612 905
252734 252738 1205
252738 252734 1205
253981 253983 836
253983 253981 836
35
252603
252600
246544
251812
251817
251839
251840
261600
251727
251734
251736
251793
251723
252269
235622
252336
264337
252602
252605
252612
252613
252689
252635
252695
252734
252999
252738
253047
253061
253062
254293
253997
253983
253989
253991
