162
195328 195329 569
195328 195330 1054
195328 195331 536
195329 195328 569
195330 195328 1054
195330 195339 2626
195331 195328 536
195331 214440 470
195339 195330 2626
195339 195338 988
195339 214441 2042
214440 195331 470
214440 214438 2497
195338 195339 988
214441 195339 2042
214441 195368 973
214441 214439 5612
214438 214434 623
214438 214440 2497
195368 195367 5091
195368 214441 973
214439 214434 1473
214439 214436 1031
214439 214441 5612
214434 214433 1598
214434 214438 623
214434 214439 1473
195367 195368 5091
195367 195369 2018
195367 214436 901
214436 195367 901
214436 214435 1634
214436 214439 1031
214433 214434 1598
214433 214435 2419
214433 214445 984
195369 195363 378
195369 195367 2018
214435 214433 2419
214435 214436 1634
214435 214437 475
214445 195358 746
214445 214433 984
195363 195360 1530
195363 195369 378
195363 195370 782
195363 195371 1103
214437 214435 475
195358 214445 746
195360 195359 559
195360 195363 1530
195360 195364 1772
195370 195363 782
195370 195371 1260
195370 195372 843
195370 195416 1099
195371 195363 1103
195371 195364 272
195371 195370 1260
195371 195386 277
195359 195357 3033
195359 195360 559
195359 195361 346
195364 195360 1772
195364 195371 272
195364 195386 376
195372 195370 843
195372 195417 838
195372 195418 752
195416 195370 1099
195416 195415 787
195416 195417 883
195386 195362 991
195386 195364 376
195386 195371 277
195386 195415 417
195357 195359 3033
195361 195359 346
195361 195362 2028
195361 195365 2329
195417 195372 838
195417 195416 883
195417 195420 683
195417 195422 1185
195418 195372 752
195418 195419 1065
195418 195420 602
195415 195386 417
195415 195388 1281
195415 195416 787
195362 195361 2028
195362 195386 991
195365 195361 2329
195420 195417 683
195420 195418 602
195420 195419 879
195422 195417 1185
195419 195418 1065
195419 195420 879
195419 195424 1172
195419 195425 836
195388 195387 1227
195388 195406 1099
195388 195415 1281
195424 195419 1172
195425 195419 836
195425 195429 270
195425 195430 977
195387 195388 1227
195406 195388 1099
195429 195425 270
195429 195426 700
195430 195425 977
195430 195446 1845
195426 195376 867
195426 195427 805
195426 195429 700
195426 214995 610
195446 195430 1845
195376 195375 834
195376 195377 3361
195376 195426 867
195427 195426 805
195427 195428 1193
195427 195431 519
214995 195426 610
214995 214994 320
195375 195376 834
195375 195378 2927
195377 195376 3361
195377 195442 750
195377 195504 834
195377 195505 1275
195428 195427 1193
195428 195432 607
195428 195442 908
195431 195427 519
195431 195432 1111
214994 214995 320
195378 195375 2927
195442 195377 750
195442 195428 908
195442 195443 1253
195504 195377 834
195504 195506 1225
195505 195377 1275
195505 195506 738
195505 195511 1474
195505 214629 392
195432 195428 607
195432 195431 1111
195432 214631 360
195443 195442 1253
195506 195504 1225
195506 195505 738
195511 195505 1474
195511 195525 160
214629 195505 392
214631 195432 360
195525 195511 160
195525 214488 266
214488 195525 266
56
195368
195367
214436
195369
214435
214445
195363
214437
195358
195360
195370
195371
195359
195364
195372
195416
195386
195357
195361
195417
195418
195415
195362
195365
195420
195422
195419
195388
195424
195425
195387
195406
195429
195430
195426
195446
195376
195427
214995
195375
195377
195428
195431
214994
195378
195442
195504
195505
195432
195443
195506
195511
214629
214631
195525
214488
