454
92012 92013 455
92012 99132 258
92013 92012 455
92013 99135 238
92013 99144 90
99132 92012 258
99132 99110 2028
99135 92013 238
99135 99143 713
99144 92013 90
99144 99133 246
99110 99107 1380
99110 99109 296
99110 99129 1906
99110 99132 2028
99143 99135 713
99143 99146 344
99133 99134 139
99133 99144 246
99133 101828 2861
99107 99105 67
99107 99110 1380
99109 99108 726
99109 99110 296
99129 99110 1906
99146 99143 344
99146 99147 511
99134 99133 139
99134 99145 672
101828 99133 2861
101828 101829 2702
99105 99104 688
99105 99107 67
99108 99109 726
99108 99140 661
99147 99146 511
99147 99148 7146
99147 99149 2542
99145 99134 672
99145 99150 3906
101829 101828 2702
99104 99102 445
99104 99105 688
99140 99108 661
99140 99141 127
99148 99147 7146
99148 99152 1768
99149 99147 2542
99149 99151 2613
99149 99161 905
99150 98381 7841
99150 99145 3906
99150 99151 3205
99150 99342 2853
99102 99097 1120
99102 99103 605
99102 99104 445
99141 99140 127
99141 99142 610
99152 99148 1768
99151 99149 2613
99151 99150 3205
99161 99149 905
99161 99162 3556
99161 99163 3838
98381 98117 3890
98381 98370 4450
98381 99150 7841
98381 99341 336
99342 99150 2853
99342 99343 1161
99342 99350 6086
99097 99096 847
99097 99098 877
99097 99102 1120
99103 99099 336
99103 99102 605
99142 99139 358
99142 99141 610
99162 99153 2868
99162 99161 3556
99163 99161 3838
99163 99164 1576
99163 99165 1115
98117 98116 1208
98117 98369 5676
98117 98381 3890
98370 98369 3802
98370 98380 4681
98370 98381 4450
99341 98381 336
99343 99342 1161
99343 99344 3152
99343 99345 931
99350 99342 6086
99350 99351 3424
99350 99353 1143
99096 99089 2128
99096 99094 713
99096 99097 847
99098 99090 1337
99098 99097 877
99098 99099 983
99099 99091 806
99099 99098 983
99099 99103 336
99139 99138 863
99139 99142 358
99153 99154 1627
99153 99156 2872
99153 99162 2868
99153 99172 5171
99164 99163 1576
99164 99167 782
99164 99368 4348
99165 99163 1115
99165 99166 688
99165 99169 1223
98116 98117 1208
98116 98364 5840
98116 102584 5562
98369 98117 5676
98369 98366 452
98369 98370 3802
98380 98370 4681
98380 98436 435
99344 99343 3152
99344 99347 629
99344 99349 4297
99345 99343 931
99345 99346 1593
99345 99348 2282
99351 99350 3424
99353 99350 1143
99353 99352 3250
99353 99354 4032
99089 99088 796
99089 99090 818
99089 99096 2128
99094 99093 1000
99094 99095 200
99094 99096 713
99090 99089 818
99090 99091 1345
99090 99098 1337
99091 99090 1345
99091 99099 806
99138 99139 863
99138 102274 3661
99154 99153 1627
99156 99153 2872
99156 99155 3220
99156 102858 3442
99172 99153 5171
99167 99164 782
99167 99168 1140
99167 99366 3392
99368 99164 4348
99368 99369 1494
99368 102122 850
99166 99165 688
99169 99165 1223
99169 99170 672
99169 99171 276
98364 98116 5840
98364 98365 332
102584 98116 5562
98366 98365 1082
98366 98367 1454
98366 98369 452
98436 98380 435
98436 98435 8976
98436 99352 222
99347 99344 629
99347 99346 1357
99347 99355 1884
99349 99344 4297
99349 99354 1888
99349 99355 1933
99346 99345 1593
99346 99347 1357
99346 99348 1533
99348 99345 2282
99348 99346 1533
99348 99355 983
99352 98436 222
99352 99353 3250
99354 99349 1888
99354 99353 4032
99354 99361 1906
99088 99087 905
99088 99089 796
99088 99095 1806
99093 99087 2204
99093 99092 782
99093 99094 1000
99095 99088 1806
99095 99094 200
102274 98363 1370
102274 99138 3661
99155 99156 3220
99155 99158 1622
102858 99156 3442
102858 102859 1987
99168 99159 5001
99168 99167 1140
99168 99173 1033
99366 99167 3392
99366 99175 1115
99366 99380 803
99369 99367 2167
99369 99368 1494
99369 99370 1455
102122 99368 850
102122 102860 975
102122 103049 811
99170 99169 672
99171 99169 276
99171 99367 454
98365 98364 332
98365 98366 1082
98367 98352 562
98367 98366 1454
98435 98436 8976
98435 98438 1182
99355 99347 1884
99355 99348 983
99355 99349 1933
99361 99354 1906
99361 99362 441
99087 99086 782
99087 99088 905
99087 99093 2204
99092 98102 667
99092 99086 2359
99092 99093 782
98363 98362 6147
98363 102274 1370
99158 99155 1622
99158 99157 1031
99158 102857 3767
102859 102858 1987
99159 99160 1371
99159 99168 5001
99159 99178 1627
99173 99168 1033
99173 99174 778
99173 99175 1033
99175 99173 1033
99175 99176 796
99175 99366 1115
99380 99366 803
99380 102860 395
99380 102861 768
99367 99171 454
99367 99369 2167
99367 102656 2366
99370 99369 1455
99370 99376 2224
99370 99377 4256
102860 99380 395
102860 102122 975
102860 103050 828
103049 102122 811
98352 98350 1549
98352 98361 2588
98352 98367 562
98352 98368 1961
98438 98379 222
98438 98435 1182
98438 98441 7173
99362 99361 441
99362 99363 20
99086 98100 796
99086 99087 782
99086 99092 2359
98102 98101 333
98102 98107 1433
98102 99092 667
98362 98351 1593
98362 98363 6147
99157 99158 1031
99157 99203 2477
102857 99158 3767
99160 99159 1371
99160 102655 3638
99178 99159 1627
99178 99177 433
99174 99173 778
99176 99175 796
102861 99380 768
102656 99367 2366
99376 99370 2224
99376 99378 667
99376 99379 3316
99377 99370 4256
99377 99379 1533
99377 99386 1427
103050 102860 828
98350 98343 435
98350 98352 1549
98361 98352 2588
98361 98360 191
98368 98352 1961
98368 98377 1385
98379 95809 238
98379 98378 8451
98379 98438 222
98379 98440 4240
98441 98438 7173
98441 102967 1570
98441 102977 708
99363 99362 20
99363 99364 568
99363 99405 1549
98100 98089 796
98100 98101 2603
98100 99086 796
98101 98097 672
98101 98100 2603
98101 98102 333
98107 98102 1433
98107 98103 2458
98107 98106 2993
98351 98343 452
98351 98362 1593
99203 99157 2477
99203 99201 511
102655 99160 3638
99177 99178 433
99177 99283 2109
99378 99376 667
99379 99376 3316
99379 99377 1533
99379 99394 2090
99386 99377 1427
99386 99391 1014
99386 99392 2007
98343 98342 672
98343 98349 893
98343 98350 435
98343 98351 452
98360 98355 1004
98360 98361 191
98377 98368 1385
98377 98378 420
95809 95808 4976
95809 98379 238
95809 98444 3554
98378 98377 420
98378 98379 8451
98440 98379 4240
98440 98439 6851
102967 98441 1570
102967 102968 493
102967 102969 1143
102967 103233 960
102977 98441 708
102977 102974 379
102977 102979 303
99364 99360 664
99364 99363 568
99364 102885 2274
99405 99363 1549
99405 99365 1831
99405 99406 931
98089 98087 818
98089 98099 1929
98089 98100 796
98097 98096 2000
98097 98099 869
98097 98101 672
98103 98098 344
98103 98106 3477
98103 98107 2458
98106 98103 3477
98106 98105 1167
98106 98107 2993
99201 99193 1206
99201 99197 1022
99201 99202 476
99201 99203 511
99283 99177 2109
99283 99284 1357
99283 99455 3079
99394 99379 2090
99394 99395 738
99394 99396 4441
99391 99386 1014
99392 99386 2007
99392 99396 2453
99392 99402 3524
99392 99409 818
98342 98111 848
98342 98343 672
98349 98343 893
98349 98348 238
98355 98353 452
98355 98359 435
98355 98360 1004
95808 95809 4976
95808 98376 1191
95808 102525 2889
98444 95809 3554
98444 98437 2866
98444 98442 1817
98444 98446 1611
98439 98440 6851
98439 98763 698
102968 100069 1341
102968 102967 493
102968 103233 1011
102969 102967 1143
102969 102970 192
103233 102967 960
103233 102968 1011
102974 102977 379
102979 102977 303
99360 99364 664
99360 99365 806
102885 99364 2274
99365 99360 806
99365 99405 1831
99406 99405 931
98087 98089 818
98099 98089 1929
98099 98097 869
98096 98097 2000
98096 98098 1182
98098 98096 1182
98098 98103 344
98105 98106 1167
99193 99201 1206
99197 99201 1022
99202 99201 476
99284 99283 1357
99455 99283 3079
99395 99394 738
99396 99392 2453
99396 99394 4441
99402 99392 3524
99409 99392 818
98111 98342 848
98348 98349 238
98353 98355 452
98359 98355 435
98376 95808 1191
102525 95808 2889
98437 98444 2866
98442 98444 1817
98446 98444 1611
98763 98439 698
100069 102968 1341
102970 102969 192
36
99129
99103
99099
99091
102969
103233
102974
102979
99360
102885
99365
99406
98087
98099
98096
98098
98105
99193
99197
99202
99284
99455
99396
99402
99409
98111
98348
98353
98359
98376
98437
98442
98446
98763
100069
102970
