14
165636 165637 837
165636 165638 789
165637 165636 837
165638 165636 789
167692 167760 2797
167760 167692 2797
167753 167672 3034
167686 167678 885
167678 167686 885
167672 167753 3034
167674 167680 1956
167680 167674 1956
165917 165919 948
165919 165917 948
38
165930
165636
165637
165658
165664
165652
165865
165655
165557
165580
165638
167692
167760
167753
167755
167789
167698
167735
167696
167817
167787
167678
167624
167672
167674
167680
165474
165458
167836
167833
167533
167931
167544
167930
165903
165910
165919
165984
