586
121208 121209 623
121208 121332 711
121208 132095 1254
121209 121208 623
121209 132097 238
121332 121208 711
121332 132094 941
121332 132124 1503
132095 121208 1254
132095 123546 442
132095 123547 544
132095 132124 808
132097 121209 238
132097 132096 954
132097 132099 404
132094 121332 941
132094 132087 948
132094 132122 1503
132124 121332 1503
132124 132095 808
132124 132122 941
132124 132123 1211
123546 123547 420
123546 132095 442
123546 132125 535
123547 123546 420
123547 132095 544
123547 132131 978
132096 132091 590
132096 132097 954
132099 132085 601
132099 132097 404
132099 132098 374
132087 132086 948
132087 132093 1503
132087 132094 948
132122 132093 948
132122 132094 1503
132122 132124 941
132123 132115 2020
132123 132124 1211
132123 132125 558
132125 123546 535
132125 132117 2451
132125 132123 558
132125 132131 1142
132131 123547 978
132131 132125 1142
132091 132083 2357
132091 132084 2751
132091 132085 678
132091 132096 590
132085 131990 6087
132085 132091 678
132085 132098 613
132085 132099 601
132098 132085 613
132098 132099 374
132098 132100 1977
132098 132126 3105
132086 132076 613
132086 132083 1308
132086 132087 948
132086 132092 1561
132093 132087 1503
132093 132092 890
132093 132115 1225
132093 132122 948
132115 132093 1225
132115 132114 1920
132115 132123 2020
132117 132116 2631
132117 132125 2451
132117 132133 1075
132083 132081 739
132083 132086 1308
132083 132088 697
132083 132091 2357
132084 131984 3145
132084 132091 2751
131990 131969 8950
131990 131984 276
131990 132048 4241
131990 132085 6087
132100 132098 1977
132126 132098 3105
132126 132130 739
132076 132064 1075
132076 132073 1447
132076 132081 1423
132076 132086 613
132092 132077 337
132092 132086 1561
132092 132093 890
132114 132113 445
132114 132115 1920
132114 132116 474
132116 132110 2370
132116 132114 474
132116 132117 2631
132133 132117 1075
132133 132156 2702
132081 132076 1423
132081 132079 941
132081 132082 537
132081 132083 739
132088 132083 697
131984 131967 7334
131984 131990 276
131984 132036 879
131984 132084 3145
131969 131967 1856
131969 131968 276
131969 131989 751
131969 131990 8950
132048 131990 4241
132130 132126 739
132064 132062 811
132064 132072 1423
132064 132076 1075
132064 132079 1447
132073 132072 941
132073 132076 1447
132073 132077 404
132077 132073 404
132077 132078 1014
132077 132092 337
132113 132109 1225
132113 132112 759
132113 132114 445
132110 132107 518
132110 132116 2370
132110 132118 589
132156 132133 2702
132156 132155 298
132079 132063 1116
132079 132064 1447
132079 132080 613
132079 132081 941
132082 132081 537
131967 131966 601
131967 131969 1856
131967 131979 1770
131967 131984 7334
132036 131984 879
132036 132034 1347
132036 132040 808
132036 132044 789
131968 131966 1696
131968 131969 276
131968 131989 713
131989 131968 713
131989 131969 751
131989 131986 4874
132062 132058 1642
132062 132061 337
132062 132064 811
132072 132064 1423
132072 132070 475
132072 132073 941
132078 132068 2369
132078 132077 1014
132078 132111 1341
132109 132107 1123
132109 132108 850
132109 132113 1225
132112 132108 1334
132112 132111 879
132112 132113 759
132107 131562 2779
132107 132106 927
132107 132109 1123
132107 132110 518
132118 132110 589
132118 132146 2663
132155 132154 1140
132155 132156 298
132063 132025 941
132063 132047 890
132063 132061 1255
132063 132079 1116
132080 132079 613
131966 131967 601
131966 131968 1696
131979 131967 1770
131979 131975 837
131979 131981 1341
132034 132031 1211
132034 132032 789
132034 132035 751
132034 132036 1347
132040 132032 1010
132040 132036 808
132040 132039 872
132044 132035 1211
132044 132036 789
132044 132045 890
131986 131985 789
131986 131989 4874
132058 132054 1612
132058 132062 1642
132058 132070 474
132061 132056 337
132061 132062 337
132061 132063 1255
132070 132058 474
132070 132066 333
132070 132072 475
132068 132065 968
132068 132078 2369
132111 132074 1890
132111 132078 1341
132111 132112 879
132108 132074 850
132108 132106 1003
132108 132109 850
132108 132112 1334
131562 121340 1225
131562 132107 2779
132106 132069 843
132106 132107 927
132106 132108 1003
132146 132118 2663
132146 132121 789
132146 132147 890
132146 132150 1857
132154 132153 610
132154 132155 1140
132154 132166 1759
132025 132023 1225
132025 132024 811
132025 132051 1308
132025 132063 941
132047 132024 1010
132047 132046 789
132047 132063 890
131975 131973 713
131975 131979 837
131975 131980 1478
131981 131979 1341
131981 131980 477
131981 131983 1438
132031 132027 1010
132031 132028 837
132031 132029 697
132031 132034 1211
132032 132029 1285
132032 132034 789
132032 132037 673
132032 132040 1010
132035 132028 1285
132035 132033 751
132035 132034 751
132035 132044 1211
132039 132037 613
132039 132038 934
132039 132040 872
132045 132033 1212
132045 132043 511
132045 132044 890
131985 130457 4176
131985 131950 6647
131985 131986 789
132054 132022 811
132054 132055 558
132054 132058 1612
132054 132059 1364
132056 132051 537
132056 132060 556
132056 132061 337
132066 132050 2893
132066 132070 333
132066 132071 767
132065 131304 2783
132065 132050 1438
132065 132068 968
132065 132069 1102
132074 132069 893
132074 132075 674
132074 132108 850
132074 132111 1890
121340 121339 558
121340 131560 1102
121340 131562 1225
132069 132065 1102
132069 132067 2890
132069 132074 893
132069 132106 843
132121 132119 713
132121 132145 1430
132121 132146 789
132121 132149 1735
132147 132146 890
132147 132148 747
132147 132151 1580
132150 132146 1857
132150 132149 751
132150 132151 848
132150 132157 1705
132153 132148 976
132153 132154 610
132153 132159 1631
132166 132154 1759
132166 132164 872
132023 132010 890
132023 132011 2556
132023 132017 1307
132023 132025 1225
132024 132010 1147
132024 132025 811
132024 132042 697
132024 132047 1010
132051 132025 1308
132051 132052 359
132051 132056 537
132046 132042 1087
132046 132043 697
132046 132047 789
131973 131970 475
131973 131975 713
131973 131976 1621
131980 131975 1478
131980 131976 511
131980 131981 477
131983 131976 941
131983 131981 1438
131983 132038 422
132027 131964 1147
132027 131978 650
132027 132026 613
132027 132031 1010
132028 132004 613
132028 132026 953
132028 132031 837
132028 132035 1285
132029 131978 948
132029 132030 811
132029 132031 697
132029 132032 1285
132037 132030 1276
132037 132032 673
132037 132038 751
132037 132039 613
132033 132004 1276
132033 132035 751
132033 132041 697
132033 132045 1212
132038 131982 1255
132038 131983 422
132038 132037 751
132038 132039 934
132043 132041 1147
132043 132045 511
132043 132046 697
130457 130453 4325
130457 130455 2672
130457 131985 4176
130457 131987 8997
131950 130419 12117
131950 131951 751
131950 131985 6647
132022 132021 1820
132022 132049 1811
132022 132053 697
132022 132054 811
132055 132053 808
132055 132054 558
132055 132057 537
132059 132054 1364
132060 132056 556
132050 131303 2113
132050 132049 1450
132050 132065 1438
132050 132066 2893
132071 132066 767
131304 131296 1367
131304 131303 1616
131304 131305 2561
131304 131557 1781
131304 132065 2783
131304 132067 1012
132075 132074 674
121339 121340 558
121339 131561 908
131560 121340 1102
131560 131557 279
131560 131558 1731
132067 131304 1012
132067 131559 422
132067 132069 2890
132119 131613 1705
132119 132120 791
132119 132121 713
132145 132121 1430
132149 131613 848
132149 131634 1705
132149 132121 1735
132149 132150 751
132148 132147 747
132148 132152 1705
132148 132153 976
132151 132147 1580
132151 132150 848
132151 132152 697
132151 132158 1705
132157 131634 751
132157 131637 1616
132157 132150 1705
132157 132158 848
132159 132152 928
132159 132153 1631
132159 132162 1631
132164 132163 739
132164 132166 872
132164 132167 874
132010 132009 2630
132010 132012 751
132010 132023 890
132010 132024 1147
132011 131995 337
132011 132007 477
132011 132008 276
132011 132023 2556
132017 132015 2631
132017 132023 1307
132017 132052 866
132017 132053 811
132042 132012 1210
132042 132024 697
132042 132041 751
132042 132046 1087
132052 132017 866
132052 132051 359
131970 131971 650
131970 131973 475
131970 131974 1075
131976 131973 1621
131976 131980 511
131976 131982 613
131976 131983 941
131964 131961 3915
131964 131977 848
131964 132002 697
131964 132027 1147
131978 131972 789
131978 131977 1010
131978 132027 650
131978 132029 948
132026 132002 1225
132026 132027 613
132026 132028 953
132004 132003 2294
132004 132006 811
132004 132028 613
132004 132033 1276
132030 131972 751
132030 131982 418
132030 132029 811
132030 132037 1276
132041 132006 1147
132041 132033 697
132041 132042 751
132041 132043 1147
131982 131974 739
131982 131976 613
131982 132030 418
131982 132038 1255
130453 130449 1717
130453 130452 1010
130453 130455 1655
130453 130456 1631
130453 130457 4325
130455 130450 1278
130455 130453 1655
130455 130457 2672
131987 130457 8997
130419 129902 1535
130419 130418 752
130419 130423 1211
130419 131950 12117
131951 131950 751
131951 131952 789
132021 132018 934
132021 132020 558
132021 132022 1820
132049 131297 1336
132049 132020 1942
132049 132022 1811
132049 132050 1450
132053 132017 811
132053 132022 697
132053 132055 808
132057 132055 537
131303 131296 796
131303 131297 1537
131303 131304 1616
131303 132050 2113
131296 131253 1602
131296 131295 2557
131296 131303 796
131296 131304 1367
131305 131304 2561
131557 131304 1781
131557 131559 796
131557 131560 279
131561 121339 908
131561 131558 590
131558 131560 1731
131558 131561 590
131559 131557 796
131559 132067 422
131613 132119 1705
131613 132149 848
132120 132119 791
131634 132149 1705
131634 132157 751
132152 132148 1705
132152 132151 697
132152 132159 928
132158 132151 1705
132158 132157 848
131637 132157 1616
132162 132159 1631
132162 132163 650
132163 132162 650
132163 132164 739
132167 132164 874
132009 132007 374
132009 132010 2630
132012 132006 697
132012 132010 751
132012 132042 1210
131995 132008 518
131995 132011 337
131995 132015 1067
132007 132008 374
132007 132009 374
132007 132011 477
132008 131995 518
132008 132007 374
132008 132011 276
132015 131995 1067
132015 132017 2631
132015 132018 948
131971 131970 650
131971 131972 1147
131971 131977 613
131974 131970 1075
131974 131972 558
131974 131982 739
131961 131952 9656
131961 131964 3915
131977 131964 848
131977 131971 613
131977 131978 1010
132002 131964 697
132002 132003 789
132002 132026 1225
131972 131971 1147
131972 131974 558
131972 131978 789
131972 132030 751
132003 132002 789
132003 132004 2294
132006 132004 811
132006 132012 697
132006 132041 1147
130449 130453 1717
130452 130453 1010
130456 130453 1631
130450 130455 1278
129902 130419 1535
130418 130419 752
130423 130419 1211
131952 131951 789
131952 131961 9656
132018 132015 948
132018 132021 934
132020 132021 558
132020 132049 1942
131297 131253 1334
131297 131303 1537
131297 132049 1336
131253 131296 1602
131253 131297 1334
131295 131296 2557
130
132097
132096
132099
132131
132091
132085
132098
132083
132084
131990
132100
132126
132133
132081
132088
131984
131969
132048
132130
132156
132079
132082
131967
132036
131968
131989
132155
132063
132080
131966
131979
132034
132040
132044
131986
132061
132154
132025
132047
131975
131981
132031
132032
132035
132039
132045
131985
132056
132153
132166
132023
132024
132051
132046
131973
131980
131983
132027
132028
132029
132037
132033
132038
132043
130457
131950
132060
132148
132159
132164
132010
132011
132017
132042
132052
131970
131976
131964
131978
132026
132004
132030
132041
131982
130453
130455
131987
130419
131951
132053
131305
131557
131561
131558
131559
131613
131634
132152
132158
131637
132162
132163
132167
132009
132012
131995
132007
132008
132015
131971
131974
131961
131977
132002
131972
132003
132006
130449
130452
130456
130450
129902
130418
130423
131952
132018
132020
131297
131253
131295
