448
17 18 1012
17 4265 1250
17 6361 233
18 17 1012
4265 17 1250
4265 4266 363
4265 4267 2983
6361 17 233
4266 4265 363
4267 4265 2983
4267 4299 1548
4267 4300 2946
4299 4264 1632
4299 4267 1548
4299 4301 651
4300 4267 2946
4300 4306 648
4264 4235 1026
4264 4298 920
4264 4299 1632
4301 4299 651
4301 4304 968
4301 6463 1188
4306 4300 648
4306 4305 1021
4306 4312 2030
4235 4233 3505
4235 4261 1374
4235 4264 1026
4298 4264 920
4304 4301 968
4304 4305 381
6463 4301 1188
4305 4304 381
4305 4306 1021
4305 4307 576
4312 4306 2030
4312 4313 2619
4312 4314 714
4233 4232 614
4233 4234 2053
4233 4235 3505
4261 4235 1374
4261 4260 2596
4261 4263 1805
4307 4305 576
4313 4312 2619
4313 4314 2519
4313 4315 465
4314 20 1259
4314 4312 714
4314 4313 2519
4232 4231 2416
4232 4233 614
4232 4238 1207
4234 4233 2053
4234 4260 1310
4234 4262 564
4260 4225 2595
4260 4234 1310
4260 4261 2596
4263 4261 1805
4315 4308 2425
4315 4313 465
4315 4316 1401
20 19 1226
20 4314 1259
20 4322 750
4231 4228 2848
4231 4232 2416
4238 4232 1207
4238 4239 2968
4238 4240 1456
4262 4234 564
4225 4226 4704
4225 4248 1853
4225 4260 2595
4308 4270 1120
4308 4310 2186
4308 4315 2425
4316 4315 1401
4316 4317 821
19 20 1226
19 21 1265
19 4320 3331
4322 20 750
4322 4323 1477
4228 4227 434
4228 4230 2584
4228 4231 2848
4239 4238 2968
4240 4237 2380
4240 4238 1456
4226 4225 4704
4248 4225 1853
4248 4246 1001
4248 4250 6395
4270 4268 3672
4270 4308 1120
4270 4309 2411
4310 4308 2186
4310 4309 1192
4310 4317 2140
4317 4310 2140
4317 4316 821
4317 4318 1587
21 19 1265
4320 19 3331
4320 4302 1345
4323 4322 1477
4227 4228 434
4227 4229 1687
4230 4228 2584
4237 4240 2380
4237 4241 231
4237 4242 283
4246 4208 1239
4246 4247 2133
4246 4248 1001
4250 4220 621
4250 4248 6395
4250 4253 2784
4268 4258 1540
4268 4269 2252
4268 4270 3672
4309 4270 2411
4309 4273 332
4309 4310 1192
4318 4317 1587
4318 4348 76
4318 4352 2046
4302 4243 2787
4302 4319 647
4302 4320 1345
4229 4227 1687
4241 4237 231
4242 4237 283
4242 4243 1097
4208 4186 2007
4208 4244 3316
4208 4246 1239
4247 4246 2133
4220 4221 3505
4220 4250 621
4220 4254 271
4220 4256 279
4253 4250 2784
4258 4251 4429
4258 4256 2436
4258 4268 1540
4269 4268 2252
4273 4272 1670
4273 4309 332
4273 4311 1274
4348 4318 76
4348 4334 3460
4348 4349 1519
4352 4318 2046
4243 4242 1097
4243 4302 2787
4243 4303 3477
4319 4302 647
4186 4183 2965
4186 4206 228
4186 4208 2007
4186 4236 1583
4244 4208 3316
4244 4209 6482
4244 4245 2198
4221 4220 3505
4254 4220 271
4254 4255 780
4256 4220 279
4256 4257 926
4256 4258 2436
4251 4252 2120
4251 4258 4429
4251 4259 1995
4272 4271 3783
4272 4273 1670
4272 4274 1607
4311 4273 1274
4311 4274 1599
4334 4332 460
4334 4335 951
4334 4348 3460
4349 4348 1519
4349 4350 1249
4349 4351 1669
4303 4243 3477
4303 4321 2421
4183 4182 748
4183 4185 2155
4183 4186 2965
4206 4186 228
4206 4199 7099
4206 4207 1491
4236 4186 1583
4209 4210 1891
4209 4211 4981
4209 4244 6482
4245 4244 2198
4255 4254 780
4257 4256 926
4252 4251 2120
4259 4251 1995
4259 4271 2258
4259 4276 3635
4271 4259 2258
4271 4272 3783
4271 4286 3507
4274 4272 1607
4274 4288 2482
4274 4311 1599
4274 4324 1087
4332 4331 56
4332 4334 460
4335 4334 951
4335 4336 1264
4335 4351 1697
4350 4349 1249
4351 4335 1697
4351 4349 1669
4351 4355 201
4321 4303 2421
4182 4181 2095
4182 4183 748
4182 4184 3629
4185 4183 2155
4199 4197 257
4199 4200 644
4199 4206 7099
4207 4206 1491
4210 4209 1891
4211 4205 289
4211 4209 4981
4211 4212 1472
4276 4215 2089
4276 4259 3635
4276 4286 4863
4286 4271 3507
4286 4276 4863
4286 4288 3012
4288 4274 2482
4288 4286 3012
4288 4291 2076
4324 4274 1087
4331 4329 1903
4331 4332 56
4331 4333 1945
4336 4335 1264
4355 4351 201
4355 4353 1245
4355 4356 2330
4181 4176 757
4181 4180 1512
4181 4182 2095
4184 4180 1912
4184 4182 3629
4184 4224 1132
4197 4198 1355
4197 4199 257
4197 4204 451
4200 4199 644
4205 4203 4822
4205 4204 9302
4205 4211 289
4212 4211 1472
4212 4213 2502
4212 4215 6616
4215 4212 6616
4215 4275 1019
4215 4276 2089
4291 4288 2076
4291 4328 204
4291 4329 582
4329 4291 582
4329 4330 3025
4329 4331 1903
4333 4331 1945
4353 4354 915
4353 4355 1245
4356 4341 2014
4356 4355 2330
4356 4357 3085
4176 4172 1708
4176 4175 1418
4176 4181 757
4180 4173 1983
4180 4181 1512
4180 4184 1912
4224 4184 1132
4224 4222 3107
4224 4249 1780
4198 4197 1355
4204 4196 447
4204 4197 451
4204 4205 9302
4203 4201 6524
4203 4205 4822
4203 4214 3412
4213 4212 2502
4275 4215 1019
4275 4219 8861
4275 4287 5318
4328 4289 3692
4328 4291 204
4328 4325 1605
4330 4329 3025
4354 4353 915
4341 4342 701
4341 4343 3434
4341 4356 2014
4357 4356 3085
4357 4358 1003
4172 4170 2308
4172 4175 1262
4172 4176 1708
4175 4172 1262
4175 4176 1418
4175 4177 3397
4173 4174 2386
4173 4178 1376
4173 4180 1983
4222 4223 2150
4222 4224 3107
4249 4224 1780
4196 4190 1038
4196 4201 6739
4196 4204 447
4201 4196 6739
4201 4202 1895
4201 4203 6524
4214 4203 3412
4214 4216 4590
4214 4217 2426
4219 4218 1734
4219 4275 8861
4219 4285 5122
4287 4275 5318
4287 4279 4107
4287 4289 551
4289 4287 551
4289 4290 5773
4289 4328 3692
4325 4326 558
4325 4327 1914
4325 4328 1605
4342 4341 701
4343 4339 2202
4343 4341 3434
4343 4358 1086
4358 4343 1086
4358 4357 1003
4358 4359 364
4170 4166 1055
4170 4171 3897
4170 4172 2308
4177 4175 3397
4177 4194 694
4177 4195 268
4174 4173 2386
4178 4173 1376
4178 4179 522
4178 4179 522
4223 4222 2150
4190 4158 12978
4190 4188 4274
4190 4196 1038
4202 4201 1895
4216 4214 4590
4217 4214 2426
4218 4219 1734
4218 257741 3660
4285 4219 5122
4285 4284 1237
4285 4367 1338
4279 4287 4107
4290 4289 5773
4290 4337 1007
4290 4338 315
4326 4325 558
4327 4325 1914
4339 4340 1745
4339 4343 2202
4339 4344 233
4359 4358 364
4359 4360 585
4359 4364 548
4166 4163 1216
4166 4168 351
4166 4170 1055
4171 4170 3897
4194 4177 694
4195 4177 268
4179 4178 522
4179 4178 522
4158 4155 3117
4158 4156 3073
4158 4190 12978
4188 4189 4250
4188 4190 4274
4188 4191 727
257741 4218 3660
257741 4368 4163
257741 257803 559
4284 4282 591
4284 4285 1237
4284 4294 2049
4367 4285 1338
4367 4368 5125
4367 4369 527
4337 4290 1007
4337 4296 1421
4337 4338 695
4338 4290 315
4338 4337 695
4338 4344 3103
4340 4339 1745
4344 4338 3103
4344 4339 233
4344 4345 3180
4360 4359 585
4360 4361 595
4364 4359 548
4364 4365 963
4364 4366 1523
4163 4162 844
4163 4166 1216
4168 4166 351
4155 4158 3117
4156 4158 3073
4189 4188 4250
4191 4188 727
4368 4367 5125
4368 257741 4163
257803 257741 559
4282 4284 591
4294 4284 2049
4369 4367 527
4296 4337 1421
4345 4344 3180
4345 4366 641
4361 4360 595
4365 4364 963
4366 4345 641
4366 4364 1523
4162 4163 844
13
4163
4168
4155
4156
4191
257803
4282
4294
4369
4296
4345
4366
4162
