14
239138 239136 1073
239136 239138 1073
244351 244349 139
244349 244351 139
243521 243522 4556
243522 243521 4556
243522 243558 5503
243558 243522 5503
243558 243563 1073
243574 243580 1204
243580 243574 1204
243563 243558 1073
245452 245453 1137
245453 245452 1137
35
261154
257958
239200
239138
239142
243967
239136
239147
239146
243663
244215
244348
244351
244349
244359
243521
243522
243529
243558
243545
243574
243645
264222
243568
243688
243696
243708
245317
245436
245438
245452
245461
245453
245475
245486
