18
112276 112275 681
112275 112276 681
112677 112963 1156
112963 112677 1156
113004 113158 2279
113003 113082 1139
113003 113158 869
113158 113003 869
113158 113004 2279
113082 113003 1139
113081 112927 764
112927 113081 764
105287 105288 924
105288 105287 924
104648 104659 1351
104659 104648 1351
104688 104694 426
104694 104688 426
35
112387
112276
112275
112268
112677
112963
112986
112988
112997
113004
113003
113103
113365
113370
113264
113378
113392
113102
112981
113084
113040
113049
113068
113098
113082
113081
112927
112929
105286
104648
104659
104688
104694
104557
104560
