522
46068 46076 953
46076 46068 953
46076 46106 905
46076 46107 1010
46106 46076 905
46107 46076 1010
46107 46108 646
46107 46109 1470
46107 46110 1307
46108 46107 646
46108 50575 469
46108 50577 602
46109 46107 1470
46109 46112 1248
46109 46329 2016
46109 46330 849
46110 46069 1614
46110 46107 1307
46110 46328 976
50575 46108 469
50575 50576 596
50577 46108 602
46112 46109 1248
46112 46111 1124
46112 46331 984
46329 46109 2016
46329 46328 276
46329 46336 906
46330 46109 849
46330 46331 1454
46330 46336 1796
46330 46341 850
46069 46110 1614
46328 46110 976
46328 46329 276
46328 46333 713
50576 50575 596
46111 46112 1124
46111 46233 1017
46111 46235 1055
46331 46112 984
46331 46330 1454
46331 46340 553
46336 46329 906
46336 46330 1796
46336 46339 805
46341 46330 850
46341 46342 1686
46341 46343 1686
46341 46345 933
46333 46328 713
46333 46332 885
46333 46335 1824
46233 46111 1017
46235 46111 1055
46340 46245 885
46340 46331 553
46340 46342 276
46339 46336 805
46339 46343 67
46342 46340 276
46342 46341 1686
46342 46386 1656
46343 46339 67
46343 46341 1686
46343 46344 906
46345 46341 933
46345 46344 1454
46345 46346 1532
46332 46105 337
46332 46333 885
46332 46334 1657
46335 46333 1824
46335 46334 581
46335 46337 452
46245 46236 3015
46245 46340 885
46245 46409 791
46386 46342 1656
46386 46387 1396
46344 46343 906
46344 46345 1454
46344 46381 1181
46346 46345 1532
46346 46381 1248
46346 46387 928
46346 46390 418
46105 46104 1614
46105 46332 337
46334 46332 1657
46334 46335 581
46334 46338 849
46334 46354 4619
46337 46335 452
46236 46245 3015
46236 46406 1064
46409 46245 791
46409 46411 885
46387 46346 928
46387 46386 1396
46381 46344 1181
46381 46346 1248
46381 46379 1334
46390 46346 418
46390 46389 195
46104 46100 697
46104 46105 1614
46338 46334 849
46338 46357 4308
46338 46378 906
46354 46334 4619
46354 46355 1560
46354 46357 677
46406 46236 1064
46406 46237 2132
46406 46411 2104
46411 46406 2104
46411 46409 885
46379 46378 445
46379 46381 1334
46389 46390 195
46389 46391 940
46389 46392 511
46100 46104 697
46357 46338 4308
46357 46354 677
46357 46356 1664
46357 46358 790
46378 46338 906
46378 46379 445
46378 46380 1181
46378 46382 747
46355 46352 2348
46355 46354 1560
46355 46356 630
46237 46159 4462
46237 46406 2132
46391 46389 940
46391 46393 953
46391 46394 1004
46391 46403 1664
46392 46385 2441
46392 46389 511
46356 46355 630
46356 46357 1664
46356 46359 2306
46356 46365 828
46358 46357 790
46358 46365 1560
46358 46367 828
46358 46368 2645
46380 46378 1181
46380 46383 818
46380 46384 951
46380 46385 906
46382 46368 984
46382 46378 747
46382 46383 1064
46352 46350 605
46352 46355 2348
46352 46359 828
46159 46156 1009
46159 46169 2183
46159 46237 4462
46393 46391 953
46393 46404 1200
46393 46405 2719
46394 46391 1004
46394 46451 893
46394 46452 1866
46403 46391 1664
46403 46400 1560
46385 46374 1901
46385 46380 906
46385 46392 2441
46385 46400 709
46359 46352 828
46359 46356 2306
46359 46360 752
46365 46356 828
46365 46358 1560
46365 46360 2273
46365 46366 906
46367 46358 828
46367 46366 1594
46367 46369 984
46367 46370 2586
46368 46358 2645
46368 46370 984
46368 46382 984
46383 46370 951
46383 46380 818
46383 46382 1064
46384 46380 951
46350 46347 828
46350 46351 1967
46350 46352 605
46156 46157 2081
46156 46158 2208
46156 46159 1009
46169 46159 2183
46169 46174 374
46404 46393 1200
46404 46452 796
46404 46467 709
46404 46701 2035
46405 46393 2719
46405 46401 374
46451 46394 893
46451 46453 889
46451 46463 1436
46452 46394 1866
46452 46404 796
46452 46463 848
46400 46385 709
46400 46395 1798
46400 46401 906
46400 46403 1560
46374 46369 2481
46374 46370 953
46374 46385 1901
46374 46395 752
46360 46359 752
46360 46364 752
46360 46365 2273
46366 46364 2216
46366 46365 906
46366 46367 1594
46366 46371 879
46369 46367 984
46369 46372 581
46369 46373 879
46369 46374 2481
46370 46367 2586
46370 46368 984
46370 46374 953
46370 46383 951
46347 46348 605
46347 46349 1967
46347 46350 828
46351 46350 1967
46157 46156 2081
46158 46156 2208
46174 46169 374
46174 46175 1428
46467 46404 709
46467 46469 1248
46467 46470 933
46701 46404 2035
46701 46700 2006
46701 46709 823
46401 46399 1798
46401 46400 906
46401 46405 374
46453 46451 889
46453 46464 476
46463 46451 1436
46463 46452 848
46463 46468 452
46395 46374 752
46395 46396 848
46395 46399 906
46395 46400 1798
46364 46360 752
46364 46363 789
46364 46366 2216
46371 46366 879
46371 46372 848
46371 46662 3061
46371 46672 337
46372 46369 581
46372 46371 848
46372 46375 871
46373 46369 879
46373 46375 818
46373 46376 818
46373 46377 2009
46348 46347 605
46349 46347 1967
46175 46174 1428
46175 46184 789
46175 46185 1009
46469 46467 1248
46469 46471 893
46469 46472 600
46470 46467 933
46470 46472 1357
46470 46717 5156
46470 47037 337
46700 46402 603
46700 46701 2006
46709 46701 823
46709 46706 3023
46399 46395 906
46399 46401 1798
46399 46402 1128
46464 46453 476
46464 46465 709
46468 46463 452
46468 46465 818
46468 46471 985
46396 46376 747
46396 46395 848
46396 46398 1969
46363 46364 789
46363 46608 2181
46363 46662 752
46662 46363 752
46662 46371 3061
46672 46371 337
46672 46666 552
46672 50341 672
46375 46372 871
46375 46373 818
46375 46666 848
46375 46673 2087
46376 46373 818
46376 46396 747
46376 46397 1890
46377 46373 2009
46377 46397 747
46377 46673 848
46377 46693 790
46184 46175 789
46185 46175 1009
46185 46190 810
46471 46468 985
46471 46469 893
46471 46474 841
46471 46475 1268
46472 46469 600
46472 46470 1357
46472 47036 683
46717 46470 5156
46717 46710 796
46717 46719 1104
47037 46470 337
47037 46711 435
47037 47036 1357
46402 46399 1128
46402 46699 452
46402 46700 603
46706 46703 532
46706 46709 3023
46465 46464 709
46465 46468 818
46398 46396 1969
46398 46397 713
46398 46699 475
46608 46363 2181
46608 46603 558
46608 46605 202
46666 46375 848
46666 46672 552
50341 46672 672
46673 46375 2087
46673 46377 848
46673 46674 796
46397 46376 1890
46397 46377 747
46397 46398 713
46397 46702 828
46693 46377 790
46693 46677 1530
46693 46702 848
46693 46705 400
46190 46173 677
46190 46181 1502
46190 46185 810
46474 46471 841
46474 46473 1033
46475 46471 1268
46475 46476 1032
46475 47036 782
47036 46472 683
47036 46475 782
47036 47037 1357
46710 46704 396
46710 46713 855
46710 46717 796
46710 46718 1181
46719 46717 1104
46719 46718 818
46719 46720 562
46711 46712 2586
46711 47037 435
46711 47039 355
46699 46398 475
46699 46402 452
46703 46702 660
46703 46706 532
46603 46604 435
46603 46608 558
46605 46604 452
46605 46608 202
46674 46673 796
46674 46675 848
46674 46677 828
46702 46397 828
46702 46693 848
46702 46703 660
46702 46704 432
46677 46674 828
46677 46692 828
46677 46693 1530
46705 46693 400
46705 46713 359
46173 46178 1284
46173 46190 677
46181 46180 202
46181 46183 610
46181 46190 1502
46473 46474 1033
46476 46475 1032
46476 46477 933
46704 46702 432
46704 46710 396
46713 46695 200
46713 46705 359
46713 46710 855
46713 46714 1252
46718 46710 1181
46718 46719 818
46718 46721 202
46720 46719 562
46720 46727 688
46720 46728 1225
46712 46711 2586
47039 46711 355
47039 46730 849
46604 46603 435
46604 46605 452
46675 46674 848
46675 46676 2255
46692 46677 828
46692 46694 517
46692 46695 1323
46178 46173 1284
46178 46180 558
46180 46178 558
46180 46181 202
46183 46181 610
46477 46476 933
46695 46692 1323
46695 46713 200
46714 46713 1252
46714 46721 688
46714 46722 279
46721 46714 688
46721 46718 202
46721 46726 1614
46727 46720 688
46727 46729 1260
46727 46730 3527
46728 46720 1225
46730 46727 3527
46730 47039 849
46730 47040 2044
46730 47048 953
46676 46675 2255
46676 46694 650
46694 46676 650
46694 46692 517
46694 46697 1104
46722 46714 279
46722 46715 537
46722 46723 1380
46726 46721 1614
46726 46769 276
46729 46727 1260
47040 46730 2044
47048 46730 953
47048 47044 2371
47048 47049 1035
46697 46694 1104
46697 46724 471
46697 46725 1181
46715 46716 1181
46715 46722 537
46715 46724 377
46723 46722 1380
46723 46767 474
46769 46726 276
46769 46767 688
46769 46770 667
46769 46771 2520
47044 47048 2371
47044 47050 849
47049 47048 1035
47049 47051 337
46724 46697 471
46724 46715 377
46725 46697 1181
46716 46715 1181
46767 46723 474
46767 46766 928
46767 46769 688
46767 46772 2563
46770 46769 667
46770 46777 713
46770 46778 2285
46771 46769 2520
46771 46772 818
46771 46778 713
47050 47044 849
47050 47054 333
47051 46781 709
47051 47049 337
47051 47052 924
46766 46767 928
46766 46768 2403
46766 46773 404
46772 46767 2563
46772 46771 818
46777 46770 713
46778 46770 2285
46778 46771 713
47054 47050 333
46781 47051 709
47052 47051 924
46768 46766 2403
46773 46766 404
200
46068
46076
46106
46107
46108
46109
46110
50575
50577
46112
46329
46330
46069
46328
50576
46111
46331
46336
46341
46333
46233
46235
46340
46339
46342
46343
46345
46332
46335
46245
46386
46344
46346
46105
46334
46337
46236
46409
46387
46381
46390
46104
46338
46354
46406
46411
46379
46389
46100
46357
46378
46355
46237
46391
46392
46356
46358
46380
46382
46352
46159
46393
46394
46403
46385
46359
46365
46367
46368
46383
46384
46350
46156
46169
46404
46405
46451
46452
46400
46374
46360
46366
46369
46370
46347
46351
46157
46158
46174
46467
46701
46401
46453
46463
46395
46364
46371
46372
46373
46348
46349
46175
46469
46470
46700
46709
46399
46464
46468
46396
46363
46662
46672
46375
46376
46377
46184
46185
46471
46472
46717
47037
46402
46706
46465
46398
46608
46666
50341
46673
46397
46693
46190
46474
46475
47036
46710
46719
46711
46699
46703
46603
46605
46674
46702
46677
46705
46173
46181
46473
46476
46704
46713
46718
46720
46712
47039
46604
46675
46692
46178
46180
46183
46477
46695
46714
46721
46727
46728
46730
46676
46694
46722
46726
46729
47040
47048
46697
46715
46723
46769
47044
47049
46724
46725
46716
46767
46770
46771
47050
47051
46766
46772
46777
46778
47054
46781
47052
46768
46773
