18
134310 134312 750
134312 134310 750
134358 134361 737
134361 134358 737
133525 133524 1254
133524 133525 1254
133729 133664 764
133729 133740 2063
133740 133729 2063
133452 133464 818
133428 133424 847
133428 133464 747
133464 133428 747
133464 133452 818
133409 133423 884
133423 133409 884
133424 133428 847
133664 133729 764
39
134298
134308
134310
134312
134358
134361
134363
134371
134372
134465
134476
134480
134544
134555
134558
134563
134567
134620
139585
133535
133525
133524
133732
133740
133452
133453
133428
133464
133409
133411
133423
133424
133461
133477
133738
133735
133664
133743
133660
