26
250151 250154 336
250154 250151 336
249803 249823 1253
249823 249803 1253
250813 250812 1454
250812 250813 1454
250798 250717 877
250717 250720 847
250717 250798 877
250720 250717 847
250724 250726 676
250726 250724 676
250987 250986 983
250987 250988 475
250980 250986 354
250986 250980 354
250986 250987 983
250988 250987 475
253317 253328 764
253328 253317 764
253328 253329 764
253329 253328 764
253329 253332 788
253332 253329 788
253385 253386 1208
253386 253385 1208
36
250134
250151
250154
250076
250078
249796
249803
249823
250787
250813
250805
250812
250818
250798
250717
250720
250724
250726
251010
251012
250857
250970
250987
250778
250947
250950
250988
252128
252169
253317
253328
253329
253332
253385
250978
253386
