16
222915 222908 2043
222908 222915 2043
150982 150987 2358
150987 150982 2358
149432 146954 762
149488 149601 180
149601 149488 180
149591 149589 849
149589 149586 1163
149589 149591 849
146954 149432 762
149519 149534 802
149534 149519 802
149586 149589 1163
149659 149657 809
149657 149659 809
39
222914
222915
222911
223013
223018
222908
150838
150982
150987
151020
151024
151647
149118
149134
149136
149433
149432
149437
149646
149649
149650
149486
149489
149488
149601
149591
149589
146956
146954
146952
149519
149534
149586
148813
148818
148812
149659
149657
149653
