26
147211 147212 2309
147211 152003 1339
147212 147211 2309
147212 152001 2006
152003 147211 1339
152003 151998 1315
152003 152001 252
152001 147212 2006
152001 152002 1140
152001 152003 252
151998 151972 951
151998 152002 738
151998 152003 1315
152002 151674 1110
152002 151998 738
152002 152001 1140
151972 151674 1122
151972 151971 1066
151972 151998 951
151674 151720 1288
151674 151972 1122
151674 152002 1110
151971 151972 1066
151720 151674 1288
151720 151721 827
151721 151720 827
4
151674
151971
151720
151721
