40
190915 190916 671
190915 190917 2334
190915 193880 1244
190916 190915 671
190916 190918 1005
190916 190919 1343
190917 190915 2334
193880 190915 1244
193880 193878 370
190918 190916 1005
190918 190920 705
190918 190928 1045
190919 190916 1343
193878 193877 2805
193878 193880 370
193878 193881 923
190920 190918 705
190920 190921 2056
190928 190918 1045
190928 190926 3319
190928 190929 918
193877 193873 729
193877 193878 2805
193881 193878 923
190921 190920 2056
190921 190926 1193
190921 190930 1347
190926 190921 1193
190926 190927 77
190926 190928 3319
190929 190928 918
193873 191044 745
193873 193874 3347
193873 193877 729
190930 190921 1347
190927 190926 77
191044 193873 745
193874 193873 3347
193874 193875 397
193875 193874 397
2
191044
193875
