20
206247 206249 1666
206252 206254 871
206249 206247 1666
206254 206252 871
206254 206268 1390
206268 206254 1390
206468 206467 797
206466 206467 750
206467 206466 750
206467 206468 797
181079 181032 677
181032 181079 677
181328 179531 807
181322 181321 807
181321 179530 952
181321 181322 807
179531 179530 952
179531 181328 807
179530 179531 952
179530 181321 952
35
206174
206180
206156
206182
206190
206247
206252
206249
206607
206254
206268
206468
206478
206809
206848
206855
206464
206466
206467
206858
206862
209177
209178
181025
181056
181058
181082
181110
181298
181032
179519
179523
181322
179530
181292
