18
11544 12466 2990
12466 11544 2990
11782 11794 475
11754 11755 893
11794 11782 475
11755 11754 893
11892 11893 796
11683 11936 452
11893 11892 796
11936 11683 452
12044 12050 681
12050 12044 681
12055 12058 1611
12058 12055 1611
12058 12059 336
12059 12058 336
12134 12088 1049
12088 12134 1049
38
11546
11544
12466
11799
12463
12464
11780
11782
12458
12416
12501
11788
11728
11754
11790
11794
11806
11760
11755
11758
11864
11888
11684
11892
11683
11893
11936
11938
11940
12031
12044
12050
12055
12059
12068
12134
12088
12139
