14
155016 155038 1905
155038 155016 1905
155211 155079 1471
155079 155211 1471
155325 155329 1554
155329 155325 1554
157794 157991 334
157906 157905 238
157991 157794 334
157836 157835 1979
157835 157836 1979
157905 157906 238
157697 157699 1854
157699 157697 1854
37
155016
155038
155039
155067
155223
157828
157824
157830
157812
155218
155211
155079
155080
155136
155141
155325
155329
155345
155363
155349
157794
157906
157991
157836
157835
157885
157905
155383
155389
155397
157693
157697
155394
155463
157699
172126
157701
