20
20942 20983 1944
20983 20942 1944
21062 21065 2145
21065 21062 2145
21240 21241 1533
21241 21240 1533
25927 21398 168
25927 25880 688
25880 25878 951
25880 25927 688
25878 25880 951
25886 25885 452
25886 25888 629
25888 25886 629
21398 25927 168
25885 25886 452
25910 25913 2005
25913 25910 2005
25925 25922 1022
25922 25925 1022
33
21132
20956
20989
20973
21111
21115
21129
20938
20942
20983
20987
21050
21053
21062
21065
21086
21089
21084
21098
21240
25877
25878
21350
21363
21362
21398
25883
25885
25905
25910
19625
25925
25922
