14
134743 134741 824
134743 134745 3051
134745 134743 3051
134758 134744 904
134741 134743 824
134744 134758 904
134789 134790 750
134790 134789 750
134996 134995 777
134805 134806 1283
134806 134805 1283
134995 134996 777
135800 135801 789
135801 135800 789
39
187955
187991
188232
187989
187977
187829
134743
134745
134758
134760
134741
134744
134789
134790
134706
134712
134996
134197
134802
134805
134806
135000
135008
135021
135025
134995
135066
135019
135067
135080
135800
135801
135879
135876
135834
135836
135885
135889
136083
