26
141145 141146 772
141146 141145 772
141098 141148 805
141148 141098 805
142140 141101 2098
142140 141731 1887
141709 141720 332
141713 141717 742
141713 141732 1284
141717 141713 742
141720 141709 332
141732 141713 1284
141732 141731 2032
141731 141732 2032
141731 142140 1887
141101 142140 2098
56008 56007 2117
56007 56008 2117
56037 56043 1436
56043 56037 1436
56043 56145 600
56145 56043 600
189882 189830 860
189830 189882 860
196642 196651 677
196651 196642 677
39
141145
141146
141164
141098
141148
141166
141168
141347
142140
141709
141713
141717
141720
141732
141731
141093
141101
55632
56008
56007
56037
56043
56145
56147
56158
56177
56180
56615
56788
189848
189882
189830
196642
196653
196649
196651
197235
197242
197244
