438
193450 193451 1061
193451 193450 1061
193451 193452 1137
193452 193451 1137
193452 193453 1367
193453 193452 1367
193453 193459 1787
193459 193453 1787
193459 193460 1197
193460 193459 1197
193460 193468 1534
193460 193472 1866
193468 193460 1534
193468 193465 3096
193472 193460 1866
193472 225362 10258
193465 193462 238
193465 193467 936
193465 193468 3096
225362 193472 10258
225362 225037 20272
225362 225363 10679
193462 193463 451
193462 193465 238
193462 193466 579
193467 193465 936
193467 193466 440
193467 193471 1485
225037 225034 14689
225037 225362 20272
225037 225363 9773
225363 225037 9773
225363 225362 10679
193463 193461 382
193463 193462 451
193463 193464 452
193466 193462 579
193466 193464 374
193466 193467 440
193471 193467 1485
193471 193469 797
225034 225035 8816
225034 225036 3978
225034 225037 14689
193461 193458 1850
193461 193463 382
193461 193464 397
193464 193461 397
193464 193463 452
193464 193466 374
193469 193470 2040
193469 193471 797
193469 193473 516
225035 225034 8816
225035 225044 6259
225036 225027 3326
225036 225034 3978
225036 225040 2408
193458 193454 861
193458 193461 1850
193470 193469 2040
193473 193469 516
193473 193474 431
193473 193475 890
225044 225035 6259
225044 225415 887
225044 225418 5810
225027 225028 14065
225027 225030 1675
225027 225036 3326
225027 225038 556
225040 225036 2408
225040 225041 2148
193454 193455 249
193454 193456 242
193454 193458 861
193474 193473 431
193475 193473 890
225415 225044 887
225415 225416 4190
225418 225044 5810
225418 225417 754
225028 225027 14065
225028 228417 11566
225030 225027 1675
225030 225029 3776
225038 225027 556
225038 225031 673
225038 225039 4403
225041 225040 2148
225041 225043 1204
193455 193454 249
193456 193454 242
193456 193457 311
225416 225415 4190
225416 234272 2576
225417 225418 754
225417 225454 1701
228417 225028 11566
228417 228418 736
225029 225023 12692
225029 225030 3776
225029 225031 4556
225031 225029 4556
225031 225038 673
225039 225038 4403
225039 225042 1877
225043 225041 1204
225043 225042 1649
225043 225045 12601
193457 193456 311
234272 225045 793
234272 225416 2576
225454 225417 1701
225454 225423 1912
228418 228417 736
225023 225020 2566
225023 225022 2817
225023 225029 12692
225042 225039 1877
225042 225043 1649
225045 225043 12601
225045 225438 889
225045 234272 793
225423 225424 2132
225423 225454 1912
225423 225491 2969
225020 225019 3683
225020 225022 1368
225020 225023 2566
225022 225020 1368
225022 225021 1904
225022 225023 2817
225438 225045 889
225438 225439 2211
225424 225423 2132
225424 225848 7238
225491 225423 2969
225491 225490 2104
225491 235491 1285
225019 225016 3276
225019 225020 3683
225021 225017 2002
225021 225022 1904
225439 225436 947
225439 225438 2211
225848 225424 7238
225848 225849 1830
225490 225449 2001
225490 225491 2104
225490 225493 5169
235491 225491 1285
235491 235492 666
235491 235493 1066
225016 225015 10683
225016 225017 2658
225016 225019 3276
225017 225016 2658
225017 225021 2002
225436 225437 1913
225436 225439 947
225849 225430 11731
225849 225848 1830
225449 225450 928
225449 225490 2001
225493 225490 5169
225493 225492 3270
225493 235487 1438
235492 235491 666
235493 235491 1066
225015 224977 4506
225015 225016 10683
225437 225436 1913
225437 225440 450
225437 225443 834
225437 225445 555
225430 225426 1893
225430 225429 1919
225430 225849 11731
225450 225449 928
225450 235476 1478
225450 235481 279
225492 225493 3270
225492 225494 237
225492 225571 2738
225492 235146 1262
235487 225493 1438
235487 235486 225
235487 235489 2257
224977 224978 4351
224977 224980 10027
224977 225015 4506
225440 225437 450
225440 234271 975
225440 235086 1041
225443 225057 1393
225443 225437 834
225445 225437 555
225445 225444 531
225426 225425 609
225426 225430 1893
225429 225428 3489
225429 225430 1919
225429 225433 12058
235476 225450 1478
235476 225451 2958
235476 235083 2330
235481 225450 279
235481 232496 3927
235481 232498 1471
225494 225492 237
225494 225495 1347
225571 225492 2738
225571 225570 251
235146 225492 1262
235146 232497 2417
235486 235485 1055
235486 235487 225
235486 235488 1464
235489 235487 2257
224978 224977 4351
224978 224979 9481
224978 225018 1966
224980 224976 2354
224980 224977 10027
234271 225440 975
234271 225441 804
235086 225440 1041
235086 235085 7213
235086 235479 535
225057 225058 12238
225057 225443 1393
225444 225445 531
225444 234270 2910
225425 225426 609
225428 225429 3489
225428 225518 1363
225433 225429 12058
225433 225434 2408
225433 225568 3266
225451 225448 1101
225451 225452 225
225451 235476 2958
235083 235084 1314
235083 235087 3298
235083 235476 2330
232496 232423 1333
232496 235085 1318
232496 235481 3927
232498 232492 5765
232498 235481 1471
232498 235495 912
225495 225494 1347
225495 225572 595
225495 225573 1261
225570 225569 1000
225570 225571 251
225570 225578 6212
232497 232492 2038
232497 235146 2417
235485 235484 1444
235485 235486 1055
235485 235490 1207
235488 235486 1464
224979 224976 2661
224979 224978 9481
225018 224978 1966
224976 224979 2661
224976 224980 2354
225441 225442 670
225441 234271 804
235085 232496 1318
235085 235086 7213
235085 235482 2028
235479 235086 535
235479 235480 3881
235479 235480 3881
225058 225057 12238
225058 225455 950
234270 225444 2910
234270 234269 1814
225518 225428 1363
225518 225517 4393
225518 231468 11569
225434 225433 2408
225434 225435 1492
225434 225520 2977
225568 225433 3266
225568 225567 1527
225568 235089 648
225448 225442 2724
225448 225451 1101
225452 225451 225
225452 234822 2337
225452 235252 325
235084 235083 1314
235087 235083 3298
232423 232422 6794
232423 232492 4472
232423 232496 1333
232492 232423 4472
232492 232497 2038
232492 232498 5765
235495 232498 912
225572 225495 595
225573 225495 1261
225573 225574 3094
225569 225032 2195
225569 225401 5090
225569 225570 1000
225578 225570 6212
225578 225588 1704
225578 225683 6054
235484 235485 1444
235490 235485 1207
225442 225441 670
225442 225448 2724
235482 235085 2028
235480 235479 3881
235480 235479 3881
235480 235483 3005
225455 225058 950
225455 225458 1576
234269 225056 3554
234269 234270 1814
225517 225518 4393
225517 225519 4023
231468 225518 11569
231468 231469 2202
231468 231470 7901
225435 225434 1492
225435 225520 2217
225435 225521 712
225520 225434 2977
225520 225435 2217
225520 225522 7270
225567 225566 567
225567 225568 1527
235089 225568 648
235089 235090 2139
234822 225452 2337
234822 234821 173
235252 225452 325
235252 235494 840
232422 227190 1941
232422 232423 6794
232422 232486 3045
225574 225573 3094
225574 225575 1279
225574 225576 1556
225574 225588 2317
225032 225033 1142
225032 225569 2195
225032 234280 1829
225401 225402 1251
225401 225404 2876
225401 225569 5090
225588 225574 2317
225588 225578 1704
225683 225578 6054
225683 225598 4368
225683 225685 1751
235483 235480 3005
225458 225076 1191
225458 225455 1576
225458 225459 1700
225458 225460 274
225056 225055 749
225056 234269 3554
225519 225517 4023
225519 225527 6197
231469 231468 2202
231470 231468 7901
225521 225435 712
225522 225399 2696
225522 225520 7270
225522 225523 2383
225522 225524 5931
225566 225402 893
225566 225567 567
235090 235089 2139
235090 235091 694
235090 235092 1350
234821 234822 173
235494 235252 840
227190 225421 287
227190 232422 1941
227190 232630 708
232486 232422 3045
225575 225574 1279
225575 225590 2936
225576 225574 1556
225576 225577 130
225033 225032 1142
225033 225399 1565
225033 235101 2006
234280 225032 1829
225402 225401 1251
225402 225566 893
225402 235088 2174
225404 225401 2876
225598 225587 1893
225598 225599 1334
225598 225683 4368
225685 225683 1751
225685 225689 2844
225685 225690 2934
225076 225077 1432
225076 225458 1191
225459 225458 1700
225459 225463 1021
225460 225458 274
225460 225461 926
225055 225056 749
225055 225062 1815
225527 225519 6197
225399 225033 1565
225399 225522 2696
225523 225522 2383
225524 225522 5931
235091 235090 694
235092 235090 1350
225421 227190 287
232630 227190 708
225590 225575 2936
225577 225576 130
235101 225033 2006
235088 225402 2174
225587 225598 1893
225599 225598 1334
225689 225685 2844
225689 225690 893
225690 225685 2934
225690 225689 893
225077 225076 1432
225463 225459 1021
225461 225460 926
225062 225055 1815
22
224977
224978
224980
224979
225018
224976
225055
225527
225399
225523
225524
225421
225590
225577
225587
225599
225689
225690
225077
225463
225461
225062
