20
187564 187561 2343
187512 187376 1192
187532 187561 311
187376 187512 1192
187561 187532 311
187561 187564 2343
187367 190672 652
187370 189651 204
190672 187367 652
189651 187370 204
197846 197874 737
197382 197387 1318
197387 197382 1318
197718 197720 795
197720 197718 795
197732 197730 883
197732 197733 849
197730 197732 883
197733 197732 849
197874 197846 737
39
188990
189392
188985
189006
187564
187512
187516
187532
187376
187378
187561
187367
187370
190672
56590
189651
190497
197985
197987
197847
197846
197369
197370
197378
197341
197382
197394
197670
197673
197681
197683
197718
197720
197732
197730
197734
197733
197871
197874
