16
125470 125471 1628
125471 125470 1628
125874 125865 1990
125865 125874 1990
125752 125740 1308
125740 125752 1308
128368 128369 474
128369 128368 474
128405 128406 808
128406 128405 808
128417 128421 279
128421 128417 279
128709 128777 1717
128777 128709 1717
128836 128838 1142
128838 128836 1142
33
125470
125471
125876
125809
125874
125861
125863
125865
125752
125844
125853
125740
125743
125723
128368
128369
128372
128379
128406
128417
128421
128424
128537
128554
128615
128625
128696
128709
128778
128836
128838
128854
128841
