610
207562 208065 901
207562 208066 1452
208065 207562 901
208065 208063 1078
208065 208067 825
208065 208068 1067
208066 207562 1452
208066 208068 1085
208066 208072 834
208063 208062 822
208063 208065 1078
208067 207998 2120
208067 208064 870
208067 208065 825
208067 208069 755
208068 208065 1067
208068 208066 1085
208068 208069 749
208072 208066 834
208072 208070 1965
208072 208076 706
208062 207962 1173
208062 208063 822
208062 208064 607
207998 207969 801
207998 207994 2363
207998 208067 2120
207998 208079 763
208064 207969 2183
208064 208062 607
208064 208067 870
208069 208067 755
208069 208068 749
208069 208070 801
208069 208079 1978
208070 208069 801
208070 208072 1965
208070 208080 1977
208070 208081 745
208076 208071 673
208076 208072 706
208076 208077 201
208076 208081 2183
207962 207963 1054
207962 208062 1173
207969 207963 1086
207969 207972 801
207969 207998 801
207969 208064 2183
207994 207989 673
207994 207997 376
207994 207998 2363
208079 207998 763
208079 207999 2105
208079 208069 1978
208079 208080 801
208080 208070 1977
208080 208079 801
208080 208083 801
208080 208122 1886
208081 208070 745
208081 208076 2183
208081 208083 1885
208081 208086 1021
208071 208074 278
208071 208076 673
208071 208077 563
208077 208071 563
208077 208076 201
208077 208078 2181
208077 208087 817
207963 207961 763
207963 207962 1054
207963 207969 1086
207963 207970 705
207972 207969 801
207972 207971 741
207972 207989 1541
207989 207972 1541
207989 207988 608
207989 207993 798
207989 207994 673
207997 207994 376
207997 207996 655
207997 207999 469
207999 207997 469
207999 208079 2105
207999 208082 432
208083 208080 801
208083 208081 1885
208083 208084 559
208083 208125 1706
208122 208080 1886
208122 208082 360
208122 208123 428
208086 208081 1021
208086 208088 963
208086 208091 2343
208086 208092 800
208074 208071 278
208074 208075 2034
208078 208075 867
208078 208077 2181
208078 208090 709
208078 208105 2106
208087 208077 817
208087 208088 750
208087 208090 2256
207961 207963 763
207961 207964 1023
207970 207963 705
207970 207968 406
207970 207971 478
207971 207970 478
207971 207972 741
207971 207987 1715
207988 207987 431
207988 207989 608
207988 207990 1434
207993 207989 798
207993 207992 836
207996 207995 969
207996 207997 655
207996 208043 884
208082 207999 432
208082 208043 679
208082 208122 360
208084 208083 559
208084 208085 853
208084 208127 1698
208125 208083 1706
208125 208123 368
208125 208126 417
208123 208122 428
208123 208124 671
208123 208125 368
208088 208086 963
208088 208087 750
208088 208089 2272
208091 208086 2343
208091 208089 833
208091 208093 779
208091 208094 2130
208092 208085 670
208092 208086 800
208092 208093 2599
208075 208074 2034
208075 208078 867
208075 208098 2137
208090 208078 709
208090 208087 2256
208090 208089 841
208090 208106 2018
208105 208078 2106
208105 208098 778
208105 208106 841
208105 208108 1905
207964 207960 827
207964 207961 1023
207964 207967 1228
207964 207968 660
207968 207964 660
207968 207970 406
207968 207985 1304
207987 207971 1715
207987 207986 323
207987 207988 431
207990 207983 665
207990 207988 1434
207990 207991 416
207992 207991 606
207992 207993 836
207995 207996 969
208043 207996 884
208043 208082 679
208043 208124 796
208085 208084 853
208085 208092 670
208085 208130 751
208085 208140 2732
208127 208084 1698
208127 208126 706
208127 208129 833
208127 208133 617
208126 208125 417
208126 208127 706
208126 208128 670
208124 208043 796
208124 208123 671
208124 208128 782
208089 208088 2272
208089 208090 841
208089 208091 833
208089 208109 2002
208093 208091 779
208093 208092 2599
208093 208140 709
208093 208142 2002
208094 208091 2130
208094 208109 867
208094 208142 750
208094 208169 2035
208098 208075 2137
208098 208096 834
208098 208105 778
208098 208107 2035
208106 208090 2018
208106 208105 841
208106 208109 751
208106 208110 2020
208108 208105 1905
208108 208107 750
208108 208110 779
208108 208116 1401
207960 207964 827
207960 207965 1023
207967 207964 1228
207967 207966 197
207967 207982 1297
207967 207985 395
207985 207967 395
207985 207968 1304
207985 207986 351
207986 207983 1541
207986 207985 351
207986 207987 323
207983 207979 605
207983 207986 1541
207983 207990 665
207991 207990 416
207991 207992 606
208130 208085 751
208130 208129 1168
208130 208131 1285
208140 208085 2732
208140 208093 709
208140 208141 759
208140 208143 2027
208129 208127 833
208129 208130 1168
208129 208136 607
208129 208137 761
208133 208127 617
208133 208128 649
208133 208135 1143
208133 208136 848
208128 208124 782
208128 208126 670
208128 208133 649
208109 208089 2002
208109 208094 867
208109 208106 751
208109 208111 2154
208142 208093 2002
208142 208094 750
208142 208143 780
208142 208170 2034
208169 208094 2035
208169 208111 908
208169 208170 750
208169 208176 2136
208096 208098 834
208096 208099 2025
208107 208098 2035
208107 208099 908
208107 208108 750
208107 208112 1338
208110 208106 2020
208110 208108 779
208110 208111 797
208110 208117 2070
208116 208108 1401
208116 208112 1055
208116 208118 744
207965 207954 814
207965 207958 621
207965 207960 1023
207965 207966 686
207966 207958 809
207966 207965 686
207966 207967 197
207982 207967 1297
207982 207979 620
207979 207974 744
207979 207982 620
207979 207983 605
208131 208130 1285
208131 208141 1430
208131 208144 1333
208141 208131 1430
208141 208140 759
208141 208146 2034
208141 208147 901
208143 208140 2027
208143 208142 780
208143 208146 775
208143 208171 2071
208136 208129 607
208136 208133 848
208136 208138 700
208137 208129 761
208137 208138 531
208137 208144 735
208135 208133 1143
208111 208109 2154
208111 208110 797
208111 208169 908
208111 208175 2002
208170 208142 2034
208170 208169 750
208170 208171 867
208170 208173 2240
208176 208169 2136
208176 208173 709
208176 208175 960
208176 208179 1533
208099 208096 2025
208099 208097 797
208099 208104 2038
208099 208107 908
208112 208107 1338
208112 208114 805
208112 208116 1055
208117 208110 2070
208117 208118 901
208117 208175 623
208117 208177 1662
208118 208116 744
208118 208117 901
208118 208119 556
208118 208121 1689
207954 207921 1071
207954 207965 814
207958 207921 914
207958 207965 621
207958 207966 809
207958 207978 883
207974 207973 1445
207974 207977 815
207974 207978 867
207974 207979 744
208144 208131 1333
208144 208137 735
208144 208139 608
208144 208145 745
208146 208141 2034
208146 208143 775
208146 208148 816
208146 208172 2164
208147 208141 901
208147 208148 2002
208147 208157 594
208171 208143 2071
208171 208170 867
208171 208172 715
208138 208136 700
208138 208137 531
208138 208139 807
208138 208151 1080
208175 208111 2002
208175 208117 623
208175 208176 960
208175 208178 1596
208173 208170 2240
208173 208176 709
208179 208176 1533
208179 208178 802
208097 208099 797
208097 208101 750
208097 208103 2146
208104 208099 2038
208104 208103 834
208104 208113 2557
208104 208114 709
208114 208104 709
208114 208112 805
208114 208115 2675
208114 208119 715
208177 208117 1662
208177 208121 834
208177 208178 751
208177 208584 1668
208119 208114 715
208119 208118 556
208119 208120 1782
208121 208118 1689
208121 208177 834
208121 208582 329
207921 207920 2137
207921 207924 1078
207921 207954 1071
207921 207956 750
207921 207958 914
207978 207956 1112
207978 207958 883
207978 207974 867
207973 207956 837
207973 207974 1445
207973 207976 815
207977 207974 815
207977 207976 1562
208139 208138 807
208139 208144 608
208139 208152 1089
208145 208144 745
208145 208157 752
208148 208146 816
208148 208147 2002
208148 208162 956
208148 208182 2164
208172 208146 2164
208172 208171 715
208172 208182 817
208172 208183 2256
208157 208145 752
208157 208147 594
208157 208158 1065
208157 208159 420
208151 208138 1080
208151 208152 790
208178 208175 1596
208178 208177 751
208178 208179 802
208178 208588 1882
208101 208097 750
208101 208102 2043
208103 208097 2146
208103 208102 784
208103 208104 834
208103 208507 2358
208113 208104 2557
208113 208115 773
208113 208507 758
208113 208525 1566
208115 208113 773
208115 208114 2675
208115 208526 657
208115 208527 1812
208584 208177 1668
208584 208583 936
208584 208588 758
208584 208589 444
208120 208119 1782
208120 208526 1129
208120 208582 1009
208582 208120 1009
208582 208121 329
208582 208583 1097
207920 207916 445
207920 207921 2137
207924 207921 1078
207956 207921 750
207956 207955 1010
207956 207973 837
207956 207978 1112
207976 207973 815
207976 207975 563
207976 207977 1562
208152 208139 1089
208152 208151 790
208162 208148 956
208162 208161 368
208182 208148 2164
208182 208172 817
208182 208186 363
208183 208172 2256
208183 208192 684
208158 208157 1065
208158 208161 622
208158 208167 307
208159 208157 420
208159 208160 797
208588 208178 1882
208588 208584 758
208102 208100 364
208102 208101 2043
208102 208103 784
208102 208502 1317
208507 208103 2358
208507 208113 758
208507 208508 797
208507 208511 1342
208525 208113 1566
208525 208511 683
208525 208527 848
208525 208530 681
208526 208115 657
208526 208120 1129
208526 208528 1273
208526 208583 1295
208527 208115 1812
208527 208525 848
208527 208531 665
208527 208538 681
208583 208526 1295
208583 208582 1097
208583 208584 936
208583 208585 449
208589 208584 444
208589 208587 1119
208589 208590 1637
207916 207915 575
207916 207920 445
207916 207922 1031
207955 207922 1145
207955 207944 1513
207955 207956 1010
207975 207944 660
207975 207947 336
207975 207976 563
208161 208158 622
208161 208162 368
208186 208182 363
208186 208185 791
208186 208187 1116
208192 208183 684
208192 208188 697
208192 208193 894
208192 208402 3395
208167 208158 307
208167 214531 679
208160 208159 797
208100 208102 364
208100 208502 1256
208502 208100 1256
208502 208102 1317
208502 208508 1039
208508 208502 1039
208508 208507 797
208511 208507 1342
208511 208525 683
208530 208525 681
208530 208531 864
208528 208526 1273
208528 208538 632
208531 208527 665
208531 208530 864
208531 208532 237
208538 208527 681
208538 208528 632
208538 208539 622
208585 208583 449
208587 208586 1444
208587 208589 1119
208587 208592 554
208590 208589 1637
208590 208592 522
208590 208594 1268
207915 207916 575
207915 207923 1095
207922 207916 1031
207922 207923 774
207922 207943 869
207922 207955 1145
207944 207943 815
207944 207955 1513
207944 207975 660
207947 207975 336
208185 208186 791
208187 208186 1116
208187 208188 684
208187 208400 3095
208188 208187 684
208188 208192 697
208188 208401 3209
208193 208192 894
208193 208403 1389
208402 208192 3395
208402 208401 713
208402 208408 908
214531 208167 679
208532 208531 237
208532 208534 769
208532 208539 602
208539 208532 602
208539 208538 622
208539 208540 1854
208586 208587 1444
208592 208587 554
208592 208590 522
208592 208593 329
208594 208540 1026
208594 208590 1268
208594 208595 1685
208594 208605 755
207923 207915 1095
207923 207922 774
207923 207941 757
207943 207922 869
207943 207942 275
207943 207944 815
208400 208187 3095
208400 208401 793
208401 208188 3209
208401 208400 793
208401 208402 713
208403 208193 1389
208408 208402 908
208534 208532 769
208540 208539 1854
208540 208593 575
208540 208594 1026
208593 208540 575
208593 208592 329
208595 208594 1685
208605 208594 755
207941 207923 757
207941 207942 563
207942 207941 563
207942 207943 275
200
207562
208065
208066
208063
208067
208068
208072
208062
207998
208064
208069
208070
208076
207962
207969
207994
208079
208080
208081
208071
208077
207963
207972
207989
207997
207999
208083
208122
208086
208074
208078
208087
207961
207970
207971
207988
207993
207996
208082
208084
208125
208123
208088
208091
208092
208075
208090
208105
207964
207968
207987
207990
207992
207995
208043
208085
208127
208126
208124
208089
208093
208094
208098
208106
208108
207960
207967
207985
207986
207983
207991
208130
208140
208129
208133
208128
208109
208142
208169
208096
208107
208110
208116
207965
207966
207982
207979
208131
208141
208143
208136
208137
208135
208111
208170
208176
208099
208112
208117
208118
207954
207958
207974
208144
208146
208147
208171
208138
208175
208173
208179
208097
208104
208114
208177
208119
208121
207921
207978
207973
207977
208139
208145
208148
208172
208157
208151
208178
208101
208103
208113
208115
208584
208120
208582
207920
207924
207956
207976
208152
208162
208182
208183
208158
208159
208588
208102
208507
208525
208526
208527
208583
208589
207916
207955
207975
208161
208186
208192
208167
208160
208100
208502
208508
208511
208530
208528
208531
208538
208585
208587
208590
207915
207922
207944
207947
208185
208187
208188
208193
208402
214531
208532
208539
208586
208592
208594
207923
207943
208400
208401
208403
208408
208534
208540
208593
208595
208605
207941
207942
