14
251945 251992 707
251992 251945 707
252391 252395 403
252395 252391 403
252395 252396 708
252082 252083 2044
252083 252082 2044
252083 252089 1398
252089 252083 1398
252089 252118 2005
252118 252089 2005
252396 252395 708
252396 252402 750
252402 252396 750
36
250756
250740
250925
250928
250660
250958
250959
250961
251667
251684
251630
251924
251945
251992
251623
251929
251927
251966
252183
252190
252384
251957
251959
251973
252070
251061
251068
251948
252080
252071
252082
252083
252089
252118
252402
252855
