14
123021 123022 2461
123022 123021 2461
122923 122925 1200
122894 122960 1014
122951 122963 796
122960 122894 1014
122963 122951 796
122967 122998 2537
122998 122967 2537
122925 122923 1200
123639 123642 673
123642 123639 673
123659 123665 1300
123665 123659 1300
39
125666
41871
122841
122847
122849
123033
123063
41876
41914
44906
123050
123037
123077
123015
123001
123003
123022
122923
122894
122951
122960
122963
122967
122998
122925
122938
123048
123482
123483
123802
123639
123642
123658
123659
123665
123738
123732
123775
123750
