18
36580 36493 1234
36588 36584 1022
36584 36588 1022
36493 36580 1234
37540 37543 688
37543 37540 688
36524 36527 1357
36527 36524 1357
37569 37566 1016
37569 37567 1293
37575 37577 1004
37577 37575 1004
37566 37569 1016
37567 37569 1293
38237 38227 475
38228 38227 2289
38227 38228 2289
38227 38237 475
36
36587
36586
36580
36588
36584
36493
37538
37540
37543
36524
36594
36597
36575
36579
36527
36568
36543
36548
36549
36544
36918
37564
37569
37575
37577
37579
37546
37566
36923
37651
37655
37667
37670
38237
38253
38254
