478
58034 58035 588
58034 59625 2089
58034 66604 559
58035 58034 588
59625 58034 2089
59625 59626 800
59625 66611 790
66604 58034 559
66604 66605 1350
66604 66606 614
66604 66611 2025
59626 59625 800
66611 59625 790
66611 66604 2025
66611 66612 475
66605 66604 1350
66606 66604 614
66606 66607 2899
66606 66609 885
66606 66612 2020
66612 66606 2020
66612 66611 475
66612 66614 277
66607 66606 2899
66609 66601 374
66609 66606 885
66614 66612 277
66614 66615 929
66614 66616 698
66601 66600 2973
66601 66603 753
66601 66609 374
66601 66610 2362
66615 66547 8599
66615 66614 929
66616 66610 344
66616 66614 698
66600 66532 520
66600 66601 2973
66600 66602 554
66603 66601 753
66603 66602 2759
66603 66608 698
66603 66613 2356
66610 66601 2362
66610 66613 892
66610 66616 344
66547 66545 790
66547 66548 755
66547 66615 8599
66532 66533 190
66532 66600 520
66602 66580 831
66602 66600 554
66602 66603 2759
66608 66580 2356
66608 66583 929
66608 66603 698
66608 73605 2290
66613 66603 2356
66613 66610 892
66613 73605 790
66545 66542 2744
66545 66544 810
66545 66547 790
66548 66547 755
66548 66549 790
66548 66550 614
66533 66528 1511
66533 66532 190
66580 66577 1012
66580 66582 831
66580 66602 831
66580 66608 2356
66583 66582 1893
66583 66593 558
66583 66608 929
73605 66608 2290
73605 66613 790
66542 66541 1849
66542 66545 2744
66542 66646 4628
66544 66543 1069
66544 66545 810
66544 66546 1397
66549 66548 790
66549 66551 741
66549 66552 812
66550 66548 614
66528 66529 219
66528 66530 1162
66528 66533 1511
66577 66578 3242
66577 66580 1012
66582 66580 831
66582 66583 1893
66582 66592 680
66593 66583 558
66593 66592 1620
66593 73606 1347
66541 66538 1268
66541 66542 1849
66646 66542 4628
66646 66641 2056
66543 66544 1069
66546 66544 1397
66551 66549 741
66551 66617 812
66552 66549 812
66529 66515 1047
66529 66528 219
66530 66526 2234
66530 66528 1162
66530 66531 942
66578 66577 3242
66578 66591 333
66578 66594 818
66592 66582 680
66592 66593 1620
66592 66594 1122
73606 66593 1347
66538 66539 583
66538 66540 1624
66538 66541 1268
66641 66642 16
66641 66646 2056
66617 66551 812
66515 58142 989
66515 66516 1311
66515 66529 1047
66526 66516 1138
66526 66524 1495
66526 66530 2234
66531 66530 942
66591 66578 333
66594 66578 818
66594 66592 1122
66539 66536 1039
66539 66538 583
66539 77400 1735
66540 66538 1624
66642 66641 16
58142 58143 951
58142 66473 1898
58142 66515 989
66516 66515 1311
66516 66526 1138
66524 66525 2002
66524 66526 1495
66524 66527 437
66536 66535 1334
66536 66539 1039
66536 76588 993
77400 66539 1735
58143 58142 951
66473 58142 1898
66473 66472 2672
66473 66474 875
66473 66476 1736
66525 66524 2002
66527 66524 437
66535 66510 1205
66535 66534 893
66535 66536 1334
76588 66509 1140
76588 66536 993
66472 66416 445
66472 66418 592
66472 66473 2672
66474 66464 2373
66474 66473 875
66474 66475 1014
66476 66473 1736
66476 66482 2388
66476 66517 1031
66510 66508 554
66510 66511 581
66510 66535 1205
66534 66507 686
66534 66520 961
66534 66535 893
66509 66491 1741
66509 66508 57
66509 76588 1140
66416 66415 1667
66416 66472 445
66418 66417 476
66418 66440 603
66418 66472 592
66464 66463 1732
66464 66466 882
66464 66474 2373
66475 66474 1014
66475 66478 956
66475 66480 2015
66482 66476 2388
66482 66481 686
66482 66520 1166
66517 66476 1031
66517 66518 711
66517 66519 1018
66508 66509 57
66508 66510 554
66511 66510 581
66507 66505 713
66507 66506 1612
66507 66534 686
66520 66482 1166
66520 66523 967
66520 66534 961
66491 66486 925
66491 66496 633
66491 66504 956
66491 66509 1741
66415 66414 1558
66415 66416 1667
66415 66434 957
66417 66418 476
66440 66418 603
66440 66439 476
66440 66442 846
66440 66512 782
66463 65818 1875
66463 66464 1732
66463 66465 1459
66466 66464 882
66466 66465 892
66466 66467 1114
66478 66475 956
66478 66477 909
66478 66480 1904
66480 66475 2015
66480 66478 1904
66480 66481 1004
66481 66479 1231
66481 66480 1004
66481 66482 686
66481 66483 1004
66518 66517 711
66519 66517 1018
66519 66521 1164
66519 66522 312
66505 66483 452
66505 66489 2106
66505 66507 713
66506 66487 2018
66506 66490 1205
66506 66507 1612
66523 66520 967
66523 66521 1334
66523 66537 678
66486 66485 1190
66486 66490 452
66486 66491 925
66496 66491 633
66496 66492 762
66496 66503 672
66504 66491 956
66414 65775 4075
66414 66407 2347
66414 66415 1558
66434 66415 957
66434 66430 1004
66434 66436 603
66439 66440 476
66442 66440 846
66442 66441 688
66442 66443 793
66442 66513 688
66512 66440 782
65818 65817 1021
65818 65820 688
65818 66463 1875
66465 65819 1015
66465 66463 1459
66465 66466 892
66467 66466 1114
66467 66469 755
66467 66470 2001
66477 66469 755
66477 66478 909
66477 66479 2069
66479 66471 790
66479 66477 2069
66479 66481 1231
66483 66471 1819
66483 66481 1004
66483 66505 452
66521 66519 1164
66521 66522 851
66521 66523 1334
66522 66519 312
66522 66521 851
66489 66470 1345
66489 66471 698
66489 66505 2106
66487 66470 1004
66487 66488 688
66487 66506 2018
66490 66486 452
66490 66488 607
66490 66506 1205
66537 66523 678
66485 65843 1106
66485 66484 667
66485 66486 1190
66492 65843 1624
66492 66493 893
66492 66496 762
66503 66496 672
65775 65773 1015
65775 66411 2694
65775 66414 4075
66407 66404 1336
66407 66410 1523
66407 66414 2347
66430 66431 1710
66430 66434 1004
66430 66435 4268
66436 66434 603
66436 66437 1014
66436 66438 2161
66441 66442 688
66443 66442 793
66443 66444 581
66443 66445 562
66443 66451 847
66513 66442 688
65817 65811 812
65817 65818 1021
65817 65819 1762
65820 65818 688
65819 65817 1762
65819 65826 925
65819 66465 1015
66469 66467 755
66469 66471 2479
66469 66477 755
66470 66467 2001
66470 66468 762
66470 66487 1004
66470 66489 1345
66471 66469 2479
66471 66479 790
66471 66483 1819
66471 66489 698
66488 66487 688
66488 66490 607
65843 65844 1267
65843 66485 1106
65843 66492 1624
66484 65841 2380
66484 66468 1686
66484 66485 667
66493 66492 893
66493 66497 1040
66493 66498 713
65773 65772 1205
65773 65774 1357
65773 65775 1015
66411 65775 2694
66404 66399 1039
66404 66406 1114
66404 66407 1336
66404 66423 645
66410 66397 1438
66410 66407 1523
66410 66412 1445
66431 66430 1710
66431 66432 672
66431 66433 2912
66435 66430 4268
66435 66452 893
66435 66454 333
66437 66436 1014
66438 66436 2161
66438 66451 1667
66438 66453 1170
66444 66443 581
66445 66443 562
66451 66438 1667
66451 66443 847
66451 66456 913
66451 66459 1164
65811 65812 1069
65811 65816 2206
65811 65817 812
65826 65819 925
66468 65841 2562
66468 66470 762
66468 66484 1686
65844 65843 1267
65844 77395 587
65844 77397 1007
65841 65802 1506
65841 66468 2562
65841 66484 2380
66497 66493 1040
66498 66493 713
66498 66499 1205
66498 66500 641
65772 65770 931
65772 65771 1222
65772 65773 1205
65774 65766 3932
65774 65773 1357
65774 65776 1347
66399 66398 2514
66399 66404 1039
66399 66405 957
66406 66402 1484
66406 66404 1114
66406 66421 1725
66423 66404 645
66423 66422 1223
66423 77225 945
66397 66396 3386
66397 66408 1611
66397 66410 1438
66412 66409 2963
66412 66410 1445
66412 66413 686
66432 66431 672
66432 78141 686
66432 78143 2390
66433 66431 2912
66433 66449 559
66433 66454 581
66452 66435 893
66452 66453 189
66452 66457 853
66454 66433 581
66454 66435 333
66454 66455 1186
66453 66438 1170
66453 66452 189
66456 66451 913
66459 66451 1164
66459 66460 729
66459 66461 582
65812 65811 1069
65816 65811 2206
77395 65844 587
77397 65844 1007
65802 65841 1506
66499 66498 1205
66500 66498 641
65770 65772 931
65771 65772 1222
65771 66408 2119
65771 66409 1527
65766 65774 3932
65776 65774 1347
66398 66396 1122
66398 66399 2514
66405 66399 957
66402 66406 1484
66421 66406 1725
66421 66422 1146
66422 66421 1146
66422 66423 1223
77225 66423 945
66396 66397 3386
66396 66398 1122
66408 65771 2119
66408 66397 1611
66408 66409 1447
66409 65771 1527
66409 66408 1447
66409 66412 2963
66413 66412 686
78141 66432 686
78143 66432 2390
66449 66433 559
66457 66452 853
66455 66454 1186
66460 66459 729
66461 66459 582
37
66583
73605
66582
66593
66646
66592
73606
66641
66594
66642
66466
66465
66467
65819
66469
66470
66471
65826
66468
65841
65812
65816
77395
65802
66500
65770
65766
66398
66402
66421
66422
77225
66396
78141
66449
66457
66461
