20
155549 155550 355
155550 155538 511
155550 155549 355
176123 176131 782
176509 176514 1447
176506 176476 848
176514 176509 1447
176520 176522 2483
176522 176520 2483
176131 176123 782
176510 176143 842
176137 176143 1344
176476 176506 848
176143 176137 1344
176143 176510 842
155620 155618 683
155538 155550 511
155592 155600 1124
155600 155592 1124
155618 155620 683
38
155519
155549
155550
155484
155495
176116
176123
176509
176506
176471
176495
176493
176503
176514
176513
176516
176520
176522
176131
176510
176137
176138
176143
155671
155678
156248
156252
155635
155630
155620
155632
155538
155592
155600
155618
175973
177109
177116
