482
17119 17151 1014
17119 17155 2043
17151 17119 1014
17151 17121 708
17151 17152 1055
17151 17153 598
17155 17119 2043
17155 17156 1031
17121 17151 708
17152 17151 1055
17153 17151 598
17153 17154 950
17153 17157 750
17156 17148 1963
17156 17155 1031
17156 17157 788
17154 17153 950
17157 17153 750
17157 17156 788
17157 17158 983
17148 17147 1022
17148 17156 1963
17148 17179 1445
17158 17157 983
17158 17159 788
17158 17176 2457
17147 17146 750
17147 17148 1022
17179 17148 1445
17179 17176 750
17179 17182 847
17159 17158 788
17159 17160 649
17159 17176 2249
17176 17158 2457
17176 17159 2249
17176 17179 750
17146 17147 750
17146 17540 1610
17182 17179 847
17182 17181 1150
17182 17183 1576
17160 17159 649
17160 17180 868
17540 17146 1610
17540 17541 386
17181 17180 903
17181 17182 1150
17181 17183 1608
17183 17181 1608
17183 17182 1576
17183 17564 713
17180 17160 868
17180 17181 903
17180 17184 2003
17541 17540 386
17541 17543 48
17541 34454 487
17564 17183 713
17564 17184 1495
17564 17565 434
17184 17180 2003
17184 17564 1495
17543 17541 48
17543 17542 1028
34454 17541 487
34454 34457 702
34454 34459 321
17565 17562 788
17565 17564 434
17542 17543 1028
17542 17545 1007
17542 17556 2044
34457 34454 702
34457 34455 815
34457 34458 362
34459 34454 321
17562 17561 1530
17562 17565 788
17562 17569 354
17545 17542 1007
17545 17544 796
17545 17546 950
17545 17555 2790
17556 17542 2044
17556 17557 1008
17556 17573 1264
34455 34456 340
34455 34457 815
34458 34457 362
17561 17559 275
17561 17560 275
17561 17562 1530
17569 17562 354
17569 17570 2085
17569 17571 707
17544 17545 796
17544 17552 2710
17546 17545 950
17546 17555 2724
17546 17563 713
17555 17545 2790
17555 17546 2724
17555 17596 475
17557 17556 1008
17557 17558 1161
17557 17559 713
17573 17556 1264
17573 17563 924
17573 17574 1061
34456 34455 340
17559 17557 713
17559 17561 275
17559 17635 3168
17560 17561 275
17570 17569 2085
17570 17572 707
17571 17569 707
17571 17572 2085
17571 17579 750
17552 17544 2710
17552 17547 1635
17552 17554 252
17563 17546 713
17563 17573 924
17563 17599 3392
17596 17554 1356
17596 17555 475
17596 17599 1395
17558 17557 1161
17574 17573 1061
17574 17575 475
17574 17601 2401
17635 17559 3168
17635 17633 2686
17572 17570 707
17572 17571 2085
17572 17580 788
17579 17571 750
17579 17576 868
17579 17580 2216
17547 17548 1398
17547 17550 982
17547 17552 1635
17554 17552 252
17554 17553 750
17554 17596 1356
17599 17563 3392
17599 17596 1395
17599 17601 475
17575 17574 475
17601 17574 2401
17601 17599 475
17601 17633 1066
17633 17601 1066
17633 17634 805
17633 17635 2686
17633 17636 836
17580 17572 788
17580 17579 2216
17580 17582 434
17576 17577 1178
17576 17579 868
17576 17581 1375
17548 17547 1398
17550 17547 982
17550 17553 1635
17553 17550 1635
17553 17554 750
17634 17600 1457
17634 17621 982
17634 17633 805
17636 17629 3495
17636 17633 836
17636 17637 782
17582 17580 434
17582 17581 893
17577 17576 1178
17577 17578 688
17577 17637 2363
17581 17576 1375
17581 17582 893
17581 17583 707
17600 17597 884
17600 17620 1196
17600 17634 1457
17621 17620 1268
17621 17628 2090
17621 17634 982
17629 17630 326
17629 17636 3495
17629 17647 796
17637 17577 2363
17637 17636 782
17637 17639 903
17578 17577 688
17578 17638 527
17578 17640 3183
17583 17581 707
17583 17584 475
17583 17644 3231
17597 17598 1298
17597 17600 884
17597 17602 764
17620 17600 1196
17620 17613 2043
17620 17621 1268
17628 17621 2090
17628 17626 580
17628 17630 470
17630 17628 470
17630 17629 326
17630 34487 1529
17647 17629 796
17647 17645 1061
17647 17694 1336
17639 17637 903
17639 17640 672
17639 17642 788
17638 17578 527
17640 17578 3183
17640 17639 672
17640 17641 611
17584 17583 475
17644 17583 3231
17644 17641 809
17644 17648 580
17598 17597 1298
17598 17604 936
17602 17597 764
17602 17603 788
17602 17605 826
17613 17612 186
17613 17620 2043
17613 17622 1055
17626 17612 632
17626 17627 1444
17626 17628 580
34487 17630 1529
17645 17642 826
17645 17646 1161
17645 17647 1061
17694 17646 764
17694 17647 1336
17694 17695 713
17642 17639 788
17642 17643 1161
17642 17645 826
17641 17640 611
17641 17643 628
17641 17644 809
17648 17644 580
17648 17649 2110
17648 17649 2110
17604 17598 936
17604 17606 832
17603 17602 788
17605 17602 826
17605 17606 1322
17605 17618 868
17612 17613 186
17612 17624 1113
17612 17626 632
17622 17613 1055
17622 17617 354
17622 17623 303
17627 17626 1444
17646 17643 826
17646 17645 1161
17646 17694 764
17695 17694 713
17695 17696 580
17695 17697 826
17643 17641 628
17643 17642 1161
17643 17646 826
17649 17648 2110
17649 17648 2110
17649 17696 903
17606 17604 832
17606 17605 1322
17606 17616 1575
17618 17605 868
17618 17617 604
17618 17619 580
17624 17612 1113
17624 17625 1486
17617 17616 1161
17617 17618 604
17617 17622 354
17623 17622 303
17696 17649 903
17696 17695 580
17696 17703 344
17697 17695 826
17697 17698 2031
17697 17701 1222
17616 17606 1575
17616 17617 1161
17619 17618 580
17625 17624 1486
17703 17696 344
17703 17702 1964
17703 17704 580
17698 17697 2031
17698 17700 893
17698 17701 1139
17701 17697 1222
17701 17698 1139
17701 17702 905
17702 17701 905
17702 17703 1964
17702 17708 847
17704 17651 1689
17704 17703 580
17704 17705 796
17704 17708 1415
17700 17698 893
17700 17699 1495
17708 17702 847
17708 17704 1415
17708 17709 905
17651 17650 3170
17651 17652 847
17651 17704 1689
17705 17704 796
17705 17707 747
17705 17709 1061
17699 17700 1495
17709 17705 1061
17709 17708 905
17709 17710 2879
17650 17210 947
17650 17651 3170
17652 17651 847
17652 17653 688
17652 17706 1074
17707 17653 1689
17707 17705 747
17707 17711 1611
17710 17709 2879
17710 17714 788
17710 17984 826
17210 17211 2614
17210 17650 947
17210 17654 679
17653 17652 688
17653 17654 3220
17653 17655 713
17653 17707 1689
17706 17652 1074
17711 17707 1611
17711 17977 1610
17711 17984 610
17714 17710 788
17714 17715 1504
17714 17992 924
17714 17993 354
17984 17710 826
17984 17711 610
17984 17985 452
17211 17210 2614
17654 17210 679
17654 17653 3220
17654 17797 628
17654 17799 713
17655 17653 713
17655 17799 3220
17655 17977 924
17655 17978 516
17977 17655 924
17977 17711 1610
17977 17812 2556
17977 17813 713
17715 17714 1504
17992 17714 924
17992 17994 868
17992 17996 354
17993 17714 354
17985 17979 1610
17985 17984 452
17985 17986 373
17797 17654 628
17797 17798 1873
17799 17654 713
17799 17655 3220
17799 17800 818
17978 17655 516
17812 17800 628
17812 17813 2689
17812 17977 2556
17813 17812 2689
17813 17977 713
17813 17979 344
17994 17986 707
17994 17992 868
17994 17995 818
17996 17992 354
17979 17813 344
17979 17980 611
17979 17985 1610
17986 17985 373
17986 17990 1848
17986 17994 707
17798 17795 707
17798 17797 1873
17798 17801 598
17800 17799 818
17800 17801 452
17800 17812 628
17995 17994 818
17980 17979 611
17980 17982 1061
17990 17986 1848
17990 17989 950
17990 17991 2237
17795 17796 707
17795 17798 707
17801 17762 818
17801 17798 598
17801 17800 452
17982 17980 1061
17982 17981 1415
17982 17983 836
17989 17983 1384
17989 17987 778
17989 17990 950
17991 17820 2435
17991 17990 2237
17991 17997 1225
17796 17763 1454
17796 17795 707
17762 17757 3754
17762 17801 818
17762 17814 872
17981 17982 1415
17983 17982 836
17983 17987 1415
17983 17989 1384
17987 17983 1415
17987 17988 452
17987 17989 778
17820 17818 982
17820 17821 2549
17820 17991 2435
17997 17821 924
17997 17991 1225
17997 18012 580
17763 17757 373
17763 17796 1454
17757 17762 3754
17757 17763 373
17814 17762 872
17814 17815 707
17814 17816 747
17988 17987 452
17818 17816 1264
17818 17819 1558
17818 17820 982
17821 17819 2592
17821 17820 2549
17821 17997 924
18012 17997 580
17815 17808 1376
17815 17809 1504
17815 17814 707
17816 17814 747
17816 17817 1375
17816 17818 1264
17819 17817 903
17819 17818 1558
17819 17821 2592
17808 17807 588
17808 17809 1900
17808 17815 1376
17809 17808 1900
17809 17815 1504
17809 17817 982
17817 17809 982
17817 17816 1375
17817 17819 903
17807 17808 588
187
17119
17151
17155
17121
17152
17153
17156
17154
17157
17148
17158
17147
17179
17159
17176
17146
17182
17160
17540
17181
17183
17180
17541
17564
17184
17543
34454
17565
17542
34457
34459
17562
17545
17556
34455
34458
17561
17569
17544
17546
17555
17557
17573
34456
17559
17560
17570
17571
17552
17563
17596
17558
17574
17635
17572
17579
17547
17554
17599
17575
17601
17633
17580
17576
17548
17550
17553
17634
17636
17582
17577
17581
17600
17621
17629
17637
17578
17583
17597
17620
17628
17630
17647
17639
17638
17640
17584
17644
17598
17602
17613
17626
34487
17645
17694
17642
17641
17648
17604
17603
17605
17612
17622
17627
17646
17695
17643
17649
17606
17618
17624
17617
17623
17696
17697
17616
17619
17625
17703
17698
17701
17702
17704
17700
17708
17651
17705
17699
17709
17650
17652
17707
17710
17210
17653
17706
17711
17714
17984
17211
17654
17655
17977
17715
17992
17993
17985
17797
17799
17978
17812
17813
17994
17996
17979
17986
17798
17800
17995
17980
17990
17795
17801
17982
17989
17991
17796
17762
17981
17983
17987
17820
17997
17763
17757
17814
17988
17818
17821
18012
17815
17816
17819
17808
17809
17817
17807
