516
14366 14367 1089
14366 33196 738
14366 35091 350
14367 14366 1089
33196 14366 738
33196 33197 1256
33196 33198 1761
35091 14366 350
33197 33196 1256
33198 33182 927
33198 33196 1761
33198 33199 2624
33182 33181 2898
33182 33185 1077
33182 33198 927
33199 33198 2624
33199 33200 746
33199 33204 1322
33199 33205 1742
33181 33178 1322
33181 33182 2898
33181 33184 1351
33181 33185 2813
33185 33181 2813
33185 33182 1077
33185 33204 1272
33200 33199 746
33200 33201 949
33200 33208 889
33204 33185 1272
33204 33187 1160
33204 33199 1322
33204 33206 3492
33205 33199 1742
33205 33210 1978
33205 33211 1629
33178 33176 6100
33178 33180 1229
33178 33181 1322
33178 33183 1531
33184 33181 1351
33184 33186 610
33184 33191 3699
33201 33200 949
33208 33200 889
33208 33209 2008
33208 33210 1777
33187 33186 1220
33187 33204 1160
33187 33207 3433
33206 33204 3492
33206 33207 1257
33206 33211 788
33206 33217 1943
33210 33205 1978
33210 33208 1777
33210 33212 1344
33211 33205 1629
33211 33206 788
33211 33213 511
33176 33175 336
33176 33177 550
33176 33178 6100
33180 33178 1229
33180 34053 147
33180 34054 6869
33180 34055 1080
33183 33178 1531
33183 33189 950
33183 33190 868
33186 33184 610
33186 33187 1220
33186 33188 3634
33191 33184 3699
33191 33375 291
33191 33418 222
33209 33208 2008
33207 33187 3433
33207 33188 1204
33207 33206 1257
33217 33206 1943
33217 33218 1298
33217 33421 1139
33217 33425 2950
33212 33202 557
33212 33210 1344
33212 33214 983
33213 33211 511
33213 33214 1532
33213 33215 1072
33175 33174 1532
33175 33176 336
33177 33176 550
33177 33179 903
33177 33343 2428
34053 33180 147
34054 33180 6869
34055 33180 1080
33189 33179 5117
33189 33183 950
33189 33190 1220
33190 33183 868
33190 33189 1220
33190 33192 336
33188 33186 3634
33188 33207 1204
33188 33418 835
33375 33191 291
33375 33193 774
33418 33188 835
33418 33191 222
33418 33419 1299
33218 33215 871
33218 33217 1298
33218 33220 1085
33218 33221 2015
33421 33217 1139
33421 33420 1085
33421 33424 2641
33421 33426 1453
33425 33217 2950
33425 33431 1007
33202 33203 3952
33202 33203 3952
33202 33212 557
33202 33223 688
33202 33223 688
33214 33212 983
33214 33213 1532
33214 33216 1778
33215 33213 1072
33215 33218 871
33215 33219 1611
33174 33175 1532
33174 33347 94
33179 33177 903
33179 33189 5117
33179 33345 3341
33179 33348 871
33343 33168 1425
33343 33173 503
33343 33177 2428
33343 33344 1531
33192 33190 336
33192 33193 2611
33192 33367 1543
33193 33192 2611
33193 33374 1622
33193 33375 774
33193 33376 876
33419 33418 1299
33419 33420 2003
33419 33424 1077
33220 33218 1085
33220 33219 671
33220 33222 611
33221 33218 2015
33221 33243 950
33420 33419 2003
33420 33421 1085
33424 33419 1077
33424 33421 2641
33424 33427 649
33426 33421 1453
33426 33428 3085
33431 33425 1007
33431 33432 557
33431 33437 2923
33431 33453 1072
33203 33202 3952
33203 33202 3952
33203 103388 2887
33223 33202 688
33223 33202 688
33223 33224 778
33223 33224 778
33223 33238 839
33216 33214 1778
33216 33219 1473
33216 33238 238
33219 33215 1611
33219 33216 1473
33219 33220 671
33347 33173 486
33347 33174 94
33345 33179 3341
33345 33344 536
33345 33346 336
33348 33179 871
33348 33349 3341
33348 33350 418
33348 33369 801
33168 33166 1340
33168 33302 3359
33168 33342 672
33168 33343 1425
33173 33172 1681
33173 33343 503
33173 33347 486
33344 33342 536
33344 33343 1531
33344 33345 536
33367 33192 1543
33367 33366 1322
33367 33374 2214
33374 33193 1622
33374 33367 2214
33374 33373 1777
33374 33377 675
33376 33193 876
33376 33377 1630
33376 33422 536
33222 33220 611
33222 33241 1949
33222 33243 750
33243 33221 950
33243 33222 750
33243 33433 847
33427 33423 445
33427 33424 649
33427 33428 1077
33428 33426 3085
33428 33427 1077
33428 33430 905
33432 33431 557
33437 33431 2923
33437 33436 1222
33437 33440 1344
33453 33431 1072
33453 33444 4127
33453 33466 2184
103388 33203 2887
103388 103387 1114
103388 105573 734
33224 33223 778
33224 33223 778
33224 33225 797
33224 33225 797
33224 103284 1502
33238 33216 238
33238 33223 839
33238 33239 876
33346 33345 336
33346 33349 536
33346 33353 3393
33349 33346 536
33349 33348 3341
33349 33354 871
33350 33348 418
33350 33351 438
33350 33369 528
33350 33370 649
33369 33348 801
33369 33350 528
33369 33364 2358
33166 33165 418
33166 33168 1340
33166 33301 1523
33302 33168 3359
33302 33294 1085
33302 33303 1407
33342 33168 672
33342 33303 3306
33342 33344 536
33172 23782 252
33172 33173 1681
33366 33364 825
33366 33367 1322
33366 33368 139
33373 33368 2723
33373 33372 1395
33373 33374 1777
33373 33379 1207
33377 33374 675
33377 33376 1630
33377 33380 884
33377 33381 876
33422 33376 536
33422 33423 805
33241 33222 1949
33241 33239 610
33241 33244 938
33433 33243 847
33433 33435 603
33423 33422 805
33423 33427 445
33423 33429 611
33430 33428 905
33436 33435 252
33436 33437 1222
33436 33442 1219
33440 33437 1344
33440 33438 418
33440 33444 1077
33444 33440 1077
33444 33443 1344
33444 33447 1444
33444 33453 4127
33466 33453 2184
33466 33461 4399
33466 33469 1156
103387 103386 511
103387 103388 1114
103387 108010 1184
105573 103388 734
105573 105574 704
105573 107956 216
33225 33224 797
33225 33224 797
33225 33226 2171
33225 33226 2171
33225 33227 1444
33225 103285 1762
103284 33224 1502
103284 103292 2604
103284 103375 2813
33239 33238 876
33239 33240 1027
33239 33241 610
33353 33303 1340
33353 33330 1272
33353 33346 3393
33354 33330 3431
33354 33349 871
33354 33355 1853
33354 33356 1282
33351 33350 438
33351 33352 594
33351 33370 230
33370 33350 649
33370 33351 230
33370 33358 1007
33370 33371 893
33364 33365 278
33364 33366 825
33364 33369 2358
33165 33050 1473
33165 33166 418
33165 33167 1622
33301 33166 1523
33301 33294 2368
33294 33293 580
33294 33301 2368
33294 33302 1085
33303 33300 2000
33303 33302 1407
33303 33342 3306
33303 33353 1340
23782 23783 386
23782 33161 1628
23782 33172 252
33368 33366 139
33368 33371 1532
33368 33373 2723
33372 33363 4184
33372 33371 2701
33372 33373 1395
33372 33378 1278
33379 33373 1207
33379 33381 1532
33379 33384 2324
33380 33377 884
33381 33377 876
33381 33379 1532
33381 33382 611
33381 33383 871
33244 33241 938
33244 33245 672
33244 33434 656
33435 33433 603
33435 33436 252
33429 33423 611
33442 33436 1219
33438 33245 1006
33438 33439 1298
33438 33440 418
33443 33253 1253
33443 33439 1407
33443 33444 1344
33443 33448 871
33447 33444 1444
33447 33457 354
33461 33462 1932
33461 33464 445
33461 33466 4399
33469 33466 1156
103386 103387 511
103386 107954 452
108010 103387 1184
105574 105573 704
107956 105573 216
33226 33225 2171
33226 33225 2171
33226 33231 864
33226 33231 864
33226 33232 1279
33227 33225 1444
33227 33249 1436
103285 33225 1762
103285 103286 2041
103285 108033 1124
103292 103284 2604
103292 103291 763
103292 103375 1592
103375 103284 2813
103375 103292 1592
103375 103376 604
33240 33239 1027
33240 33242 809
33330 33325 3660
33330 33353 1272
33330 33354 3431
33330 33387 937
33355 33352 1065
33355 33354 1853
33355 33357 1144
33356 33354 1282
33356 33360 403
33356 33361 711
33352 33351 594
33352 33355 1065
33358 33357 1065
33358 33362 1238
33358 33370 1007
33371 33368 1532
33371 33370 893
33371 33372 2701
33365 33364 278
33050 33049 402
33050 33051 1253
33050 33165 1473
33167 33165 1622
33293 33289 1114
33293 33294 580
33293 33298 628
33300 33298 1278
33300 33303 2000
33300 33310 755
23783 23782 386
23783 33169 89
33161 23782 1628
33161 33141 1419
33161 33162 1932
33161 33163 2645
33363 33361 1138
33363 33372 4184
33363 33395 1150
33378 33372 1278
33378 33385 1208
33378 33405 2365
33384 33379 2324
33382 33381 611
33383 33381 871
33383 33386 511
33383 34056 1335
33383 35090 533
33245 33244 672
33245 33249 1916
33245 33438 1006
33434 33244 656
33439 33250 737
33439 33438 1298
33439 33443 1407
33253 33251 1340
33253 33443 1253
33253 33445 1006
33448 33443 871
33448 33445 1160
33457 33447 354
33462 33461 1932
33464 33461 445
107954 103386 452
33231 33226 864
33231 33226 864
33232 33226 1279
33249 33227 1436
33249 33245 1916
33249 33250 1072
103286 103285 2041
108033 103285 1124
103291 103292 763
103376 103375 604
33242 33240 809
33325 33330 3660
33387 33330 937
33357 33355 1144
33357 33358 1065
33360 33356 403
33361 33356 711
33361 33362 2170
33361 33363 1138
33362 33358 1238
33362 33361 2170
33049 33050 402
33051 33050 1253
33289 33293 1114
33298 33293 628
33298 33300 1278
33310 33300 755
33169 23783 89
33141 33161 1419
33162 33161 1932
33163 33161 2645
33395 33363 1150
33385 33378 1208
33385 33405 2428
33405 33378 2365
33405 33385 2428
33386 33383 511
34056 33383 1335
35090 33383 533
33250 33249 1072
33250 33439 737
33251 33253 1340
33445 33253 1006
33445 33448 1160
28
33253
33457
33464
107954
33231
33232
33249
103286
108033
103291
33325
33387
33357
33049
33051
33289
33298
33310
33169
33141
33162
33163
33395
33385
33405
33250
33251
33445
