18
220206 220207 734
220207 220206 734
220207 220208 796
220193 220203 796
220208 220207 796
220203 220193 796
221859 221865 1162
221872 221892 1343
221892 221872 1343
221863 221864 633
221864 221863 633
221865 221859 1162
221854 221851 1283
221854 221852 881
221851 221854 1283
221852 221854 881
221479 221480 1496
221480 221479 1496
36
221088
220040
220050
220141
220158
220165
220206
220207
220193
220208
220203
220215
220217
217257
224150
220497
220498
221859
221869
221892
221863
221864
221865
221854
221904
221909
221902
221851
221852
220019
219998
219999
219995
221480
221516
221483
