492
7252 7253 1176
7252 7287 160
7252 10023 534
7253 7252 1176
7253 7289 520
7253 10019 172
7287 7252 160
7287 10034 6652
10023 7252 534
10023 10022 511
10023 34035 565
7289 7253 520
7289 7290 377
7289 10021 632
10019 7253 172
10019 10029 2445
10034 7287 6652
10034 10030 686
10034 10035 323
10022 10023 511
10022 10043 482
34035 10020 1638
34035 10023 565
34035 35429 1100
7290 7289 377
7290 10017 544
7290 10018 800
10021 7289 632
10029 10019 2445
10029 10028 916
10029 10030 3784
10030 10029 3784
10030 10032 158
10030 10034 686
10035 10034 323
10035 10036 1616
10043 10022 482
10043 10041 958
10020 10016 758
10020 34033 112
10020 34034 235
10020 34035 1638
35429 34035 1100
10017 7290 544
10017 9990 2051
10017 10014 1140
10018 7290 800
10018 10015 1325
10018 10028 2199
10028 10018 2199
10028 10027 2768
10028 10029 916
10032 10030 158
10032 10031 694
10032 10033 1366
10036 10035 1616
10036 10039 699
10036 26105 1106
10041 10042 722
10041 10043 958
10041 10044 1155
10041 10045 926
10016 10012 1388
10016 10014 1634
10016 10020 758
34033 10020 112
34034 10020 235
34034 232814 1621
9990 9989 354
9990 10015 1113
9990 10017 2051
10014 10011 1061
10014 10016 1634
10014 10017 1140
10015 9990 1113
10015 9991 1264
10015 10018 1325
10015 10026 1250
10027 10026 3431
10027 10028 2768
10027 10031 1063
10031 10010 162
10031 10027 1063
10031 10032 694
10033 7352 672
10033 10032 1366
10039 10036 699
10039 10040 906
10039 10708 1389
26105 10036 1106
26105 26106 145
10042 10041 722
10042 232827 333
10044 7349 1529
10044 10041 1155
10044 10046 593
10045 10041 926
10012 10011 639
10012 10013 1003
10012 10016 1388
232814 34034 1621
232814 232813 1558
9989 9988 1236
9989 9990 354
9989 9991 1974
10011 9987 1498
10011 10012 639
10011 10014 1061
9991 9989 1974
9991 10009 1204
9991 10015 1264
10026 10009 1017
10026 10015 1250
10026 10027 3431
10010 7352 1425
10010 10005 1946
10010 10031 162
7352 7351 899
7352 10010 1425
7352 10033 672
10040 10038 1021
10040 10039 906
10708 10039 1389
10708 10054 991
10708 10706 721
10708 10707 1540
26106 26105 145
232827 10042 333
232827 232824 1356
232827 232828 1452
7349 7350 463
7349 10044 1529
7349 10051 1401
10046 10024 737
10046 10044 593
10046 10047 952
10046 10048 2574
10013 10012 1003
10013 232811 1700
232813 232812 275
232813 232814 1558
232813 232815 846
9988 9984 1500
9988 9986 895
9988 9989 1236
9987 9983 975
9987 9986 986
9987 10011 1498
10009 9991 1204
10009 10007 1309
10009 10026 1017
10005 10003 1457
10005 10004 923
10005 10010 1946
7351 7352 899
7351 10000 2478
7351 10253 849
10038 10037 978
10038 10040 1021
10038 10048 1626
10054 10037 3426
10054 10056 754
10054 10708 991
10054 10714 1503
10706 10705 1576
10706 10708 721
10706 10712 842
10707 10708 1540
232824 232821 1375
232824 232823 1675
232824 232825 937
232824 232827 1356
232828 232827 1452
7350 7349 463
10051 7349 1401
10024 10025 1047
10024 10046 737
10024 34292 1562
10047 10046 952
10047 10049 1399
10047 10050 754
10048 10038 1626
10048 10046 2574
10048 10053 1096
10048 34186 414
232811 10013 1700
232811 232624 275
232811 232790 1030
232812 232790 1262
232812 232791 782
232812 232813 275
232815 232813 846
232815 232820 1941
9984 9979 1149
9984 9985 1880
9984 9988 1500
9986 9983 1046
9986 9987 986
9986 9988 895
9983 9981 1492
9983 9986 1046
9983 9987 975
10007 10006 745
10007 10008 301
10007 10009 1309
10003 10001 735
10003 10004 1077
10003 10005 1457
10004 10002 698
10004 10003 1077
10004 10005 923
10000 7351 2478
10000 9429 729
10000 9999 1059
10253 7351 849
10253 9429 2369
10253 10290 1835
10037 10038 978
10037 10052 802
10037 10054 3426
10056 10052 3362
10056 10054 754
10056 10716 1547
10056 10740 802
10714 10054 1503
10714 10713 179
10714 10716 679
10705 10706 1576
10712 10706 842
10712 10710 705
10712 10711 1387
10712 10713 682
232821 232818 506
232821 232822 1294
232821 232824 1375
232823 232824 1675
232825 232820 1889
232825 232824 937
232825 232831 1006
10025 10024 1047
34292 10024 1562
10049 10047 1399
10049 10052 3450
10049 10059 744
10050 10047 754
10053 10048 1096
34186 10048 414
232624 232625 1060
232624 232779 3227
232624 232811 275
232790 232780 3112
232790 232811 1030
232790 232812 1262
232791 232789 2446
232791 232801 587
232791 232812 782
232820 232815 1941
232820 232825 1889
232820 232826 597
9979 9978 2264
9979 9980 1989
9979 9984 1149
9985 9984 1880
9981 9982 1465
9981 9983 1492
9981 232623 587
10006 9980 886
10006 9994 1673
10006 10007 745
10008 9995 1670
10008 9996 1966
10008 10007 301
10001 9996 945
10001 10002 883
10001 10003 735
10002 9992 922
10002 10001 883
10002 10004 698
9429 9430 839
9429 10000 729
9429 10253 2369
9999 9992 845
9999 9997 922
9999 10000 1059
10290 10253 1835
10290 10704 2123
10052 10037 802
10052 10049 3450
10052 10055 346
10052 10056 3362
10716 10056 1547
10716 10714 679
10716 10719 1616
10716 10722 762
10740 10056 802
10740 10722 1500
10740 10741 717
10740 34029 1993
10713 10712 682
10713 10714 179
10713 10715 1691
10710 10709 1359
10710 10712 705
10710 10717 774
10711 10712 1387
232818 232819 597
232818 232821 506
232822 232821 1294
232831 232825 1006
232831 232830 893
232831 232832 610
10059 10049 744
232625 232623 1707
232625 232624 1060
232625 234512 1107
232779 232624 3227
232779 232778 238
232779 232780 1090
232780 232779 1090
232780 232789 1258
232780 232790 3112
232789 232780 1258
232789 232786 2778
232789 232791 2446
232801 232791 587
232801 232802 1576
232826 232803 782
232826 232820 597
232826 232829 252
9978 9979 2264
9978 9980 1428
9978 9994 937
9980 9978 1428
9980 9979 1989
9980 10006 886
9982 9976 2171
9982 9981 1465
9982 35332 406
232623 9981 587
232623 227753 2414
232623 232625 1707
9994 9978 937
9994 9995 1012
9994 10006 1673
9995 9994 1012
9995 9996 976
9995 10008 1670
9996 9995 976
9996 10001 945
9996 10008 1966
9992 9993 2472
9992 9999 845
9992 10002 922
9430 9429 839
9997 9972 794
9997 9998 1538
9997 9999 922
10704 8868 1711
10704 10290 2123
10055 10052 346
10719 10715 762
10719 10716 1616
10719 10718 1108
10719 10721 659
10722 10716 762
10722 10740 1500
10722 10745 793
10741 10740 717
10741 10744 728
10741 10745 1510
10741 34028 2013
34029 10740 1993
10715 10713 1691
10715 10717 599
10715 10719 762
10709 10710 1359
10717 8868 436
10717 10710 774
10717 10715 599
232819 232818 597
232830 232829 344
232830 232831 893
232830 232835 838
232832 232831 610
232832 232838 2622
232832 232839 597
234512 232625 1107
232778 232774 667
232778 232776 1931
232778 232779 238
232786 232770 2350
232786 232784 556
232786 232789 2778
232802 232801 1576
232803 232787 4915
232803 232806 1445
232803 232826 782
232803 232829 796
232829 232803 796
232829 232826 252
232829 232830 344
9976 9957 2740
9976 9975 1532
9976 9982 2171
35332 9982 406
227753 227754 1017
227753 232623 2414
227753 232776 2685
9993 9992 2472
9972 9970 1670
9972 9971 781
9972 9997 794
9998 9997 1538
8868 8867 1325
8868 10704 1711
8868 10717 436
8868 10718 1740
10718 8868 1740
10718 10719 1108
10718 10720 4333
10721 10719 659
10721 10723 977
10721 10724 983
10721 10725 852
10745 10722 793
10745 10725 1637
10745 10741 1510
10745 10747 717
10744 10741 728
10744 10746 1177
10744 10747 1515
10744 10748 734
34028 10741 2013
232835 232830 838
232835 232834 846
232838 232832 2622
232839 232832 597
232839 232836 587
232774 232771 782
232774 232775 1931
232774 232778 667
232776 227753 2685
232776 232777 459
232776 232778 1931
232770 232769 667
232770 232772 189
232770 232786 2350
232784 232783 373
232784 232785 671
232784 232786 556
232787 232788 103
232787 232803 4915
232806 232803 1445
232806 232807 774
9957 9952 994
9957 9958 1454
9957 9976 2740
9975 9973 301
9975 9976 1532
227754 227753 1017
9970 9972 1670
9971 9972 781
8867 8868 1325
10720 10718 4333
10723 10721 977
10724 10721 983
10725 10721 852
10725 10745 1637
10747 10744 1515
10747 10745 717
10746 10744 1177
10748 10744 734
232834 232835 846
232834 232836 1483
232836 232834 1483
232836 232839 587
232771 232772 811
232771 232774 782
232775 232774 1931
232777 232776 459
232769 232770 667
232772 232770 189
232772 232771 811
232783 232784 373
232785 232784 671
232785 232788 1789
232788 232785 1789
232788 232787 103
232807 232806 774
9952 9957 994
9958 9957 1454
9973 9975 301
20
9975
9970
9971
8867
10720
10725
10747
10748
232834
232836
232771
232769
232772
232783
232785
232788
232807
9952
9958
9973
