26
136014 136018 2348
136018 136014 2348
137012 137013 1663
137013 136992 336
137013 137012 1663
136992 137013 336
137040 137038 840
137040 137051 1167
136973 136975 504
136972 137051 1362
137051 136972 1362
137051 137040 1167
137038 137040 840
136975 136973 504
136975 137097 336
137097 136975 336
137097 137096 848
137096 137097 848
137096 137101 672
137100 137103 877
137101 137096 672
137103 137100 877
137103 137110 708
137110 137103 708
137126 137216 1889
137216 137126 1889
39
136009
136014
136018
136023
136022
136032
136053
136744
137432
137428
137012
137013
136992
136996
136998
136907
136905
136958
136997
137040
136973
136972
137051
137038
136975
137097
137096
137100
137101
137103
137110
137114
137126
137216
137015
137026
137028
137007
137043
