22
136917 136920 1225
136920 136917 1225
133572 133573 1102
133573 133572 1102
133916 133756 1055
133756 133916 1055
133766 133930 2102
133767 133930 884
133930 133766 2102
133930 133767 884
133972 133971 1387
133971 133972 1387
133971 133978 1457
133978 133971 1457
133991 134019 551
134019 133991 551
137147 137150 1161
137150 137147 1161
137242 137244 1139
137244 137242 1139
137248 137250 781
137250 137248 781
37
133565
133568
133559
136917
136919
136920
136923
136887
133572
133573
133584
133587
133432
133433
133579
133592
133916
133766
133767
133930
133955
133972
133971
133978
133991
137147
137150
137237
137242
137244
137248
137249
137250
137330
137270
137354
137358
