620
47578 47832 2044
47578 47835 906
47832 47578 2044
47832 47831 871
47832 47833 709
47832 47834 3404
47835 47578 906
47835 47833 1979
47835 47836 683
47835 47837 1742
47831 47832 871
47833 47832 709
47833 47835 1979
47833 47840 790
47833 47843 3140
47834 47832 3404
47836 47835 683
47836 47838 2216
47836 47839 871
47836 47840 2063
47837 47580 475
47837 47614 558
47837 47835 1742
47840 47833 790
47840 47836 2063
47840 47841 871
47840 47844 2880
47843 47833 3140
47843 47844 926
47838 47614 517
47838 47616 871
47838 47836 2216
47839 47616 2216
47839 47836 871
47839 47841 2063
47839 47842 790
47580 47614 168
47580 47837 475
47614 47580 168
47614 47613 2893
47614 47837 558
47614 47838 517
47841 47839 2063
47841 47840 871
47841 47845 709
47841 47846 2666
47844 47840 2880
47844 47843 926
47844 47846 842
47844 47874 1014
47616 47615 2751
47616 47620 709
47616 47838 871
47616 47839 2216
47842 47620 2192
47842 47839 790
47842 47845 2085
47842 47890 871
47613 47612 790
47613 47614 2893
47613 47615 202
47845 47841 709
47845 47842 2085
47845 47847 2454
47845 47848 953
47846 47841 2666
47846 47844 842
47846 47847 674
47874 47844 1014
47874 47875 1017
47615 47610 951
47615 47613 202
47615 47616 2751
47615 47618 1035
47620 47616 709
47620 47618 3271
47620 47622 871
47620 47842 2192
47890 47842 871
47890 47848 2063
47890 47891 848
47890 47893 871
47612 47613 790
47847 47845 2454
47847 47846 674
47847 47880 520
47848 47845 953
47848 47881 2322
47848 47890 2063
47848 47895 790
47875 47874 1017
47875 47877 1742
47875 47878 933
47610 47615 951
47610 47617 766
47618 47615 1035
47618 47617 562
47618 47619 871
47618 47620 3271
47622 47620 871
47622 47621 1956
47622 47891 1357
47891 47622 1357
47891 47890 848
47891 47892 766
47893 47890 871
47893 47892 924
47893 47895 2085
47893 47896 828
47880 47847 520
47880 47878 1204
47880 47881 497
47881 47848 2322
47881 47880 497
47881 47911 313
47895 47848 790
47895 47893 2085
47895 47897 906
47895 47898 2192
47877 47875 1742
47877 47876 709
47877 47879 1035
47878 47875 933
47878 47879 1827
47878 47880 1204
47617 47610 766
47617 47618 562
47617 47619 828
47617 47628 2085
47619 47617 828
47619 47618 871
47619 47629 688
47619 47638 796
47619 47639 1552
47619 47641 1800
47621 47622 1956
47621 47638 951
47621 47640 1742
47892 47891 766
47892 47893 924
47892 47894 1905
47896 47893 828
47896 47897 2063
47896 47901 1144
47911 47881 313
47911 47882 3188
47911 47898 537
47897 47895 906
47897 47896 2063
47897 47899 953
47897 47900 2111
47898 47895 2192
47898 47911 537
47898 47912 276
47876 47853 688
47876 47877 709
47879 47877 1035
47879 47878 1827
47879 47882 709
47628 47617 2085
47628 47623 1108
47628 47626 766
47629 47619 688
47629 47626 1612
47629 47636 1388
47638 47619 796
47638 47621 951
47638 47640 1419
47639 47619 1552
47639 47640 951
47639 47642 1339
47641 47619 1800
47641 47636 713
47641 47637 720
47640 47621 1742
47640 47638 1419
47640 47639 951
47640 47643 1432
47894 47892 1905
47894 47901 1140
47894 47902 2643
47901 47894 1140
47901 47896 1144
47901 47899 2006
47901 47905 766
47882 47879 709
47882 47883 1004
47882 47884 906
47882 47911 3188
47899 47897 953
47899 47901 2006
47899 47903 871
47899 47904 2192
47900 47897 2111
47900 47912 517
47900 47913 320
47912 47884 3311
47912 47898 276
47912 47900 517
47853 47854 1890
47853 47876 688
47623 47611 611
47623 47628 1108
47623 47630 867
47626 47625 951
47626 47628 766
47626 47629 1612
47636 47627 1375
47636 47629 1388
47636 47641 713
47642 47639 1339
47642 47643 475
47642 47751 600
47637 47633 2271
47637 47641 720
47637 47745 1331
47637 47746 724
47643 47640 1432
47643 47642 475
47643 47750 2045
47902 47894 2643
47902 48050 789
47902 48052 1055
47905 47901 766
47905 47903 2085
47905 47906 828
47883 47867 683
47883 47882 1004
47883 47887 1678
47884 47882 906
47884 47912 3311
47903 47899 871
47903 47905 2085
47903 47907 790
47903 47908 2216
47904 47899 2192
47904 47913 744
47904 47925 355
47913 47887 4338
47913 47900 320
47913 47904 744
47854 47853 1890
47611 47623 611
47630 47623 867
47630 47624 1157
47630 47625 91
47625 47626 951
47625 47627 818
47625 47630 91
47627 47625 818
47627 47633 752
47627 47636 1375
47751 47642 600
47751 47749 1064
47751 47752 2104
47633 47627 752
47633 47631 1612
47633 47635 709
47633 47637 2271
47745 47635 1140
47745 47637 1331
47745 47728 1979
47745 47746 1162
47746 47637 724
47746 47745 1162
47746 47747 211
47746 47749 2258
47750 47643 2045
47750 47752 709
47750 48048 2889
48050 47902 789
48050 48048 674
48052 47902 1055
48052 47906 953
48052 47910 2111
48052 48051 953
47906 47905 828
47906 47907 1979
47906 48052 953
47867 47883 683
47887 47883 1678
47887 47913 4338
47887 47914 323
47907 47903 790
47907 47906 1979
47907 47909 2192
47907 47910 906
47908 47903 2216
47908 47909 871
47908 47925 436
47925 47904 355
47925 47908 436
47925 47922 4667
47624 47608 139
47624 47630 1157
47624 47631 276
47749 47746 2258
47749 47751 1064
47749 47755 1144
47749 47756 1300
47752 47750 709
47752 47751 2104
47752 47756 879
47752 48049 2005
47631 47608 279
47631 47624 276
47631 47632 953
47631 47633 1612
47635 47632 1124
47635 47633 709
47635 47745 1140
47728 47634 790
47728 47730 926
47728 47745 1979
47747 47730 2840
47747 47746 211
47747 47753 524
48048 47750 2889
48048 48049 1032
48048 48050 674
48048 48051 1956
47910 47907 906
47910 47926 2063
47910 48052 2111
47910 48053 1064
48051 48048 1956
48051 48052 953
48051 48053 2192
48051 48054 871
47914 47886 388
47914 47887 323
47914 47917 281
47909 47907 2192
47909 47908 871
47909 47926 953
47909 47927 2192
47922 47917 828
47922 47918 1293
47922 47924 871
47922 47925 4667
47608 47605 581
47608 47624 139
47608 47631 279
47755 47749 1144
47755 47754 1624
47755 47766 630
47755 47767 885
47756 47749 1300
47756 47752 879
47756 47757 1067
48049 47752 2005
48049 48048 1032
48049 48055 848
47632 47609 2113
47632 47631 953
47632 47634 276
47632 47635 1124
47634 47632 276
47634 47724 2111
47634 47728 790
47730 47727 2182
47730 47728 926
47730 47738 735
47730 47747 2840
47753 47747 524
47753 47748 435
47753 47754 1299
47926 47909 953
47926 47910 2063
47926 47928 2299
47926 47929 960
48053 47910 1064
48053 47929 2063
48053 48051 2192
48053 48059 766
48054 48051 871
48054 48058 953
48054 48059 2111
47886 47914 388
47886 47915 1000
47917 47914 281
47917 47920 581
47917 47922 828
47927 47909 2192
47927 47924 2481
47927 47928 985
47918 47915 954
47918 47922 1293
47918 47923 990
47924 47922 871
47924 47923 1467
47924 47927 2481
47924 47930 1071
47605 47608 581
47754 47753 1299
47754 47755 1624
47754 47759 1141
47766 47755 630
47766 47765 1161
47766 47767 581
47766 47768 871
47767 47755 885
47767 47757 924
47767 47766 581
47757 47756 1067
47757 47767 924
47757 48055 562
47757 48056 1146
48055 47757 562
48055 48049 848
48055 48056 953
47609 47632 2113
47609 47724 871
47724 47609 871
47724 47634 2111
47727 47729 709
47727 47730 2182
47738 47729 2171
47738 47730 735
47738 47740 871
47738 47748 2322
47748 47738 2322
47748 47753 435
47748 47758 953
47928 47926 2299
47928 47927 985
47928 47930 2457
47928 47933 764
47929 47926 960
47929 47933 2319
47929 48053 2063
47929 48068 813
48059 48053 766
48059 48054 2111
48059 48061 871
48059 48068 2192
48058 48054 953
48058 48060 790
48058 48061 2139
47915 47886 1000
47915 47888 783
47915 47918 954
47915 47919 629
47920 47917 581
47923 47918 990
47923 47924 1467
47923 47932 958
47923 48000 1018
47930 47924 1071
47930 47928 2457
47930 47931 784
47930 47932 1567
47759 47754 1141
47759 47758 818
47759 47763 1260
47759 47765 1447
47765 47759 1447
47765 47763 713
47765 47766 1161
47768 47766 871
47768 47769 1873
47768 47807 2805
48056 47757 1146
48056 48055 953
48056 48093 1774
47729 47727 709
47729 47734 1763
47729 47737 871
47729 47738 2171
47740 47737 2171
47740 47738 871
47740 47743 853
47740 47758 1873
47758 47740 1873
47758 47748 953
47758 47759 818
47758 47760 1081
47933 47928 764
47933 47929 2319
47933 47931 2400
47933 48070 851
48068 47929 813
48068 48059 2192
48068 48069 790
48068 48070 2348
48061 48058 2139
48061 48059 871
48061 48064 790
48061 48069 2216
48060 48058 790
48060 48062 1848
48060 48063 276
48060 48064 2139
47888 47885 811
47888 47915 783
47888 47916 1338
47919 47915 629
47919 47965 1027
47919 48000 2003
47932 47923 958
47932 47930 1567
47932 47934 912
47932 48002 1128
48000 47919 2003
48000 47923 1018
48000 48001 444
47931 47930 784
47931 47933 2400
47931 47934 1771
47931 47935 852
47763 47759 1260
47763 47762 1719
47763 47765 713
47763 47769 871
47769 47763 871
47769 47768 1873
47769 47796 2171
47769 47803 1513
47807 47768 2805
47807 47805 1873
47807 47820 790
47807 48094 2192
48093 48056 1774
48093 48062 1901
48093 48094 906
47734 47729 1763
47734 47735 865
47737 47729 871
47737 47735 1768
47737 47739 888
47737 47740 2171
47743 47739 2209
47743 47740 853
47743 47760 1260
47743 47761 729
47760 47743 1260
47760 47758 1081
47760 47762 827
48070 47933 851
48070 47935 2421
48070 48068 2348
48070 48071 871
48069 48061 2216
48069 48068 790
48069 48071 2322
48069 48072 871
48064 48060 2139
48064 48061 790
48064 48072 2192
48064 48077 466
48062 48060 1848
48062 48093 1901
48062 48097 1742
48062 48423 1141
48063 48060 276
48063 48065 517
47885 47888 811
47885 47889 1436
47916 47888 1338
47916 47889 826
47965 47919 1027
47965 47967 947
47934 47931 1771
47934 47932 912
47934 48017 918
48002 47932 1128
48002 48001 1007
48001 48000 444
48001 48002 1007
47935 47931 852
47935 48017 1817
47935 48070 2421
47935 48073 843
47762 47760 827
47762 47761 924
47762 47763 1719
47762 47796 953
47796 47762 953
47796 47764 475
47796 47769 2171
47796 47797 643
47803 47769 1513
47803 47802 584
47803 50578 952
47805 47802 709
47805 47807 1873
47820 47807 790
48094 47807 2192
48094 48093 906
47735 47734 865
47735 47737 1768
47739 47737 888
47739 47743 2209
47761 47743 729
47761 47762 924
47761 47764 871
48071 48069 2322
48071 48070 871
48071 48073 2454
48072 48064 2192
48072 48069 871
48077 48064 466
48097 48062 1742
48423 48062 1141
48065 48063 517
47889 47885 1436
47889 47916 826
47967 47965 947
48017 47934 918
48017 47935 1817
48073 47935 843
48073 48071 2454
47764 47761 871
47764 47796 475
47764 47797 544
47797 47764 544
47797 47796 643
47802 47803 584
47802 47805 709
50578 47803 952
200
47578
47832
47835
47831
47833
47834
47836
47837
47840
47843
47838
47839
47580
47614
47841
47844
47616
47842
47613
47845
47846
47874
47615
47620
47890
47612
47847
47848
47875
47610
47618
47622
47891
47893
47880
47881
47895
47877
47878
47617
47619
47621
47892
47896
47911
47897
47898
47876
47879
47628
47629
47638
47639
47641
47640
47894
47901
47882
47899
47900
47912
47853
47623
47626
47636
47642
47637
47643
47902
47905
47883
47884
47903
47904
47913
47854
47611
47630
47625
47627
47751
47633
47745
47746
47750
48050
48052
47906
47867
47887
47907
47908
47925
47624
47749
47752
47631
47635
47728
47747
48048
47910
48051
47914
47909
47922
47608
47755
47756
48049
47632
47634
47730
47753
47926
48053
48054
47886
47917
47927
47918
47924
47605
47754
47766
47767
47757
48055
47609
47724
47727
47738
47748
47928
47929
48059
48058
47915
47920
47923
47930
47759
47765
47768
48056
47729
47740
47758
47933
48068
48061
48060
47888
47919
47932
48000
47931
47763
47769
47807
48093
47734
47737
47743
47760
48070
48069
48064
48062
48063
47885
47916
47965
47934
48002
48001
47935
47762
47796
47803
47805
47820
48094
47735
47739
47761
48071
48072
48077
48097
48423
48065
47889
47967
48017
48073
47764
47797
47802
50578
