16
36700 36698 747
36698 36700 747
36733 36737 1558
36737 36733 1558
36737 36741 1483
36741 36737 1483
36785 36790 1742
36790 36785 1742
36580 36493 1234
36588 36584 1022
36584 36588 1022
36493 36580 1234
37540 37543 688
37543 37540 688
36524 36527 1357
36527 36524 1357
39
36700
36710
36698
36814
36733
36735
36737
36741
36772
36785
36774
36777
36786
36790
36861
36865
36587
36586
36580
36588
36584
36493
37538
37540
37543
36524
36594
36597
36575
36579
36527
36568
36543
36548
36549
36544
36918
37564
37569
