16
249688 249689 3310
249689 249688 3310
249673 249690 550
249675 249676 201
249690 249673 550
249676 249675 201
251582 251593 671
251593 251582 671
250657 250656 747
250639 250640 557
250640 250639 557
250640 250656 1257
250656 250640 1257
250656 250657 747
250727 250728 1495
250728 250727 1495
34
250045
250049
250001
250016
241992
250021
250291
250293
249688
249689
249673
249675
249602
249690
249676
250627
251580
251582
251593
251597
251598
251512
251501
261594
250611
250499
250646
250653
250657
250634
250639
250640
250727
250728
