16
150571 150575 2376
150575 150571 2376
150775 150797 831
150797 150775 831
148365 148366 705
148366 148365 705
148373 148387 900
148387 148373 900
148387 148390 753
148389 148390 644
148536 148534 1122
148534 148536 1122
148390 148387 753
148390 148389 644
148390 148391 249
148391 148390 249
38
150571
150575
146978
150774
150775
150797
151242
148322
148330
148343
148365
148366
148373
148387
148389
143930
144154
148543
148513
148530
148536
148534
148535
148583
143935
148406
148524
148570
148580
148391
144040
144101
144034
144098
144099
143213
144118
144036
