16
146499 146321 1000
140292 146343 904
146343 140292 904
146321 146499 1000
151080 151079 757
151079 151080 757
142982 142987 443
142987 142982 443
142987 143152 524
143152 142987 524
147585 147624 2303
147624 147585 2303
147643 147646 2248
147646 147643 2248
148219 148230 902
148230 148219 902
38
148785
148799
148800
148802
148791
146329
146337
146499
140292
146343
146348
146321
146344
151064
151072
151080
151079
151228
151251
151263
151267
142966
142975
142982
142987
143152
143155
147574
147587
147585
147624
147628
147643
148207
148218
148219
148222
148230
