18
210802 210806 231
210806 210802 231
210806 210807 828
210807 210806 828
210926 210935 519
210935 210926 519
211737 211734 782
211734 211737 782
211863 211862 1790
211862 211863 1790
163605 163606 2557
163491 163492 672
163492 163491 672
163616 163610 2358
163606 163605 2557
163606 163610 2557
163610 163606 2557
163610 163616 2358
36
210643
210792
210800
210802
210806
210807
210822
210880
210850
210899
210902
210926
210935
210938
211623
198875
211737
211795
211797
211734
211742
211726
211799
211727
211863
211862
163605
163378
163430
163491
163492
163616
163730
163606
163610
162938
