14
208951 208954 2487
208954 208951 2487
213774 213768 706
213774 213775 861
213774 213786 2097
213775 213774 861
181376 181361 475
181376 181380 3873
181361 181376 475
181380 181376 3873
213768 213774 706
213766 213765 1032
213765 213766 1032
213786 213774 2097
34
206425
206500
208921
208927
208930
208943
208951
208966
208954
209296
214705
209100
209126
209128
213775
179559
181344
181358
181367
181361
181380
181350
181426
181393
181404
181435
181441
179567
179577
201903
213768
213765
213786
194829
