18
164619 164614 796
164680 164679 1293
164679 164680 1293
164614 164619 796
165766 165765 2371
169695 169702 674
169702 169695 674
165765 165766 2371
169379 169377 759
169397 169398 767
169398 169397 767
169376 169377 850
169377 169376 850
169377 169379 759
119040 119041 237
119041 119040 237
119056 119057 877
119057 119056 877
38
161296
164619
164625
164680
164679
161414
164614
165717
165791
165812
165836
165831
165833
165794
165760
165766
169695
169702
169706
165797
169704
165765
169698
169379
169397
169312
169371
169376
169377
118852
119040
119041
119037
118952
118957
118958
118992
119057
