24
163762 163759 600
163828 166443 337
166443 163828 337
166443 163890 1334
166443 166441 842
166441 166443 842
163759 163762 600
163902 163901 842
165285 165245 885
165286 165282 1000
165282 165286 1000
165245 165285 885
163897 163894 1000
163899 163893 1667
163901 163902 842
163894 163893 758
163894 163897 1000
163890 166443 1334
163893 163894 758
163893 163899 1667
166389 166406 421
166406 166389 421
165009 165006 796
165006 165009 796
34
163762
163828
166443
166438
166441
166445
163759
165075
165223
163902
165285
165286
165282
165245
165242
165251
165290
163899
163901
163830
163890
166453
166372
166389
166406
166425
163445
164292
164004
165008
165009
163577
165006
163053
