18
111937 111943 764
111943 111937 764
111943 111946 868
111946 111943 868
112106 112126 681
112280 112279 681
112279 112280 681
112126 112106 681
112448 112440 764
112449 112458 788
112440 112448 764
112440 112450 1827
112450 112440 1827
112458 112449 788
112459 112456 1466
112456 112459 1466
112681 112682 1393
112682 112681 1393
36
107851
111016
111118
111116
111937
111943
111946
111961
111971
112094
112098
112106
112020
112025
112280
112279
112126
112300
112345
112340
112348
112457
112448
112449
112440
112450
112458
112459
112456
112394
112392
112895
112681
112919
112949
112955
