542
164037 164102 876
164102 164037 876
164102 164207 1145
164102 164208 344
164207 164102 1145
164207 164178 1304
164208 164102 344
164208 164218 818
164178 164177 869
164178 164207 1304
164218 164103 906
164218 164208 818
164218 164219 238
164177 164178 869
164177 164390 3875
164103 164104 630
164103 164218 906
164219 164209 2468
164219 164218 238
164219 164228 606
164390 164177 3875
164104 164103 630
164104 164105 790
164104 164175 3400
164209 164210 2556
164209 164219 2468
164209 164227 474
164228 164219 606
164228 164229 1014
164228 164231 2839
164105 164104 790
164105 164106 790
164105 164160 3164
164175 164104 3400
164175 164159 276
164175 164176 537
164210 164209 2556
164210 164211 928
164210 164242 1484
164227 164209 474
164227 164226 558
164227 164239 1948
164229 164228 1014
164229 164230 848
164229 164232 2614
164231 164228 2839
164231 164232 848
164231 164316 879
164106 164105 790
164106 164107 630
164106 164158 2889
164160 164105 3164
164160 164157 202
164160 164159 537
164159 164154 1485
164159 164160 537
164159 164175 276
164176 164155 1624
164176 164175 537
164176 164217 276
164211 164210 928
164211 164212 1276
164211 164221 511
164242 164210 1484
164242 164241 1769
164242 164250 1291
164226 164227 558
164226 164230 404
164226 164319 1346
164239 164227 1948
164239 164240 537
164239 164321 708
164239 164325 279
164230 164226 404
164230 164229 848
164230 164315 1801
164232 164229 2614
164232 164231 848
164232 164315 612
164316 164231 879
164316 164317 2227
164316 164331 739
164107 164100 807
164107 164106 630
164107 164110 2694
164158 164106 2889
164158 164112 202
164158 164157 537
164157 164153 1485
164157 164158 537
164157 164160 202
164154 164122 1953
164154 164153 739
164154 164155 810
164154 164159 1485
164155 164154 810
164155 164156 1813
164155 164168 678
164155 164176 1624
164217 164176 276
164217 164215 2041
164217 164220 474
164212 164168 739
164212 164211 1276
164212 164213 1696
164221 164211 511
164221 164222 1276
164221 164243 1558
164241 164240 739
164241 164242 1769
164250 164242 1291
164250 164251 553
164319 164226 1346
164319 164315 885
164319 164318 476
164240 164239 537
164240 164241 739
164240 164259 2615
164240 164320 976
164321 164239 708
164321 164330 452
164325 164239 279
164325 164318 344
164325 164326 582
164315 164230 1801
164315 164232 612
164315 164319 885
164317 164316 2227
164317 164318 355
164317 164334 537
164331 164316 739
164331 164332 650
164331 164367 825
164100 164092 752
164100 164101 2653
164100 164107 807
164110 164107 2694
164110 164108 202
164110 164112 537
164112 164110 537
164112 164113 1534
164112 164158 202
164153 164113 808
164153 164123 1953
164153 164154 739
164153 164157 1485
164122 164123 739
164122 164124 1255
164122 164154 1953
164122 164156 808
164156 164122 808
164156 164141 1308
164156 164155 1813
164156 164167 739
164168 164155 678
164168 164167 1903
164168 164212 739
164168 164220 1534
164215 164213 2170
164215 164216 452
164215 164217 2041
164220 164168 1534
164220 164213 355
164220 164217 474
164213 164212 1696
164213 164214 337
164213 164215 2170
164213 164220 355
164222 164221 1276
164222 164233 1672
164243 164221 1558
164243 164224 139
164243 164252 1307
164251 164250 553
164251 164252 976
164251 164259 474
164318 164317 355
164318 164319 476
164318 164325 344
164259 164240 2615
164259 164251 474
164259 164329 843
164320 164240 976
164320 164328 1161
164320 172418 1357
164330 164321 452
164330 164326 745
164330 172419 1439
164326 164325 582
164326 164330 745
164334 164317 537
164334 164333 739
164334 164337 1206
164332 164331 650
164332 164333 885
164332 164364 602
164367 164331 825
164367 164371 1732
164092 164093 2556
164092 164096 355
164092 164100 752
164101 164097 276
164101 164100 2653
164101 164108 537
164108 164101 537
164108 164109 1534
164108 164110 202
164113 164109 739
164113 164112 1534
164113 164152 1903
164113 164153 808
164123 164122 739
164123 164126 837
164123 164152 739
164123 164153 1953
164124 164122 1255
164124 164125 627
164124 164141 739
164141 164124 739
164141 164142 747
164141 164156 1308
164167 164156 739
164167 164168 1903
164216 164215 452
164214 164213 337
164233 164222 1672
164224 164225 1030
164224 164243 139
164252 164243 1307
164252 164251 976
164252 164253 592
164329 164259 843
164329 164328 650
164329 172679 334
164328 164320 1161
164328 164327 203
164328 164329 650
172418 164320 1357
172418 164327 997
172418 172417 333
172418 172419 600
172419 164330 1439
172419 164382 475
172419 172418 600
164333 164332 885
164333 164334 739
164333 164335 940
164337 164334 1206
164337 164336 837
164337 164366 1611
164364 164332 602
164364 164368 484
164371 164367 1732
164371 164369 1355
164371 164370 948
164093 164088 202
164093 164092 2556
164093 164097 537
164096 164092 355
164097 164093 537
164097 164098 1439
164097 164101 276
164109 164098 673
164109 164108 1534
164109 164111 1950
164109 164113 739
164152 164111 606
164152 164113 1903
164152 164123 739
164152 172410 885
164126 164123 837
164125 164124 627
164125 164143 612
164142 164127 1210
164142 164141 747
164225 164224 1030
164225 164244 238
164253 164252 592
164253 164350 204
172679 164329 334
172679 172678 404
164327 164328 203
164327 172418 997
172417 172418 333
164382 164366 630
164382 164381 333
164382 172419 475
164335 164333 940
164335 164336 279
164335 164368 697
164336 164335 279
164336 164337 837
164336 164360 1560
164366 164337 1611
164366 164365 581
164366 164382 630
164368 164335 697
164368 164364 484
164368 164369 1055
164369 164361 1032
164369 164368 1055
164369 164371 1355
164370 164362 1957
164370 164371 948
164370 164384 751
164088 164089 1485
164088 164093 202
164098 164089 808
164098 164097 1439
164098 164099 1903
164098 164109 673
164111 164099 810
164111 164109 1950
164111 164114 612
164111 164152 606
172410 164152 885
164143 164117 844
164143 164125 612
164127 164132 841
164127 164142 1210
164244 164225 238
164244 164254 1617
164350 164253 204
164350 164254 404
172678 172679 404
164381 164355 1542
164381 164363 499
164381 164382 333
164360 164336 1560
164360 164359 1032
164360 164361 630
164365 164359 828
164365 164366 581
164365 164380 1632
164361 164360 630
164361 164362 374
164361 164369 1032
164362 164357 1293
164362 164361 374
164362 164370 1957
164384 164357 2510
164384 164370 751
164384 164388 2646
164089 164085 874
164089 164088 1485
164089 164090 1902
164089 164098 808
164099 164090 807
164099 164098 1903
164099 164111 810
164114 164111 612
164114 164115 1453
164114 164117 650
164117 164114 650
164117 164118 279
164117 164143 844
164132 164118 968
164132 164127 841
164254 164244 1617
164254 164255 337
164254 164350 404
164355 164354 374
164355 164356 1070
164355 164381 1542
164363 164381 499
164359 164358 1084
164359 164360 1032
164359 164365 828
164380 164354 829
164380 164365 1632
164380 164383 678
164380 164385 475
164357 164358 836
164357 164362 1293
164357 164384 2510
164357 164388 673
164388 164357 673
164388 164384 2646
164388 164387 1066
164085 164086 891
164085 164089 874
164090 164089 1902
164090 164091 807
164090 164099 807
164115 164114 1453
164115 164116 547
164115 164116 547
164115 164121 1054
164115 164121 1054
164118 164117 279
164118 164119 1342
164118 164132 968
164255 164254 337
164255 172680 279
164354 164353 279
164354 164355 374
164354 164380 829
164356 164351 648
164356 164355 1070
164358 164357 836
164358 164359 1084
164358 164383 475
164383 164358 475
164383 164380 678
164383 164387 337
164385 164380 475
164385 164386 683
164385 164457 796
164387 164383 337
164387 164386 445
164387 164388 1066
164086 164085 891
164086 164091 2137
164091 164086 2137
164091 164090 807
164091 164116 298
164116 164091 298
164116 164115 547
164116 164115 547
164116 172677 422
164116 172677 422
164116 214265 805
164116 214269 1901
164121 164115 1054
164121 164115 1054
164121 164120 417
164121 164120 417
164121 214269 1058
164119 164118 1342
164119 164120 334
164119 164120 334
164119 172411 363
164119 172411 363
164119 212043 1426
172680 164255 279
164353 164354 279
164353 164576 885
164353 164699 545
164351 164342 1067
164351 164352 600
164351 164356 648
164386 164385 683
164386 164387 445
164386 164439 927
164457 164385 796
164457 164456 375
164457 164576 518
164457 164700 2229
172677 164087 860
172677 164087 860
172677 164116 422
172677 164116 422
214265 164116 805
214265 212034 521
214265 214264 4255
214265 214527 774
214269 164116 1901
214269 164121 1058
214269 212043 753
164120 164119 334
164120 164119 334
164120 164121 417
164120 164121 417
172411 164119 363
172411 164119 363
172411 164134 736
172411 164134 736
212043 164119 1426
212043 212044 1595
212043 214269 753
164576 164353 885
164576 164457 518
164576 164703 452
164699 164352 2129
164699 164353 545
164342 164343 1686
164342 164346 662
164342 164351 1067
164352 164338 537
164352 164351 600
164352 164699 2129
164439 164386 927
164439 164437 2782
164439 164438 758
164439 164454 672
164456 164455 392
164456 164457 375
164700 164457 2229
164700 164701 843
164700 164715 357
164700 164716 1336
164087 164082 556
164087 164082 556
164087 172677 860
164087 172677 860
212034 212033 710
212034 212035 2348
212034 214265 521
212034 214268 508
214264 212038 1527
214264 214265 4255
214527 214265 774
214527 214458 408
164134 164130 1045
164134 172411 736
164134 172411 736
164134 214270 749
212044 212043 1595
212044 212045 719
212044 212046 1262
164703 164576 452
164703 164702 893
164703 164707 2860
164343 164342 1686
164343 164347 404
164346 164342 662
164338 164352 537
164437 164439 2782
164438 164439 758
164454 164439 672
164454 164455 767
164455 164454 767
164455 164456 392
164701 164700 843
164701 164702 778
164715 164700 357
164716 164700 1336
164082 164087 556
164082 164087 556
212033 212034 710
212035 212034 2348
214268 212034 508
212038 214264 1527
214458 214527 408
164130 164134 1045
214270 164134 749
212045 212044 719
212046 212044 1262
164702 164701 778
164702 164703 893
164707 164703 2860
164347 164343 404
200
164037
164102
164207
164208
164178
164218
164177
164103
164219
164390
164104
164209
164228
164105
164175
164210
164227
164229
164231
164106
164160
164159
164176
164211
164242
164226
164239
164230
164232
164316
164107
164158
164157
164154
164155
164217
164212
164221
164241
164250
164319
164240
164321
164325
164315
164317
164331
164100
164110
164112
164153
164122
164156
164168
164215
164220
164213
164222
164243
164251
164318
164259
164320
164330
164326
164334
164332
164367
164092
164101
164108
164113
164123
164124
164141
164167
164216
164214
164233
164224
164252
164329
164328
172418
172419
164333
164337
164364
164371
164093
164096
164097
164109
164152
164126
164125
164142
164225
164253
172679
164327
172417
164382
164335
164336
164366
164368
164369
164370
164088
164098
164111
172410
164143
164127
164244
164350
172678
164381
164360
164365
164361
164362
164384
164089
164099
164114
164117
164132
164254
164355
164363
164359
164380
164357
164388
164085
164090
164115
164118
164255
164354
164356
164358
164383
164385
164387
164086
164091
164116
164121
164119
172680
164353
164351
164386
164457
172677
214265
214269
164120
172411
212043
164576
164699
164342
164352
164439
164456
164700
164087
212034
214264
214527
164134
212044
164703
164343
164346
164338
164437
164438
164454
164455
164701
164715
164716
164082
212033
212035
214268
212038
214458
164130
214270
212045
212046
164702
164707
164347
