34
157722 157723 441
157722 157794 1293
157722 157944 488
157723 157722 441
157794 157722 1293
157794 157790 916
157794 157991 334
157944 157722 488
157944 157991 990
157790 157791 358
157790 157794 916
157991 157794 334
157991 157944 990
157791 157755 223
157791 157790 358
157791 157909 697
157755 157751 581
157755 157791 223
157909 157791 697
157751 157755 581
157751 157981 1055
157981 157751 1055
157981 157980 238
157981 157982 791
157980 157981 238
157980 158018 829
157982 157981 791
157982 157983 436
157982 157983 436
158018 157980 829
157983 157976 906
157983 157982 436
157983 157982 436
157976 157983 906
16
157722
157723
157794
157944
157790
157991
157791
157755
157909
157751
157981
157980
157982
158018
157983
157976
