14
167109 167214 789
167214 167109 789
166765 166785 1179
166785 166765 1179
166785 166786 933
166786 166785 933
166786 167010 1095
167010 166786 1095
167030 167021 556
167021 167030 556
180128 180380 1378
180380 180128 1378
180377 180376 827
180376 180377 827
34
152547
162531
162534
167109
167110
167124
167219
167241
167214
166752
166767
166780
166789
166741
166765
166785
166786
167010
167026
167030
167021
167022
167051
167063
167094
152418
152434
162535
152415
152426
152445
180128
180377
180376
