48
10085 10086 2576
10085 10102 1091
10086 10085 2576
10086 10093 1013
10086 10103 936
10102 10085 1091
10102 10103 1972
10102 10104 1590
10093 10086 1013
10093 10091 1015
10093 10095 827
10093 10109 2057
10103 10086 936
10103 10102 1972
10103 10104 1973
10104 10102 1590
10104 10103 1973
10091 10092 2006
10091 10093 1015
10095 10093 827
10095 10094 2289
10095 10096 936
10109 10093 2057
10109 10110 383
10092 10087 1507
10092 10091 2006
10094 10095 2289
10094 10097 617
10094 10098 1619
10096 10095 936
10096 10098 1503
10110 10109 383
10110 10252 3202
10087 10088 1473
10087 10090 1474
10087 10092 1507
10097 10094 617
10098 10094 1619
10098 10096 1503
10098 10099 1322
10252 10110 3202
10088 10087 1473
10088 10089 1216
10090 10087 1474
10090 18437 1000
10099 10098 1322
10089 10088 1216
18437 10090 1000
22
10085
10086
10102
10093
10103
10104
10091
10095
10109
10092
10094
10096
10110
10087
10097
10098
10252
10088
10090
10099
10089
18437
