578
163496 163497 2790
163496 163498 276
163496 163743 590
163497 163496 2790
163497 163501 766
163497 163733 2007
163498 163496 276
163498 163499 517
163498 163745 2224
163743 163496 590
163743 163744 2113
163743 163768 683
163501 163497 766
163501 163500 2016
163501 163735 1906
163501 163738 683
163733 163497 2007
163733 163734 1467
163733 163735 674
163499 163498 517
163499 163756 337
163745 163498 2224
163745 163744 842
163745 163754 758
163745 163766 2334
163744 163743 2113
163744 163745 842
163744 163767 2334
163744 163770 758
163768 163743 683
163768 163769 1334
163768 163862 337
163500 163501 2016
163735 163501 1906
163735 163733 674
163735 163736 1454
163735 163737 766
163738 163501 683
163738 163737 1897
163734 163733 1467
163756 163499 337
163756 163749 683
163756 163754 2334
163754 163745 758
163754 163750 758
163754 163755 2335
163754 163756 2334
163766 163745 2334
163766 163755 842
163766 163767 842
163766 163778 2224
163767 163744 2334
163767 163766 842
163767 163774 505
163767 163780 713
163770 163744 758
163770 163769 667
163770 163771 276
163769 163768 1334
163769 163770 667
163862 163768 337
163862 163860 796
163862 163861 953
163736 163726 445
163736 163735 1454
163737 163730 1454
163737 163735 766
163737 163738 1897
163749 163746 766
163749 163750 2446
163749 163756 683
163750 163749 2446
163750 163751 2223
163750 163754 758
163755 163751 683
163755 163754 2335
163755 163764 2334
163755 163766 842
163778 163764 766
163778 163766 2224
163778 163782 758
163778 163783 1778
163774 163767 505
163774 163773 796
163774 163791 1516
163780 163767 713
163780 163781 780
163771 163770 276
163771 163772 796
163771 163776 1011
163860 163840 782
163860 163859 766
163860 163862 796
163861 163775 1111
163861 163859 889
163861 163862 953
163861 163863 1366
163726 163727 222
163726 163736 445
163730 163618 796
163730 163729 517
163730 163737 1454
163746 163749 766
163751 163748 842
163751 163750 2223
163751 163753 2334
163751 163755 683
163764 163753 683
163764 163755 2334
163764 163778 766
163764 163779 1556
163782 163778 758
163782 163781 736
163782 163789 1000
163782 165224 2109
163783 163778 1778
163783 163779 766
163783 163788 758
163783 165220 782
163773 163772 688
163773 163774 796
163773 163790 1352
163791 163774 1516
163791 163784 778
163791 163790 667
163791 163872 1685
163781 163780 780
163781 163782 736
163772 163771 796
163772 163773 688
163772 163869 1179
163776 163771 1011
163776 163775 778
163776 163868 1685
163776 163869 778
163840 163837 782
163840 163839 766
163840 163860 782
163859 163839 782
163859 163844 1449
163859 163860 766
163859 163861 889
163775 163776 778
163775 163777 674
163775 163861 1111
163775 163865 1685
163863 163844 893
163863 163861 1366
163863 163864 337
163727 163547 253
163727 163726 222
163727 163728 474
163618 163616 445
163618 163730 796
163729 163617 1124
163729 163730 517
163729 172409 672
163748 163751 842
163748 163752 2335
163753 163751 2334
163753 163752 927
163753 163764 683
163753 163765 1669
163779 163764 1556
163779 163765 758
163779 163783 766
163779 165214 2347
163789 163782 1000
163789 163788 778
165224 163782 2109
165224 163785 778
165224 163797 889
165224 163885 1095
163788 163783 758
163788 163789 778
163788 163796 893
165220 163783 782
165220 163796 766
165220 165221 672
163790 163773 1352
163790 163791 667
163790 163869 778
163790 163871 1685
163784 163785 782
163784 163787 1601
163784 163791 778
163784 163873 1685
163872 163791 1685
163872 163871 667
163872 163873 778
163872 163879 1185
163869 163772 1179
163869 163776 778
163869 163790 778
163869 163870 1685
163868 163776 1685
163868 163865 778
163868 163870 778
163868 163875 1095
163837 163819 782
163837 163836 766
163837 163840 782
163839 163836 782
163839 163840 766
163839 163845 1449
163839 163859 782
163844 163843 1283
163844 163845 782
163844 163859 1449
163844 163863 893
163777 163775 674
163865 163775 1685
163865 163864 889
163865 163868 778
163865 163874 1011
163864 163863 337
163864 163865 889
163864 163866 1035
163547 163548 677
163547 163549 612
163547 163727 253
163728 163616 418
163728 163727 474
163728 172402 650
163616 163610 2358
163616 163615 673
163616 163618 445
163616 163728 418
163617 163615 445
163617 163729 1124
172409 163729 672
163752 163580 674
163752 163748 2335
163752 163753 927
163752 163757 1667
163765 163753 1669
163765 163757 842
163765 163779 758
163765 165212 2248
165214 163779 2347
165214 165212 850
165214 165215 1467
165214 165217 758
163785 163784 782
163785 163786 1516
163785 163881 1773
163785 165224 778
163797 163792 139
163797 163798 1516
163797 165224 889
163885 163881 948
163885 163882 1938
163885 163884 617
163885 165224 1095
163796 163788 893
163796 163795 1307
163796 165220 766
165221 165217 782
165221 165220 672
165221 165225 1966
163871 163790 1685
163871 163870 778
163871 163872 667
163871 163878 1432
163787 163784 1601
163873 163784 1685
163873 163872 778
163873 163880 758
163879 163872 1185
163879 163878 818
163879 163880 789
163879 163896 1685
163870 163868 778
163870 163869 1685
163870 163871 778
163870 163876 1095
163875 163868 1095
163875 163874 782
163875 163876 778
163875 163892 850
163819 163816 782
163819 163818 766
163819 163837 782
163836 163818 782
163836 163837 766
163836 163838 1449
163836 163839 782
163845 163838 782
163845 163839 1449
163845 163844 782
163843 163842 778
163843 163844 1283
163843 163867 222
163874 163865 1011
163874 163866 667
163874 163875 782
163874 163888 1264
163866 163864 1035
163866 163867 667
163866 163874 667
163866 163887 1366
163548 163547 677
163548 163622 867
163549 163547 612
172402 163728 650
163610 163603 842
163610 163606 2557
163610 163612 766
163610 163616 2358
163615 163603 1889
163615 163616 673
163615 163617 445
163580 163538 600
163580 163752 674
163580 163758 1669
163757 163752 1667
163757 163758 590
163757 163765 842
163757 165210 2118
165212 163765 2248
165212 165210 683
165212 165213 1467
165212 165214 850
165215 165213 850
165215 165214 1467
165215 165219 766
165215 165222 1140
165217 165214 758
165217 165218 905
165217 165221 782
165217 165227 1283
163786 163785 1516
163881 163785 1773
163881 163880 1168
163881 163885 948
163881 163903 1264
163792 163793 1010
163792 163797 139
163792 163884 805
163792 165284 1556
163798 163797 1516
163882 163883 778
163882 163885 1938
163882 163903 667
163884 163792 805
163884 163883 2389
163884 163885 617
163795 163794 344
163795 163796 1307
163795 165225 581
165225 163795 581
165225 165221 1966
165225 165226 796
165225 165246 1504
163878 163871 1432
163878 163877 818
163878 163879 818
163878 163895 1516
163880 163873 758
163880 163879 789
163880 163881 1168
163880 163898 2106
163896 163879 1685
163896 163895 782
163896 163898 667
163876 163870 1095
163876 163875 778
163876 163877 590
163892 163875 850
163892 163877 713
163892 163891 475
163816 163741 782
163816 163815 766
163816 163819 782
163818 163815 782
163818 163819 766
163818 163834 1449
163818 163836 782
163838 163834 782
163838 163836 1449
163838 163845 782
163842 163831 1800
163842 163841 778
163842 163843 778
163867 163843 222
163867 163866 667
163867 163886 1717
163888 163874 1264
163888 163887 452
163888 163891 475
163887 163866 1366
163887 163886 650
163887 163888 452
163887 163889 1532
163622 163548 867
163622 163621 472
163603 163602 2557
163603 163610 842
163603 163615 1889
163606 163602 842
163606 163605 2557
163606 163610 2557
163612 163610 766
163612 163627 905
163538 163537 667
163538 163580 600
163538 165025 667
163758 163580 1669
163758 163757 590
163758 165211 2007
165210 163757 2118
165210 163759 1483
165210 165211 600
165210 165212 683
165213 163759 766
165213 165075 2454
165213 165212 1467
165213 165215 850
165219 165215 766
165219 165218 672
165219 172161 421
165219 172165 1014
165222 165215 1140
165222 165223 818
165222 172164 677
165218 165217 905
165218 165219 672
165218 165228 506
165227 165217 1283
165227 165226 600
163903 163881 1264
163903 163882 667
163903 163902 758
163793 163792 1010
163793 163794 905
163793 165285 1905
165284 163792 1556
165284 165283 476
165284 165285 885
165284 165286 1780
163883 163882 778
163883 163884 2389
163883 165282 778
163794 163793 905
163794 163795 344
163794 165245 1630
165226 165225 796
165226 165227 600
165226 165242 2371
165226 165251 1154
165246 165225 1504
165246 165245 848
165246 165251 837
165246 165290 2256
163877 163876 590
163877 163878 818
163877 163892 713
163877 163897 1268
163895 163878 1516
163895 163896 782
163895 163897 667
163895 163899 758
163898 163880 2106
163898 163896 667
163898 163901 889
163891 163888 475
163891 163892 475
163891 163894 871
163741 163739 688
163741 163742 1255
163741 163812 766
163741 163816 782
163815 163812 782
163815 163816 766
163815 163817 1449
163815 163818 782
163834 163817 782
163834 163818 1449
163834 163838 782
163831 163830 238
163831 163832 1032
163831 163842 1800
163841 163832 1520
163841 163835 782
163841 163842 778
163886 163830 796
163886 163867 1717
163886 163887 650
163889 163887 1532
163889 163890 2113
163889 163893 905
163889 166453 766
163621 163619 562
163621 163622 472
163621 163740 421
163602 163603 2557
163602 163604 2557
163602 163606 842
163605 163604 842
163605 163606 2557
163605 172395 1336
163627 163612 905
163627 163624 168
163627 172403 1111
163537 163538 667
163537 163540 1521
163537 163579 667
165025 163538 667
165211 163758 2007
165211 163762 1483
165211 165210 600
163759 163762 600
163759 165210 1483
163759 165213 766
165075 165213 2454
172161 165219 421
172165 165219 1014
165223 165222 818
172164 165222 677
165228 165218 506
163902 163901 842
163902 163903 758
165285 163793 1905
165285 165245 885
165285 165284 885
165283 165282 1179
165283 165284 476
165286 165282 1000
165286 165284 1780
165282 163883 778
165282 165283 1179
165282 165286 1000
165245 163794 1630
165245 165246 848
165245 165285 885
165242 165226 2371
165251 165226 1154
165251 165246 837
165290 165246 2256
163897 163877 1268
163897 163894 1000
163897 163895 667
163899 163893 1667
163899 163895 758
163901 163898 889
163901 163902 842
163894 163891 871
163894 163893 758
163894 163897 1000
163739 163740 893
163739 163741 688
163742 163741 1255
163812 163741 766
163812 163815 782
163817 163815 1449
163817 163834 782
163830 163831 238
163830 163886 796
163832 163831 1032
163832 163841 1520
163835 163841 782
163890 163889 2113
163893 163889 905
163893 163894 758
163893 163899 1667
166453 163889 766
163619 163621 562
163740 163621 421
163740 163739 893
163604 163602 2557
163604 163605 842
172395 163605 1336
163624 163627 168
172403 163627 1111
163540 163537 1521
163579 163537 667
163762 163759 600
163762 165211 1483
58
163750
163746
163751
163729
163748
163753
163617
172409
163752
163765
163615
163580
163757
165212
163603
163606
163612
163538
163758
165210
165213
163602
163605
163627
163537
165025
165211
163759
165075
165223
163902
165285
165286
165282
165245
165242
165251
165290
163899
163901
163739
163812
163817
163830
163832
163835
163890
163893
166453
163619
163740
163604
172395
163624
172403
163540
163579
163762
