14
153156 153155 4294
152386 152378 663
152378 152386 663
155734 155732 1734
155735 155729 1035
155780 155770 2283
155980 155978 837
155694 155695 709
155695 155694 709
155978 155980 837
155770 155780 2283
155729 155735 1035
155732 155734 1734
153155 153156 4294
38
153156
152386
152374
152991
152984
152999
153146
152383
152378
152503
152508
152694
155734
155735
155740
155755
155780
155798
155966
155980
155690
155975
155694
155695
155974
155978
155747
155758
155770
153100
153416
155732
153155
153184
153194
153198
153498
153483
