20
214477 202955 843
202955 214477 843
205466 205473 276
205473 205466 276
198952 198954 2257
198975 198954 683
198975 198977 1465
198977 198975 1465
198977 198989 219
198954 198952 2257
198954 198975 683
198989 198977 219
198994 198995 1408
198367 198371 816
198371 198367 816
198995 198994 1408
206115 206116 1278
206116 206115 1278
206116 206128 884
206128 206116 884
38
202455
202913
202917
214477
202955
202899
202907
202928
202932
203083
214951
203090
205294
205299
205309
205310
205470
205349
205350
205466
205473
205472
205485
205486
198952
198977
198954
198989
198994
198367
198371
215112
198935
198995
199053
206074
206115
206128
