22
187864 187882 1397
187880 187888 1387
187882 187864 1397
187888 187880 1387
187883 187865 1385
187865 187883 1385
190764 190765 546
190765 190764 546
187973 190780 724
190780 187973 724
189541 189597 1257
189596 189597 901
189537 189597 1299
189597 189537 1299
189597 189541 1257
189597 189596 901
134719 134726 336
134726 134719 336
134729 134728 806
134878 134794 1453
134794 134878 1453
134728 134729 806
33
23773
23787
187217
187862
187864
187880
187882
187888
187894
187883
187865
190598
190764
190765
187973
190780
187250
187836
189593
189596
189537
187900
187234
134719
134726
134729
134188
134782
134794
134781
134728
134783
134716
