446
235980 236031 6367
235980 236032 2206
236031 235980 6367
236031 236032 5109
236031 255138 850
236032 235980 2206
236032 236031 5109
255138 236031 850
255138 255136 4604
255136 255135 3066
255136 255137 1587
255136 255138 4604
255135 255132 1826
255135 255136 3066
255135 255137 2162
255137 255135 2162
255137 255136 1587
255137 255139 1479
255132 255130 1908
255132 255133 2018
255132 255135 1826
255139 255131 6555
255139 255137 1479
255139 255140 1887
255130 255127 638
255130 255131 1739
255130 255132 1908
255133 255132 2018
255131 255130 1739
255131 255134 1372
255131 255139 6555
255140 255139 1887
255140 255141 3818
255140 255142 7269
255127 255128 1926
255127 255129 1475
255127 255130 638
255134 255131 1372
255141 255140 3818
255142 255140 7269
255142 255170 1605
255142 255171 3430
255128 255068 7174
255128 255127 1926
255128 262334 7322
255129 255127 1475
255170 255142 1605
255170 262350 75
255170 262444 980
255171 255142 3430
255171 255173 3071
255171 262183 2135
255068 255067 2561
255068 255126 2226
255068 255128 7174
262334 255128 7322
262334 262331 1051
262350 255156 1255
262350 255170 75
262350 262351 1084
262444 255170 980
255173 255171 3071
255173 255172 7334
255173 262434 1811
262183 255171 2135
262183 255176 730
262183 262426 2036
255067 255066 3634
255067 255068 2561
255067 262354 809
255126 255068 2226
255126 255098 4621
255126 255152 3715
262331 262334 1051
255156 255153 2875
255156 255158 2237
255156 262350 1255
262351 262350 1084
255172 255173 7334
255172 255174 642
255172 257573 7958
262434 255173 1811
255176 255175 1863
255176 262183 730
255176 262332 747
262426 262183 2036
255066 255067 3634
255066 255070 4861
255066 255095 2313
262354 255059 1716
262354 255067 809
262354 262355 1069
255098 255096 4363
255098 255126 4621
255098 255143 2732
255098 255155 2658
255152 255126 3715
255153 255154 1523
255153 255155 1098
255153 255156 2875
255158 255156 2237
255174 255172 642
255174 262003 5578
257573 255172 7958
255175 255176 1863
255175 257564 4182
255175 262339 4854
255175 262429 1246
262332 255176 747
262332 262333 81
262332 262335 1081
255070 254998 22752
255070 255066 4861
255070 255090 3685
255095 255066 2313
255095 255090 1121
255095 255096 842
255059 255058 2591
255059 262354 1716
255059 262356 572
262355 262354 1069
255096 255095 842
255096 255097 2296
255096 255098 4363
255143 255098 2732
255143 255144 1385
255143 255147 205
255155 255098 2658
255155 255153 1098
255155 262439 977
255154 255153 1523
262003 255174 5578
262003 255362 291
262003 262004 6345
257564 255175 4182
262339 255175 4854
262339 262338 716
262339 262405 1217
262429 255175 1246
262333 262332 81
262333 262427 992
262333 262428 1642
262335 262332 1081
254998 254993 7005
254998 255004 755
254998 255070 22752
255090 255070 3685
255090 255092 4966
255090 255095 1121
255058 255059 2591
255058 255063 1953
255058 262346 2051
262356 255059 572
262356 262357 890
262356 262358 784
255097 255096 2296
255097 255099 5185
255097 255100 2936
255144 255143 1385
255144 255145 1388
255144 255146 945
255147 255143 205
255147 255148 2106
255147 255150 2030
262439 255155 977
255362 255179 583
255362 262003 291
262004 262003 6345
262004 262455 466
262004 262460 294
262338 262339 716
262338 262400 1864
262338 262401 813
262405 262339 1217
262427 262333 992
262428 262333 1642
254993 254990 5644
254993 254998 7005
255004 254997 5576
255004 254998 755
255004 255006 2228
255092 255090 4966
255092 255091 963
255063 255058 1953
255063 255060 1917
262346 255058 2051
262357 262356 890
262358 262356 784
255099 255097 5185
255099 255101 213
255099 255104 1725
255100 255097 2936
255100 255104 2883
255100 255110 1133
255145 255144 1388
255146 255144 945
255148 255147 2106
255148 262440 226
255148 262443 662
255150 255147 2030
255150 255149 1807
255150 262934 1178
255179 255169 5987
255179 255362 583
262455 262004 466
262460 262004 294
262400 262338 1864
262401 262336 1406
262401 262338 813
262401 262404 824
254990 254991 584
254990 254993 5644
254990 255035 5609
254997 254992 12430
254997 254999 1135
254997 255004 5576
255006 255004 2228
255006 255005 744
255006 262936 347
255091 255092 963
255091 255093 882
255091 255094 1143
255060 255042 3884
255060 255062 1812
255060 255063 1917
255060 255064 3582
255101 255094 501
255101 255099 213
255101 255102 891
255104 255099 1725
255104 255100 2883
255104 255112 1325
255104 255113 1145
255110 255100 1133
255110 255111 490
262440 255148 226
262440 262441 288
262440 262442 1053
262443 255148 662
255149 255150 1807
255149 255151 3469
262934 255150 1178
255169 255165 10308
255169 255179 5987
255169 262551 5673
262336 257566 142
262336 262401 1406
262336 262402 1101
262404 262401 824
254991 254966 5335
254991 254990 584
254991 254992 5766
255035 254964 1976
255035 254990 5609
254992 254991 5766
254992 254997 12430
254999 254997 1135
254999 255001 286
255005 255006 744
255005 255009 969
262936 255006 347
255093 255091 882
255093 255094 784
255094 255091 1143
255094 255093 784
255094 255101 501
255042 255043 1551
255042 255060 3884
255062 255055 2304
255062 255060 1812
255062 255061 2258
255064 255056 1775
255064 255060 3582
255064 255088 2491
255064 255089 2405
255102 255101 891
255102 255118 519
255102 262933 195
255112 255104 1325
255112 255106 744
255113 238828 738
255113 255104 1145
255113 255114 157
255111 238828 1815
255111 255110 490
255111 255115 174
262441 262440 288
262442 262440 1053
255151 255149 3469
255151 255159 3774
255151 255159 3774
255165 255163 550
255165 255164 511
255165 255169 10308
262551 255169 5673
262551 255178 2377
262551 262552 1708
257566 257565 923
257566 262336 142
257566 262337 1944
262402 262336 1101
254966 254965 1394
254966 254991 5335
254964 254961 995
254964 254963 1437
254964 255035 1976
255001 254999 286
255001 255000 5788
255009 255005 969
255009 255010 2849
255009 255076 3526
255043 255042 1551
255055 255054 1552
255055 255056 1925
255055 255062 2304
255061 255051 947
255061 255062 2258
255056 255055 1925
255056 255064 1775
255056 255072 753
255088 255064 2491
255088 255072 2534
255089 255064 2405
255118 255102 519
255118 255116 1741
255118 255125 183
262933 255102 195
255106 255105 1532
255106 255112 744
255106 255125 406
238828 238827 1127
238828 255111 1815
238828 255113 738
255114 255108 846
255114 255109 421
255114 255113 157
255115 238903 588
255115 255111 174
255115 262349 582
255159 255151 3774
255159 255151 3774
255159 255160 3400
255163 255160 981
255163 255164 610
255163 255165 550
255164 255163 610
255164 255165 511
255164 255166 3887
255178 255177 1359
255178 262551 2377
255178 262553 2627
262552 262551 1708
257565 257566 923
257565 257568 4052
257565 257575 1095
262337 257566 1944
254965 254962 409
254965 254966 1394
254961 254958 149
254961 254963 1334
254961 254964 995
254961 255031 251
254963 254961 1334
254963 254964 1437
254963 255037 549
255000 255001 5788
255000 255265 370
255000 255266 1987
255010 255009 2849
255010 255011 1116
255010 255012 1783
255076 255009 3526
255076 255075 1409
255076 255080 4831
255054 254986 4328
255054 255040 4932
255054 255055 1552
255051 255050 2014
255051 255052 956
255051 255061 947
255072 255056 753
255072 255087 4553
255072 255088 2534
255116 238822 551
255116 255117 1256
255116 255118 1741
255125 255106 406
255125 255118 183
255125 261615 635
255105 255106 1532
255105 255107 448
255105 255109 216
238827 238828 1127
255108 255107 1014
255108 255114 846
255109 255105 216
255109 255114 421
238903 238859 983
238903 238860 661
238903 238904 395
238903 255115 588
262349 255115 582
255160 255159 3400
255160 255162 3691
255160 255163 981
255166 255121 7049
255166 255164 3887
255166 255167 3057
255177 255167 9830
255177 255178 1359
262553 255178 2627
257568 257565 4052
257575 257565 1095
254962 254958 943
254962 254965 409
254958 254961 149
254958 254962 943
255031 254961 251
255037 254963 549
255265 255000 370
255266 255000 1987
255011 255010 1116
255012 255010 1783
255075 255076 1409
255080 255076 4831
254986 255054 4328
255040 255054 4932
255050 255051 2014
255052 255051 956
255087 255072 4553
238822 255107 359
238822 255116 551
255117 255116 1256
261615 255125 635
255107 238822 359
255107 255105 448
255107 255108 1014
238859 238860 791
238859 238903 983
238860 238859 791
238860 238903 661
238904 238903 395
255162 255160 3691
255121 255166 7049
255167 255166 3057
255167 255177 9830
23
255177
257568
257575
254958
255031
255037
255265
255266
255011
255012
255075
255080
254986
255040
255050
255052
238822
255107
238859
238860
255162
255121
255167
