18
180526 180579 1015
180579 180526 1015
180496 180497 562
180497 180496 562
180038 182249 870
179723 181940 344
181940 179723 344
182249 180038 870
182543 182544 1350
182544 182543 1350
173744 173743 1225
173743 173744 1225
152183 152175 2299
152175 152183 2299
152177 176293 1161
176294 176293 337
176293 152177 1161
176293 176294 337
36
180526
180579
180553
180496
180497
182403
182381
182382
182532
182394
182529
182534
180036
180038
181965
181978
179723
181940
181954
182003
182535
182537
182543
182544
182461
173744
185247
185145
152183
152229
152231
152197
152237
152175
152177
176294
