138
136892 136895 1351
136892 136980 588
136895 136892 1351
136895 136893 959
136895 136896 2444
136895 136987 722
136980 136892 588
136980 136978 1447
136980 136981 756
136980 136987 1336
136893 136894 2444
136893 136895 959
136896 136894 924
136896 136895 2444
136896 136902 2002
136896 136903 757
136987 136895 722
136987 136903 2475
136987 136980 1336
136987 136988 840
136978 136979 672
136978 136980 1447
136981 136979 1445
136981 136980 756
136981 136988 1334
136894 136893 2444
136894 136896 924
136894 136900 2007
136902 136896 2002
136902 136900 1009
136902 136904 2894
136902 137009 756
136903 136896 757
136903 136987 2475
136903 136989 800
136903 137009 1971
136988 136981 1334
136988 136985 756
136988 136987 840
136988 136989 2520
136979 136977 1780
136979 136978 672
136979 136981 1445
136979 136983 924
136900 136894 2007
136900 136901 2900
136900 136902 1009
136904 136901 1093
136904 136902 2894
136904 136907 667
136904 136909 840
137009 136902 756
137009 136903 1971
137009 136909 2890
137009 137010 770
136989 136903 800
136989 136988 2520
136989 136990 776
136989 137010 1938
136985 136983 2783
136985 136988 756
136985 136990 2553
136985 136991 840
136977 136979 1780
136983 136979 924
136983 136985 2783
136901 136900 2900
136901 136904 1093
136901 136906 893
136907 136904 667
136907 136906 1197
136907 136908 445
136909 136904 840
136909 136910 1004
136909 136911 691
136909 137009 2890
137010 136989 1938
137010 137009 770
137010 137016 760
136990 136985 2553
136990 136989 776
136990 137012 1559
136990 137013 527
136991 136985 840
136991 136992 2334
136906 136901 893
136906 136905 667
136906 136907 1197
136908 136905 1258
136908 136907 445
136908 136910 765
136910 136908 765
136910 136909 1004
136910 136912 157
136911 136909 691
137016 137010 760
137016 137012 366
137016 137015 827
137016 137017 2224
137012 136990 1559
137012 137013 1663
137012 137016 366
137013 136990 527
137013 136992 336
137013 137012 1663
137013 137014 254
136992 136991 2334
136992 137013 336
136992 137014 250
136905 136906 667
136905 136908 1258
136912 136910 157
137015 137014 1917
137015 137016 827
137015 137018 1948
137015 137027 677
137017 137016 2224
137017 137023 475
137014 136992 250
137014 137013 254
137014 137015 1917
137018 137015 1948
137018 137023 672
137018 137025 1891
137018 137029 840
137027 137015 677
137027 137029 1955
137023 137017 475
137023 137018 672
137025 137018 1891
137025 137033 840
137029 137018 840
137029 137027 1955
137029 137030 756
137029 137033 1891
137033 137025 840
137033 137029 1891
137030 137029 756
46
136892
136895
136980
136893
136896
136987
136978
136981
136894
136902
136903
136988
136979
136900
136904
137009
136989
136985
136977
136983
136901
136907
136909
137010
136990
136991
136906
136908
136910
136911
137016
137012
137013
136992
136905
136912
137015
137017
137014
137018
137027
137023
137025
137029
137033
137030
