34
157920 157926 518
157926 157920 518
157926 157927 790
157926 157927 790
157927 157926 790
157927 157926 790
157927 157928 678
157928 157927 678
157928 157929 169
157929 157928 169
157929 172115 850
172115 157929 850
172115 158635 843
172115 172116 2138
158635 158628 782
158635 158636 169
158635 172115 843
172116 172115 2138
158628 158627 1055
158628 158629 1118
158628 158635 782
158636 158633 767
158636 158635 169
158636 172767 889
158627 157930 1018
158627 158628 1055
158627 172117 374
158629 158628 1118
158633 158636 767
172767 158636 889
157930 157931 238
157930 158627 1018
172117 158627 374
157931 157930 238
17
157920
157926
157927
157928
157929
172115
158635
172116
158628
158636
158627
158629
158633
172767
157930
172117
157931
