542
195576 195577 756
195576 195583 662
195576 204703 213
195577 195576 756
195577 204672 1248
195577 204704 834
195583 195576 662
195583 204705 1236
204703 195576 213
204703 204664 792
204703 204700 532
204672 195577 1248
204672 204664 773
204672 204668 1685
204672 204673 779
204704 195577 834
204704 204706 804
204704 204720 1169
204704 204722 686
204705 195583 1236
204705 204706 453
204664 204663 1702
204664 204672 773
204664 204695 846
204664 204703 792
204700 204697 335
204700 204703 532
204700 214698 447
204668 204663 864
204668 204667 1702
204668 204671 692
204668 204672 1685
204673 204671 1701
204673 204672 779
204673 204688 857
204706 204704 804
204706 204705 453
204706 204718 707
204720 204688 707
204720 204704 1169
204720 204723 824
204722 204704 686
204722 204723 1203
204722 204724 395
204663 204513 868
204663 204660 1697
204663 204664 1702
204663 204668 864
204695 204513 1593
204695 204537 615
204695 204664 846
204695 204697 467
204697 204542 465
204697 204695 467
204697 204700 335
214698 204700 447
204667 204660 845
204667 204668 1702
204667 204670 523
204671 204668 692
204671 204670 1632
204671 204673 1701
204671 204687 773
204688 204673 857
204688 204687 1828
204688 204691 1500
204688 204720 707
204688 204721 1488
204718 204706 707
204718 204717 278
204718 204726 998
204723 204720 824
204723 204722 1203
204723 204725 623
204724 204722 395
204724 204726 1272
204724 204727 336
204513 204512 1748
204513 204514 597
204513 204663 868
204513 204695 1593
204660 204512 837
204660 204659 556
204660 204663 1697
204660 204667 845
204537 204535 1495
204537 204540 1293
204537 204541 661
204537 204542 301
204537 204695 615
204542 204537 301
204542 204541 524
204542 204697 465
204670 204667 523
204670 204669 683
204670 204671 1632
204687 204671 773
204687 204683 724
204687 204688 1828
204687 204693 1080
204691 204688 1500
204691 204692 1044
204691 204693 591
204721 204688 1488
204717 204711 772
204717 204718 278
204726 204718 998
204726 204724 1272
204726 214521 1373
204725 204723 623
204725 204727 1406
204725 204728 767
204727 204724 336
204727 204725 1406
204727 204737 1150
204512 204513 1748
204512 204660 837
204514 204506 686
204514 204511 1181
204514 204513 597
204514 204540 298
204659 204660 556
204535 204506 1297
204535 204537 1495
204540 204506 842
204540 204514 298
204540 204537 1293
204541 204537 661
204541 204542 524
204541 204696 147
204669 204670 683
204669 204683 937
204669 204684 1212
204683 204669 937
204683 204687 724
204683 204689 451
204693 204687 1080
204693 204690 179
204693 204691 591
204692 204691 1044
204711 204710 644
204711 204717 772
214521 204726 1373
214521 204737 822
214521 204739 145
204728 204725 767
204737 204727 1150
204737 204738 1085
204737 204760 774
204737 214521 822
204506 204496 750
204506 204501 706
204506 204514 686
204506 204535 1297
204506 204540 842
204511 204501 402
204511 204514 1181
204696 204541 147
204684 204669 1212
204684 204678 827
204684 204685 700
204684 204686 1047
204689 204683 451
204689 204686 756
204689 204690 1030
204690 204686 551
204690 204689 1030
204690 204693 179
204690 204694 730
204710 204711 644
204739 204740 722
204739 214521 145
204738 204737 1085
204738 204740 349
204738 204761 607
204738 204762 1631
204760 204737 774
204760 214694 286
204496 204493 1306
204496 204495 664
204496 204506 750
204501 204436 1331
204501 204506 706
204501 204511 402
204678 204684 827
204685 204681 523
204685 204684 700
204686 204684 1047
204686 204689 756
204686 204690 551
204694 204690 730
204740 204738 349
204740 204739 722
204740 204761 681
204761 204738 607
204761 204740 681
204761 204763 363
204762 204738 1631
204762 204763 2122
204762 214768 465
214694 204760 286
204493 204489 337
204493 204496 1306
204495 204496 664
204436 204437 451
204436 204481 972
204436 204501 1331
204681 204680 1301
204681 204685 523
204681 204746 1293
204763 204761 363
204763 204762 2122
204763 204764 447
204763 204769 1163
214768 204762 465
204489 204478 1501
204489 204481 744
204489 204490 941
204489 204493 337
204489 214595 568
204437 204436 451
204481 204436 972
204481 204489 744
204680 204347 915
204680 204681 1301
204680 204682 945
204746 204681 1293
204746 204744 1154
204764 204763 447
204764 204765 361
204769 204763 1163
204769 204770 721
204478 204489 1501
204490 204489 941
214595 204489 568
204347 204333 434
204347 204346 3517
204347 204680 915
204347 204682 602
204682 204347 602
204682 204680 945
204682 204744 1101
204744 204682 1101
204744 204743 1104
204744 204746 1154
204744 204747 630
204765 204734 517
204765 204764 361
204765 204766 445
204765 204767 1699
204770 204769 721
204770 207632 3711
204333 204331 3842
204333 204347 434
204333 214421 277
204346 204332 319
204346 204344 461
204346 204347 3517
204743 204389 859
204743 204744 1104
204743 204745 1160
204747 204744 630
204747 204748 811
204747 204749 771
204734 204733 2295
204734 204765 517
204766 204765 445
204766 204768 255
204767 204765 1699
204767 204864 898
207632 204770 3711
207632 207630 1949
207632 207634 930
204331 204329 290
204331 204330 1493
204331 204332 404
204331 204333 3842
214421 204333 277
204332 204323 1645
204332 204331 404
204332 204346 319
204344 204324 2048
204344 204346 461
204344 204348 1123
204389 204388 452
204389 204741 1425
204389 204743 859
204745 204743 1160
204745 204749 1021
204745 204750 1059
204748 204747 811
204749 204745 1021
204749 204747 771
204749 204751 575
204749 204752 758
204733 204520 930
204733 204734 2295
204768 204729 2057
204768 204766 255
204768 204839 342
204768 204841 3087
204864 204767 898
204864 207709 2716
207630 207629 2133
207630 207632 1949
207630 207633 796
207634 207632 930
207634 207633 1698
207634 207642 784
204329 204331 290
204330 204323 434
204330 204331 1493
204323 204294 2758
204323 204324 623
204323 204330 434
204323 204332 1645
204324 204295 2725
204324 204323 623
204324 204334 925
204324 204344 2048
204348 204344 1123
204348 204345 932
204348 204350 255
204388 204387 554
204388 204389 452
204388 204392 269
204741 204350 1637
204741 204389 1425
204741 204742 446
204750 204393 473
204750 204401 594
204750 204745 1059
204751 204749 575
204752 204749 758
204752 204753 1400
204752 204757 884
204752 204758 679
204520 204719 1056
204520 204729 1621
204520 204733 930
204729 204520 1621
204729 204768 2057
204839 204768 342
204839 204795 846
204839 204800 2054
204839 204840 641
204841 204768 3087
204841 204865 400
207709 204864 2716
207709 212820 2430
207629 207622 1824
207629 207630 2133
207629 207631 867
207633 207630 796
207633 207631 2145
207633 207634 1698
207633 207637 846
207642 207634 784
207642 207637 1619
207642 207643 857
204294 204095 2368
204294 204295 709
204294 204323 2758
204295 204291 2419
204295 204294 709
204295 204298 797
204295 204324 2725
204334 204298 2639
204334 204324 925
204334 204335 623
204334 204345 1765
204345 204334 1765
204345 204341 671
204345 204348 932
204350 204348 255
204350 204349 744
204350 204741 1637
204387 204343 2038
204387 204351 607
204387 204388 554
204392 204386 116
204392 204388 269
204392 204393 329
204742 204741 446
204393 204386 275
204393 204392 329
204393 204750 473
204401 204390 1041
204401 204750 594
204401 204755 328
204753 204752 1400
204753 204754 709
204753 204755 753
204757 204752 884
204757 204754 1357
204758 204752 679
204719 204520 1056
204795 204736 779
204795 204797 2039
204795 204839 846
204800 204797 774
204800 204839 2054
204800 204842 623
204800 204843 556
204840 204839 641
204840 204848 659
204840 204851 683
204865 204841 400
204865 204867 3401
212820 207709 2430
212820 207712 578
207622 207616 2202
207622 207624 779
207622 207629 1824
207631 207624 1806
207631 207629 867
207631 207633 2145
207631 207635 867
207637 207633 846
207637 207635 2038
207637 207640 801
207637 207642 1619
207643 207640 1385
207643 207642 857
207643 207645 428
204095 204082 1797
204095 204291 629
204095 204294 2368
204291 204095 629
204291 204284 1899
204291 204295 2419
204291 204296 885
204298 204295 797
204298 204296 2386
204298 204312 751
204298 204334 2639
204335 204312 2709
204335 204334 623
204335 204341 1661
204335 204342 881
204341 204335 1661
204341 204343 884
204341 204345 671
204341 204349 1581
204349 204341 1581
204349 204350 744
204349 204351 230
204343 204341 884
204343 204342 2051
204343 204379 759
204343 204387 2038
204351 204349 230
204351 204387 607
204386 204379 2673
204386 204390 947
204386 204392 116
204386 204393 275
204390 204381 2580
204390 204386 947
204390 204391 742
204390 204401 1041
204755 204401 328
204755 204402 572
204755 204753 753
204754 204753 709
204754 204757 1357
204736 204731 864
204736 204794 2166
204736 204795 779
204797 204794 846
204797 204795 2039
204797 204799 803
204797 204800 774
204842 204799 683
204842 204800 623
204842 204844 1898
204842 204845 872
204843 204800 556
204843 204845 132
204843 204846 593
204843 204848 1459
204848 204840 659
204848 204843 1459
204848 204852 1361
204851 204840 683
204851 204853 1808
204851 204854 901
204867 204865 3401
204867 207710 2328
204867 214480 1529
207712 207713 2144
207712 212820 578
207616 207615 683
207616 207622 2202
207624 207622 779
207624 207631 1806
207635 207631 867
207635 207637 2038
207640 207637 801
207640 207643 1385
207645 207643 428
204082 204095 1797
204082 204284 679
204284 204082 679
204284 204291 1899
204296 204291 885
204296 204298 2386
204312 204298 751
204312 204335 2709
204342 204335 881
204342 204343 2051
204379 204343 759
204379 204381 810
204379 204386 2673
204381 204379 810
204381 204390 2580
204391 204390 742
204391 204402 1642
204402 204391 1642
204402 204755 572
204731 204736 864
204794 204736 2166
204794 204797 846
204799 204797 803
204799 204842 683
204844 204842 1898
204845 204842 872
204845 204843 132
204845 204846 510
204846 204843 593
204846 204845 510
204846 204852 278
204852 204846 278
204852 204848 1361
204852 204853 773
204853 204851 1808
204853 204852 773
204854 204851 901
207710 204867 2328
214480 204867 1529
207713 207712 2144
207615 207616 683
116
204667
204660
204537
204542
204670
204512
204659
204535
204540
204541
204669
204683
204506
204511
204696
204684
204689
204690
204710
204496
204501
204678
204685
204686
204694
204493
204495
204436
204681
204489
204437
204481
204680
204746
204478
204490
214595
204347
204682
204744
204333
204346
204743
204747
204331
214421
204332
204344
204389
204745
204748
204749
204329
204330
204323
204324
204348
204388
204741
204750
204751
204752
204520
204729
204294
204295
204334
204345
204350
204387
204392
204742
204393
204401
204753
204757
204758
204719
204095
204291
204298
204335
204341
204349
204343
204351
204386
204390
204755
204754
207616
207624
207635
207640
207645
204082
204284
204296
204312
204342
204379
204381
204391
204402
204731
204794
204799
204844
204845
204846
204852
204853
204854
207710
207713
207615
