16
56411 56682 1426
53640 53641 879
53641 53640 879
53641 53642 747
53642 53641 747
53647 53645 222
53645 53647 222
56682 56411 1426
150784 150800 2473
150800 150784 2473
148328 148331 972
148354 148355 1871
148331 148328 972
148331 148355 714
148355 148331 714
148355 148354 1871
37
132086
121208
132186
132189
132127
132129
218006
222633
222621
222629
222625
222631
56411
53615
54009
53627
53640
53642
53647
53645
56682
150574
146976
150562
150573
150782
150784
150800
139779
143685
148328
148331
148355
148358
148372
143892
144152
