56
20093 20094 1629
20093 20097 1114
20093 20102 1072
20094 20093 1629
20097 20093 1114
20097 20095 1254
20097 20098 1151
20097 20101 1145
20102 20093 1072
20102 20101 1205
20102 20253 1306
20102 20258 1007
20095 20096 1007
20095 20097 1254
20098 20097 1151
20101 20097 1145
20101 20102 1205
20253 20102 1306
20253 20254 1608
20253 20255 238
20253 20257 938
20258 20102 1007
20258 20257 1254
20258 20260 1072
20096 20095 1007
20254 20253 1608
20255 20253 238
20255 20256 373
20257 20253 938
20257 20258 1254
20257 20261 1072
20257 20262 473
20260 20258 1072
20260 20261 1254
20256 20255 373
20261 20257 1072
20261 20260 1254
20261 20269 1273
20261 20270 889
20262 20257 473
20269 20261 1273
20269 20274 975
20270 20261 889
20270 20271 708
20274 20269 975
20274 20271 557
20274 20275 1025
20271 20270 708
20271 20274 557
20275 20274 1025
20275 20277 874
20275 20298 847
20277 20275 874
20277 34807 731
20298 20275 847
34807 20277 731
16
20095
20101
20258
20096
20257
20260
20261
20262
20269
20270
20274
20271
20275
20277
20298
34807
