568
161325 161326 445
161325 161327 1701
161325 162990 600
161326 161325 445
161327 161325 1701
161327 161328 1810
161327 162915 517
162990 161325 600
162990 162915 1719
162990 162989 850
161328 161327 1810
161328 161329 2422
161328 162792 2085
161328 162916 476
162915 161327 517
162915 162914 333
162915 162990 1719
162989 162930 1949
162989 162988 600
162989 162990 850
161329 161328 2422
161329 161330 2285
161329 162792 933
162792 161328 2085
162792 161329 933
162792 162766 1467
162792 162962 674
162916 161328 476
162916 162914 1612
162916 162928 445
162914 162915 333
162914 162916 1612
162914 162930 337
162930 162914 337
162930 162929 605
162930 162989 1949
162988 162929 2184
162988 162940 766
162988 162989 600
161330 161329 2285
161330 161331 517
161330 162791 2590
162766 162767 890
162766 162792 1467
162766 162961 673
162766 162968 952
162962 162792 674
162962 162963 253
162962 162965 796
162928 162916 445
162928 162929 2227
162928 162965 581
162929 162928 2227
162929 162930 605
162929 162986 605
162929 162988 2184
162940 162939 537
162940 162941 2055
162940 162986 2505
162940 162987 279
162940 162988 766
161331 161330 517
161331 161332 600
161331 162952 2590
162791 161330 2590
162791 162790 2933
162791 162952 518
162767 162766 890
162767 162768 475
162767 162969 1182
162961 162766 673
162961 162960 677
162961 162967 1380
162968 162766 952
162968 162954 752
162968 162969 747
162963 162962 253
162963 162964 552
162963 162966 650
162965 162928 581
162965 162962 796
162965 162966 476
162986 162929 605
162986 162940 2505
162986 162966 2738
162986 162985 630
162939 162937 276
162939 162940 537
162939 162985 2322
162941 162938 713
162941 162940 2055
162941 162991 610
162941 163006 2331
162987 162940 279
161332 161331 600
161332 161333 168
161332 162762 2468
162952 161331 2590
162952 162762 674
162952 162789 2810
162952 162791 518
162790 162789 590
162790 162791 2933
162768 162767 475
162768 162769 850
162768 162957 238
162969 162767 1182
162969 162968 747
162969 162976 818
162960 162959 537
162960 162961 677
162960 162971 906
162967 162954 713
162967 162961 1380
162967 162971 581
162954 162953 710
162954 162956 1831
162954 162967 713
162954 162968 752
162964 162959 355
162964 162963 552
162964 162970 697
162966 162963 650
162966 162965 476
162966 162970 630
162966 162986 2738
162985 162939 2322
162985 162970 2738
162985 162986 630
162985 162994 673
162937 162938 1580
162937 162939 276
162937 162993 404
162938 162937 1580
162938 162941 713
162938 163008 2456
162938 163011 650
162991 162941 610
162991 162992 1028
162991 163007 2331
162991 163009 713
163006 162941 2331
163006 163007 610
163006 163008 650
163006 163397 2180
161333 161332 168
161333 161334 600
161333 162760 2700
162762 161332 2468
162762 162763 630
162762 162788 2590
162762 162952 674
162789 162788 710
162789 162790 590
162789 162952 2810
162769 162768 850
162769 162770 1086
162769 162771 139
162957 162768 238
162957 162958 562
162957 162976 1228
162976 162957 1228
162976 162969 818
162976 162977 374
162959 162960 537
162959 162964 355
162959 162996 276
162971 162960 906
162971 162967 581
162971 162973 511
162953 162954 710
162953 162955 1798
162953 162972 1901
162953 163042 752
162956 162954 1831
162970 162964 697
162970 162966 630
162970 162985 2738
162994 162985 673
162994 162993 2461
162994 162995 1903
162994 162997 552
162993 162937 404
162993 162994 2461
162993 162999 404
163008 162938 2456
163008 163006 650
163008 163015 610
163008 163398 2331
163011 162938 650
163011 162999 1228
163011 163014 610
163011 163015 2381
162992 162991 1028
163007 162991 2331
163007 163006 610
163007 163010 610
163007 163396 1905
163009 162991 713
163009 163010 2286
163397 163006 2180
163397 163396 673
163397 163398 751
161334 161333 600
161334 161335 590
161334 162758 2700
162760 161333 2700
162760 162758 600
162760 162761 2371
162760 162763 337
162763 162760 337
162763 162762 630
162763 162765 2248
162788 162762 2590
162788 162765 683
162788 162789 710
162770 162769 1086
162771 162769 139
162771 162772 421
162771 162773 1004
162958 162775 562
162958 162957 562
162977 162976 374
162996 162959 276
162996 162973 436
162996 162995 1300
162973 162971 511
162973 162972 683
162973 162996 436
162955 162953 1798
162972 162953 1901
162972 162973 683
162972 163031 790
163042 162953 752
163042 163031 2036
163042 163043 1594
163042 163044 752
162995 162994 1903
162995 162996 1300
162995 163000 1484
162997 162994 552
162997 162998 2366
162997 163000 650
162997 163018 337
162999 162993 404
162999 162998 202
162999 163011 1228
163015 163008 610
163015 163011 2381
163015 163016 610
163015 163399 2656
163398 163008 2331
163398 163397 751
163398 163399 605
163014 163011 610
163014 163013 807
163014 163016 2381
163014 163019 475
163010 163007 610
163010 163009 2286
163010 163012 1630
163396 163001 337
163396 163007 1905
163396 163012 673
163396 163397 673
161335 161334 590
161335 161336 758
161335 162754 2590
162758 161334 2700
162758 162754 600
162758 162759 2481
162758 162760 600
162761 162759 590
162761 162760 2371
162761 162765 1101
162765 162761 1101
162765 162763 2248
162765 162788 683
162772 162771 421
162773 162771 1004
162773 162774 168
162773 162775 828
162775 162773 828
162775 162776 344
162775 162958 562
163031 162972 790
163031 163030 850
163031 163042 2036
163043 163042 1594
163044 162982 828
163044 163030 2306
163044 163042 752
163044 163045 1560
163000 162995 1484
163000 162997 650
163000 163018 677
162998 162997 2366
162998 162999 202
162998 163013 605
163018 162997 337
163018 163000 677
163018 163017 879
163016 163014 2381
163016 163015 610
163016 163400 1504
163016 163402 650
163399 163015 2656
163399 163398 605
163399 163401 558
163013 162998 605
163013 163014 807
163013 163017 1631
163013 163020 677
163019 163014 475
163019 163020 418
163019 163039 710
163012 163010 1630
163012 163396 673
163001 163002 244
163001 163396 337
161336 161335 758
161336 161337 683
161336 162755 2468
162754 161335 2590
162754 162755 683
162754 162756 2481
162754 162758 600
162759 162756 600
162759 162758 2481
162759 162761 590
162759 162764 1936
162774 162773 168
162776 162775 344
162776 162777 5799
163030 163029 766
163030 163031 850
163030 163044 2306
162982 162983 1458
162982 162984 828
162982 163041 1798
162982 163044 828
163045 163044 1560
163017 163013 1631
163017 163018 879
163017 163021 1282
163400 163016 1504
163400 163401 1282
163400 163404 650
163402 163016 650
163402 163039 1779
163402 163403 677
163401 163399 558
163401 163400 1282
163020 163013 677
163020 163019 418
163020 163021 511
163020 163032 404
163039 163019 710
163039 163033 475
163039 163402 1779
163002 163001 244
163002 163005 404
163002 163297 3714
161337 161336 683
161337 161338 871
161337 162739 2358
162755 161336 2468
162755 162754 683
162755 162757 2578
162756 162748 2248
162756 162754 2481
162756 162757 590
162756 162759 600
162764 162742 238
162764 162759 1936
162764 162787 2016
162777 162776 5799
162777 162778 1906
162777 162932 475
163029 163028 933
163029 163030 766
163029 163041 713
162983 162982 1458
162984 162978 2241
162984 162982 828
162984 163040 1798
162984 163047 710
163041 162982 1798
163041 163029 713
163041 163040 828
163021 163017 1282
163021 163020 511
163021 163032 630
163404 163400 650
163404 163403 828
163403 163402 677
163403 163404 828
163403 163405 276
163032 163020 404
163032 163021 630
163032 163033 828
163033 163032 828
163033 163039 475
163005 163002 404
163005 163004 474
163005 163298 111
163297 163002 3714
163297 163296 344
163297 163419 344
161338 161337 871
161338 161339 710
161338 162735 2322
162739 161337 2358
162739 162735 1226
162739 162741 796
162757 162746 2138
162757 162755 2578
162757 162756 590
162748 162742 421
162748 162746 600
162748 162756 2248
162742 162743 562
162742 162748 421
162742 162764 238
162787 162764 2016
162787 162779 697
162787 162786 222
162778 162777 1906
162778 162779 796
162778 162975 796
162778 163941 1906
162932 162777 475
162932 162974 418
163028 163027 758
163028 163029 933
163028 163040 984
162978 162979 355
162978 162980 1664
162978 162984 2241
162978 163048 752
163040 162984 1798
163040 163028 984
163040 163041 828
163040 163046 752
163047 162984 710
163047 163046 1695
163047 163048 2341
163047 163050 828
163405 163403 276
163405 163425 1988
163004 163003 766
163004 163005 474
163004 163284 1055
163298 163005 111
163298 163291 789
163298 163299 1228
163296 163295 475
163296 163297 344
163296 163369 1906
163419 163297 344
163419 163367 1966
163419 163420 875
163419 163421 445
161339 161338 710
161339 161340 710
161339 162733 2322
162735 161338 2322
162735 162733 710
162735 162736 796
162735 162739 1226
162741 162736 1226
162741 162739 796
162741 162749 782
162746 162747 253
162746 162748 600
162746 162757 2138
162743 162742 562
162743 162744 168
162743 162779 1718
162779 162743 1718
162779 162778 796
162779 162780 953
162779 162787 697
162786 162781 953
162786 162785 782
162786 162787 222
162975 162778 796
162975 162974 1661
162975 163997 253
163941 162744 688
163941 162778 1906
163941 163919 1988
163941 163942 818
162974 162932 418
162974 162975 1661
162974 163989 928
163027 163026 927
163027 163028 758
163027 163046 1323
162979 162978 355
162980 162978 1664
162980 162981 202
162980 163052 710
162980 164281 848
163048 162978 752
163048 163047 2341
163048 163051 828
163048 163052 1560
163046 163027 1323
163046 163040 752
163046 163047 1695
163046 163049 828
163050 163047 828
163050 163049 1695
163050 163051 2341
163050 163060 677
163425 163405 1988
163425 163409 796
163425 163422 796
163003 163004 766
163003 163284 984
163284 163003 984
163284 163004 1055
163291 163298 789
163299 163298 1228
163295 163296 475
163369 163296 1906
163369 163367 562
163367 163369 562
163367 163419 1966
163420 163419 875
163421 163419 445
163421 163422 344
161340 161339 710
162733 161339 2322
162733 162735 710
162736 162735 796
162736 162741 1226
162749 162741 782
162747 162746 253
162744 162743 168
162744 163941 688
162780 162779 953
162780 162781 885
162781 162780 885
162781 162786 953
162785 162786 782
163997 162975 253
163997 163942 1743
163919 163941 1988
163942 163941 818
163942 163997 1743
163989 162974 928
163026 163027 927
163026 163049 1695
162981 162980 202
163052 162980 710
163052 163048 1560
164281 162980 848
163051 163048 828
163051 163050 2341
163049 163026 1695
163049 163046 828
163049 163050 1695
163060 163050 677
163409 163425 796
163422 163421 344
163422 163425 796
26
163425
163003
163284
163291
163295
163369
163367
163420
161340
162733
162736
162749
162744
162781
162785
163997
163919
163942
163989
163026
163052
163051
163049
163060
163409
163422
