14
145081 145086 851
145086 145081 851
145650 145665 485
145665 145650 485
145716 145718 1261
145718 145716 1261
145723 145732 792
145732 145723 792
145733 145737 957
145737 145733 957
146859 146822 2896
146822 146859 2896
151624 151623 893
151623 151624 893
38
145078
145081
145086
145136
145146
145142
145161
145223
145625
145627
145628
145640
145646
145650
145665
145667
145716
145718
145723
145732
145733
145737
145740
145916
145925
145931
146847
146853
146859
146863
146822
146933
146936
151624
214403
214955
214483
214848
