16
179536 179537 713
179537 179536 713
209766 209768 779
209768 209766 779
209955 209962 4216
213941 213942 329
209962 209955 4216
209962 213918 261
213918 209962 261
213942 213941 329
213902 213901 594
213902 213904 773
213901 213902 594
213904 213902 773
213823 213824 1406
213824 213823 1406
38
213781
213748
179535
179536
179537
179541
209763
209766
209768
209773
209791
209833
209837
209923
209818
209170
209972
209973
209925
209942
209954
209955
213941
213918
213922
213942
213907
213902
213901
213825
213903
213904
213823
213824
201519
201662
201664
201672
