192
72686 72689 1583
72689 72686 1583
72689 72690 1056
72689 72692 685
72689 72693 1742
72690 72688 830
72690 72689 1056
72690 72691 1189
72692 72689 685
72692 72737 2111
72692 72740 908
72692 72741 1874
72693 72689 1742
72693 72741 632
72693 72771 602
72693 72772 2454
72688 72690 830
72691 72690 1189
72691 72737 632
72737 72691 632
72737 72692 2111
72737 72734 1323
72737 72739 908
72740 72692 908
72740 72739 2111
72740 72742 987
72740 72743 1874
72741 72692 1874
72741 72693 632
72741 72743 908
72771 72693 602
72772 72693 2454
72734 72736 1583
72734 72737 1323
72739 72737 908
72739 72740 2111
72739 72744 792
72742 72740 987
72742 72744 2171
72742 72746 1769
72742 72747 1067
72743 72740 1874
72743 72741 908
72743 72746 956
72736 72734 1583
72736 72744 1161
72736 72758 1770
72744 72736 1161
72744 72739 792
72744 72742 2171
72744 72745 632
72746 72742 1769
72746 72743 956
72746 72776 337
72747 72742 1067
72747 72758 2111
72747 72769 830
72747 72777 1874
72758 72736 1770
72758 72745 632
72758 72747 2111
72758 72763 277
72745 72744 632
72745 72758 632
72745 72759 1056
72745 72762 848
72776 72746 337
72776 72774 1874
72776 72777 792
72769 72747 830
72769 72767 1086
72769 72785 253
72777 72747 1874
72777 72775 1874
72777 72776 792
72777 72778 908
72763 72758 277
72763 72764 602
72759 72745 1056
72762 72745 848
72774 72773 1376
72774 72775 792
72774 72776 1874
72767 72764 1161
72767 72769 1086
72785 72769 253
72785 72786 1849
72785 72788 553
72775 72774 792
72775 72777 1874
72775 72779 1399
72775 72780 830
72778 72777 908
72778 72780 1902
72778 72786 253
72764 72763 602
72764 72767 1161
72764 72768 830
72773 72774 1376
72773 72779 712
72786 72778 253
72786 72785 1849
72786 72787 437
72788 72785 553
72788 72789 253
72788 72790 374
72779 72773 712
72779 72775 1399
72779 72781 768
72780 72775 830
72780 72778 1902
72780 72781 1189
72780 72794 792
72768 72764 830
72768 72765 951
72768 72790 1769
72768 72850 769
72787 72786 437
72787 72792 437
72787 72794 1980
72789 72788 253
72789 72791 404
72790 72768 1769
72790 72788 374
72781 72779 768
72781 72780 1189
72781 72782 881
72794 72780 792
72794 72787 1980
72794 72800 924
72765 72766 453
72765 72768 951
72765 72848 1660
72850 72768 769
72850 72849 659
72850 78120 760
72792 72787 437
72792 72791 1732
72792 72795 337
72791 72789 404
72791 72792 1732
72791 72793 792
72782 72781 881
72782 72784 1189
72782 72800 476
72782 72801 987
72800 72782 476
72800 72794 924
72800 72799 792
72766 72765 453
72848 72765 1660
72848 72853 1293
72848 72855 713
72849 72793 2140
72849 72850 659
72849 72855 253
78120 72850 760
72795 72792 337
72795 72796 476
72795 72797 602
72793 72791 792
72793 72797 1799
72793 72849 2140
72793 72859 987
72784 72782 1189
72784 72783 611
72801 72782 987
72799 72800 792
72853 72848 1293
72855 72848 713
72855 72849 253
72796 72795 476
72797 72793 1799
72797 72795 602
72797 72798 337
72859 72793 987
72859 72942 1874
72783 72784 611
72798 72797 337
72798 72941 581
72798 72942 792
72942 72798 792
72942 72859 1874
72942 72943 712
72942 72944 581
72941 72798 581
72943 72942 712
72943 72945 277
72944 72942 581
72945 72943 277
72945 72946 512
72946 72945 512
73
72686
72689
72690
72692
72693
72688
72691
72737
72740
72741
72771
72772
72734
72739
72742
72743
72736
72744
72746
72747
72758
72745
72776
72769
72777
72763
72759
72762
72774
72767
72785
72775
72778
72764
72773
72786
72788
72779
72780
72768
72787
72789
72790
72781
72794
72765
72850
72792
72791
72782
72800
72766
72848
72849
78120
72795
72793
72784
72801
72799
72853
72855
72796
72797
72859
72783
72798
72942
72941
72943
72944
72945
72946
