30
204139 204150 197
204139 204151 1358
204150 204139 197
204150 204142 1834
204150 204152 346
204151 204139 1358
204142 204150 1834
204142 204161 1041
204142 204162 848
204152 204150 346
204152 204155 363
204152 204161 1338
204161 204142 1041
204161 204152 1338
204161 204156 701
204161 204163 686
204162 204142 848
204162 204163 1400
204162 204165 395
204155 204152 363
204155 204156 1100
204155 204157 2640
204156 204155 1100
204156 204161 701
204163 204161 686
204163 204162 1400
204165 204162 395
204165 204167 138
204157 204155 2640
204167 204165 138
13
204139
204150
204151
204142
204152
204161
204162
204155
204156
204163
204165
204157
204167
