550
14157 14158 4902
14157 14212 18159
14158 14157 4902
14158 14350 21101
14212 14157 18159
14212 14211 2883
14212 14213 5274
14350 14158 21101
14350 14327 1843
14211 14210 238
14211 14212 2883
14213 14212 5274
14213 14214 5568
14213 24016 9981
14327 14311 22475
14327 14350 1843
14210 14203 336
14210 14211 238
14214 14213 5568
24016 14213 9981
24016 24024 7085
14311 14312 512
14311 14313 569
14311 14327 22475
14203 14202 750
14203 14210 336
24024 24016 7085
24024 24027 10766
14312 14311 512
14312 14313 321
14312 14314 531
14313 14311 569
14313 14312 321
14313 14315 533
14202 14201 473
14202 14203 750
14202 14204 6802
24027 24024 10766
24027 25151 869
24027 25152 8276
14314 14312 531
14314 14315 261
14314 14319 16085
14315 14313 533
14315 14314 261
14315 14322 5312
14201 14198 604
14201 14199 884
14201 14202 473
14204 14202 6802
14204 24009 448
14204 24014 1400
25151 24027 869
25151 34160 5962
25152 24027 8276
14319 14314 16085
14319 14317 1275
14322 14315 5312
14198 14197 672
14198 14201 604
14199 14201 884
24009 14204 448
24009 24008 4107
24009 24015 826
24014 14204 1400
24014 23994 3488
34160 25151 5962
34160 187205 4334
14317 14318 905
14317 14319 1275
14197 14198 672
24008 23994 809
24008 24009 4107
24008 24023 951
24015 24009 826
23994 23995 7783
23994 24008 809
23994 24014 3488
187205 34160 4334
187205 187204 1320
14318 14317 905
24023 24008 951
23995 23994 7783
23995 24026 672
187204 187205 1320
187204 187636 733
24026 23984 3890
24026 23988 2828
24026 23995 672
187636 187196 20613
187636 187204 733
187636 187635 2868
187636 187676 1481
187636 190789 1555
23984 23967 336
23984 23985 1741
23984 23988 1151
23984 24026 3890
23988 23984 1151
23988 23985 2689
23988 24026 2828
187196 187197 5024
187196 187200 289
187196 187636 20613
187635 187636 2868
187635 187637 3166
187635 187678 1368
187676 187636 1481
187676 187675 1102
187676 187730 384
187676 187766 240
187676 190789 489
190789 187636 1555
190789 187676 489
190789 190807 2144
23967 23957 1280
23967 23970 3949
23967 23981 474
23967 23984 336
23985 23984 1741
23985 23987 3967
23985 23988 2689
187197 187196 5024
187197 187198 2088
187197 187255 8374
187200 187196 289
187200 187199 1011
187200 187241 2282
187637 187635 3166
187637 187638 2860
187637 190787 1374
187637 190788 386
187678 187635 1368
187678 187677 423
187678 190801 822
187678 190802 1207
187675 187676 1102
187675 187677 2436
187675 187732 722
187730 187676 384
187730 187731 1431
187730 187766 280
187730 190758 357
187766 187676 240
187766 187718 333
187766 187730 280
187766 187767 2507
190807 187194 4171
190807 187767 194
190807 190789 2144
23957 23956 2002
23957 23964 276
23957 23967 1280
23970 23965 1185
23970 23967 3949
23970 25143 1413
23981 23967 474
23981 23978 857
23981 23979 283
23987 23985 3967
187198 187197 2088
187198 187199 1800
187198 187243 1904
187198 187255 10240
187198 189477 1150
187255 186191 1749
187255 187197 8374
187255 187198 10240
187199 187198 1800
187199 187200 1011
187199 187242 482
187199 187243 830
187241 187200 2282
187241 187240 1713
187241 187242 2726
187638 187203 2219
187638 187637 2860
187638 190754 1750
187638 190787 1504
190787 187637 1374
190787 187638 1504
190787 190788 1707
190788 187637 386
190788 190786 1054
190788 190787 1707
190788 190801 779
187677 187675 2436
187677 187678 423
187677 190822 665
190801 187678 822
190801 190788 779
190801 190802 877
190801 190802 877
190802 187678 1207
190802 190786 166
190802 190801 877
190802 190801 877
190802 190822 1503
187732 187675 722
187732 187731 283
187732 190822 1466
187731 187730 1431
187731 187732 283
187731 190803 186
187731 190804 187
190758 187717 284
190758 187718 536
190758 187730 357
190758 190803 1116
187718 187717 750
187718 187719 323
187718 187766 333
187718 190758 536
187767 187194 4223
187767 187763 648
187767 187766 2507
187767 190807 194
187194 187192 106
187194 187195 1185
187194 187767 4223
187194 190807 4171
23956 23955 435
23956 23957 2002
23964 23908 1501
23964 23957 276
23965 23966 2405
23965 23970 1185
23965 25141 765
25143 23970 1413
25143 25140 1008
25143 25142 688
23978 23973 502
23978 23979 810
23978 23981 857
23979 23978 810
23979 23980 346
23979 23981 283
187243 187198 1904
187243 187199 830
187243 187242 998
187243 187244 545
187243 189477 1309
189477 187198 1150
189477 187243 1309
189477 189476 814
186191 132851 1207
186191 187255 1749
187242 187199 482
187242 187241 2726
187242 187243 998
187240 187207 4326
187240 187235 923
187240 187241 1713
187203 186812 4830
187203 187638 2219
190754 187638 1750
190754 187791 633
190754 187792 1131
190754 187793 1906
190786 187793 429
190786 190788 1054
190786 190802 166
190786 190805 2235
190822 187677 665
190822 187732 1466
190822 190802 1503
190803 187721 229
190803 187731 186
190803 190758 1116
190803 190804 310
190803 190805 1066
190803 190806 204
190804 187731 187
190804 190803 310
190804 190805 823
187717 187718 750
187717 190757 622
187717 190758 284
187717 190761 636
187719 187714 1133
187719 187718 323
187719 187780 750
187719 190759 882
187763 187762 580
187763 187767 648
187763 187770 834
187192 187193 1201
187192 187194 106
187192 187771 815
187195 187194 1185
187195 187207 4384
23955 23907 610
23955 23954 238
23955 23956 435
23908 23907 354
23908 23964 1501
23966 23965 2405
25141 23965 765
25141 25140 485
25140 25079 649
25140 25141 485
25140 25143 1008
25142 25079 1209
25142 25143 688
23973 23972 750
23973 23978 502
23980 23979 346
187244 187243 545
187244 187245 749
187244 189476 1254
189476 187244 1254
189476 189475 754
189476 189477 814
132851 132852 288
132851 186191 1207
187207 187195 4384
187207 187206 2615
187207 187240 4326
187235 187220 3983
187235 187236 2117
187235 187239 1289
187235 187240 923
187235 190708 1311
186812 186811 10589
186812 187203 4830
186812 187689 274
187791 187695 2734
187791 187792 1364
187791 190754 633
187792 187791 1364
187792 187793 836
187792 190754 1131
187793 187727 608
187793 187792 836
187793 190754 1906
187793 190786 429
190805 190786 2235
190805 190803 1066
190805 190804 823
187721 187720 242
187721 190761 260
187721 190803 229
190806 190803 204
190757 187717 622
190757 187724 76
190757 190755 328
190757 190761 35
190761 187717 636
190761 187720 62
190761 187721 260
190761 190757 35
187714 187259 195
187714 187713 400
187714 187719 1133
187714 187801 312
187714 190759 501
187780 187719 750
187780 187779 506
190759 187713 329
190759 187714 501
190759 187719 882
190759 190756 404
190759 190760 736
187762 187763 580
187762 187764 402
187762 187776 436
187770 187763 834
187770 187769 854
187770 187771 4081
187770 187774 1105
187193 187192 1201
187193 187206 1745
187193 187215 752
187771 187192 815
187771 187215 1269
187771 187770 4081
23907 23906 1188
23907 23908 354
23907 23955 610
23954 23953 238
23954 23955 238
25079 25140 649
25079 25142 1209
23972 23973 750
23972 23974 1545
187245 187225 1213
187245 187244 749
187245 189475 1177
189475 187245 1177
189475 189473 2003
189475 189476 754
189475 189501 840
132852 132848 384
132852 132851 288
187206 187193 1745
187206 187207 2615
187220 187218 944
187220 187219 2584
187220 187235 3983
187236 187235 2117
187236 187237 482
187236 190707 421
187239 187235 1289
187239 187238 587
187239 190707 1108
187239 190708 661
190708 187235 1311
190708 187239 661
190708 190707 568
186811 186812 10589
186811 187688 729
186811 190675 7138
187689 186812 274
187689 187680 227
187695 187691 1399
187695 187694 1654
187695 187791 2734
187727 187715 1369
187727 187726 884
187727 187793 608
187720 187716 89
187720 187721 242
187720 187724 16
187720 190761 62
187724 187716 93
187724 187720 16
187724 190757 76
187724 190760 651
190755 190756 776
190755 190756 776
190755 190757 328
190755 190760 315
187259 187258 300
187259 187260 231
187259 187714 195
187259 187775 1075
187713 187712 669
187713 187714 400
187713 187729 954
187713 190759 329
187801 187258 59
187801 187714 312
187801 187800 1223
187779 187780 506
187779 187781 583
187779 187781 583
190756 190755 776
190756 190755 776
190756 190759 404
190760 187724 651
190760 190755 315
190760 190759 736
187764 187762 402
187764 187765 454
187764 187775 656
187764 187776 402
187776 187762 436
187776 187764 402
187776 187775 304
187769 187768 1389
187769 187770 854
187769 187773 854
187769 187778 1154
187774 187260 733
187774 187770 1105
187774 187775 382
187774 187778 809
187215 187193 752
187215 187216 1740
187215 187224 286
187215 187771 1269
23906 23907 1188
23953 23950 818
23953 23954 238
23974 23972 1545
187225 187226 916
187225 187245 1213
187225 189501 640
189473 189474 2900
189473 189475 2003
189473 189502 725
189501 187225 640
189501 187226 940
189501 189475 840
189501 189503 1370
132848 132847 1022
132848 132849 672
132848 132852 384
132848 132853 1544
187218 187220 944
187219 187216 568
187219 187220 2584
187237 187236 482
187237 187238 1535
187237 190707 711
190707 187236 421
190707 187237 711
190707 187238 1052
190707 187239 1108
190707 190708 568
187238 187237 1535
187238 187239 587
187238 190707 1052
187688 186811 729
190675 186811 7138
187680 187689 227
187691 187695 1399
187694 187695 1654
187715 187716 1748
187715 187727 1369
187726 187727 884
187716 187715 1748
187716 187720 89
187716 187724 93
187258 187259 300
187258 187801 59
187260 187259 231
187260 187774 733
187775 187259 1075
187775 187764 656
187775 187774 382
187775 187776 304
187712 187713 669
187729 187713 954
187800 187801 1223
187781 187765 254
187781 187779 583
187781 187779 583
187765 187764 454
187765 187781 254
187768 187769 1389
187773 187769 854
187778 187769 1154
187778 187774 809
187216 187215 1740
187216 187219 568
187224 187215 286
23950 23953 818
187226 187225 916
187226 189501 940
189474 189473 2900
189502 189473 725
189502 189503 542
189503 189501 1370
189503 189502 542
132847 132848 1022
132847 132849 1102
132849 132847 1102
132849 132848 672
132853 132848 1544
179
14202
24027
14201
14204
25151
25152
14198
14199
24009
24014
34160
14197
24008
24015
23994
187205
24023
23995
187204
24026
187636
23984
23988
187196
187635
187676
190789
23967
23985
187197
187200
187637
187678
187675
187730
187766
190807
23957
23970
23981
23987
187198
187255
187199
187241
187638
190787
190788
187677
190801
190802
187732
187731
190758
187718
187767
187194
23956
23964
23965
25143
23978
23979
187243
189477
186191
187242
187240
187203
190754
190786
190822
190803
190804
187717
187719
187763
187192
187195
23955
23908
23966
25141
25140
25142
23973
23980
187244
189476
132851
187207
187235
186812
187791
187792
187793
190805
187721
190806
190757
190761
187714
187780
190759
187762
187770
187193
187771
23907
23954
25079
23972
187245
189475
132852
187206
187220
187236
187239
190708
186811
187689
187695
187727
187720
187724
190755
187259
187713
187801
187779
190756
190760
187764
187776
187769
187774
187215
23906
23953
23974
187225
189473
189501
132848
187218
187219
187237
190707
187238
187688
190675
187680
187691
187694
187715
187726
187716
187258
187260
187775
187712
187729
187800
187781
187765
187768
187773
187778
187216
187224
23950
187226
189474
189502
189503
132847
132849
132853
