16
138701 132599 3419
134037 134038 1426
134038 134037 1426
132599 138701 3419
235955 235956 1042
235956 235955 1042
236096 236139 943
236139 236096 943
236139 236098 1530
236098 236139 1530
236173 236169 1084
236188 236169 1882
236169 236173 1084
236169 236188 1882
235817 235842 1390
235842 235817 1390
32
138701
133901
133910
134037
134038
132599
138709
138740
236057
236109
235955
235948
235950
235956
236105
235947
235985
236095
236096
236098
236143
236147
236154
236173
236207
249079
249125
236169
235679
235811
235817
235842
