18
184771 184770 435
184921 184920 1064
184887 184890 752
184889 184890 610
184890 184887 752
184890 184889 610
184827 184934 985
184920 184921 1064
184934 184827 985
184741 184743 738
184758 184760 709
184760 184758 709
184743 184741 738
184770 184771 435
183409 183429 1344
183438 183429 435
183429 183409 1344
183429 183438 435
37
184732
163166
163176
183428
183434
183432
184841
184838
184812
184771
184777
184784
184921
184854
184887
184889
184836
184890
184825
184827
184920
184934
184741
184758
184760
184738
184743
184764
184770
183386
183401
183438
183429
180729
180817
180826
182019
