14
154016 154017 759
154017 154016 759
162437 168902 1226
168902 162437 1226
168769 168785 333
171207 168785 850
171209 171211 2107
171275 171274 940
168785 168769 333
168785 171207 850
171211 171209 2107
171274 171275 940
171274 171278 879
171278 171274 879
34
150239
150215
150243
150246
150248
150256
150275
151918
198795
204984
204986
205048
204979
154016
153898
153899
154033
162444
162446
154165
162437
162439
168395
170745
170746
171207
170748
171209
171275
171211
168940
168941
171278
168936
