34
259722 259724 2480
259722 261230 722
259722 263895 1115
259724 259722 2480
259724 259723 5640
261230 259722 722
261230 263894 923
261230 263895 931
263895 259722 1115
263895 261230 931
263895 263894 1380
259723 259724 5640
263894 261230 923
263894 261235 3024
263894 263895 1380
261235 261231 1519
261235 263894 3024
261231 261232 192
261231 261235 1519
261232 261231 192
261232 261233 396
261232 263890 404
261232 263890 404
261233 261232 396
261233 263890 48
261233 263891 4745
263890 261232 404
263890 261232 404
263890 261233 48
263890 263891 4735
263891 261233 4745
263891 263890 4735
263891 263892 1653
263892 263891 1653
13
259722
259724
261230
263895
259723
263894
261235
261231
261232
261233
263890
263891
263892
