16
200270 199967 772
200270 200271 792
199967 200270 772
199967 200511 2471
200271 200270 792
199994 199995 1245
199995 199994 1245
201001 200981 473
200981 201001 473
200511 199967 2471
200511 200512 328
200512 200511 328
200512 200661 237
200526 200677 2452
200661 200512 237
200677 200526 2452
37
200270
199967
200059
200060
200202
200216
200271
200040
200041
200054
199994
199995
199968
200938
200945
200949
201001
200651
200982
200990
200986
200981
200511
200526
200661
200558
200580
200581
200677
200566
200583
194912
201184
214837
198931
201200
215179
