16
128161 128162 1357
128162 128161 1357
128162 128165 1248
128165 128162 1248
128165 128167 1467
128167 128165 1467
130381 130376 1067
131943 130395 928
130376 130381 1067
130395 131943 928
128247 128248 1686
128248 128247 1686
128253 129573 1467
129573 128253 1467
129587 129638 1450
129638 129587 1450
35
46527
46263
129938
128001
128114
124458
127679
127999
127710
128146
128147
128153
127977
128006
128162
128165
128167
128207
130376
130387
130395
131948
128247
128248
128249
128255
128260
128290
128253
128257
129573
129587
129638
129649
129658
