14
154106 154384 850
154384 154106 850
154382 154387 1036
154387 154382 1036
157509 157511 222
157511 157509 222
154971 154970 476
154970 154971 476
155005 155011 293
155011 155005 293
155014 155059 796
155059 155014 796
155041 155040 818
155040 155041 818
35
154051
154079
154104
154313
154310
154106
154384
154382
154387
157474
152011
157566
157517
157487
157509
157511
157520
157490
157514
155254
157592
154407
154412
154401
154421
154971
154974
154976
155011
155014
155041
155040
155068
155174
157827
