16
182343 182303 724
182303 182343 724
152963 152964 447
152963 152971 781
152971 152963 781
152723 152722 5041
152727 152728 1734
152717 152735 910
152728 152727 1734
152735 152717 910
152735 152737 1022
152737 152735 1022
152722 152723 5041
152975 152977 1938
152977 152975 1938
152964 152963 447
31
179662
180096
180144
180147
180165
180123
182069
179708
182086
179883
179887
179984
179873
179983
182343
182303
152390
152966
152973
152696
152702
152651
152652
152723
152717
152728
152722
152740
152975
152977
152964
