16
247639 247640 1542
247640 247639 1542
247649 247651 1611
247651 247649 1611
248089 248091 1444
248091 248089 1444
256250 256357 745
256357 256250 745
256362 256363 832
256363 256362 832
248125 248129 1919
248129 248125 1919
255596 255601 1084
255599 255601 713
255601 255596 1084
255601 255599 713
37
245846
245864
245867
245873
247639
247640
247647
247649
247651
247927
247938
247941
247930
248089
248092
248091
256215
256243
256250
256357
256362
256364
256507
256363
256489
256493
256464
248125
248129
248134
248309
255596
255599
255584
255601
255624
255577
