20
199014 199012 846
199011 199012 766
202054 202063 238
202063 202054 238
202068 202090 793
202090 202068 793
202104 202106 579
202106 202104 579
199012 199011 766
199012 199014 846
202253 202282 534
202282 202253 534
202282 202283 1743
202283 202282 1743
202958 202957 698
202960 202961 706
202961 202960 706
202957 202958 698
202895 202905 285
202905 202895 285
40
199014
199007
199011
199010
202057
202058
202054
202063
202068
202090
202104
202106
199012
202112
202096
202118
202248
202249
202253
202282
202283
202289
202290
202334
202350
202354
202276
199568
203086
202958
202960
202961
202966
202999
203009
203011
202944
202957
202895
202905
