14
160478 160479 782
160479 160478 782
160493 160501 1949
160501 160493 1949
156685 160544 3122
160544 156685 3122
160549 160550 562
160558 160559 1248
160550 160549 562
160559 160558 1248
156803 156804 1220
157438 158090 790
156804 156803 1220
158090 157438 790
37
160478
160479
160493
160501
160528
156685
160544
160505
160549
160558
160546
156689
160550
160559
160554
160571
160573
156788
156808
156763
156765
156803
157438
156806
156750
157433
158136
158169
158323
158367
158368
160826
158355
158468
160712
160713
160687
