16
55264 54953 673
54953 55264 673
54954 55010 276
55010 54954 276
55347 55350 789
55350 55347 789
53462 53470 1600
53470 53462 1600
53464 53465 778
53465 53464 778
53529 53535 1117
53535 53529 1117
53535 53590 849
53590 53535 849
49552 49550 667
49550 49552 667
40
29043
29049
53573
54783
54803
54813
54825
55254
55264
54953
54954
55009
55010
55324
55344
55347
55350
55923
55939
53462
53476
53470
53464
53465
53494
53456
53544
53556
53498
53514
53529
53535
53590
49520
49546
49548
49552
49550
49319
49284
