34
216696 216697 1154
216696 216741 791
216697 216696 1154
216697 216746 260
216741 216696 791
216741 216742 630
216746 216697 260
216746 216745 903
216746 216748 200
216742 216741 630
216742 216745 820
216742 216750 925
216745 216742 820
216745 216746 903
216745 216751 915
216748 216746 200
216750 216742 925
216750 216743 701
216750 216744 791
216750 216751 805
216751 216738 791
216751 216745 915
216751 216750 805
216743 216717 666
216743 216750 701
216744 216717 752
216744 216738 713
216744 216750 791
216738 216739 384
216738 216744 713
216738 216751 791
216717 216743 666
216717 216744 752
216739 216738 384
14
216696
216697
216741
216746
216742
216745
216748
216750
216751
216743
216744
216738
216717
216739
