24
54996 54997 1259
54997 54996 1259
54997 55998 1483
55998 54997 1483
56092 56093 951
56093 56092 951
207629 207631 867
207631 207629 867
207637 207640 801
207640 207637 801
207640 207644 863
207644 207640 863
207644 207647 683
207647 207644 683
207647 207682 872
207755 207749 434
207749 207755 434
207695 207694 779
207694 207680 774
207694 207695 779
207682 207647 872
207688 207680 1824
207680 207688 1824
207680 207694 774
38
141847
141851
142443
142444
56070
56071
55954
55996
56004
54996
54997
55998
56092
56093
56139
56287
196626
196860
204680
204746
207629
207631
207637
207640
207644
207647
207520
207754
207755
207749
207695
207696
207748
207694
207682
207688
207680
196758
