48
159771 159772 796
159771 159798 3068
159772 159771 796
159772 159773 782
159772 159797 3068
159798 159771 3068
159798 159797 796
159798 159799 782
159773 159772 782
159773 159774 796
159773 159796 3169
159797 159772 3068
159797 159796 688
159797 159798 796
159799 159798 782
159774 159773 796
159774 159775 672
159774 159795 3169
159796 159773 3169
159796 159795 796
159796 159797 688
159775 159774 672
159775 159776 688
159775 159794 3235
159795 159774 3169
159795 159794 796
159795 159796 796
159776 159775 688
159776 159777 905
159776 159793 3152
159794 159775 3235
159794 159793 672
159794 159795 796
159777 159776 905
159777 159778 434
159777 159792 3169
159793 159776 3152
159793 159792 796
159793 159794 672
159778 159777 434
159778 159779 7037
159778 159790 3624
159792 159777 3169
159792 159793 796
159779 159778 7037
159790 159778 3624
159790 159791 1308
159791 159790 1308
19
159771
159772
159798
159773
159797
159799
159774
159796
159775
159795
159776
159794
159777
159793
159778
159792
159779
159790
159791
