152
194751 194752 604
194751 194765 477
194751 200569 664
194751 200569 664
194752 194751 604
194752 194765 613
194752 194772 2022
194765 194751 477
194765 194752 613
194765 194766 1366
200569 194751 664
200569 194751 664
200569 214394 1618
194772 194752 2022
194772 194831 1091
194772 195079 710
194766 194765 1366
194766 212659 363
194766 214393 199
214394 200569 1618
214394 212658 159
214394 214839 885
194831 194772 1091
194831 195081 873
194831 215163 1182
195079 194772 710
195079 195081 1010
195079 214393 536
212659 194766 363
212659 212658 151
212659 215159 924
214393 194766 199
214393 195079 536
214393 215166 965
212658 207711 2187
212658 212659 151
212658 214394 159
214839 200642 347
214839 201200 1399
214839 214394 885
195081 194831 873
195081 195079 1010
195081 215160 1106
195081 215166 608
215163 194831 1182
215163 215160 1052
215163 215164 1224
215159 212659 924
215159 215158 1040
215159 215166 598
215166 195081 608
215166 214393 965
215166 215159 598
215166 215162 1070
207711 201802 2032
207711 212658 2187
207711 212660 179
200642 200641 1334
200642 214838 1739
200642 214839 347
201200 201195 1346
201200 214839 1399
215160 195081 1106
215160 215161 848
215160 215162 688
215160 215163 1052
215164 194835 1069
215164 215163 1224
215164 215169 942
215158 215159 1040
215158 215162 641
215158 215167 851
215162 215158 641
215162 215160 688
215162 215166 1070
215162 215168 848
201802 198931 1200
201802 207711 2032
201802 214767 100
212660 207711 179
212660 215179 437
212660 215180 867
200641 200642 1334
214838 200642 1739
201195 201194 4292
201195 201197 293
201195 201200 1346
215161 215160 848
215161 215168 750
215161 215169 555
215161 215170 943
194835 194836 483
194835 215164 1069
215169 215161 555
215169 215164 942
215169 215172 793
215169 215173 357
215167 215158 851
215167 215168 674
215167 215171 668
215168 215161 750
215168 215162 848
215168 215167 674
215168 215172 684
198931 201802 1200
214767 195080 729
214767 201802 100
214767 215157 195
215179 212660 437
215179 215181 722
215180 212660 867
201194 201195 4292
201197 201195 293
215170 215161 943
194836 194835 483
194836 195080 740
194836 215177 106
215172 215168 684
215172 215169 793
215172 215171 702
215172 215175 243
215173 215169 357
215173 215175 814
215173 215176 261
215171 215167 668
215171 215172 702
215171 215174 277
195080 194836 740
195080 214767 729
195080 215165 194
215157 214767 195
215157 215165 720
215157 215174 210
215181 215179 722
215177 194836 106
215177 215176 90
215177 215178 549
215175 215165 234
215175 215172 243
215175 215173 814
215175 215174 711
215176 215165 778
215176 215173 261
215176 215177 90
215174 215157 210
215174 215171 277
215174 215175 711
215165 195080 194
215165 215157 720
215165 215175 234
215165 215176 778
215178 215177 549
14
201200
201195
194835
198931
215179
201194
201197
194836
195080
215181
215177
215176
215165
215178
