16
162188 162190 337
162190 162188 337
169590 169589 837
169589 169590 837
170466 170465 759
170461 170468 767
170465 170466 759
170468 170098 582
170468 170461 767
170098 170468 582
170557 170558 667
170558 170557 667
169555 169561 759
169561 169555 759
169561 169557 1701
169557 169561 1701
36
162188
162190
162023
162198
162203
162201
162217
169590
169636
169610
169589
169462
169284
169662
170527
170519
170517
170677
168362
170080
170466
170461
170465
170468
170548
170552
170096
170550
170557
170558
170553
169555
172568
169690
169557
169686
