22
127217 127216 928
127216 127217 928
127069 127079 2706
127079 127069 2706
127189 127193 355
127193 127189 355
127308 127319 1517
127319 127308 1517
127331 127335 766
127335 127331 766
127335 127336 790
127336 127335 790
126871 126870 1534
126871 126870 1534
126870 126871 1534
126870 126871 1534
126843 126845 1029
126845 126843 1029
126845 126844 928
126844 126845 928
126848 126879 1147
126879 126848 1147
37
127211
127175
127217
127216
127195
127069
127081
127079
127083
127136
127139
127180
132484
127189
127193
127274
127279
127308
127319
127331
127335
127336
126871
126898
46205
132312
126857
126862
126860
126843
126844
126848
126879
126886
46194
46183
46204
