528
124457 124458 1280
124458 124457 1280
124458 127680 976
124458 128119 1147
127680 124458 976
127680 127679 4267
127680 128116 1674
127680 128118 976
128119 124458 1147
127679 127678 673
127679 127680 4267
127679 127682 1035
128116 127680 1674
128116 128117 404
128116 128120 1009
128116 128124 1726
128118 127680 976
128118 128120 2005
128118 128121 790
127678 127666 404
127678 127670 3043
127678 127679 673
127682 127679 1035
127682 127681 688
127682 128114 1700
128117 128116 404
128120 128116 1009
128120 128118 2005
128120 128125 1672
128120 128131 613
128124 128116 1726
128124 128123 1323
128124 128125 739
128124 128126 1953
128121 128118 790
128121 128122 872
128121 128131 1624
127666 127355 1413
127666 127369 782
127666 127668 1920
127666 127671 2016
127666 127678 404
127666 127681 1700
127670 127669 2709
127670 127678 3043
127670 127683 1437
127681 127375 893
127681 127666 1700
127681 127682 688
127681 127991 1718
128114 127682 1700
128114 127991 796
128114 128115 344
128114 128123 1989
128125 128120 1672
128125 128124 739
128125 128129 810
128131 128120 613
128131 128121 1624
128131 128132 606
128123 128001 688
128123 128114 1989
128123 128124 1323
128123 128126 1718
128126 128123 1718
128126 128124 1953
128126 128127 683
128122 128121 872
128122 128133 337
128122 128134 1255
127355 127353 874
127355 127666 1413
127369 127358 667
127369 127375 1718
127369 127666 782
127668 127666 1920
127668 127667 337
127668 127672 2044
127671 127666 2016
127671 127667 829
127671 127674 1331
127669 127670 2709
127669 127684 947
127669 128141 964
127683 127670 1437
127375 127369 1718
127375 127374 562
127375 127681 893
127375 127990 1617
127991 127681 1718
127991 127990 796
127991 128001 1967
127991 128114 796
128115 128114 344
128129 128125 810
128129 128128 1764
128132 128131 606
128132 128135 581
128132 128172 2059
128001 127991 1967
128001 127998 2424
128001 128000 782
128001 128123 688
128127 128010 452
128127 128126 683
128127 128128 356
128133 128122 337
128133 128135 672
128133 128137 630
128134 128122 1255
128134 128151 1578
127353 127300 879
127353 127355 874
127353 127357 1780
127358 127357 688
127358 127369 667
127358 127374 1617
127667 127668 337
127667 127671 829
127667 127672 1902
127672 127667 1902
127672 127668 2044
127672 127673 1121
127674 127671 1331
127674 127673 1284
127684 127669 947
127684 127692 1264
127684 127710 1000
127684 128147 1056
128141 127669 964
127374 127358 1617
127374 127368 1032
127374 127375 562
127374 127988 568
127990 127375 1617
127990 127989 556
127990 127991 796
127990 128000 2050
128128 128035 850
128128 128127 356
128128 128129 1764
128135 128132 581
128135 128133 672
128135 128136 1262
128172 128132 2059
128172 128136 2578
127998 127999 1332
127998 128001 2424
127998 128010 344
128000 127990 2050
128000 127997 672
128000 128001 782
128000 128008 1185
128010 127998 344
128010 128034 739
128010 128127 452
128137 128133 630
128137 128139 697
128151 128134 1578
128151 128148 518
128151 128157 1367
127300 127291 906
127300 127353 879
127300 127354 2014
127300 127441 4008
127357 127353 1780
127357 127356 445
127357 127358 688
127357 127370 850
127673 127672 1121
127673 127674 1284
127673 127675 1032
127692 127684 1264
127692 127691 590
127692 127704 511
127710 127684 1000
127710 127705 850
127710 127711 1467
127710 128144 1226
128147 127684 1056
128147 128149 1123
127368 127366 683
127368 127367 1344
127368 127372 683
127368 127374 1032
127988 127374 568
127988 127987 799
127989 127987 337
127989 127990 556
127989 127997 1989
128035 128034 1116
128035 128128 850
128136 128135 1262
128136 128172 2578
127999 127992 1452
127999 127998 1332
127997 127989 1989
127997 127992 452
127997 128000 672
128008 128000 1185
128034 128010 739
128034 128033 474
128034 128035 1116
128139 128137 697
128148 128144 1101
128148 128149 1124
128148 128150 1357
128148 128151 518
128157 128151 1367
127291 127290 4000
127291 127300 906
127354 127300 2014
127354 127350 752
127354 127352 697
127441 127300 4008
127441 127440 4740
127441 132397 3076
127356 127350 782
127356 127357 445
127356 127366 843
127370 127357 850
127675 127673 1032
127675 127676 2409
127675 127677 1592
127691 127677 953
127691 127692 590
127691 127693 1336
127704 127692 511
127704 127705 688
127705 127693 953
127705 127704 688
127705 127707 782
127705 127710 850
127711 127708 934
127711 127710 1467
127711 127712 1248
127711 128146 1269
128144 127710 1226
128144 128145 452
128144 128146 1701
128144 128148 1101
128149 128147 1123
128149 128148 1124
127366 127356 843
127366 127365 1140
127366 127368 683
127367 127361 518
127367 127368 1344
127367 127371 678
127372 127368 683
127372 127371 1576
127372 127376 452
127372 127983 674
127987 127983 924
127987 127988 799
127987 127989 337
127992 127984 940
127992 127997 452
127992 127999 1452
128033 128030 808
128033 128034 474
128033 128036 404
128150 128146 1105
128150 128148 1357
128150 128152 452
127290 127289 506
127290 127291 4000
127350 127349 2248
127350 127354 752
127350 127356 782
127350 127365 752
127352 127293 2985
127352 127297 612
127352 127354 697
127440 127441 4740
127440 127455 792
127440 127629 3345
132397 127441 3076
132397 132399 3594
127676 127675 2409
127676 132314 288
127677 127675 1592
127677 127686 683
127677 127690 1248
127677 127691 953
127693 127690 767
127693 127691 1336
127693 127705 953
127693 127706 1375
127707 127705 782
127708 127706 767
127708 127709 1375
127708 127711 934
127712 127709 872
127712 127711 1248
127712 127719 111
128146 127711 1269
128146 128144 1701
128146 128150 1105
128145 128144 452
127365 127350 752
127365 127361 337
127365 127366 1140
127361 127351 1565
127361 127365 337
127361 127367 518
127371 127360 752
127371 127367 678
127371 127372 1576
127376 127372 452
127983 127372 674
127983 127373 556
127983 127987 924
127983 127996 1700
127984 127985 970
127984 127992 940
127984 127993 713
128030 128031 1781
128030 128033 808
128036 128033 404
128036 128037 1534
128036 128038 810
128152 128150 452
128152 128153 279
127289 127148 674
127289 127290 506
127349 127347 667
127349 127350 2248
127349 127351 1101
127293 127288 2337
127293 127294 751
127293 127352 2985
127297 127294 2294
127297 127299 1222
127297 127352 612
127455 127440 792
127629 127440 3345
127629 127487 940
127629 127631 984
132399 132397 3594
132314 127676 288
132314 132402 185
127686 127660 872
127686 127677 683
127686 127687 1225
127690 127677 1248
127690 127687 850
127690 127693 767
127690 127694 1454
127706 127693 1375
127706 127694 953
127706 127708 767
127706 127713 1344
127709 127708 1375
127709 127712 872
127709 127713 934
127719 127712 111
127719 127720 452
127351 127349 1101
127351 127360 2088
127351 127361 1565
127360 127351 2088
127360 127371 752
127360 127373 1357
127360 127979 552
127373 127360 1357
127373 127983 556
127373 127986 953
127996 127983 1700
127985 127979 1305
127985 127984 970
127993 127981 885
127993 127984 713
127993 127994 2583
128031 128030 1781
128031 128032 953
128037 128036 1534
128037 128040 934
128038 128032 697
128038 128036 810
128038 128040 2092
128153 128152 279
128153 128154 688
128153 128158 1981
127148 127147 1145
127148 127149 1454
127148 127284 3166
127148 127289 674
127347 127344 1269
127347 127346 333
127347 127349 667
127288 127287 610
127288 127293 2337
127288 127294 2363
127294 127288 2363
127294 127293 751
127294 127297 2294
127294 127298 874
127299 127297 1222
127299 127298 1346
127299 127344 893
127487 127485 985
127487 127629 940
127631 127629 984
127631 127635 337
132402 132314 185
132402 132403 682
132402 132404 517
127660 127659 337
127660 127685 1114
127660 127686 872
127687 127685 850
127687 127686 1225
127687 127689 1375
127687 127690 850
127694 127689 674
127694 127690 1454
127694 127700 1248
127694 127706 953
127713 127700 850
127713 127706 1344
127713 127709 934
127720 127719 452
127720 127721 1004
127720 128154 2409
127979 127360 552
127979 127364 1565
127979 127978 767
127979 127985 1305
127986 127373 953
127981 127980 874
127981 127993 885
127981 127995 276
127994 127993 2583
128032 128031 953
128032 128038 697
128032 128039 874
128040 128037 934
128040 128038 2092
128154 127720 2409
128154 128153 688
128154 128155 1467
128154 128162 2970
128158 128153 1981
128158 128159 2285
128158 128161 1102
127147 127146 552
127147 127148 1145
127147 127269 1317
127149 127148 1454
127149 127448 1248
127284 127148 3166
127284 127285 1868
127344 127299 893
127344 127343 667
127344 127347 1269
127346 127345 475
127346 127347 333
127346 127348 518
127287 127278 1228
127287 127286 436
127287 127288 610
127298 127294 874
127298 127295 612
127298 127299 1346
127485 127464 2609
127485 127484 789
127485 127486 1055
127485 127487 985
127635 127631 337
127635 127638 767
132403 132402 682
132404 132402 517
127659 127655 953
127659 127660 337
127685 127660 1114
127685 127661 953
127685 127687 850
127685 127688 1467
127689 127687 1375
127689 127688 953
127689 127694 674
127689 127698 1344
127700 127694 1248
127700 127698 767
127700 127713 850
127721 127720 1004
127721 128155 2425
127364 127348 2865
127364 127979 1565
127978 127979 767
127978 127980 906
127980 127978 906
127980 127981 874
127995 127981 276
128039 128032 874
128155 127721 2425
128155 128154 1467
128162 128154 2970
128162 128161 1357
128159 128158 2285
128161 128158 1102
128161 128162 1357
127146 127147 552
127269 127147 1317
127448 127149 1248
127285 127284 1868
127343 127295 1366
127343 127344 667
127343 127345 1118
127345 127343 1118
127345 127346 475
127348 127346 518
127348 127364 2865
127278 127287 1228
127286 127287 436
127295 127298 612
127295 127343 1366
127464 127485 2609
127484 127485 789
127486 127485 1055
127638 127635 767
127655 127659 953
127661 127685 953
127688 127685 1467
127688 127689 953
127698 127689 1344
127698 127700 767
47
128131
128129
128132
128128
128135
128172
128137
128035
128136
128034
128139
128157
128033
128030
128036
128031
128037
128038
128032
128040
127700
127721
127364
127978
127980
127995
128039
128155
128162
128159
128161
127146
127448
127285
127343
127345
127348
127278
127295
127464
127484
127486
127638
127655
127661
127688
127698
