18
190088 190098 699
190098 190088 699
189987 189997 629
189997 189987 629
189967 190677 169
189973 189974 665
190677 189967 169
190677 190678 115
190678 190677 115
189974 189973 665
142209 142217 750
142214 142339 1443
142339 142214 1443
142346 142356 1445
142356 142346 1445
141425 141424 826
141424 141425 826
142217 142209 750
38
190082
190088
190098
190105
190113
190448
190319
190115
189987
189990
189994
189997
190076
189967
189973
190677
190678
189974
190563
190315
142209
142214
142339
142346
142356
141378
141431
141427
141425
141424
142160
142178
142202
142200
142217
141512
141653
151904
