18
91280 91281 930
91281 91280 930
83709 83708 1527
83708 83709 1527
81360 86736 470
86726 86704 465
86735 86741 793
86736 81360 470
86741 86735 793
86748 86749 713
86704 86726 465
86749 86748 713
86770 86807 846
86808 86807 951
86808 86809 848
86809 86808 848
86807 86770 846
86807 86808 951
38
85287
91280
91340
91281
85328
82113
82124
83545
82132
82172
82173
90967
83536
83583
83550
83578
82206
83548
83386
83389
83617
83734
83709
83708
91923
86726
86735
86736
86741
86748
86696
86749
86763
86770
86808
86809
87005
86807
