18
37142 37143 884
37177 37178 336
37178 37177 336
37052 37045 788
37045 37052 788
36989 36987 1967
38182 38184 788
38184 38182 788
38184 38201 276
36987 36989 1967
36993 36994 1085
36993 36997 2205
36997 36993 2205
36997 37147 557
37147 36997 557
36994 36993 1085
37143 37142 884
38201 38184 276
33
103931
103890
103887
39040
39072
39121
36899
39073
37190
37194
39272
37142
37173
37177
37171
37183
37045
38151
38180
37020
37021
37017
37030
36989
38182
36987
36994
37128
37143
37126
38198
38201
38221
