18
133229 133234 751
133234 133229 751
133234 133235 1139
133235 133234 1139
133360 133361 475
133360 133613 1854
133382 133361 2597
133382 133384 750
133383 133384 2279
133613 133360 1854
133361 133360 475
133361 133382 2597
133384 133382 750
133384 133383 2279
133621 133630 2459
133627 133630 336
133630 133621 2459
133630 133627 336
36
249194
249231
133103
133126
133129
133205
133211
133215
133218
133219
133229
133234
133235
133485
133486
133488
133496
133499
133394
133410
133360
133382
133374
133375
133383
133613
133384
133618
133621
133634
133635
133692
251312
133676
133673
133873
