544
36955 36956 369
36955 46826 148
36956 36955 369
46826 36955 148
46826 46827 552
46827 46825 747
46827 46826 552
46827 46828 1831
46827 46829 984
46825 46823 677
46825 46827 747
46825 46847 871
46828 46827 1831
46828 46830 253
46828 46836 421
46829 46827 984
46829 46837 1594
46829 46847 818
46829 46848 752
46823 46822 817
46823 46824 168
46823 46825 677
46847 46825 871
46847 46829 818
46847 46839 1830
46830 36960 228
46830 46828 253
46830 46834 1730
46836 46828 421
46836 46835 1742
46836 46837 600
46837 46829 1594
46837 46836 600
46837 46852 253
46848 46829 752
46848 46840 2679
46848 46849 709
46848 46850 1221
46822 46821 276
46822 46823 817
46824 46823 168
46839 41498 373
46839 46840 827
46839 46847 1830
36960 46830 228
46834 46830 1730
46834 46832 751
46834 46835 933
46835 46833 818
46835 46834 933
46835 46836 1742
46852 46837 253
46852 46850 589
46852 46853 3483
46840 46839 827
46840 46841 817
46840 46842 605
46840 46848 2679
46849 46842 2511
46849 46848 709
46849 46851 984
46850 46848 1221
46850 46851 758
46850 46852 589
46850 46854 3675
46821 46822 276
41498 41493 1730
41498 46839 373
46832 46815 789
46832 46833 1225
46832 46834 751
46833 46817 818
46833 46832 1225
46833 46835 818
46853 46817 871
46853 46852 3483
46853 46854 709
46853 46892 2928
46841 41499 1357
46841 46840 817
46842 46840 605
46842 46843 1220
46842 46844 952
46842 46849 2511
46851 46849 984
46851 46850 758
46851 46855 2273
46851 46856 3804
46854 46850 3675
46854 46853 709
46854 46856 683
46854 46893 2903
41493 41491 828
41493 41496 2543
41493 41498 1730
41493 41499 709
46815 46816 747
46815 46817 1419
46815 46832 789
46817 46815 1419
46817 46833 818
46817 46853 871
46817 46891 688
46892 46853 2928
46892 46878 828
46892 46893 790
46892 46894 688
41499 41493 709
41499 41501 677
41499 46841 1357
46843 41501 984
46843 46842 1220
46844 46842 952
46844 46845 1797
46844 46857 984
46855 46851 2273
46855 46859 253
46856 46851 3804
46856 46854 683
46856 46951 1140
46893 46854 2903
46893 46892 790
46893 46895 318
46893 46896 367
41491 41493 828
41496 41488 952
41496 41493 2543
41496 41495 2068
41496 41497 1281
46816 46815 747
46816 46874 418
46816 46875 709
46891 46817 688
46891 46875 871
46891 46878 2111
46878 46877 683
46878 46883 1548
46878 46891 2111
46878 46892 828
46894 46892 688
46894 46899 153
41501 41499 677
41501 41500 713
41501 46843 984
46845 41505 1067
46845 46844 1797
46857 46844 984
46857 46858 1398
46857 46859 2515
46859 46855 253
46859 46857 2515
46859 46860 582
46951 46856 1140
46951 46952 238
46895 38662 393
46895 46893 318
46896 46893 367
46896 46898 2063
41488 41486 828
41488 41494 1933
41488 41496 952
41495 38706 373
41495 41494 984
41495 41496 2068
41497 38709 2243
41497 41496 1281
41497 41500 1664
46874 46816 418
46874 46876 752
46875 46816 709
46875 46876 511
46875 46891 871
46877 38804 2048
46877 46873 677
46877 46878 683
46883 46878 1548
46883 46884 581
46899 46894 153
46899 46897 1352
41500 41497 1664
41500 41501 713
41500 41505 1080
41505 41500 1080
41505 41504 4040
41505 41508 630
41505 46845 1067
46858 41511 1412
46858 46857 1398
46858 47487 817
46860 46859 582
46860 46861 1163
46860 46862 539
46952 46951 238
46952 46953 1161
46952 46954 741
38662 38557 790
38662 38661 441
38662 46895 393
38662 46902 2388
46898 46889 1396
46898 46896 2063
46898 46897 807
46898 46902 871
41486 38128 1967
41486 41488 828
41494 38128 751
41494 38134 747
41494 41488 1933
41494 41495 984
38706 38134 1009
38706 38707 1831
38706 38709 1146
38706 41495 373
38709 38701 4907
38709 38706 1146
38709 41497 2243
38709 41504 1104
46876 46873 1577
46876 46874 752
46876 46875 511
38804 38803 548
38804 46877 2048
38804 46885 129
46873 46876 1577
46873 46877 677
46884 46881 1587
46884 46883 581
46884 46886 98
46884 46897 875
46897 46884 875
46897 46887 1631
46897 46898 807
46897 46899 1352
41504 38709 1104
41504 41505 4040
41504 41506 709
41508 41505 630
41508 41506 4071
41508 47487 610
41508 47488 336
41511 41507 4362
41511 41509 2986
41511 46858 1412
41511 46862 4899
47487 41508 610
47487 46858 817
46861 46860 1163
46861 46863 1221
46862 41511 4899
46862 46860 539
46862 47489 3
46953 38661 34
46953 46952 1161
46954 46952 741
46954 46955 346
46954 46957 368
46954 46958 769
38557 38556 981
38557 38662 790
38557 46960 871
38557 46963 2262
38661 38662 441
38661 46953 34
46902 38662 2388
46902 46898 871
46902 46901 1672
46902 46903 752
46889 46887 790
46889 46898 1396
46889 46900 1907
46889 46901 807
38128 38129 1055
38128 41486 1967
38128 41494 751
38134 38129 948
38134 38135 2418
38134 38706 1009
38134 41494 747
38707 38706 1831
38701 38119 1210
38701 38704 2181
38701 38708 1339
38701 38709 4907
38803 38804 548
38803 46886 182
46885 38804 129
46885 46882 104
46881 46880 828
46881 46884 1587
46881 46887 879
46881 46888 1769
46886 38803 182
46886 46884 98
46887 46881 879
46887 46889 790
46887 46890 1811
46887 46897 1631
41506 38739 1612
41506 41504 709
41506 41507 276
41506 41508 4071
47488 41508 336
41507 38744 1293
41507 38748 337
41507 41506 276
41507 41511 4362
41509 38748 1483
41509 41511 2986
41509 41512 849
46863 46861 1221
46863 46864 238
46863 46865 2441
47489 46862 3
47489 46868 1004
47489 47490 547
46955 46954 346
46957 46954 368
46957 46956 83
46958 46954 769
46958 46959 149
38556 38557 981
38556 46956 180
46960 38557 871
46960 46961 697
46960 46963 2366
46960 46965 807
46963 38557 2262
46963 46903 279
46963 46960 2366
46901 46889 807
46901 46902 1672
46901 46904 952
46903 44186 1080
46903 46902 752
46903 46905 747
46903 46963 279
46900 46889 1907
46900 46890 828
46900 46909 924
46900 46910 1545
38129 38128 1055
38129 38133 2068
38129 38134 948
38135 38131 984
38135 38133 1104
38135 38134 2418
38119 38131 1022
38119 38132 1022
38119 38701 1210
38704 38700 1502
38704 38701 2181
38704 38711 537
38704 38715 924
38708 38701 1339
38708 38715 1357
38708 38739 3401
46882 46880 1258
46882 46885 104
46880 46761 1027
46880 46765 789
46880 46881 828
46880 46882 1258
46888 46763 879
46888 46790 2418
46888 46881 1769
46888 46890 807
46890 46792 2322
46890 46887 1811
46890 46888 807
46890 46900 828
38739 38708 3401
38739 41506 1612
38744 38741 1935
38744 41507 1293
38748 38747 2956
38748 41507 337
38748 41509 1483
38748 41510 1027
41512 41509 849
41512 41510 1188
41512 41517 373
46864 46863 238
46864 46866 605
46864 46867 736
46865 46863 2441
46865 50481 202
46868 46866 1768
46868 47489 1004
47490 47489 547
47490 47491 1903
47490 47492 910
46956 38556 180
46956 46957 83
46959 46958 149
46961 46950 610
46961 46960 697
46965 44186 2614
46965 46960 807
46904 46901 952
46904 46905 951
46904 46931 253
44186 44185 445
44186 46903 1080
44186 46906 713
44186 46965 2614
46905 46903 747
46905 46904 951
46905 46906 1153
46909 46900 924
46909 46911 747
46909 46913 1211
46910 46900 1545
46910 46913 837
46910 46927 373
38133 38129 2068
38133 38135 1104
38131 38119 1022
38131 38135 984
38132 38119 1022
38132 38130 2693
38132 38700 1534
38700 38132 1534
38700 38687 373
38700 38688 1363
38700 38704 1502
38711 38704 537
38711 38705 344
38715 38704 924
38715 38708 1357
38715 38716 373
38715 38717 1206
46761 46764 697
46761 46879 456
46761 46880 1027
46765 46763 885
46765 46764 1080
46765 46880 789
46763 46754 1141
46763 46765 885
46763 46789 789
46763 46888 879
46790 46787 879
46790 46791 1134
46790 46792 752
46790 46888 2418
46792 46790 752
46792 46890 2322
46792 46907 1323
46792 46908 1009
38741 38720 2824
38741 38744 1935
38747 38746 111
38747 38748 2956
38747 38749 985
41510 38748 1027
41510 41512 1188
41510 41513 1694
41510 41515 3069
41517 41512 373
46866 46864 605
46866 46868 1768
46866 46869 736
46866 46870 289
46867 46864 736
46867 46869 622
46867 48499 1179
50481 46865 202
47491 47490 1903
47491 47493 881
47492 47490 910
47492 47493 1901
47492 47498 238
46950 46949 322
46950 46961 610
46950 46962 844
46950 46973 1396
46931 46904 253
46931 46930 789
46931 46932 1153
44185 44186 445
44185 46962 4261
44185 46964 205
46906 44186 713
46906 46905 1153
46906 46932 1067
46911 46908 837
46911 46909 747
46911 46912 1282
46913 46909 1211
46913 46910 837
46913 46912 713
46927 46910 373
46927 46929 746
46927 46930 747
38130 38132 2693
38687 38700 373
38687 38705 1555
38688 38700 1363
38705 38687 1555
38705 38711 344
38716 38715 373
38716 38720 139
38717 38715 1206
46764 46754 789
46764 46761 697
46764 46765 1080
46879 46761 456
46754 46763 1141
46754 46764 789
46789 46763 789
46789 46787 1631
46787 46789 1631
46787 46790 879
46791 46790 1134
46907 46792 1323
46908 46792 1009
46908 46911 837
38720 38716 139
38720 38741 2824
38746 38747 111
38749 38747 985
38749 41515 49
41513 41510 1694
41515 38749 49
41515 41510 3069
46869 46866 736
46869 46867 622
46870 46866 289
48499 46867 1179
47493 47491 881
47493 47492 1901
47498 47492 238
46949 46950 322
46962 44185 4261
46962 46950 844
46973 46950 1396
46930 46927 747
46930 46931 789
46932 46906 1067
46932 46931 1153
46964 44185 205
46912 46911 1282
46912 46913 713
46929 46927 746
120
36956
46825
46823
46847
46822
46824
46839
36960
46840
46821
41498
46841
46842
41493
41499
46843
46844
41491
41496
41501
46845
46857
46859
41488
41495
41497
46874
41500
41505
46858
46860
41486
41494
38706
38709
46876
38804
46873
41504
41508
41511
47487
46861
46862
38128
38134
38707
38701
38803
46885
46886
41506
47488
41507
41509
46863
47489
38129
38135
38119
38704
38708
46882
46880
38739
38744
38748
41512
46864
46865
46868
47490
38133
38131
38132
38700
38711
38715
46761
46765
46763
38741
38747
41510
41517
46866
46867
50481
47491
47492
38130
38687
38688
38705
38716
38717
46764
46879
46754
46789
46787
46791
46908
38720
38746
38749
41513
41515
46869
46870
48499
47493
47498
46962
46973
46930
46932
46964
46912
46929
