18
141327 141328 453
141328 141327 453
141397 141401 337
141401 141397 337
141118 141132 1416
141132 141118 1416
189844 189843 772
189843 189844 772
189930 190332 377
190332 189930 377
190336 190340 1073
190340 190336 1073
186606 189695 883
189695 186606 883
190373 190364 861
190364 190373 861
140029 140027 330
140027 140029 330
37
195526
196191
196193
196205
196270
196213
196210
141327
141328
141381
141382
141397
141401
144193
141040
141118
141131
141310
141132
189895
189844
189843
189930
189934
190332
190336
190342
189695
189697
190373
190364
140029
140039
140040
139803
140027
140072
