14
166864 166845 1614
166868 166872 600
166872 166868 600
185091 185092 475
185092 185091 475
166620 166616 337
166616 166620 337
166989 166983 1268
166983 166989 1268
166921 166919 1636
166919 166921 1636
166847 166845 1306
166845 166847 1306
166845 166864 1614
36
180622
166864
166868
166872
185091
185092
185144
185159
185154
185149
166591
166512
166596
166620
166624
166623
166617
166616
166609
166976
166989
166983
166652
166667
166858
166860
166921
166919
166931
166981
166315
166835
166847
180600
180595
180563
