14
203842 203841 594
203841 203842 594
208686 208687 501
208695 208694 1141
204849 204850 1823
204850 204849 1823
208687 208686 501
208715 208713 1898
208715 208714 776
208694 208695 1141
208713 208715 1898
208714 208715 776
208740 208742 275
208742 208740 275
34
145874
146082
146088
146105
146107
151481
149092
151658
151573
151572
146114
146116
203842
204461
203841
214419
215023
208649
214862
214651
208695
204849
204850
214213
205282
208747
208715
208693
208694
208714
208721
208736
208771
208742
