668
186872 186873 547
186872 186874 762
186872 188711 803
186872 188717 1519
186873 186872 547
186873 186875 769
186873 190648 4329
186874 186872 762
186874 186875 523
186874 188675 810
186874 188702 1518
188711 186872 803
188711 188708 761
188711 188710 1478
188717 186872 1519
188717 188702 722
188717 188710 801
188717 188719 1632
186875 186873 769
186875 186874 523
186875 188659 2497
186875 188674 761
190648 186873 4329
190648 190647 786
190648 190649 1528
190648 190663 563
188675 186874 810
188675 188673 853
188675 188674 512
188675 188701 1518
188702 186874 1518
188702 188701 850
188702 188713 1662
188702 188717 722
188708 188706 1519
188708 188709 812
188708 188711 761
188710 188706 762
188710 188711 1478
188710 188717 801
188710 188718 1649
188719 188713 851
188719 188717 1632
188719 188718 769
188719 188721 1471
188659 186875 2497
188659 188657 2710
188659 188658 769
188659 190651 1829
188674 186875 761
188674 188658 2514
188674 188675 512
190647 188781 1738
190647 188783 1578
190647 190648 786
190649 190648 1528
190649 190650 3028
190649 190651 3360
190649 190656 601
190649 190656 601
190663 190648 563
190663 190656 1392
188673 188660 3004
188673 188672 778
188673 188675 853
188673 188677 1542
188701 188675 1518
188701 188677 778
188701 188702 850
188701 188712 1616
188713 188702 1662
188713 188712 731
188713 188719 851
188713 188720 1444
188706 188707 860
188706 188708 1519
188706 188710 762
188706 188716 1648
188709 188707 1493
188709 188708 812
188709 188714 827
188718 188710 1649
188718 188716 803
188718 188719 769
188718 188723 1453
188721 188719 1471
188721 188720 721
188721 188723 843
188721 188887 1510
188657 188650 737
188657 188656 2141
188657 188659 2710
188657 190653 977
188658 188650 2727
188658 188659 769
188658 188660 844
188658 188674 2514
190651 188659 1829
190651 190649 3360
190651 190652 844
188781 188779 1528
188781 188782 827
188781 188783 737
188781 190647 1738
188783 188608 1518
188783 188714 803
188783 188781 737
188783 190647 1578
190650 188648 1648
190650 188651 1670
190650 190649 3028
190650 190655 3794
190650 190661 1243
190656 190649 601
190656 190649 601
190656 190659 3651
190656 190663 1392
188660 188649 2731
188660 188658 844
188660 188661 785
188660 188673 3004
188672 188661 2980
188672 188671 843
188672 188673 778
188672 188676 1585
188677 188673 1542
188677 188676 859
188677 188701 778
188677 188704 1641
188712 188701 1616
188712 188704 826
188712 188713 731
188712 188722 1534
188720 188713 1444
188720 188721 721
188720 188722 826
188720 188889 1578
188707 188607 785
188707 188706 860
188707 188709 1493
188707 188715 1665
188716 188706 1648
188716 188715 828
188716 188718 803
188716 188882 1446
188714 188607 1535
188714 188709 827
188714 188783 803
188723 188718 1453
188723 188721 843
188723 188882 737
188723 188888 1600
188887 188721 1510
188887 188888 791
188887 188889 810
188887 188891 2189
188650 187493 2106
188650 188649 803
188650 188657 737
188650 188658 2727
188656 187491 453
188656 188655 552
188656 188657 2141
190653 188657 977
190653 190652 465
190653 190654 493
190652 190651 844
190652 190653 465
188779 188608 721
188779 188780 893
188779 188781 1528
188779 188792 1623
188782 188780 1575
188782 188781 827
188782 188788 794
188608 188606 1665
188608 188607 794
188608 188779 721
188608 188783 1518
188648 187469 2735
188648 188647 761
188648 188651 817
188648 190650 1648
188651 187471 2718
188651 188648 817
188651 188654 844
188651 190650 1670
190655 188655 1224
190655 190650 3794
190655 190654 1425
190661 188647 1636
190661 190650 1243
190659 190656 3651
188649 187494 1705
188649 187551 933
188649 188650 803
188649 188660 2731
188661 187551 2734
188661 188660 785
188661 188662 828
188661 188672 2980
188671 188662 3070
188671 188670 753
188671 188672 843
188671 188678 1510
188676 188672 1585
188676 188677 859
188676 188678 818
188676 188703 1574
188704 188677 1641
188704 188703 812
188704 188712 826
188704 188724 1494
188722 188712 1534
188722 188720 826
188722 188724 828
188722 188890 1519
188889 188720 1578
188889 188887 810
188889 188890 794
188889 188893 2113
188607 188605 1698
188607 188608 794
188607 188707 785
188607 188714 1535
188715 188605 762
188715 188707 1665
188715 188716 828
188715 188880 1425
188882 188716 1446
188882 188723 737
188882 188880 794
188882 188886 1526
188888 188723 1600
188888 188886 802
188888 188887 791
188888 188892 2147
188891 188887 2189
188891 188892 828
188891 188893 746
188891 188903 1150
188891 188905 956
187493 187483 645
187493 187491 422
187493 187494 899
187493 188650 2106
187491 187492 468
187491 187493 422
187491 188656 453
188655 187490 312
188655 188656 552
188655 190654 2091
188655 190655 1224
190654 188655 2091
190654 190653 493
190654 190655 1425
188780 188779 893
188780 188782 1575
188780 188789 802
188780 188790 1627
188792 188606 762
188792 188779 1623
188792 188790 771
188792 188802 1469
188788 188782 794
188788 188789 1550
188788 188794 763
188606 188605 818
188606 188608 1665
188606 188792 762
188606 188883 1471
187469 187459 710
187469 187470 761
187469 187471 850
187469 188648 2735
188647 187470 2735
188647 188646 885
188647 188648 761
188647 190661 1636
187471 187458 278
187471 187461 351
187471 187469 850
187471 188651 2718
188654 188651 844
188654 188652 2440
188654 188653 761
187494 187481 1036
187494 187493 899
187494 187549 919
187494 188649 1705
187551 187549 1358
187551 187550 754
187551 188649 933
187551 188661 2734
188662 187550 2628
188662 188661 828
188662 188663 793
188662 188671 3070
188670 188663 3069
188670 188667 812
188670 188671 753
188670 188679 1494
188678 188671 1510
188678 188676 818
188678 188679 762
188678 188705 1576
188703 188676 1574
188703 188704 812
188703 188705 860
188703 188725 1537
188724 188704 1494
188724 188722 828
188724 188725 851
188724 188751 1519
188890 188722 1519
188890 188751 828
188890 188889 794
188890 188894 2155
188893 188889 2113
188893 188891 746
188893 188894 833
188893 188905 1040
188893 188932 817
188605 188606 818
188605 188607 1698
188605 188715 762
188605 188881 1428
188880 188715 1425
188880 188881 828
188880 188882 794
188880 188884 1534
188886 188882 1526
188886 188884 778
188886 188888 802
188886 188902 2262
188892 188888 2147
188892 188891 828
188892 188902 780
188892 188904 914
188903 188891 1150
188903 188946 1126
188903 188953 1132
188905 188891 956
188905 188893 1040
188905 188906 81
187483 187423 2686
187483 187481 860
187483 187492 311
187483 187493 645
187492 187483 311
187492 187486 485
187492 187491 468
187490 187487 510
187490 187488 974
187490 188655 312
188789 188780 802
188789 188788 1550
188789 188791 1659
188789 188793 737
188790 188780 1627
188790 188791 819
188790 188792 771
188790 188800 1403
188802 188792 1469
188802 188800 817
188802 188883 801
188802 188895 1552
188794 188788 763
188794 188793 1543
188794 188795 801
188883 188606 1471
188883 188802 801
188883 188881 778
188883 188896 1501
187459 187444 1969
187459 187458 970
187459 187464 898
187459 187469 710
187470 187464 1070
187470 187469 761
187470 187473 828
187470 188647 2735
188646 187473 2726
188646 188645 762
188646 188647 885
187458 187445 2482
187458 187459 970
187458 187461 386
187458 187471 278
187461 187458 386
187461 187460 541
187461 187471 351
187461 188652 605
188652 187460 318
188652 187461 605
188652 187479 880
188652 188654 2440
188653 187479 1991
188653 187489 818
188653 188654 761
187481 187432 2662
187481 187480 776
187481 187483 860
187481 187494 1036
187549 187480 1365
187549 187494 919
187549 187543 839
187549 187551 1358
187550 187543 1184
187550 187551 754
187550 187552 786
187550 188662 2628
188663 187552 2719
188663 188662 793
188663 188664 786
188663 188670 3069
188667 188664 3020
188667 188666 769
188667 188670 812
188667 188680 1565
188679 188670 1494
188679 188678 762
188679 188680 900
188679 188727 1608
188705 188678 1576
188705 188703 860
188705 188727 785
188705 188746 1534
188725 188703 1537
188725 188724 851
188725 188746 778
188725 188750 1536
188751 188724 1519
188751 188750 883
188751 188890 828
188751 188913 2194
188894 188890 2155
188894 188893 833
188894 188913 745
188894 188931 767
188932 188893 817
188932 188934 1485
188932 190820 318
188881 188605 1428
188881 188880 828
188881 188883 778
188881 188885 1494
188884 188880 1534
188884 188885 786
188884 188886 778
188884 188901 2155
188902 188886 2262
188902 188892 780
188902 188901 788
188902 188910 841
188904 188892 914
188904 188944 1306
188946 188903 1126
188946 188944 776
188946 188953 213
188946 188956 2164
188953 188903 1132
188953 188946 213
188953 188954 157
188953 188957 2031
188906 188905 81
188906 188954 1258
187423 187404 2694
187423 187421 754
187423 187432 867
187423 187483 2686
187486 187487 439
187486 187492 485
187487 187484 535
187487 187486 439
187487 187490 510
187488 187485 1126
187488 187489 740
187488 187490 974
188791 188789 1659
188791 188790 819
188791 188797 817
188791 188801 1445
188793 188789 737
188793 188794 1543
188793 188796 761
188793 188797 1616
188800 188790 1403
188800 188801 781
188800 188802 817
188800 188817 1560
188895 188802 1552
188895 188817 842
188895 188896 747
188895 188898 2147
188795 188794 801
188795 188796 1544
188795 188799 737
188896 188883 1501
188896 188885 803
188896 188895 747
188896 188899 2180
187444 187436 2752
187444 187443 778
187444 187445 894
187444 187459 1969
187464 187443 1576
187464 187459 898
187464 187470 1070
187464 187472 917
187473 187470 828
187473 187472 1503
187473 188641 819
187473 188646 2726
188645 188641 2735
188645 188644 704
188645 188646 762
187445 187444 894
187445 187446 2761
187445 187447 769
187445 187458 2482
187460 187461 541
187460 187462 776
187460 188652 318
187479 187462 760
187479 187478 860
187479 188652 880
187479 188653 1991
187489 187478 1593
187489 187488 740
187489 188653 818
187432 187423 867
187432 187425 803
187432 187433 2686
187432 187481 2662
187480 187425 2709
187480 187481 776
187480 187482 834
187480 187549 1365
187543 187482 1617
187543 187542 823
187543 187549 839
187543 187550 1184
187552 187542 922
187552 187550 786
187552 187557 801
187552 188663 2719
188664 187557 2710
188664 188663 786
188664 188665 803
188664 188667 3020
188666 188665 3085
188666 188667 769
188666 188668 812
188666 188689 1505
188680 188667 1565
188680 188679 900
188680 188689 737
188680 188726 1551
188727 188679 1608
188727 188705 785
188727 188726 787
188727 188730 1519
188746 188705 1534
188746 188725 778
188746 188730 834
188746 188752 1503
188750 188725 1536
188750 188751 883
188750 188752 756
188750 188912 2138
188913 188751 2194
188913 188894 745
188913 188912 894
188913 188918 770
188931 188894 767
188931 188933 1494
188934 188932 1485
188934 188933 794
188934 188958 2148
188934 188959 343
190820 188932 318
190820 188959 1338
188885 188881 1494
188885 188884 786
188885 188896 803
188901 188884 2155
188901 188902 788
188910 188902 841
188944 188904 1306
188944 188946 776
188956 188946 2164
188954 188906 1258
188954 188953 157
188954 188957 2048
188954 188959 123
188957 188953 2031
188957 188954 2048
188957 188959 2051
187404 187423 2694
187404 187433 842
187421 187423 754
187484 187485 860
187484 187487 535
187485 187478 897
187485 187484 860
187485 187488 1126
188797 188791 817
188797 188793 1616
188801 188791 1445
188801 188800 781
188796 188793 761
188796 188795 1544
188817 188800 1560
188817 188895 842
188898 188895 2147
188898 188899 769
188799 188795 737
188899 188896 2180
188899 188898 769
187436 187444 2752
187436 187446 837
187443 187444 778
187443 187464 1576
187472 187464 917
187472 187473 1503
188641 187473 819
188641 188645 2735
188644 188645 704
187446 187436 837
187446 187445 2761
187447 187445 769
187462 187460 776
187462 187479 760
187478 187479 860
187478 187485 897
187478 187489 1593
187425 187432 803
187425 187480 2709
187433 187404 842
187433 187432 2686
187482 187480 834
187482 187543 1617
187542 187543 823
187542 187552 922
187557 187552 801
187557 188664 2710
188665 188664 803
188665 188666 3085
188668 188666 812
188689 188666 1505
188689 188680 737
188726 188680 1551
188726 188727 787
188730 188727 1519
188730 188746 834
188752 188746 1503
188752 188750 756
188912 188750 2138
188912 188913 894
188918 188913 770
188933 188931 1494
188933 188934 794
188958 188934 2148
188959 188934 343
188959 188954 123
188959 188957 2051
188959 190820 1338
52
190663
190656
190661
190659
188647
187470
188646
187464
187473
188645
188885
188901
188910
188944
188956
188957
187404
187421
187484
187485
188797
188801
188796
188817
188898
188799
188899
187436
187443
187472
188641
188644
187446
187447
187462
187478
187425
187433
187482
187542
187557
188665
188668
188689
188726
188730
188752
188912
188918
188933
188958
188959
