14
190283 190282 483
190282 190283 483
190323 190326 779
190326 190323 779
186585 186584 718
186584 186573 775
186584 186585 718
189704 186575 573
186573 186584 775
186575 189704 573
186638 186636 497
186636 186638 497
140997 141004 1477
141004 140997 1477
40
140993
141122
141213
190283
190282
190323
190326
190354
190353
186585
186594
186598
186584
189704
186573
186575
186618
186622
139801
186638
186643
189663
186627
186628
186635
186631
186636
186619
140600
140604
140708
140714
140997
141004
141007
141056
141057
139796
141049
141055
