18
26807 26811 806
26811 26807 806
26881 26889 806
26889 26881 806
26985 26987 336
26987 26985 336
26986 26989 1762
26989 26947 836
26989 26986 1762
26947 26989 836
26959 26958 537
27099 27119 561
27119 27099 561
26958 26959 537
27122 27121 2240
27136 27138 1456
27121 27122 2240
27138 27136 1456
39
26807
26811
26827
26868
26870
26834
26876
26883
26881
26889
26985
26987
26986
26989
26967
26969
26947
26808
26971
26974
26959
26769
27098
27099
27119
26780
26958
27081
27122
27132
27136
27121
27138
27148
27176
27183
27201
27190
27193
