88
91986 91987 2957
91986 102920 552
91987 91986 2957
91987 92017 1402
91987 102919 2947
102920 91986 552
102920 102921 3761
92017 91987 1402
92017 92016 1656
92017 102246 2060
102919 91987 2947
102919 102245 1487
102921 102920 3761
92016 92014 418
92016 92017 1656
102246 92017 2060
102245 102919 1487
92014 92011 4543
92014 92015 1673
92014 92016 418
92011 92010 2165
92011 92014 4543
92011 92018 1137
92015 92014 1673
92010 92004 1296
92010 92008 251
92010 92011 2165
92018 92009 1111
92018 92011 1137
92004 92002 202
92004 92010 1296
92008 92006 2554
92008 92009 1224
92008 92010 251
92009 92007 2554
92009 92008 1224
92009 92018 1111
92002 92003 4728
92002 92004 202
92002 102932 1637
92006 92005 1964
92006 92007 1223
92006 92008 2554
92007 92005 1393
92007 92006 1223
92007 92009 2554
92003 92002 4728
102932 92002 1637
102932 102923 664
102932 102933 1096
92005 92006 1964
92005 92007 1393
92005 92025 608
102923 102922 3042
102923 102932 664
102923 103103 6453
102933 102932 1096
102933 102934 110
102933 102934 110
92025 92005 608
92025 92024 1098
92025 102247 312
102922 102923 3042
102922 102924 751
103103 102923 6453
102934 102933 110
102934 102933 110
92024 92025 1098
102247 92025 312
102924 102922 751
102924 102925 522
102925 102924 522
102925 102929 791
102925 102930 781
102929 102925 791
102929 102931 813
102930 102925 781
102930 102926 573
102930 102931 787
102931 102927 544
102931 102929 813
102931 102930 787
102926 102927 782
102926 102930 573
102927 102926 782
102927 102928 2495
102927 102931 544
102928 102927 2495
7
92018
92009
92007
92005
92025
92024
102247
