14
250464 250472 824
250472 250464 824
246532 246535 809
246535 246532 809
252545 252555 418
252555 252545 418
251782 251788 671
251788 251782 671
252677 252682 434
252682 252677 434
252693 252694 1124
252694 252693 1124
252701 252729 1753
252729 252701 1753
37
246293
246308
246312
246314
250464
250462
250472
246527
246532
246535
252545
252555
252556
252598
246537
246547
251805
251818
251830
251831
251842
251778
251782
251784
251788
251791
251774
251910
252747
252675
252677
252685
252607
252691
252693
252694
252729
