14
186337 189420 3084
186991 186989 1658
186989 186991 1658
194691 197445 1073
197445 194691 1073
197352 197455 77
197455 197352 77
188992 189387 523
189387 188992 523
189420 186337 3084
189420 189413 1021
187528 189413 1658
189413 187528 1658
189413 189420 1021
36
186337
186991
186935
186938
186943
186950
186989
187001
187025
187030
194537
187035
190695
197428
197431
197437
194691
197445
197361
197459
197352
214754
197467
197470
197469
188992
188997
188999
189389
189420
187384
187390
187520
187528
189413
52586
