494
235634 235635 573
235634 242986 697
235635 235634 573
235635 242993 266
242986 235634 697
242986 242987 848
242986 242994 725
242986 243012 1297
242993 235635 266
242993 242936 455
242987 242985 504
242987 242986 848
242987 242988 836
242994 242982 1319
242994 242986 725
242994 242996 903
242994 243014 1968
243012 242820 646
243012 242986 1297
242936 242935 335
242936 242943 1500
242936 242981 719
242936 242993 455
242985 242984 203
242985 242987 504
242988 242818 485
242988 242987 836
242982 242981 627
242982 242983 311
242982 242994 1319
242996 242826 3035
242996 242989 1543
242996 242994 903
242996 242995 386
243014 242994 1968
243014 243013 171
242820 242819 979
242820 242824 1776
242820 243012 646
242820 243013 782
242935 242932 256
242935 242936 335
242943 242936 1500
242943 242942 1217
242943 242944 776
242943 264276 599
242981 242936 719
242981 242944 1501
242981 242982 627
242981 264275 229
242984 242931 1296
242984 242985 203
242818 242819 630
242818 242988 485
242983 242982 311
242983 242989 276
242826 242825 651
242826 242996 3035
242989 242983 276
242989 242990 396
242989 242991 947
242989 242996 1543
242995 242996 386
243013 242820 782
243013 243014 171
242819 242818 630
242819 242820 979
242819 242821 1568
242824 242820 1776
242824 242821 1072
242824 242823 461
242824 242876 4938
242932 242931 140
242932 242935 256
242942 242940 1043
242942 242943 1217
242942 242997 733
242944 242943 776
242944 242981 1501
242944 242997 1085
264276 242934 222
264276 242943 599
264275 242981 229
242931 242932 140
242931 242984 1296
242931 261921 79
242825 242823 327
242825 242826 651
242825 242877 3306
242825 261532 454
242990 242989 396
242990 242992 1060
242990 261996 1489
242991 242989 947
242991 242999 1594
242821 242819 1568
242821 242822 2999
242821 242824 1072
242823 242824 461
242823 242825 327
242876 242824 4938
242940 242939 695
242940 242942 1043
242940 242945 832
242997 242942 733
242997 242944 1085
242997 242945 839
242934 242933 699
242934 261920 617
242934 264276 222
261921 242931 79
261921 261920 847
242877 242825 3306
242877 242873 1573
261532 242825 454
261532 261535 514
242992 242990 1060
242992 243002 766
242992 243004 114
261996 242990 1489
261996 243019 1064
261996 261997 209
242999 242991 1594
242999 242998 1290
242822 242821 2999
242939 242926 590
242939 242938 1436
242939 242940 695
242939 242941 1063
242945 242940 832
242945 242997 839
242945 242998 541
242933 242778 964
242933 242934 699
242933 242938 403
261920 242930 1153
261920 242934 617
261920 261921 847
242873 242874 2716
242873 242877 1573
261535 261532 514
261535 264273 191
261535 264274 410
243002 242992 766
243002 242998 2369
243002 243003 1984
243004 242992 114
243004 243005 768
243004 243019 558
243019 243004 558
243019 243005 861
243019 243020 114
243019 261996 1064
261997 261996 209
242998 242945 541
242998 242960 1122
242998 242999 1290
242998 243000 1743
242998 243001 908
242998 243002 2369
242926 242927 1112
242926 242939 590
242938 242933 403
242938 242939 1436
242941 242939 1063
242941 242959 505
242941 242960 2164
242778 242779 2561
242778 242925 1847
242778 242933 964
242778 242937 390
242930 242925 566
242930 261919 2244
242930 261920 1153
242874 242873 2716
242874 242875 1734
264273 261535 191
264274 242878 858
264274 261535 410
243003 243002 1984
243003 243007 287
243003 243010 223
243003 243026 830
243005 243004 768
243005 243019 861
243005 243021 1249
243020 243019 114
243020 243022 386
242960 242941 2164
242960 242965 277
242960 242998 1122
243000 242998 1743
243000 243006 293
243000 243007 383
243001 242998 908
243001 243036 749
242927 242780 807
242927 242926 1112
242959 242941 505
242959 242950 211
242779 242775 796
242779 242778 2561
242925 242778 1847
242925 242924 1046
242925 242930 566
242937 242778 390
242937 261914 2653
261919 242930 2244
242875 242874 1734
242875 242897 75
242878 238465 486
242878 261985 1918
242878 264274 858
243007 243000 383
243007 243003 287
243007 243006 400
243010 243003 223
243010 243009 265
243010 243028 833
243026 243003 830
243026 243021 184
243026 243028 261
243021 243005 1249
243021 243026 184
243021 243029 569
243022 243020 386
243022 243024 544
243022 243025 185
242965 242960 277
242965 242966 587
242965 242967 1174
243006 243000 293
243006 243007 400
243006 243008 1469
243006 243009 779
243036 243001 749
243036 243008 396
242780 242781 745
242780 242927 807
242780 242928 2528
242950 242949 545
242950 242957 108
242950 242958 213
242950 242959 211
242775 242774 556
242775 242777 827
242775 242779 796
242924 242918 1247
242924 242925 1046
242924 263747 1165
261914 242773 1392
261914 242937 2653
242897 242869 6017
242897 242875 75
238465 238464 1161
238465 242878 486
238465 243018 3208
261985 242878 1918
261985 242881 1144
261985 261986 541
243009 243006 779
243009 243010 265
243009 243011 1131
243028 243010 833
243028 243026 261
243028 243027 1388
243029 243021 569
243029 243023 488
243024 243022 544
243024 243023 1242
243024 243031 1099
243025 243018 1763
243025 243022 185
243025 243032 905
242966 242958 1675
242966 242963 138
242966 242965 587
242967 242964 741
242967 242965 1174
242967 243008 485
243008 242967 485
243008 243006 1469
243008 243036 396
243008 261526 529
242781 242766 1662
242781 242780 745
242928 242780 2528
242928 242948 402
242949 242950 545
242957 242950 108
242957 242956 1700
242958 242950 213
242958 242966 1675
242774 242771 411
242774 242775 556
242774 242776 239
242777 242775 827
242777 242918 434
242918 242777 434
242918 242919 857
242918 242924 1247
263747 242923 405
263747 242924 1165
242773 242766 572
242773 242771 582
242773 261914 1392
242869 242870 1654
242869 242897 6017
238464 238465 1161
238464 242879 2645
238464 242883 949
243018 238465 3208
243018 243017 639
243018 243025 1763
242881 242880 1130
242881 242884 4179
242881 261985 1144
261986 261985 541
243011 243009 1131
243011 243027 754
243011 243045 1625
243027 243011 754
243027 243028 1388
243027 243046 749
243027 243047 747
243023 243024 1242
243023 243029 488
243023 243030 704
243023 243034 983
243031 243024 1099
243031 243030 910
243031 243032 407
243032 243015 596
243032 243025 905
243032 243031 407
242963 242962 1338
242963 242964 995
242963 242966 138
242964 242963 995
242964 242967 741
242964 243037 322
261526 243008 529
261526 261527 262
242766 242762 3482
242766 242773 572
242766 242781 1662
242948 242928 402
242948 242947 1850
242956 242957 1700
242771 242772 322
242771 242773 582
242771 242774 411
242776 242774 239
242776 261114 131
242776 262189 832
242919 242918 857
242923 242922 468
242923 263747 405
242870 242869 1654
242870 242871 2373
242879 238464 2645
242879 243016 1788
242879 261116 619
242879 261119 387
242883 238464 949
242883 242882 2340
242883 242889 822
243017 243016 301
243017 243018 639
242880 242881 1130
242880 242882 507
242880 242885 2287
242884 242881 4179
242884 242885 1396
242884 242895 671
243045 243011 1625
243046 243027 749
243046 243048 2187
243046 243049 707
243046 243050 1011
243047 243027 747
243030 243023 704
243030 243031 910
243030 243033 1019
243030 243096 2208
243034 243023 983
243034 243033 538
243015 243016 1592
243015 243032 596
243015 243091 118
242962 242961 1735
242962 242963 1338
243037 242964 322
243037 242972 1211
243037 261998 626
261527 261526 262
261527 263754 523
242762 242763 1227
242762 242766 3482
242762 242770 3242
242947 242946 2174
242947 242948 1850
242772 242770 468
242772 242771 322
261114 242776 131
261114 261110 866
261114 261115 231
262189 242776 832
262189 261108 753
242922 242921 245
242922 242923 468
242922 242929 1081
242871 242870 2373
242871 243824 532
243016 242879 1788
243016 243015 1592
243016 243017 301
261116 242879 619
261116 261111 107
261116 261119 706
261119 242879 387
261119 243092 1930
261119 243094 1118
261119 261116 706
242882 242880 507
242882 242883 2340
242882 242888 663
242889 242883 822
242889 242887 2425
242885 242880 2287
242885 242884 1396
242885 242886 785
242895 242884 671
242895 242896 2055
243048 243046 2187
243049 243046 707
243049 243051 969
243049 243111 986
243050 243046 1011
243033 243030 1019
243033 243034 538
243033 243035 762
243033 243097 1685
243096 243030 2208
243096 243093 704
243096 243097 1611
243091 243015 118
243091 243092 328
243091 261655 1115
242961 242954 561
242961 242962 1735
242961 242968 1469
242972 242971 170
242972 243037 1211
261998 242970 513
261998 243037 626
263754 261527 523
242763 242762 1227
242770 242762 3242
242770 242772 468
242946 242947 2174
242946 242954 2396
261110 261114 866
261115 261114 231
261108 262189 753
242921 242922 245
242929 242922 1081
243824 242871 532
261111 261116 107
243092 243091 328
243092 261119 1930
243094 243093 280
243094 261119 1118
242888 242882 663
242888 242887 876
242887 242888 876
242887 242889 2425
242886 242885 785
242896 242895 2055
243051 243049 969
243111 243049 986
243035 243033 762
243097 243033 1685
243097 243096 1611
243093 243094 280
243093 243096 704
261655 243091 1115
242954 242946 2396
242954 242961 561
242968 242961 1469
242968 242970 212
242971 242972 170
242970 242968 212
242970 261998 513
23
263754
242763
242770
242946
261110
261115
261108
242921
243824
261111
243094
242888
242887
242886
242896
243051
243035
243097
243093
242954
242968
242971
242970
