18
164957 164953 631
164957 164958 552
164958 164957 552
164953 164957 631
165677 165676 688
165676 165677 688
114014 113986 1670
113986 114014 1670
114155 114154 669
114162 114154 893
114128 114178 847
114152 114149 226
114152 114178 1203
114154 114155 669
114154 114162 893
114149 114152 226
114178 114128 847
114178 114152 1203
34
212575
212576
164883
164957
164881
164958
164606
164852
164923
164927
164935
164946
164953
165677
164972
165676
164951
164963
215020
114248
114255
114261
114259
114286
114289
113973
114014
113963
113986
113987
114001
114128
114178
118827
