20
51964 51967 951
51967 51964 951
52620 52621 2159
52621 52620 2159
52621 52646 1815
50623 50622 1353
52646 52621 1815
50622 50623 1353
189449 186992 860
189453 187002 722
186992 186990 1722
186992 189449 860
186990 186992 1722
186999 187031 238
187002 189453 722
187026 187031 1209
187031 186999 238
187031 187026 1209
190750 187036 1394
187036 190750 1394
36
51593
51964
51967
51975
51977
52620
52621
50623
52646
52649
50622
50636
56699
189421
189422
189449
189453
186992
186936
186939
186944
186987
186990
186999
187002
187026
187031
190669
190667
187036
197430
197432
197436
194690
197452
197346
