14
143222 143224 314
143224 143222 314
145016 145017 207
145017 145016 207
145195 145194 921
145194 145195 921
145194 145208 822
145248 145211 111
145208 145194 822
145211 145248 111
145257 145259 55
145259 145257 55
145262 145260 983
145260 145262 983
35
145012
144993
144996
145001
145022
145023
143026
143035
143028
143040
143208
143220
143222
143224
143233
143236
143327
143359
143371
143372
143376
143392
145016
145017
145019
145195
145194
198794
212586
145248
145211
145259
145218
145254
145260
