14
222642 222643 659
222643 222642 659
222841 222882 3205
222882 222841 3205
151034 144196 2505
144196 151034 2505
148458 148459 702
148459 148458 702
148469 148472 899
148472 148469 899
148564 148628 880
148628 148564 880
148641 148610 828
148610 148641 828
40
219432
222642
222643
222675
222651
222086
222839
222841
222882
150558
151034
144196
144199
151047
151050
151208
148429
148458
148461
148459
148469
148472
148561
148564
148628
148621
148638
148641
148626
148622
148610
148576
148596
148603
148608
148611
148476
146242
144139
144140
