480
8000 8001 1542
8000 8383 2905
8000 10728 62
8001 8000 1542
8001 10353 2276
8383 8000 2905
10728 8000 62
10353 8001 2276
10353 10352 873
10353 10354 882
10352 10350 855
10352 10351 917
10352 10353 873
10354 10350 816
10354 10353 882
10354 10803 700
10350 10346 1052
10350 10352 855
10350 10354 816
10351 10346 1103
10351 10352 917
10803 10354 700
10346 10306 2180
10346 10349 3163
10346 10350 1052
10346 10351 1103
10306 10304 1129
10306 10308 3923
10306 10343 1117
10306 10346 2180
10349 10346 3163
10349 10347 3906
10349 10348 1125
10304 10288 1216
10304 10306 1129
10308 10302 1080
10308 10306 3923
10308 10307 1168
10343 10305 1076
10343 10306 1117
10343 10344 2513
10347 10331 1114
10347 10339 1518
10347 10349 3906
10347 10357 5114
10348 10349 1125
10348 10355 1532
10348 13282 2044
10288 10287 1558
10288 10304 1216
10288 10305 1802
10302 10300 629
10302 10301 2560
10302 10308 1080
10307 10298 1940
10307 10308 1168
10307 10310 930
10305 10288 1802
10305 10289 1074
10305 10343 1076
10344 10326 435
10344 10343 2513
10344 10345 1002
10331 10325 1728
10331 10329 1637
10331 10347 1114
10339 10329 755
10339 10337 831
10339 10340 2653
10339 10347 1518
10357 10342 1563
10357 10347 5114
10357 10358 1362
10355 10348 1532
13282 10348 2044
13282 10808 365
13282 35321 1114
10287 10282 311
10287 10288 1558
10300 10296 588
10300 10298 1310
10300 10302 629
10301 10296 2292
10301 10302 2560
10301 10303 552
10298 10299 1465
10298 10300 1310
10298 10307 1940
10310 10291 800
10310 10307 930
10289 10285 694
10289 10286 2417
10289 10305 1074
10326 10285 2272
10326 10325 1045
10326 10344 435
10345 10344 1002
10325 10323 2958
10325 10326 1045
10325 10330 684
10325 10331 1728
10329 10327 586
10329 10331 1637
10329 10339 755
10337 10328 852
10337 10338 2658
10337 10339 831
10340 10338 724
10340 10339 2653
10340 10342 2436
10342 10340 2436
10342 10341 318
10342 10357 1563
10358 10341 1956
10358 10357 1362
10358 10360 623
10808 13064 937
10808 13282 365
35321 13282 1114
10282 10271 2216
10282 10277 425
10282 10279 552
10282 10287 311
10296 10297 967
10296 10300 588
10296 10301 2292
10303 10301 552
10299 10298 1465
10291 10292 2539
10291 10309 1422
10291 10310 800
10285 10286 2655
10285 10289 694
10285 10323 685
10285 10326 2272
10286 10285 2655
10286 10289 2417
10323 10284 1883
10323 10285 685
10323 10325 2958
10330 10324 534
10330 10325 684
10330 10327 1431
10327 10317 2734
10327 10328 944
10327 10329 586
10327 10330 1431
10328 10327 944
10328 10336 552
10328 10337 852
10338 10337 2658
10338 10340 724
10338 10341 2842
10341 10338 2842
10341 10342 318
10341 10358 1956
10360 10358 623
10360 10361 2952
10360 10362 985
13064 10808 937
13064 13065 2347
13064 13108 1608
10271 10268 418
10271 10282 2216
10271 10283 419
10277 10261 885
10277 10275 3722
10277 10282 425
10279 10276 3645
10279 10280 1168
10279 10282 552
10297 10296 967
10292 8880 1021
10292 10291 2539
10292 10294 1075
10309 10291 1422
10284 10283 463
10284 10313 970
10284 10323 1883
10324 10314 2973
10324 10330 534
10317 10315 1616
10317 10318 919
10317 10327 2734
10336 10321 450
10336 10328 552
10361 10360 2952
10361 12767 760
10362 10360 985
10362 10630 1619
13065 13064 2347
13108 13055 1337
13108 13059 157
13108 13064 1608
10268 10257 1087
10268 10270 638
10268 10271 418
10283 10271 419
10283 10284 463
10261 10262 4178
10261 10277 885
10275 10262 743
10275 10274 410
10275 10277 3722
10276 10274 796
10276 10278 1024
10276 10279 3645
10280 10278 2239
10280 10279 1168
8880 8866 800
8880 10292 1021
8880 10293 717
10294 10292 1075
10294 10293 781
10313 10284 970
10313 10312 150
10313 10314 1513
10314 10313 1513
10314 10315 929
10314 10324 2973
10315 10314 929
10315 10316 986
10315 10317 1616
10318 10317 919
10321 10322 1211
10321 10333 245
10321 10336 450
12767 10361 760
12767 10624 1884
10630 10362 1619
10630 10631 585
13055 13054 1362
13055 13060 946
13055 13108 1337
13059 13060 1513
13059 13107 2258
13059 13108 157
10257 10258 3693
10257 10266 776
10257 10268 1087
10270 10268 638
10270 10272 294
10270 10273 942
10262 10261 4178
10262 10275 743
10262 34475 790
10274 10251 303
10274 10275 410
10274 10276 796
10278 10276 1024
10278 10280 2239
10278 10281 1426
8866 8865 990
8866 8880 800
8866 10320 426
10293 8880 717
10293 10294 781
10312 10313 150
10316 10315 986
10322 10321 1211
10333 10321 245
10333 10332 1610
10624 12767 1884
10631 10626 1609
10631 10630 585
10631 10632 1351
13054 13055 1362
13060 13055 946
13060 13059 1513
13060 34222 359
13107 13059 2258
13107 13106 1208
13107 34221 894
10258 10257 3693
10258 34039 339
10258 34041 191
10266 10257 776
10266 10265 620
10266 10267 895
10266 34038 2520
10272 9402 255
10272 10270 294
10273 10270 942
34475 10260 520
34475 10262 790
34475 34474 645
10251 9427 856
10251 10274 303
10251 34474 1507
10281 10278 1426
8865 8866 990
10320 8866 426
10332 10192 835
10332 10211 1083
10332 10333 1610
10626 10625 812
10626 10627 1486
10626 10631 1609
10632 10631 1351
10632 10633 575
34222 13060 359
13106 13107 1208
34221 13107 894
34039 10258 339
34039 34038 722
34039 34040 274
34041 10258 191
34041 34040 76
10265 10264 136
10265 10266 620
10267 10266 895
34038 10266 2520
34038 34039 722
9402 9403 155
9402 10269 974
9402 10272 255
10260 10256 119
10260 34475 520
34474 10251 1507
34474 10259 324
34474 34475 645
9427 8881 4645
9427 10249 120
9427 10251 856
10192 10190 1679
10192 10191 1868
10192 10332 835
10211 10210 2207
10211 10332 1083
10625 10594 2924
10625 10626 812
10625 34799 1366
10627 10626 1486
10633 10632 575
10633 10895 804
10633 10901 3267
34040 10255 415
34040 34039 274
34040 34041 76
10264 10122 333
10264 10265 136
9403 9402 155
9403 9404 879
9403 9404 879
10269 9402 974
10256 10255 192
10256 10260 119
10259 10254 99
10259 34474 324
8881 8882 1590
8881 9427 4645
8881 9433 616
10249 9427 120
10249 10245 1132
10249 10250 1200
10190 10191 686
10190 10192 1679
10190 10210 977
10191 10190 686
10191 10192 1868
10191 10319 778
10210 10190 977
10210 10209 651
10210 10211 2207
10594 10593 2259
10594 10625 2924
10594 10628 1528
10594 10629 3260
34799 10625 1366
34799 10634 1546
10895 10633 804
10895 10896 935
10901 10633 3267
10255 10120 3795
10255 10242 645
10255 10256 192
10255 34040 415
10122 10120 494
10122 10263 739
10122 10264 333
9404 9403 879
9404 9403 879
10254 10242 452
10254 10259 99
8882 8881 1590
9433 8881 616
9433 9434 2495
9433 9514 1573
10245 10237 793
10245 10248 486
10245 10249 1132
10250 10241 166
10250 10249 1200
10319 10191 778
10209 10210 651
10593 10594 2259
10628 10594 1528
10628 10638 705
10628 10639 2808
10629 10594 3260
10629 10634 2669
10629 10639 1021
10634 10629 2669
10634 34799 1546
10896 10895 935
10896 10897 976
10896 10898 1991
10120 10121 830
10120 10122 494
10120 10255 3795
10242 10240 945
10242 10254 452
10242 10255 645
10263 10122 739
9434 9433 2495
9514 9433 1573
10237 10233 553
10237 10238 1021
10237 10244 2989
10237 10245 793
10248 10245 486
10248 10247 156
10241 10240 596
10241 10250 166
10638 10619 1327
10638 10628 705
10638 10640 1718
10639 10628 2808
10639 10629 1021
10639 10642 503
10897 10896 976
10897 10898 1757
10897 10899 839
10898 10896 1991
10898 10897 1757
10898 10900 857
10121 10120 830
10121 12503 975
10121 34665 864
10240 10239 1046
10240 10241 596
10240 10242 945
10240 34664 747
10233 10232 688
10233 10237 553
10233 10243 299
10238 10106 553
10238 10237 1021
10238 35232 333
10244 10237 2989
10247 10239 895
10247 10248 156
10619 10615 767
10619 10620 1757
10619 10638 1327
10619 10641 1919
10640 10638 1718
10640 10641 1880
10640 10642 951
10642 10618 1927
10642 10639 503
10642 10640 951
10899 10897 839
10900 10898 857
12503 10121 975
34665 10121 864
10239 10240 1046
10239 10247 895
34664 10240 747
10232 10233 688
10243 10233 299
10106 10238 553
35232 10238 333
10615 10619 767
10620 10619 1757
10641 10618 797
10641 10619 1919
10641 10640 1880
10618 10641 797
10618 10642 1927
198
8001
10728
10353
10352
10354
10350
10351
10803
10346
10306
10349
10304
10308
10343
10347
10348
10288
10302
10307
10305
10344
10331
10339
10357
10355
13282
10287
10300
10301
10298
10310
10289
10326
10345
10325
10329
10337
10340
10342
10358
10808
35321
10282
10296
10303
10299
10291
10285
10286
10323
10330
10327
10328
10338
10341
10360
13064
10271
10277
10279
10297
10292
10309
10284
10324
10317
10336
10361
10362
13065
13108
10268
10283
10261
10275
10276
10280
8880
10294
10313
10314
10315
10318
10321
12767
10630
13055
13059
10257
10270
10262
10274
10278
8866
10293
10312
10316
10322
10333
10624
10631
13054
13060
13107
10258
10266
10272
10273
34475
10251
10281
8865
10320
10332
10626
10632
34222
13106
34221
34039
34041
10265
10267
34038
9402
10260
34474
9427
10192
10211
10625
10627
10633
34040
10264
9403
10269
10256
10259
8881
10249
10190
10191
10210
10594
34799
10895
10901
10255
10122
9404
10254
8882
9433
10245
10250
10319
10209
10593
10628
10629
10634
10896
10120
10242
10263
9434
9514
10237
10248
10241
10638
10639
10897
10898
10121
10240
10233
10238
10244
10247
10619
10640
10642
10899
10900
12503
34665
10239
34664
10232
10243
10106
35232
10615
10620
10641
10618
