20
108827 108828 2080
108828 108827 2080
110046 110055 947
110053 110055 2723
110087 110605 1481
110417 110418 836
110421 110424 1306
110434 110467 737
110424 110421 1306
110467 110434 737
110467 110464 737
110464 110467 737
110458 110604 1336
110418 110417 836
110604 110458 1336
110605 110087 1481
110211 110209 809
110209 110211 809
110055 110046 947
110055 110053 2723
37
108827
108828
108814
108869
109586
109589
109666
110362
108861
108881
110046
110053
110087
110417
110421
110434
110437
110424
110467
110454
110464
110458
110412
110418
110360
110408
110604
110605
110063
110066
110070
110202
110211
104165
104166
110055
110074
