456
92852 92853 2888
92852 92854 1630
92852 92857 4701
92853 92852 2888
92854 92852 1630
92857 92852 4701
92857 92860 883
92857 92861 3864
92860 92857 883
92860 92859 964
92861 92855 1928
92861 92857 3864
92861 93605 1457
92859 92860 964
92859 92863 1225
92859 92983 1846
92855 92856 587
92855 92858 516
92855 92861 1928
93605 92861 1457
93605 93602 3622
93605 93606 556
92863 92859 1225
92863 92862 3151
92863 92984 1447
92983 92859 1846
92983 92985 1891
92983 92986 839
92856 92855 587
92858 92855 516
93602 93603 3969
93602 93605 3622
93606 93605 556
93606 93607 2159
93606 93608 1278
92862 92863 3151
92862 93607 2340
92984 92863 1447
92985 92983 1891
92986 92983 839
92986 92987 275
93603 93589 3072
93603 93602 3969
93603 93604 3281
93607 92862 2340
93607 93606 2159
93607 93609 1303
93608 93606 1278
92987 92986 275
92987 92988 3377
92987 93018 3275
93589 93587 1361
93589 93603 3072
93604 93603 3281
93604 93611 3804
93604 93612 2609
93609 93607 1303
93609 93610 1576
93609 93611 5607
92988 92987 3377
92988 93018 1225
92988 93020 333
93018 92987 3275
93018 92988 1225
93018 93016 1004
93018 93019 1013
93587 93584 3729
93587 93588 4379
93587 93589 1361
93611 93604 3804
93611 93609 5607
93611 93613 3918
93612 93604 2609
93612 102292 281
93612 102379 1177
93610 93609 1576
93020 92988 333
93020 92995 1483
93020 93023 1682
93016 93013 1454
93016 93017 1196
93016 93018 1004
93019 92999 3591
93019 93018 1013
93019 93022 649
93584 93580 1155
93584 93585 905
93584 93587 3729
93588 93587 4379
93613 93611 3918
93613 93698 252
93613 93699 12786
102292 93612 281
102292 102293 1852
102379 93612 1177
92995 92993 1794
92995 93020 1483
92995 93021 3094
93023 93020 1682
93023 93022 1031
93023 93031 2611
93013 93014 1625
93013 93015 1431
93013 93016 1454
93017 93016 1196
92999 93000 977
92999 93007 1343
92999 93019 3591
93022 93019 649
93022 93023 1031
93022 93030 1364
93580 93579 1582
93580 93584 1155
93585 93582 1766
93585 93584 905
93585 93586 641
93698 93613 252
93698 93700 6705
93699 93613 12786
93699 102289 5448
102293 102292 1852
92993 92989 562
92993 92994 1077
92993 92995 1794
93021 92995 3094
93021 93708 1850
93021 93709 1736
93031 93023 2611
93031 93029 168
93031 93032 3470
93014 93013 1625
93014 102769 5284
93015 93013 1431
93015 103122 2385
93000 92999 977
93000 101765 1386
93007 92999 1343
93007 93008 1110
93007 93009 839
93007 93024 1669
93030 93022 1364
93030 93024 1241
93579 93578 736
93579 93580 1582
93582 93581 3275
93582 93583 1084
93582 93585 1766
93586 93585 641
93586 102287 157
93586 102380 1831
93700 93698 6705
93700 93718 2445
93700 93728 755
93700 93729 1635
102289 93699 5448
102289 93736 2620
102289 102290 306
92989 92990 1091
92989 92993 562
92994 92993 1077
93708 93021 1850
93708 93707 489
93708 102770 1519
93709 93021 1736
93709 93710 1493
93709 93711 1347
93029 93026 2514
93029 93031 168
93029 93111 846
93032 93031 3470
93032 93115 1180
93032 93786 434
93032 93787 1004
102769 92972 5599
102769 93014 5284
103122 93015 2385
101765 92997 1085
101765 93000 1386
93008 93007 1110
93009 93007 839
93009 93010 1110
93009 93011 1678
93024 93007 1669
93024 93025 1629
93024 93030 1241
93578 93574 2109
93578 93579 736
93581 93576 1830
93581 93582 3275
93581 103116 1253
93583 93582 1084
102287 93586 157
102287 101866 697
102287 102288 1346
102380 93586 1831
102380 102381 2313
93718 93700 2445
93718 93715 818
93718 93727 1444
93728 93700 755
93728 93730 1031
93728 93808 1431
93729 93700 1635
93729 93725 1694
93729 93733 1948
93736 93735 1276
93736 102289 2620
102290 102289 306
102290 102291 2219
92990 92989 1091
93707 93708 489
93707 93712 1457
93707 93713 1025
102770 93708 1519
93710 93709 1493
93710 93720 550
93710 93788 1444
93711 93709 1347
93026 93025 1139
93026 93028 1655
93026 93029 2514
93026 93110 1180
93111 93029 846
93111 93110 2458
93111 93113 1453
93111 93115 3495
93115 93032 1180
93115 93111 3495
93115 93117 1347
93786 93032 434
93787 93032 1004
93787 93788 1004
93787 93795 2527
92972 92954 718
92972 92971 3347
92972 93036 10513
92972 102769 5599
92997 92998 2102
92997 93003 1693
92997 101765 1085
93010 93009 1110
93011 93009 1678
93011 93012 1500
93011 93099 252
93025 93024 1629
93025 93026 1139
93025 93027 1453
93574 93575 5064
93574 93578 2109
93576 93265 271
93576 93581 1830
93576 103115 1475
103116 93581 1253
101866 93595 4137
101866 101867 1418
101866 102287 697
102288 102287 1346
102288 102385 1386
102288 102385 1386
102381 102380 2313
102381 102382 1374
102381 102383 758
102381 102384 461
93715 93712 713
93715 93718 818
93715 93790 1736
93727 93718 1444
93730 93728 1031
93730 93807 684
93808 93728 1431
93808 93806 1741
93808 93809 1796
93808 93810 1361
93725 93723 1031
93725 93729 1694
93725 93731 1014
93733 93729 1948
93733 93731 2049
93733 93815 940
93735 93736 1276
93735 93924 252
93735 93925 1796
102291 102290 2219
93712 93707 1457
93712 93714 1180
93712 93715 713
93713 93707 1025
93720 93710 550
93720 93719 481
93788 93710 1444
93788 93787 1004
93788 93796 2611
93028 93026 1655
93110 93026 1180
93110 93027 452
93110 93111 2458
93113 93111 1453
93113 93112 893
93113 93116 2138
93113 93118 1180
93117 93115 1347
93117 93116 1796
93117 93795 1004
93795 93117 1004
93795 93787 2527
93795 93796 1014
92954 92955 1992
92954 92972 718
92971 92970 671
92971 92972 3347
92971 101885 2034
93036 92972 10513
93036 93038 688
93036 93039 750
92998 92973 1299
92998 92997 2102
92998 101889 2513
93003 92997 1693
93003 93002 1013
93003 93005 1466
93012 93011 1500
93099 93011 252
93099 93027 1905
93099 93100 557
93027 93025 1453
93027 93099 1905
93027 93110 452
93575 93574 5064
93265 93264 707
93265 93576 271
93265 93577 1222
103115 93576 1475
93595 93592 1078
93595 101866 4137
101867 101866 1418
102385 102288 1386
102385 102288 1386
102385 102336 2012
102382 102381 1374
102383 102381 758
102384 102381 461
93790 93715 1736
93790 93789 905
93790 93791 782
93790 93799 3197
93807 93730 684
93807 93806 729
93807 101777 118
93806 93791 1124
93806 93794 2277
93806 93807 729
93806 93808 1741
93809 93808 1796
93809 93812 1419
93809 93813 344
93810 93808 1361
93810 93811 3140
93810 93819 982
93723 93721 1139
93723 93722 511
93723 93725 1031
93731 93725 1014
93731 93732 1004
93731 93733 2049
93815 93733 940
93815 93812 508
93815 93814 1246
93924 93735 252
93924 93947 3444
93925 93735 1796
93925 93926 445
93714 93712 1180
93719 93716 1055
93719 93720 481
93719 93792 2930
93796 93788 2611
93796 93795 1014
93796 93797 1014
93796 93837 5246
93112 93103 2908
93112 93113 893
93112 93114 1007
93116 93113 2138
93116 93117 1796
93116 93127 970
93118 93113 1180
93118 93114 818
93118 93124 1253
93118 93125 680
92955 92954 1992
92970 92968 2358
92970 92971 671
92970 93064 2271
101885 92971 2034
101885 101886 2668
101885 103123 585
93038 93036 688
93038 93040 1139
93039 93036 750
92973 92998 1299
101889 92998 2513
93002 93003 1013
93005 93003 1466
93100 93099 557
93264 93265 707
93577 93265 1222
93592 93595 1078
102336 102385 2012
93789 93716 1097
93789 93790 905
93789 93792 2110
93791 93790 782
93791 93794 2591
93791 93806 1124
93799 93790 3197
101777 93807 118
93794 93791 2591
93794 93806 2277
93794 93819 562
93812 93809 1419
93812 93815 508
93813 93809 344
93813 93811 1007
93813 93814 1124
93811 93810 3140
93811 93813 1007
93819 93794 562
93819 93810 982
93721 93723 1139
93722 93723 511
93732 93731 1004
93814 93813 1124
93814 93815 1246
93947 93924 3444
93926 93925 445
93716 93719 1055
93716 93789 1097
93792 93719 2930
93792 93789 2110
93797 93796 1014
93837 93796 5246
93103 93112 2908
93114 93112 1007
93114 93118 818
93127 93116 970
93127 93124 1224
93124 93118 1253
93124 93125 1114
93124 93127 1224
93125 93118 680
93125 93124 1114
92968 92970 2358
93064 92970 2271
101886 101885 2668
103123 101885 585
93040 93038 1139
35
92954
93036
92955
93038
93039
92973
93002
93005
93264
93592
102336
93791
93799
93794
93811
93819
93721
93722
93732
93814
93947
93926
93716
93792
93797
93837
93103
93114
93127
93124
93125
92968
93064
103123
93040
