18
164855 164922 713
213241 213240 894
213240 213241 894
212561 212577 901
212577 212561 901
212578 214279 750
214279 212578 750
214279 214278 209
164897 164960 674
164922 164855 713
164952 164960 1447
165683 165685 713
165685 165683 713
164960 164897 674
164960 164952 1447
214278 214279 209
114243 114242 2995
114242 114243 2995
33
164855
164931
213230
213235
212508
213241
213240
212560
212561
212577
212578
214279
164630
164882
164888
164897
164896
164607
172156
164922
164926
164934
165669
164944
165683
164973
165685
164961
114243
114242
114260
114287
114291
