20
71270 71274 452
71274 71270 452
71286 71292 1786
71292 71286 1786
74316 74315 558
74316 74317 419
74338 74335 279
74335 74338 279
72951 74315 245
74315 72951 245
74315 74316 558
74315 74317 602
74317 74315 602
74317 74316 419
68458 68460 2707
68460 68458 2707
74383 74644 471
74390 74684 1301
74644 74383 471
74684 74390 1301
31
70803
70817
70826
71270
71274
70801
71010
71286
71292
67474
67480
67490
72774
74330
74331
74316
74338
74335
74311
74312
72951
68458
74090
74263
74642
74420
77899
74390
74643
74644
74684
