18
221164 221168 1087
221168 221164 1087
215559 215561 973
215569 215686 1320
215686 215569 1320
215561 215559 973
215900 215904 630
215904 215900 630
215877 215872 122
215872 215877 122
215842 215848 788
215848 215842 788
217274 217277 868
217277 217274 868
217277 217285 809
215932 215940 474
215940 215932 474
217285 217277 809
35
221179
221164
221168
221215
221214
221207
221208
216428
216431
216449
216453
216471
216415
216043
216416
215559
215569
215561
215703
215741
215900
215904
215877
215792
215872
215842
215848
215851
215906
217274
215932
215940
215948
224384
217287
