546
163146 184566 688
184566 163146 688
184566 184562 435
184566 184567 984
184562 184563 1055
184562 184566 435
184567 184565 1085
184567 184566 984
184567 184601 253
184563 184562 1055
184563 184565 1339
184565 184563 1339
184565 184564 562
184565 184567 1085
184565 184597 1580
184601 163169 893
184601 184567 253
184601 184602 1225
184564 184551 818
184564 184565 562
184564 184579 1499
184597 184565 1580
184597 184579 581
184597 184595 1934
184597 184602 1161
163169 163170 111
163169 184601 893
184602 163187 905
184602 184597 1161
184602 184601 1225
184602 184605 709
184551 184543 1339
184551 184548 818
184551 184564 818
184551 184578 1579
184579 184564 1499
184579 184578 796
184579 184581 1934
184579 184597 581
184595 184581 581
184595 184596 1419
184595 184597 1934
184595 184604 1161
163170 163168 893
163170 163169 111
163170 163171 552
163187 163186 924
163187 184602 905
184605 163191 1032
184605 184602 709
184605 184603 790
184543 184544 818
184543 184551 1339
184548 184544 1339
184548 184546 818
184548 184551 818
184548 184554 1579
184578 184551 1579
184578 184554 818
184578 184579 796
184581 184579 1934
184581 184582 796
184581 184594 1419
184581 184595 581
184596 184595 1419
184596 184729 600
184604 184595 1161
184604 184603 435
184604 184608 355
163168 163150 782
163168 163170 893
163168 163186 1499
163171 163170 552
163186 163149 688
163186 163168 1499
163186 163187 924
163186 163190 790
163191 163190 818
163191 184605 1032
184603 163192 1140
184603 184604 435
184603 184605 790
184544 184539 475
184544 184543 818
184544 184548 1339
184546 184540 1388
184546 184547 688
184546 184548 818
184546 184552 1499
184554 184548 1579
184554 184552 848
184554 184578 818
184554 184580 1934
184582 184580 818
184582 184581 796
184582 184593 1660
184594 184581 1419
184594 184600 1225
184729 184596 600
184608 163197 1140
184608 184604 355
184608 184606 807
163150 163149 1614
163150 163168 782
163149 163148 111
163149 163150 1614
163149 163186 688
163190 163186 790
163190 163191 818
163190 163193 790
163192 163193 713
163192 184603 1140
184539 184540 475
184539 184544 475
184540 184539 475
184540 184541 796
184540 184546 1388
184547 184545 709
184547 184546 688
184547 184549 828
184552 184546 1499
184552 184553 782
184552 184554 848
184552 184577 2015
184580 184554 1934
184580 184577 818
184580 184582 818
184580 184592 1660
184593 184582 1660
184593 184599 871
184600 184594 1225
184600 184599 713
184600 184728 1085
184600 184733 1144
163197 163198 688
163197 184608 1140
184606 163196 1483
184606 184607 202
184606 184608 807
163148 163149 111
163148 163185 344
163193 163190 790
163193 163192 713
163193 163198 709
184541 184380 984
184541 184540 796
184541 184545 674
184545 184538 1592
184545 184541 674
184545 184547 709
184549 184547 828
184549 184550 1458
184549 184553 790
184553 184549 790
184553 184552 782
184553 184571 713
184553 184576 1987
184577 184552 2015
184577 184576 672
184577 184580 818
184577 184591 1634
184592 184580 1660
184592 184598 871
184599 184593 871
184599 184598 818
184599 184600 713
184599 184727 2956
184728 184600 1085
184728 184607 1483
184728 184732 1614
184733 184600 1144
163198 163193 709
163198 163194 790
163198 163197 688
163196 163194 581
163196 184606 1483
184607 184606 202
184607 184728 1483
163185 163148 344
163185 163184 1334
163185 163199 758
163185 163202 279
184380 179583 445
184380 184381 630
184380 184541 984
184538 184522 344
184538 184545 1592
184550 184536 232
184550 184549 1458
184571 184537 796
184571 184553 713
184571 184572 2015
184576 184553 1987
184576 184572 818
184576 184577 672
184576 184583 1579
184591 184577 1634
184591 184586 906
184598 184586 818
184598 184592 871
184598 184599 818
184598 184727 2837
184727 184584 672
184727 184598 2837
184727 184599 2956
184727 184734 1225
184732 172648 2590
184732 184728 1614
184732 184730 2031
163194 163195 202
163194 163196 581
163194 163198 790
163184 163173 600
163184 163185 1334
163184 163188 344
163199 163185 758
163199 163200 556
163199 163201 222
163202 163185 279
163202 163201 589
163202 163207 558
179583 184380 445
184381 184380 630
184522 184523 766
184522 184538 344
184536 184523 345
184536 184537 1103
184536 184550 232
184537 184470 747
184537 184472 789
184537 184536 1103
184537 184570 2015
184537 184571 796
184572 184570 796
184572 184571 2015
184572 184575 1499
184572 184576 818
184583 184576 1579
184583 184587 906
184586 184584 2967
184586 184587 796
184586 184591 906
184586 184598 818
184584 184585 818
184584 184586 2967
184584 184727 672
184584 184737 1181
184734 184727 1225
184734 184731 672
184734 184737 796
184734 184739 807
172648 172649 2669
172648 184732 2590
184730 184731 1114
184730 184732 2031
184730 184738 1786
184730 184743 404
163195 163194 202
163173 163172 766
163173 163184 600
163188 163184 344
163188 163189 1182
163188 163206 222
163200 163199 556
163201 163199 222
163201 163202 589
163201 163207 511
163201 163212 505
163207 163201 511
163207 163202 558
163207 163204 418
184523 184522 766
184523 184526 713
184523 184535 344
184523 184536 345
184470 184471 782
184470 184472 84
184470 184537 747
184470 184569 2128
184472 184463 2880
184472 184470 84
184472 184475 589
184472 184537 789
184570 184537 2015
184570 184569 818
184570 184572 796
184570 184574 1499
184575 184511 952
184575 184572 1499
184587 184511 713
184587 184583 906
184587 184585 2885
184587 184586 796
184585 184509 713
184585 184584 818
184585 184587 2885
184585 184735 1306
184737 184584 1181
184737 184704 1483
184737 184734 796
184737 184735 672
184731 184730 1114
184731 184734 672
184731 184740 1027
184739 184725 940
184739 184734 807
184739 184740 747
172649 172648 2669
184738 166187 1445
184738 184730 1786
184738 184744 337
184743 184730 404
184743 184741 738
184743 184745 1768
163172 163173 766
163172 163174 849
163172 163189 581
163189 163172 581
163189 163183 790
163189 163188 1182
163189 163218 823
163206 163188 222
163206 163205 2223
163212 163201 505
163212 163213 404
163212 163231 404
163204 163203 3113
163204 163207 418
163204 163211 1255
184526 184475 709
184526 184523 713
184526 184525 683
184535 184523 344
184471 184470 782
184471 184474 818
184471 184568 1934
184569 184470 2128
184569 184568 713
184569 184570 818
184569 184573 1634
184463 184441 3009
184463 184461 279
184463 184467 421
184463 184472 2880
184475 184468 2216
184475 184472 589
184475 184526 709
184574 184512 1035
184574 184570 1499
184511 184509 2885
184511 184512 782
184511 184575 952
184511 184587 713
184509 184510 556
184509 184511 2885
184509 184585 713
184509 184588 1470
184735 184585 1306
184735 184736 333
184735 184737 672
184704 184705 2351
184704 184706 789
184704 184725 650
184704 184737 1483
184740 184731 1027
184740 184739 747
184740 184742 789
184725 184704 650
184725 184724 2233
184725 184739 940
184725 184748 884
166187 166185 796
166187 184738 1445
184744 184738 337
184744 184745 828
184744 184749 1357
184741 184742 404
184741 184743 738
184741 184750 2139
184745 184743 1768
184745 184744 828
184745 184750 766
184745 184751 1535
163174 163172 849
163174 163175 84
163174 163183 713
163183 163167 790
163183 163174 713
163183 163189 790
163183 172653 742
163218 163189 823
163218 163628 446
163205 163203 758
163205 163206 2223
163205 163238 2668
163205 163634 842
163213 163212 404
163213 163214 418
163213 163214 418
163213 163231 445
163231 163212 404
163231 163213 445
163231 163230 435
163203 163204 3113
163203 163205 758
163203 163219 842
163203 163237 2668
163211 163204 1255
163211 163210 1029
163211 163219 2111
184525 184524 906
184525 184526 683
184525 184527 1111
184474 184471 818
184474 184473 782
184474 184480 1934
184568 184471 1934
184568 184480 818
184568 184521 1693
184568 184569 713
184573 184514 952
184573 184569 1634
184441 184440 276
184441 184442 589
184441 184463 3009
184461 184462 796
184461 184463 279
184461 184473 713
184461 184478 1987
184467 184463 421
184467 184465 404
184467 184468 672
184468 184467 672
184468 184469 790
184468 184475 2216
184512 184511 782
184512 184513 517
184512 184514 688
184512 184574 1035
184510 184509 556
184510 184520 924
184510 184590 1535
184588 184509 1470
184588 184589 556
184588 184736 344
184736 184588 344
184736 184706 1027
184736 184735 333
184705 184698 3299
184705 184703 837
184705 184704 2351
184705 184724 848
184706 184655 928
184706 184704 789
184706 184707 807
184706 184736 1027
184742 184740 789
184742 184741 404
184742 184746 476
184724 184697 3299
184724 184705 848
184724 184725 2233
184724 184726 697
184748 184725 884
184748 184726 2351
184748 184747 697
166185 163233 344
166185 166186 790
166185 166187 796
184749 166188 148
184749 184744 1357
184750 184741 2139
184750 184745 766
184750 184752 1495
184750 184758 709
184751 166190 77
184751 184745 1535
163175 163166 683
163175 163174 84
163167 163166 818
163167 163183 790
172653 163183 742
163628 163218 446
163238 163205 2668
163238 163237 758
163634 163205 842
163214 163213 418
163214 163213 418
163230 163231 435
163219 163203 842
163219 163211 2111
163237 163203 2668
163237 163238 758
163210 163211 1029
184524 184525 906
184527 184469 1114
184527 184525 1111
184473 184461 713
184473 184474 782
184480 184474 1934
184480 184568 818
184521 184568 1693
184514 184512 688
184514 184573 952
184440 184441 276
184442 184441 589
184442 184465 2751
184462 184461 796
184478 184461 1987
184465 184442 2751
184465 184467 404
184469 184468 790
184469 184527 1114
184513 184512 517
184520 184510 924
184590 184510 1535
184590 184589 222
184589 184588 556
184589 184590 222
184589 184655 605
184698 184697 848
184698 184705 3299
184703 184705 837
184655 184589 605
184655 184706 928
184707 184706 807
184746 184742 476
184746 184747 537
184746 184758 2322
184697 184698 848
184697 184724 3299
184726 184724 697
184726 184748 2351
184747 184746 537
184747 184748 697
163233 166185 344
166186 166185 790
166186 166188 581
166188 166186 581
166188 184749 148
184752 184750 1495
184758 184746 2322
184758 184750 709
166190 184751 77
163166 163167 818
163166 163175 683
200
163146
184566
184562
184567
184563
184565
184601
184564
184597
163169
184602
184551
184579
184595
163170
163187
184605
184543
184548
184578
184581
184596
184604
163168
163171
163186
163191
184603
184544
184546
184554
184582
184594
184729
184608
163150
163149
163190
163192
184539
184540
184547
184552
184580
184593
184600
163197
184606
163148
163193
184541
184545
184549
184553
184577
184592
184599
184728
184733
163198
163196
184607
163185
184380
184538
184550
184571
184576
184591
184598
184727
184732
163194
163184
163199
163202
179583
184381
184522
184536
184537
184572
184583
184586
184584
184734
172648
184730
163195
163173
163188
163200
163201
163207
184523
184470
184472
184570
184575
184587
184585
184737
184731
184739
172649
184738
184743
163172
163189
163206
163212
163204
184526
184535
184471
184569
184463
184475
184574
184511
184509
184735
184704
184740
184725
166187
184744
184741
184745
163174
163183
163218
163205
163213
163231
163203
163211
184525
184474
184568
184573
184441
184461
184467
184468
184512
184510
184588
184736
184705
184706
184742
184724
184748
166185
184749
184750
184751
163175
163167
172653
163628
163238
163634
163214
163230
163219
163237
163210
184524
184527
184473
184480
184521
184514
184440
184442
184462
184478
184465
184469
184513
184520
184590
184589
184698
184703
184655
184707
184746
184697
184726
184747
163233
166186
166188
184752
184758
166190
163166
