620
140321 140322 1962
140322 140321 1962
140322 151776 719
151776 140322 719
151776 140330 797
151776 151777 3559
140330 140329 1928
140330 151772 843
140330 151776 797
151777 151776 3559
140329 140330 1928
151772 140330 843
151772 140332 790
151772 151771 1789
140332 140331 695
140332 140334 867
140332 140369 298
140332 151772 790
151771 151772 1789
140331 140332 695
140334 140332 867
140334 140333 319
140334 150811 1427
140369 140332 298
140369 140338 315
140369 146968 5447
140369 151985 2481
140333 140334 319
150811 140334 1427
150811 150805 827
150811 150810 947
140338 140335 765
140338 140339 1845
140338 140341 782
140338 140369 315
146968 140369 5447
146968 146967 252
146968 150771 856
146968 150806 292
151985 140369 2481
151985 149312 270
150805 150803 816
150805 150804 390
150805 150811 827
150810 150811 947
140335 140336 854
140335 140337 1766
140335 140338 765
140339 140337 779
140339 140338 1845
140339 140345 837
140339 140487 2388
140341 140338 782
140341 140340 872
140341 140345 1825
146967 146968 252
146967 150761 868
146967 150764 2304
146967 151980 705
150771 146968 856
150771 150761 308
150771 150772 795
150771 150790 266
150806 146968 292
150806 150790 845
150806 150807 1803
150806 150809 685
149312 149309 401
149312 151985 270
150803 150802 818
150803 150805 816
150803 151980 801
150804 150805 390
140336 140335 854
140336 140346 737
140336 140347 1844
140337 140335 1766
140337 140339 779
140337 140347 837
140337 140353 2404
140345 140339 837
140345 140341 1825
140345 140342 765
140345 140482 2421
140487 140339 2388
140487 140353 859
140487 140482 793
140487 140491 2381
140340 140341 872
140340 140342 1931
140340 140343 793
150761 146967 868
150761 150757 2261
150761 150763 803
150761 150771 308
150764 146967 2304
150764 150757 833
150764 151977 674
151980 146967 705
151980 150803 801
151980 151977 2191
150772 150763 210
150772 150771 795
150772 150781 787
150772 150791 246
150790 150771 266
150790 150791 793
150790 150792 1805
150790 150806 845
150807 140355 763
150807 150792 820
150807 150806 1803
150807 150814 1561
150809 140355 1903
150809 150806 685
150809 150808 830
149309 140411 269
149309 149312 401
150802 150803 818
140346 140336 737
140346 140348 1863
140346 150812 808
140347 140336 1844
140347 140337 837
140347 140348 815
140347 140354 2393
140353 140337 2404
140353 140354 822
140353 140487 859
140353 140490 2406
140342 140340 1931
140342 140344 803
140342 140345 765
140342 140483 2407
140482 140345 2421
140482 140483 753
140482 140487 793
140482 140489 2396
140491 140487 2381
140491 140489 804
140491 140490 863
140491 140501 2395
140343 140340 793
140343 140344 1970
140343 140411 749
150757 150755 1560
150757 150760 804
150757 150761 2261
150757 150764 833
150763 150760 2392
150763 150761 803
150763 150770 757
150763 150772 210
151977 150764 674
151977 151976 496
151977 151980 2191
150781 146970 818
150781 150770 213
150781 150772 787
150781 150793 174
150791 150772 246
150791 150790 793
150791 150793 815
150791 150794 1822
150792 140357 2019
150792 150790 1805
150792 150794 756
150792 150807 820
140355 140351 776
140355 140363 2384
140355 150807 763
140355 150809 1903
150814 140362 894
150814 150807 1561
150808 140351 1831
150808 150809 830
150808 150812 793
140411 140343 749
140411 140410 786
140411 140481 1885
140411 149309 269
140348 140346 1863
140348 140347 815
140348 140349 753
140348 140350 2419
150812 140346 808
150812 140349 1841
150812 150808 793
140354 140347 2393
140354 140350 816
140354 140353 822
140354 140488 2337
140490 140353 2406
140490 140488 763
140490 140491 863
140490 140505 2374
140344 140342 803
140344 140343 1970
140344 140481 793
140344 140486 2344
140483 140342 2407
140483 140482 753
140483 140486 823
140483 140499 2447
140489 140482 2396
140489 140491 804
140489 140499 840
140489 140503 2432
140501 140491 2395
140501 140503 789
140501 140505 834
150755 150754 1404
150755 150756 1430
150755 150757 1560
150760 150757 804
150760 150762 803
150760 150763 2392
150770 146969 856
150770 150762 2450
150770 150763 757
150770 150781 213
151976 151977 496
146970 146969 186
146970 146972 800
146970 150781 818
146970 150788 143
150793 150781 174
150793 150788 787
150793 150791 815
150793 150795 1896
150794 150791 1822
150794 150792 756
150794 150795 848
150794 150813 1677
140357 140358 436
140357 140359 494
140357 140360 457
140357 150792 2019
140351 140349 779
140351 140355 776
140351 140356 2446
140351 150808 1831
140363 140355 2384
140363 140356 754
140363 140362 822
140362 140360 757
140362 140363 822
140362 150814 894
140410 140411 786
140410 140412 1899
140481 140344 793
140481 140411 1885
140481 140412 797
140481 140484 2337
140349 140348 753
140349 140351 779
140349 140352 2419
140349 150812 1841
140350 140348 2419
140350 140352 753
140350 140354 816
140488 140354 2337
140488 140490 763
140505 140490 2374
140505 140501 834
140486 140344 2344
140486 140483 823
140486 140484 834
140486 140500 2476
140499 140483 2447
140499 140489 840
140499 140500 753
140499 140504 2334
140503 140489 2432
140503 140501 789
140503 140504 760
150754 150755 1404
150756 150755 1430
150756 151770 1496
150756 151773 1054
150756 151775 50
150762 150760 803
150762 150769 871
150762 150770 2450
146969 146970 186
146969 146971 778
146969 150769 2439
146969 150770 856
146972 146970 800
146972 146971 152
146972 146974 752
146972 150785 159
150788 146970 143
150788 150785 816
150788 150789 1925
150788 150793 787
150795 140364 2439
150795 150789 763
150795 150793 1896
150795 150794 848
150813 140361 808
150813 150794 1677
140358 140357 436
140359 140357 494
140360 140357 457
140360 140361 797
140360 140362 757
140356 140351 2446
140356 140352 757
140356 140363 754
140412 140410 1899
140412 140481 797
140412 140485 2390
140412 140492 453
140484 140481 2337
140484 140485 700
140484 140486 834
140484 140495 2458
140352 140349 2419
140352 140350 753
140352 140356 757
140500 140486 2476
140500 140495 797
140500 140499 753
140500 140502 2335
140504 140499 2334
140504 140502 779
140504 140503 760
140504 140536 2435
151770 150756 1496
151773 140325 1404
151773 150756 1054
151773 150769 1509
151773 151774 49
151775 150756 50
150769 146969 2439
150769 150762 871
150769 150765 804
150769 151773 1509
146971 146969 778
146971 146972 152
146971 146973 761
146971 150765 2442
146974 146972 752
146974 146973 123
146974 150768 838
146974 150786 151
150785 146972 159
150785 150786 742
150785 150787 1965
150785 150788 816
150789 150787 808
150789 150788 1925
150789 150795 763
150789 150815 2449
140364 140361 790
140364 150795 2439
140364 150815 777
140361 140360 797
140361 140364 790
140361 150813 808
140485 140412 2390
140485 140484 700
140485 140493 501
140485 140497 2407
140492 140412 453
140492 140493 2329
140495 140484 2458
140495 140497 797
140495 140500 797
140495 140512 2365
140502 140500 2335
140502 140504 779
140502 140512 497
140502 140520 2399
140536 140504 2435
140536 140520 797
140536 140537 2355
140325 140326 2018
140325 150766 1382
140325 151773 1404
151774 151773 49
150765 146971 2442
150765 150766 752
150765 150769 804
146973 146971 761
146973 146974 123
146973 146975 831
146973 150766 2519
150768 146974 838
150768 146975 203
150768 150563 795
150768 150767 136
150786 146974 151
150786 150767 834
150786 150785 742
150786 150796 1933
150787 150785 1965
150787 150789 808
150787 150796 790
150787 150801 2464
150815 140364 777
150815 150789 2449
150815 150801 797
140493 140485 501
140493 140492 2329
140493 140494 351
140493 140496 2486
140497 140485 2407
140497 140495 797
140497 140496 426
140512 140495 2365
140512 140502 497
140512 140508 452
140520 140502 2399
140520 140521 406
140520 140536 797
140520 140539 2322
140537 140536 2355
140537 140539 842
140537 140541 2324
140326 140325 2018
140326 150574 1488
150766 140325 1382
150766 146973 2519
150766 146976 742
150766 150765 752
146975 146973 831
146975 146976 2587
146975 150562 816
146975 150768 203
150563 150562 232
150563 150573 1551
150563 150768 795
150563 150782 153
150767 150768 136
150767 150782 783
150767 150784 1797
150767 150786 834
150796 150784 768
150796 150786 1933
150796 150787 790
150801 150787 2464
150801 150800 1599
150801 150815 797
140494 140493 351
140494 140498 2435
140496 140493 2486
140496 140497 426
140496 140498 348
140496 140508 2618
140508 140496 2618
140508 140512 452
140508 140515 659
140508 140521 2412
140508 140522 2387
140521 140508 2412
140521 140520 406
140521 140522 439
140521 140538 2324
140539 140520 2322
140539 140537 842
140539 140538 314
140541 140537 2324
140541 141968 886
150574 140326 1488
150574 150561 1151
150574 150577 388
146976 146975 2587
146976 150577 822
146976 150766 742
146976 151983 701
150562 146975 816
150562 150563 232
150562 150577 2536
150562 151303 1065
150573 150563 1551
150573 150572 268
150573 150576 865
150573 150773 251
150782 150563 153
150782 150767 783
150782 150778 750
150782 150783 1746
150784 150767 1797
150784 150783 777
150784 150796 768
150784 150800 2473
150800 142912 4822
150800 150784 2473
150800 150799 797
150800 150801 1599
140498 140494 2435
140498 140496 348
140498 140506 1362
140498 140510 698
140515 140508 659
140515 140514 1062
140515 140517 782
140515 140531 2458
140522 140508 2387
140522 140521 439
140522 140531 805
140522 140540 2319
140538 140521 2324
140538 140539 314
140538 140540 505
141968 140541 886
141968 141970 173
141968 141971 1203
150561 150553 2348
150561 150571 808
150561 150574 1151
150561 150578 1195
150577 146976 822
150577 150562 2536
150577 150574 388
151983 146976 701
151303 150562 1065
151303 150572 454
151303 150578 1375
150572 150573 268
150572 150575 865
150572 150578 1306
150572 151303 454
150576 146978 736
150576 150573 865
150576 150575 227
150576 150774 280
150773 150573 251
150773 150774 853
150773 150775 1676
150773 150779 543
150778 150779 285
150778 150780 989
150778 150782 750
150783 150782 1746
150783 150784 777
150783 150797 775
150783 150799 2535
142912 142913 821
142912 150800 4822
150799 150783 2535
150799 150800 797
150799 151242 531
140506 140498 1362
140506 140511 779
140510 140498 698
140510 140511 1486
140510 140513 533
140514 140513 702
140514 140515 1062
140517 140515 782
140517 140516 771
140517 140527 837
140517 140532 2446
140531 140515 2458
140531 140522 805
140531 140532 797
140531 140535 2261
140540 140522 2319
140540 140535 761
140540 140538 505
140540 141962 2344
141970 141968 173
141971 141968 1203
150553 150554 26
150553 150555 1795
150553 150561 2348
150553 150564 751
150571 150561 808
150571 150564 2392
150571 150568 842
150571 150575 2376
150578 150561 1195
150578 150572 1306
150578 151303 1375
150575 146977 761
150575 150571 2376
150575 150572 865
150575 150576 227
146978 146977 204
146978 150576 736
150774 150576 280
150774 150773 853
150775 150773 1676
150775 150797 831
150779 150773 543
150779 150778 285
150779 150780 1040
150780 150778 989
150780 150779 1040
150780 150797 753
150797 150775 831
150797 150780 753
150797 150783 775
142913 142912 821
151242 150799 531
140511 140506 779
140511 140510 1486
140513 140510 533
140513 140514 702
140513 140516 273
140516 140513 273
140516 140517 771
140527 140517 837
140532 140517 2446
140532 140531 797
140535 140531 2261
140535 140540 761
141962 140540 2344
150554 150553 26
150555 150553 1795
150564 150553 751
150564 150571 2392
150568 146977 2515
150568 150571 842
146977 146978 204
146977 150568 2515
146977 150575 761
199
140322
151776
140330
151777
140329
151772
140332
151771
140331
140334
140369
140333
150811
140338
146968
151985
150805
150810
140335
140339
140341
146967
150771
150806
149312
150803
150804
140336
140337
140345
140487
140340
150761
150764
151980
150772
150790
150807
150809
149309
150802
140346
140347
140353
140342
140482
140491
140343
150757
150763
151977
150781
150791
150792
140355
150814
150808
140411
140348
150812
140354
140490
140344
140483
140489
140501
150755
150760
150770
151976
146970
150793
150794
140357
140351
140363
140362
140410
140481
140349
140350
140488
140505
140486
140499
140503
150754
150756
150762
146969
146972
150788
150795
150813
140358
140359
140360
140356
140412
140484
140352
140500
140504
151770
151773
151775
150769
146971
146974
150785
150789
140364
140361
140485
140492
140495
140502
140536
140325
151774
150765
146973
150768
150786
150787
150815
140493
140497
140512
140520
140537
140326
150766
146975
150563
150767
150796
150801
140494
140496
140508
140521
140539
140541
150574
146976
150562
150573
150782
150784
150800
140498
140515
140522
140538
141968
150561
150577
151983
151303
150572
150576
150773
150778
150783
142912
150799
140506
140510
140514
140517
140531
140540
141970
141971
150553
150571
150578
150575
146978
150774
150775
150779
150780
150797
142913
151242
140511
140513
140516
140527
140532
140535
141962
150554
150555
150564
150568
146977
