16
253128 253130 3326
253188 253130 1410
253119 253121 354
253121 253119 354
253131 253130 1454
253130 253128 3326
253130 253131 1454
253130 253188 1410
253156 253157 1292
253157 253156 1292
253158 253731 796
253731 253158 796
253731 253727 1142
253727 253731 1142
254846 254461 788
254461 254846 788
35
256105
253031
253071
253027
253109
253124
253128
253188
254682
254690
262735
253119
253121
252985
253115
252980
253143
253131
252983
252988
253156
253157
253242
253243
253754
253158
253727
253634
253730
253751
253816
253820
254837
254846
253823
