476
240583 240584 1121
240583 256964 4084
240583 257013 895
240584 240583 1121
256964 240583 4084
256964 256965 1541
256964 257008 222
257013 240583 895
257013 257005 654
257013 257125 962
256965 256964 1541
257008 256964 222
257008 257113 610
257008 257115 787
257005 257006 1101
257005 257007 877
257005 257009 650
257005 257013 654
257125 257013 962
257113 257008 610
257113 257051 1248
257113 257114 846
257115 257008 787
257006 257005 1101
257007 257000 1630
257007 257005 877
257007 257010 403
257009 256999 983
257009 257004 1155
257009 257005 650
257051 257046 876
257051 257049 1031
257051 257113 1248
257051 257116 2434
257114 257113 846
257000 256998 1671
257000 256999 876
257000 257007 1630
257000 257011 1077
257010 257007 403
256999 256997 1671
256999 257000 876
256999 257009 983
257004 257002 671
257004 257009 1155
257004 264000 526
257046 256963 1884
257046 257048 1114
257046 257051 876
257049 257048 1299
257049 257050 796
257049 257051 1031
257116 257051 2434
257116 257117 983
257116 257119 1609
256998 256997 876
256998 257000 1671
256998 257001 949
257011 257000 1077
257011 257012 393
257011 257302 135
256997 256995 238
256997 256996 473
256997 256998 876
256997 256999 1671
257002 256952 275
257002 257003 573
257002 257004 671
264000 257004 526
256963 256959 1900
256963 257024 1905
256963 257046 1884
257048 257046 1114
257048 257047 1022
257048 257049 1299
257050 257047 1574
257050 257049 796
257050 257052 905
257117 257116 983
257117 257118 1609
257117 257120 950
257117 257128 1609
257119 257116 1609
257119 257136 344
257119 257138 857
257001 256998 949
257001 257302 1595
257001 257303 1933
257012 257011 393
257012 257014 1237
257012 257313 2090
257302 257001 1595
257302 257011 135
257302 257305 2029
256995 256994 680
256995 256996 434
256995 256997 238
256996 256990 1932
256996 256995 434
256996 256997 473
256996 257301 2010
256952 256950 1376
256952 256988 1526
256952 257002 275
257003 257002 573
257003 261627 311
256959 256951 5569
256959 256958 2333
256959 256963 1900
257024 256963 1905
257024 257025 2290
257047 257042 905
257047 257048 1022
257047 257050 1574
257052 257042 1574
257052 257050 905
257052 257057 373
257118 257117 1609
257120 257058 1085
257120 257117 950
257120 257121 949
257120 257129 1531
257128 257117 1609
257128 257136 649
257128 257142 713
257128 257144 2434
257136 257119 344
257136 257128 649
257136 257145 2238
257138 257119 857
257138 257137 569
257138 264187 585
257303 257001 1933
257303 257304 1180
257303 257305 2279
257303 257307 2966
257014 257012 1237
257014 257015 655
257313 257012 2090
257313 257310 429
257313 257312 284
257305 257302 2029
257305 257303 2279
257305 257312 201
256994 256987 787
256994 256988 1671
256994 256995 680
256990 256981 1414
256990 256996 1932
256990 257299 144
257301 256996 2010
257301 257299 1235
257301 257307 2201
256950 256949 557
256950 256951 1120
256950 256952 1376
256950 256984 580
256988 256952 1526
256988 256989 278
256988 256994 1671
261627 257003 311
256951 256948 949
256951 256950 1120
256951 256959 5569
256958 256957 1144
256958 256959 2333
256958 256962 518
257025 257024 2290
257042 257027 1061
257042 257047 905
257042 257052 1574
257057 257052 373
257058 257059 1335
257058 257120 1085
257058 257126 1494
257121 257120 949
257129 257120 1531
257129 257141 475
257129 257142 278
257142 257128 713
257142 257129 278
257142 257143 2476
257144 257128 2434
257144 257143 580
257144 257145 688
257145 257136 2238
257145 257144 688
257137 257020 847
257137 257138 569
257137 257139 846
257137 261773 2340
264187 257138 585
257304 257303 1180
257304 257308 2016
257304 257309 1919
257307 257301 2201
257307 257303 2966
257307 257324 3571
257015 257014 655
257310 257311 181
257310 257313 429
257312 257305 201
257312 257313 284
257312 257314 2159
256987 256985 1181
256987 256993 1220
256987 256994 787
256981 256976 1815
256981 256978 1361
256981 256990 1414
257299 256990 144
257299 256991 505
257299 257301 1235
256949 256947 278
256949 256950 557
256949 256984 515
256984 256949 515
256984 256950 580
256984 256983 1305
256989 256988 278
256948 256944 847
256948 256951 949
256948 256961 373
256957 256956 2111
256957 256958 1144
256962 256958 518
256962 256961 3378
257027 257029 1004
257027 257042 1061
257059 257058 1335
257126 257058 1494
257126 257130 452
257126 257141 511
257141 257126 511
257141 257129 475
257141 257146 2670
257143 257142 2476
257143 257144 580
257143 257146 796
257020 257016 1292
257020 257137 847
257020 261772 1196
257139 257137 846
257139 257140 1139
257139 257338 884
261773 257137 2340
257308 257304 2016
257309 257304 1919
257324 257307 3571
257324 257325 2339
257324 257326 10154
257324 257327 2306
257311 257310 181
257311 264188 1030
257311 264190 1295
257314 257312 2159
257314 257321 1494
256985 256983 680
256985 256986 1398
256985 256987 1181
256993 256987 1220
256976 256975 869
256976 256978 1000
256976 256981 1815
256978 256973 1061
256978 256976 1000
256978 256981 1361
256991 256992 1878
256991 257299 505
256991 257300 1070
256947 256945 713
256947 256946 434
256947 256949 278
256983 256979 562
256983 256984 1305
256983 256985 680
256944 256942 418
256944 256946 796
256944 256948 847
256961 256948 373
256961 256960 336
256961 256962 3378
256956 256805 701
256956 256957 2111
257029 257027 1004
257130 257126 452
257130 257133 2555
257146 257133 884
257146 257141 2670
257146 257143 796
257016 257017 2171
257016 257020 1292
257016 257021 2828
257016 257316 1220
261772 257020 1196
257140 257139 1139
257338 257139 884
257325 257324 2339
257326 257324 10154
257326 257345 418
257327 257260 3546
257327 257324 2306
257327 257328 1256
264188 257311 1030
264188 257318 214
264188 264189 1536
264190 257311 1295
257321 257314 1494
257321 257322 1150
256986 256985 1398
256975 256968 419
256975 256973 905
256975 256976 869
256973 256972 598
256973 256975 905
256973 256978 1061
256992 256991 1878
257300 256991 1070
257300 261630 1373
256945 256930 452
256945 256946 580
256945 256947 713
256946 256944 796
256946 256945 580
256946 256947 434
256979 256980 1457
256979 256982 550
256979 256983 562
256942 256941 515
256942 256944 418
256960 256943 550
256960 256961 336
256805 256804 1001
256805 256819 2109
256805 256956 701
257133 257130 2555
257133 257146 884
257133 257156 750
257017 257016 2171
257021 257016 2828
257316 257016 1220
257316 257315 924
257316 257320 1629
257345 257326 418
257345 257346 354
257260 257255 452
257260 257261 473
257260 257327 3546
257328 257327 1256
257328 259160 511
257328 259161 1646
257318 257018 475
257318 257319 1847
257318 264188 214
264189 264188 1536
257322 257321 1150
257322 257330 1673
256968 256967 788
256968 256972 847
256968 256975 419
256972 256968 847
256972 256970 358
256972 256973 598
261630 257198 431
261630 257300 1373
261630 263997 409
256930 256927 1635
256930 256928 1630
256930 256939 1671
256930 256945 452
256980 256979 1457
256982 256940 688
256982 256979 550
256941 256922 628
256941 256942 515
256941 256943 1457
256943 256921 749
256943 256941 1457
256943 256960 550
256804 256805 1001
256804 256869 1265
256819 256805 2109
256819 256815 949
256819 256817 847
257156 257133 750
257156 257153 518
257315 257018 475
257315 257316 924
257315 257317 1817
257320 257316 1629
257320 257317 884
257346 257343 2671
257346 257345 354
257346 257347 2550
257255 257250 950
257255 257258 5662
257255 257259 452
257255 257260 452
257261 257260 473
257261 257262 1224
257261 257263 515
259160 257328 511
259161 257328 1646
257018 257019 1963
257018 257315 475
257018 257318 475
257319 257317 847
257319 257318 1847
257319 257323 610
257330 257322 1673
257330 257331 403
256967 256736 1120
256967 256937 649
256967 256968 788
256970 256969 468
256970 256972 358
257198 256748 2083
257198 257204 884
257198 261630 431
263997 261630 409
256927 256926 511
256927 256928 275
256927 256930 1635
256928 256927 275
256928 256929 434
256928 256930 1630
256939 256930 1671
256939 256938 344
256939 256940 628
256940 256939 628
256940 256971 796
256940 256982 688
256922 256920 1100
256922 256921 1395
256922 256941 628
256921 256808 1178
256921 256922 1395
256921 256943 749
256921 256953 1766
256869 256804 1265
256815 256817 1160
256815 256819 949
256817 256815 1160
256817 256819 847
257153 257156 518
257317 257315 1817
257317 257319 847
257317 257320 884
257343 257346 2671
257347 257346 2550
257250 257255 950
257258 257255 5662
257259 257255 452
257262 257261 1224
257263 257261 515
257019 257018 1963
257323 257319 610
257331 257330 403
256736 256967 1120
256937 256967 649
256937 256969 649
256969 256937 649
256969 256938 847
256969 256970 468
256748 257198 2083
257204 257198 884
256926 256927 511
256929 256928 434
256938 256939 344
256938 256969 847
256971 256940 796
256920 256808 1437
256920 256922 1100
256808 256920 1437
256808 256921 1178
256953 256921 1766
32
257024
257025
257057
257027
257029
257130
257133
256804
257156
256869
256815
256817
257153
257343
257347
257250
257258
257259
257262
257263
257331
256736
256937
256969
256748
257204
256926
256929
256938
256920
256808
256953
