46
76355 76356 10106
76355 76357 11078
76356 76355 10106
76356 78107 6400
76357 76355 11078
76357 87482 812
78107 76356 6400
87482 76357 812
87482 87203 8110
87482 87494 1139
87203 87202 2872
87203 87204 4090
87203 87482 8110
87494 87482 1139
87494 91240 588
87202 87203 2872
87202 87364 140
87204 78224 1358
87204 87203 4090
91240 87494 588
91240 91241 1070
87364 87202 140
87364 87363 1259
78224 87204 1358
91241 91240 1070
91241 91244 1335
87363 87364 1259
87363 87365 87
87363 87366 1642
87363 87369 1203
91244 91241 1335
91244 91275 654
87365 87363 87
87366 87363 1642
87366 87367 6028
87366 87368 4303
87369 87363 1203
91275 91244 654
87367 87366 6028
87367 87451 1865
87368 87366 4303
87451 87367 1865
87451 87445 686
87445 87443 2971
87445 87451 686
87443 87445 2971
24
76355
76356
76357
78107
87482
87203
87494
87202
87204
91240
87364
78224
91241
87363
91244
87365
87366
87369
91275
87367
87368
87451
87445
87443
