18
245531 245533 2160
245533 245531 2160
243877 243879 203
243861 243862 2696
243862 243861 2696
243879 243877 203
244413 244414 248
244414 244413 248
261549 261547 133
244126 244144 784
244134 244135 1382
244135 244134 1382
261547 261549 133
244144 244126 784
244144 244151 1116
244151 244144 1116
244185 244186 507
244186 244185 507
36
245392
245439
245399
245531
245533
245558
245564
247505
243877
243848
243904
243930
263929
243860
243861
243862
239131
243956
243879
243976
244413
244414
244137
261549
244126
244134
244135
244144
244168
244151
244157
244185
244186
243917
242911
243908
