22
188270 188271 761
188271 188270 761
135115 135119 1853
135119 135115 1853
134834 134835 1322
134835 134834 1322
134837 134833 836
135033 135037 951
134833 134837 836
134833 135039 1066
135039 134833 1066
135039 135037 1672
135039 135044 951
135037 135033 951
135037 135039 1672
135044 135039 951
135044 135045 751
135053 135045 1695
135045 135044 751
135045 135053 1695
135091 135094 751
135094 135091 751
34
188268
188269
188276
188278
135146
187983
188241
188265
188264
186655
188089
188094
188270
188271
135115
135119
135131
134811
134834
135173
135134
134835
134837
135060
135056
135044
135045
135049
135063
135091
135094
135105
135106
135108
