16
159003 159037 2707
159037 159003 2707
213177 213184 1647
213184 213148 1384
213184 213177 1647
213148 213184 1384
213299 213297 433
213211 213592 785
213297 213296 1375
213297 213299 433
213296 213297 1375
213592 213211 785
213352 213362 781
213362 213352 781
213373 213374 603
213374 213373 603
37
178589
178590
178465
158766
158784
158782
158810
158994
159003
159023
159037
160062
160080
160081
161251
161286
161271
213118
213133
213135
213177
213148
213149
213189
213295
213317
213299
213303
213311
213211
213296
213194
213569
213352
213362
213373
213374
