18
133330 133331 782
133331 133330 782
250899 250908 1114
250884 250886 201
250886 250884 201
253305 253309 279
253309 253305 279
253309 253349 975
253348 253349 1466
253349 253309 975
253349 253348 1466
250908 250899 1114
251135 251137 2535
251137 251135 2535
251137 251316 2585
251316 251137 2585
251374 251378 1471
251378 251374 1471
34
133135
133310
133276
133283
133291
133322
133330
133331
133342
133352
133362
250899
133255
133607
251298
250884
250886
250900
250896
253296
253305
250908
251135
251137
251316
251323
251344
251362
251374
251378
253368
253371
253372
253374
