18
55860 55908 1352
55697 55908 1450
55908 55697 1450
55908 55860 1352
189854 189859 681
190310 190278 462
190278 190310 462
189859 189854 681
189859 189865 1321
189865 189859 1321
194693 196225 1199
196225 194693 1199
196240 196241 1081
195884 196040 1586
196241 196240 1081
196040 195884 1586
202774 202828 833
202828 202774 833
36
55860
55697
55908
56576
189854
189857
190308
190310
190223
190278
189859
189865
195410
195413
196146
196168
196176
196222
194693
196225
196240
195884
196241
196040
197193
197248
197203
197249
202579
202598
202771
202774
202826
202827
202828
202832
