448
50654 50655 5739
50655 50654 5739
50655 50830 5843
50830 50655 5843
50830 50831 1931
50830 50833 1757
50831 50830 1931
50833 50830 1757
50833 50832 1503
50832 50815 8126
50832 50833 1503
50832 50835 2207
50815 50814 4181
50815 50832 8126
50835 50832 2207
50835 50881 1419
50814 50811 1252
50814 50815 4181
50881 50835 1419
50881 50882 276
50811 50810 1903
50811 50814 1252
50811 56771 3412
50882 50855 1418
50882 50881 276
50810 50811 1903
50810 50812 4681
50810 50813 5464
56771 50811 3412
50855 50854 4795
50855 50877 475
50855 50882 1418
50812 50810 4681
50812 50828 1535
50812 50829 3878
50813 50810 5464
50813 50816 475
50854 50849 4983
50854 50852 747
50854 50855 4795
50877 50855 475
50877 50878 6760
50877 50884 1354
50877 50885 1085
50828 50812 1535
50829 50812 3878
50816 50813 475
50849 50854 4983
50852 50851 747
50852 50853 1153
50852 50854 747
50878 50877 6760
50878 55682 1063
50878 55687 608
50884 50877 1354
50884 50883 537
50885 50877 1085
50885 50886 2511
50851 50850 1227
50851 50852 747
50851 50862 1396
50853 50852 1153
55682 50878 1063
55682 56620 707
55687 50878 608
50883 50837 1483
50883 50884 537
50886 50885 2511
50886 50889 5798
50850 50851 1227
50862 50851 1396
50862 50863 848
50862 50865 1410
56620 55682 707
56620 56621 778
50837 50836 3168
50837 50883 1483
50889 50886 5798
50889 50895 837
50889 50899 1968
50863 50862 848
50863 50864 1611
50863 50867 788
50865 50862 1410
50865 50864 836
50865 50871 537
56621 56620 778
56621 56622 750
50836 50834 1855
50836 50837 3168
50895 50889 837
50895 50894 1468
50895 55412 2310
50899 50889 1968
50864 50863 1611
50864 50865 836
50864 50869 751
50864 50870 474
50867 50848 697
50867 50863 788
50867 50869 1746
50871 50865 537
56622 50861 3249
56622 56621 750
50834 50836 1855
50894 50895 1468
50894 50896 1968
50894 50898 2295
55412 50895 2310
50869 50864 751
50869 50867 1746
50869 50868 751
50869 50874 612
50870 50864 474
50848 50845 4104
50848 50860 884
50848 50867 697
50848 50868 1812
50861 50856 2420
50861 51173 6068
50861 51175 1620
50861 51177 1580
50861 56622 3249
50896 50894 1968
50898 50894 2295
50898 50897 2489
50898 55379 2640
50868 50848 1812
50868 50869 751
50868 50875 279
50868 50876 418
50874 50869 612
50845 50846 246
50845 50848 4104
50860 50848 884
50860 50856 1994
50860 50866 1146
50856 50857 3646
50856 50859 3709
50856 50860 1994
50856 50861 2420
51173 50861 6068
51173 51174 788
51175 50861 1620
51175 50879 4088
51175 51176 2347
51177 50861 1580
51177 51178 2491
50897 50898 2489
50897 52776 1483
50897 52777 1221
55379 50898 2640
50875 50868 279
50876 50868 418
50846 50842 561
50846 50845 246
50866 50860 1146
50866 50872 418
50866 50873 836
50857 50840 853
50857 50856 3646
50857 56623 1509
50859 50856 3709
50859 50858 2218
50859 51063 673
51174 51068 1353
51174 51173 788
50879 50880 3345
50879 51175 4088
50879 51184 373
51176 51175 2347
51178 51068 3833
51178 51177 2491
51178 51179 2738
52776 50897 1483
52777 50897 1221
52777 52778 238
50842 50807 2851
50842 50844 713
50842 50846 561
50872 50866 418
50873 50866 836
50840 50841 189
50840 50857 853
56623 50857 1509
50858 50859 2218
51063 50859 673
51063 51061 7594
51068 51069 5101
51068 51070 841
51068 51174 1353
51068 51178 3833
50880 50879 3345
51184 50879 373
51184 51185 475
51179 51070 1532
51179 51178 2738
51179 51181 1502
52778 52777 238
52778 52779 3414
52778 54837 747
50807 50808 4648
50807 50841 520
50807 50842 2851
50844 50842 713
50841 50807 520
50841 50840 189
51061 51062 905
51061 51063 7594
51061 51065 1692
51069 51068 5101
51069 51091 1324
51070 51068 841
51070 51071 1438
51070 51179 1532
51070 51180 757
51185 50892 4321
51185 51184 475
51185 51186 139
51181 51179 1502
51181 51182 1772
52779 52778 3414
54837 52778 747
54837 54836 558
54837 54838 581
50808 50807 4648
51062 51054 1357
51062 51061 905
51062 51064 2008
51065 51061 1692
51065 51064 788
51065 51066 1505
51091 51069 1324
51091 51090 348
51071 51070 1438
51071 51094 2230
51180 51070 757
51180 51183 1456
50892 50891 1262
50892 50893 1889
50892 51185 4321
51186 51185 139
51186 51194 5709
51186 55657 6868
51182 51181 1772
51182 51188 2881
54836 54835 630
54836 54837 558
54836 54838 517
54836 54839 1394
54836 54840 688
54838 54836 517
54838 54837 581
54838 54841 373
51054 51046 537
51054 51052 1221
51054 51062 1357
51064 51062 2008
51064 51065 788
51064 51087 1762
51066 51065 1505
51066 51067 3848
51090 51089 279
51090 51091 348
51090 51092 403
51090 51093 373
51094 51071 2230
51094 51095 1029
51183 51180 1456
51183 51187 1379
50891 50890 2111
50891 50892 1262
50893 50890 1282
50893 50892 1889
51194 51186 5709
51194 51193 2770
51194 51195 2140
55657 51186 6868
51188 51182 2881
51188 51190 1354
54835 54836 630
54839 54836 1394
54839 54842 747
54839 54848 878
54839 54850 1080
54840 54836 688
54841 52780 2460
54841 54838 373
54841 54856 984
51046 51043 474
51046 51054 537
51046 51060 1224
51052 51051 403
51052 51054 1221
51052 51056 1762
51087 51055 612
51087 51064 1762
51087 51088 276
51067 51066 3848
51089 51088 612
51089 51090 279
51092 51083 1530
51092 51090 403
51092 51096 279
51092 51099 226
51093 51083 1115
51093 51090 373
51095 51094 1029
51095 51096 1398
51187 51183 1379
51187 51189 2482
50890 50891 2111
50890 50893 1282
51193 51194 2770
51193 51202 1225
51193 51203 1594
51195 51194 2140
51190 51188 1354
51190 51192 1728
54842 54839 747
54842 54843 807
54842 54849 1227
54848 54839 878
54850 54839 1080
54850 54849 688
54850 54855 202
52780 52781 2509
52780 54841 2460
52780 55483 605
54856 54841 984
54856 54855 222
51043 51042 476
51043 51045 1168
51043 51046 474
51060 51046 1224
51051 51045 279
51051 51050 939
51051 51052 403
51056 51052 1762
51056 51055 57
51056 56670 797
51055 51056 57
51055 51080 682
51055 51087 612
51088 51087 276
51088 51089 612
51083 51082 1146
51083 51092 1530
51083 51093 1115
51096 51092 279
51096 51095 1398
51096 51097 252
51096 51098 505
51099 51092 226
51099 51098 177
51099 56624 436
51189 51187 2482
51189 51191 1555
51202 51193 1225
51203 51193 1594
51203 51205 2345
51203 51208 1146
51192 51190 1728
51192 51191 1075
51192 51247 29
54843 54842 807
54849 54842 1227
54849 54850 688
54849 54851 951
54849 54859 605
54855 54850 202
54855 54856 222
54855 54857 600
52781 52780 2509
52781 52782 320
52781 52783 1438
55483 52780 605
55483 55481 1769
55483 55484 751
51042 51031 373
51042 51043 476
51042 51044 1168
51045 51043 1168
51045 51051 279
51050 51051 939
51050 51053 1224
56670 51053 474
56670 51056 797
51080 51055 682
51080 51079 796
51082 51081 697
51082 51083 1146
51082 51084 697
51082 51085 747
51097 51096 252
51098 51096 505
51098 51099 177
51098 51102 751
56624 51099 436
51191 51189 1555
51191 51192 1075
51191 51242 556
51191 51243 1303
51205 51203 2345
51205 51204 823
51205 55420 330
51205 55735 830
51208 51203 1146
51208 51204 2614
51208 51210 878
51208 51213 1299
51247 51192 29
51247 51248 1221
51247 51251 1579
54851 54849 951
54859 54849 605
54859 54857 1085
54857 54855 600
54857 54859 1085
54857 55481 1631
52782 52781 320
52783 52781 1438
55481 54857 1631
55481 55483 1769
55484 55483 751
51031 51042 373
51044 51042 1168
51053 51050 1224
51053 56670 474
51079 51080 796
51081 51082 697
51084 51082 697
51085 51082 747
51102 51098 751
51242 51191 556
51243 51191 1303
51243 51248 951
51204 51205 823
51204 51208 2614
55420 51205 330
55735 51205 830
51210 51208 878
51213 51208 1299
51248 51243 951
51248 51247 1221
51248 51251 667
51251 51247 1579
51251 51248 667
29
50816
50849
50834
50807
50841
50808
51045
51050
54851
54859
54857
52782
52783
55481
55484
51031
51053
51079
51081
51084
51085
51102
51242
51243
51204
51210
51213
51248
51251
