22
204425 204468 727
204468 204425 727
208514 208515 788
208098 208105 778
208086 208088 963
208105 208098 778
208088 208086 963
207814 207813 1566
207813 207814 1566
207818 207836 773
207832 207831 1009
207832 207859 773
207859 207832 773
208515 208514 788
207836 207818 773
207836 207831 774
207831 207832 1009
207831 207836 774
208143 208146 775
208146 208143 775
208182 208186 363
208186 208182 363
40
203714
203764
203770
203774
203803
204018
204021
204037
204425
204468
208506
208514
208098
208099
208103
208508
208510
208518
208086
208090
208105
208088
207809
207814
207813
207818
207832
207859
208515
207836
207831
208093
208143
208146
208182
208186
208400
208414
208402
208455
