18
135709 135712 588
135712 135709 588
135712 135721 1143
135721 135712 1143
135928 135930 751
135930 135928 751
135930 135945 924
135945 135930 924
135945 135937 344
135937 135945 344
135952 135954 688
135954 135952 688
135994 136001 1008
136001 135994 1008
136043 136046 222
136046 136043 222
136060 136063 649
136063 136060 649
38
134988
135684
134952
134960
135756
135749
135751
135925
135926
135697
135709
135712
135721
135928
135930
135937
135952
135954
135913
135955
135971
135987
135993
135994
136001
136046
136049
136050
136060
136063
136070
136072
136172
136174
136749
136755
136756
137450
