18
196035 196032 163
196032 196035 163
202756 202799 1134
202799 202756 1134
203235 203242 1975
203242 203235 1975
203306 203325 860
203322 203325 433
203325 203306 860
203325 203322 433
205732 205727 2042
205727 205732 2042
197158 197168 735
197168 197158 735
197168 202549 744
202549 197168 744
202549 202550 1298
202550 202549 1298
37
195870
196027
196035
196032
196049
196056
202573
202754
202756
202799
202818
202819
202815
202816
203235
203242
203254
203306
203481
203482
203530
203531
203545
203546
203322
203323
203278
205732
205727
205785
205790
214938
205801
197158
202550
196045
196061
