16
51958 51957 810
51957 51958 810
51973 51979 499
51979 51973 499
52025 52631 1756
52657 52666 1073
52631 52025 1756
52666 52657 1073
187004 190511 378
186957 186956 359
186956 186957 359
186973 190513 533
190511 187004 378
190513 186973 533
186979 190821 680
190821 186979 680
37
51135
51559
51885
51886
51947
51950
51958
51957
51962
51973
51979
51981
52020
52025
52657
52631
52642
52666
52713
52726
52722
52724
52738
186343
186340
186368
186952
186956
186973
190511
190513
187009
186979
190821
194536
194630
194637
