76
161083 161084 667
161084 161083 667
161084 161085 924
161085 161084 924
161085 161086 848
161086 161085 848
161086 161087 796
161086 161117 1517
161087 161086 796
161087 161088 311
161087 161121 1269
161117 161086 1517
161117 161121 893
161088 161087 311
161121 161087 1269
161121 161117 893
161121 161135 672
161135 161121 672
161135 161136 558
161135 161140 702
161136 161135 558
161136 161137 751
161136 161144 2790
161140 161135 702
161137 161136 751
161137 161138 2051
161137 161141 672
161144 161136 2790
161144 161143 927
161144 161145 3793
161138 161137 2051
161138 161139 1379
161138 161142 889
161141 161137 672
161141 161142 1942
161141 161148 667
161143 161144 927
161143 161146 3454
161143 161148 893
161143 161149 1270
161145 161144 3793
161145 161146 907
161145 161260 4503
161139 161138 1379
161142 161138 889
161142 161141 1942
161142 161147 796
161148 161141 667
161148 161143 893
161148 161147 1770
161146 161143 3454
161146 161145 907
161146 161257 684
161146 161259 2889
161149 161143 1270
161149 161147 885
161149 161257 3461
161260 161145 4503
161260 161261 615
161147 161142 796
161147 161148 1770
161147 161149 885
161257 161146 684
161257 161149 3461
161257 161258 3019
161259 161146 2889
161259 161258 337
161259 161261 2007
161261 161259 2007
161261 161260 615
161261 161262 1270
161258 161257 3019
161258 161259 337
161258 161262 2184
161262 161258 2184
161262 161261 1270
29
161083
161084
161085
161086
161087
161117
161088
161121
161135
161136
161140
161137
161144
161138
161141
161143
161145
161139
161142
161148
161146
161149
161260
161147
161257
161259
161261
161258
161262
