16
128335 128334 337
131924 131929 837
131929 131924 837
131929 131930 811
131930 131929 811
131964 132002 697
132002 131964 697
132002 132026 1225
132026 132002 1225
128349 128347 1248
128334 128335 337
128347 128349 1248
130239 130249 1023
130285 130249 1118
130249 130239 1023
130249 130285 1118
36
130146
130193
130915
130917
130200
130188
130197
130201
130205
130165
130167
128335
131058
131924
131085
131929
131930
131955
131952
131960
131964
132026
132031
128333
128349
128334
128347
130239
130285
130249
130250
128364
130248
130257
131055
131975
