526
152103 152104 476
152103 152107 1353
152103 153728 612
152104 152103 476
152104 152105 1004
152104 153727 374
152107 152103 1353
152107 152106 672
152107 162471 2153
153728 152103 612
153728 153729 374
153728 153730 1936
152105 152104 1004
152105 152106 1825
152105 152108 782
153727 152104 374
153727 153700 1445
153727 153724 251
152106 152105 1825
152106 152107 672
152106 152109 796
152106 162470 2153
162471 152107 2153
162471 162470 672
162471 162472 591
153729 153728 374
153730 153728 1936
153730 153731 667
153730 162473 694
152108 152105 782
152108 152109 1907
152108 152110 238
153700 153699 1854
153700 153701 778
153700 153727 1445
153724 153723 255
153724 153727 251
152109 152106 796
152109 152108 1907
152109 152111 222
152109 162469 1989
162470 152106 2153
162470 162469 778
162470 162471 672
162472 162471 591
153731 153699 1017
153731 153730 667
162473 153730 694
152110 152108 238
152110 152112 562
153699 153697 672
153699 153700 1854
153699 153731 1017
153701 153696 518
153701 153700 778
153701 153716 442
153723 153722 683
153723 153724 255
153723 153997 1505
152111 152109 222
152111 152113 562
162469 152109 1989
162469 162468 344
162469 162470 778
152112 152110 562
152112 152113 1989
152112 152115 778
153697 153696 1433
153697 153699 672
153696 153695 893
153696 153697 1433
153696 153701 518
153716 153701 442
153716 153715 676
153722 153721 683
153722 153723 683
153722 172277 778
153997 153723 1505
153997 153998 518
153997 154001 3710
152113 152111 562
152113 152112 1989
152113 152116 796
152113 162467 2050
162468 162467 562
162468 162469 344
152115 152112 778
152115 152114 953
152115 152117 222
153695 153696 893
153695 153717 1101
153715 153713 796
153715 153716 676
153715 153725 667
153715 153726 1884
153721 153720 796
153721 153722 683
153721 154048 767
153721 172278 672
172277 153722 778
153998 153997 518
153998 153999 1140
154001 153997 3710
154001 154000 1055
154001 154015 1121
152116 152113 796
152116 152114 1201
152116 162466 1884
162467 152113 2050
162467 162466 778
162467 162468 562
152114 152115 953
152114 152116 1201
152114 152122 905
152117 152115 222
153717 153695 1101
153717 153713 432
153713 153711 1867
153713 153714 782
153713 153715 796
153713 153717 432
153725 153715 667
153726 153711 688
153726 153715 1884
153726 153719 782
153726 153770 2050
153720 153718 782
153720 153721 796
153720 153773 1533
154048 153721 767
154048 154004 683
154048 172279 782
172278 153721 672
153999 153994 2063
153999 153998 1140
153999 154014 1936
154000 154001 1055
154000 154004 872
154000 154049 850
154015 154001 1121
154015 154014 2565
154015 154050 710
154015 154052 1023
162466 152116 1884
162466 162465 610
162466 162467 778
152122 152114 905
152122 152119 767
152122 152121 1032
152122 162463 630
153711 153710 2153
153711 153712 905
153711 153713 1867
153711 153726 688
153714 153712 1801
153714 153713 782
153719 153718 1450
153719 153726 782
153719 153772 2133
153719 153773 796
153770 153710 782
153770 153726 2050
153770 153771 344
153718 153719 1450
153718 153720 782
153773 153719 796
153773 153720 1533
153773 153774 2236
153773 154004 782
154004 153773 782
154004 154000 872
154004 154005 688
154004 154048 683
172279 154048 782
153994 153993 940
153994 153999 2063
153994 154021 1010
153994 154024 2605
154014 153999 1936
154014 154015 2565
154014 154022 1268
154049 153903 767
154049 154000 850
154049 154050 2006
154050 154015 710
154050 154049 2006
154050 154064 872
154050 154078 1023
154052 154015 1023
154052 154051 630
154052 154078 710
162465 162461 1743
162465 162466 610
162465 162477 1248
152119 152118 1375
152119 152122 767
152119 154010 630
152121 152120 562
152121 152122 1032
152121 154011 767
162463 152122 630
162463 162461 872
162463 162464 562
153710 153709 782
153710 153711 2153
153710 153770 782
153712 153709 2216
153712 153711 905
153712 153714 1801
153772 153719 2133
153772 153771 452
153772 153775 374
153771 153770 344
153771 153772 452
153771 153790 6583
153774 153773 2236
153774 153775 344
153774 153791 610
154005 154004 688
153993 153994 940
153993 153995 476
153993 154025 2171
154021 153994 1010
154021 154022 1142
154021 154023 3043
154024 153994 2605
154024 154023 790
154024 154025 767
154024 154029 1827
154022 154014 1268
154022 154021 1142
154022 154053 1182
153903 153791 238
153903 153902 475
153903 154049 767
154064 154050 872
154064 154063 581
154064 154076 202
154078 154050 1023
154078 154052 710
154078 154077 872
154051 154052 630
154051 154053 1028
154051 154081 1055
162461 162462 581
162461 162463 872
162461 162465 1743
162477 162460 953
162477 162465 1248
162477 162478 1293
152118 152119 1375
152118 152120 767
152118 154006 355
154010 152119 630
152120 152118 767
152120 152121 562
152120 154012 630
154011 152121 767
154011 154013 796
154011 162458 790
162464 162463 562
153709 153710 782
153709 153712 2216
153775 153772 374
153775 153774 344
153775 153789 3211
153790 153771 6583
153790 153785 610
153790 153908 610
153791 153774 610
153791 153788 2969
153791 153903 238
153995 153993 476
153995 153996 355
153995 154026 1675
154025 153993 2171
154025 154024 767
154025 154026 1118
154025 154030 1234
154023 154021 3043
154023 154024 790
154023 154028 2731
154029 154024 1827
154029 154027 905
154029 154030 1420
154053 154022 1182
154053 154051 1028
154053 154054 848
153902 153901 2718
153902 153903 475
153902 154063 885
154063 153902 885
154063 154064 581
154063 154083 1689
154076 154064 202
154076 154077 848
154076 154084 1437
154077 154076 848
154077 154078 872
154077 154080 1085
154077 154085 1145
154081 154051 1055
154081 154075 2929
154081 154079 985
154081 172282 436
162462 162461 581
162460 162458 683
162460 162459 1505
162460 162477 953
162478 162477 1293
162478 168568 344
154006 152118 355
154006 153996 355
154006 154007 1891
154012 152120 630
154012 154013 276
154012 154020 1268
154013 154011 796
154013 154012 276
154013 162457 872
162458 154011 790
162458 162457 1248
162458 162460 683
153789 153775 3211
153789 153785 2885
153789 153788 782
153785 153786 238
153785 153789 2885
153785 153790 610
153908 153790 610
153908 153797 856
153908 153906 1635
153908 153912 1293
153788 153787 2622
153788 153789 782
153788 153791 2969
153788 153901 667
153996 153995 355
153996 154006 355
154026 153995 1675
154026 154025 1118
154030 154025 1234
154030 154029 1420
154030 154036 344
154028 154023 2731
154028 154027 790
154028 154058 683
154028 154062 905
154027 154028 790
154027 154029 905
154027 154047 893
154054 154053 848
154054 154055 1304
154054 172280 818
153901 153788 667
153901 153900 2454
153901 153902 2718
153901 154082 905
154083 154063 1689
154083 154082 767
154083 154084 672
154084 154076 1437
154084 154083 672
154084 154085 556
154080 154077 1085
154080 154079 1307
154080 154087 2534
154080 154104 2069
154085 154077 1145
154085 154084 556
154085 154088 767
154075 154073 2623
154075 154081 2929
154075 154091 829
154079 154080 1307
154079 154081 985
154079 154092 1161
172282 154081 436
162459 162457 850
162459 162460 1505
162459 168568 1018
168568 162459 1018
168568 162478 344
168568 168569 2098
168568 168872 778
168568 168887 1087
154007 154006 1891
154007 154008 759
154007 154031 238
154020 154012 1268
154020 154019 905
154020 162455 674
162457 154013 872
162457 162456 951
162457 162458 1248
162457 162459 850
153786 153785 238
153786 153787 672
153786 153913 1017
153797 153796 719
153797 153908 856
153906 153904 421
153906 153907 581
153906 153908 1635
153912 153908 1293
153912 153911 590
153912 153913 222
153787 153786 672
153787 153788 2622
153787 153900 688
154036 154030 344
154058 154028 683
154058 154057 3886
154058 154059 924
154058 154061 790
154062 154028 905
154062 154059 767
154062 154123 1592
154047 154027 893
154047 154041 1565
154047 154124 1560
154055 154054 1304
154055 154056 724
172280 154054 818
172280 154068 713
172280 172281 1226
153900 153787 688
153900 153901 2454
153900 153916 462
154082 153901 905
154082 154083 767
154082 154088 1225
154082 154306 1951
154087 154080 2534
154087 154086 562
154087 154313 951
154104 154080 2069
154104 154090 1662
154104 154320 238
154088 154082 1225
154088 154085 767
154088 154089 355
154073 154072 872
154073 154075 2623
154073 154095 683
154073 172284 562
154091 154075 829
154091 154090 818
154091 154097 518
154092 154079 1161
154092 154090 905
154092 154105 890
168569 168568 2098
168569 168570 1580
168569 168848 713
168872 162456 1521
168872 168568 778
168872 168890 667
168887 168568 1087
168887 168848 1657
168887 168888 139
154008 154007 759
154008 154009 1594
154031 153897 610
154031 154007 238
154031 154035 111
154019 154018 672
154019 154020 905
154019 172274 590
162455 154020 674
162456 162457 951
162456 168872 1521
162456 168893 713
153913 153786 1017
153913 153912 222
153796 153797 719
153904 153906 421
153907 153906 581
153911 153912 590
154057 154056 823
154057 154058 3886
154059 154058 924
154059 154062 767
154061 154058 790
154123 154062 1592
154123 154124 600
154041 154047 1565
154041 154124 767
154124 154041 767
154124 154047 1560
154124 154123 600
154056 154055 724
154056 154057 823
154068 172280 713
172281 172280 1226
153916 153900 462
153916 154306 489
154306 153916 489
154306 154082 1951
154086 154087 562
154086 154089 829
154313 154087 951
154090 154091 818
154090 154092 905
154090 154104 1662
154320 154104 238
154089 154086 829
154089 154088 355
154072 154073 872
154095 154073 683
172284 154073 562
154097 154091 518
154105 154092 890
168570 168569 1580
168848 168569 713
168848 168887 1657
168890 168872 667
168890 168893 1269
168888 168887 139
154009 154008 1594
153897 154031 610
154035 154031 111
154018 154019 672
172274 154019 590
168893 162456 713
168893 168890 1269
40
162472
153731
153699
153697
153696
153695
153717
153713
153711
153714
153710
153712
153709
153913
153796
153904
153911
154059
154061
154123
154041
154124
154068
153916
154306
154086
154313
154320
154089
154072
154095
168570
168848
168890
168888
154009
153897
154035
154018
168893
