18
135360 135363 848
135363 135360 848
135363 135362 884
135362 135363 884
135535 135536 947
135331 135537 1008
135536 135535 947
135536 135537 873
135537 135331 1008
135537 135536 873
135438 135442 827
135442 135438 827
132609 136332 1258
136332 132609 1258
136332 136335 905
136335 136332 905
136335 136337 1188
136337 136335 1188
38
188358
188360
188313
188328
135338
135353
135360
135313
135363
135362
139591
136645
136650
136654
135315
135327
135530
135535
135324
135326
135331
135536
135537
135421
135422
135420
135533
135438
135506
135518
135442
135499
135526
135592
136250
132609
136332
136337
