596
154451 154452 1114
154452 154451 1114
154452 154456 905
154452 154546 1657
154456 154452 905
154456 154455 796
154456 154538 1226
154546 154452 1657
154546 154538 751
154546 154545 811
154455 154453 924
154455 154456 796
154455 154529 954
154538 154456 1226
154538 154529 789
154538 154543 3437
154538 154546 751
154545 154544 2568
154545 154546 811
154545 154550 2809
154453 154454 600
154453 154455 924
154453 154527 672
154529 154455 954
154529 154530 418
154529 154538 789
154543 154538 3437
154543 154544 1357
154543 155088 2300
154544 154543 1357
154544 154545 2568
154544 154550 1667
154544 155090 3520
154550 154544 1667
154550 154545 2809
154550 154551 1206
154550 155091 3862
154454 154453 600
154527 154453 672
154527 154526 811
154527 154528 893
154527 172108 674
154530 154526 613
154530 154529 418
155088 154543 2300
155088 155085 1014
155088 155089 1657
155090 154544 3520
155090 155089 344
155090 155091 1014
154551 154550 1206
154551 154552 1801
154551 154556 1774
154551 155093 1690
154551 155101 747
155091 154550 3862
155091 155090 1014
155091 155095 796
154526 154525 613
154526 154527 811
154526 154530 613
154528 154500 778
154528 154527 893
154528 172107 872
172108 154527 674
155085 155084 1210
155085 155088 1014
155089 155088 1657
155089 155090 344
155089 155124 850
154552 154551 1801
154552 154553 2613
154552 154556 222
154556 154548 2551
154556 154551 1774
154556 154552 222
154556 154558 1004
155093 154551 1690
155093 155092 1636
155093 155102 562
155101 154551 747
155101 154558 2035
155101 155103 850
155101 155104 1014
155095 155091 796
155095 155094 475
155095 155132 1102
154525 154499 1919
154525 154526 613
154525 154536 752
154500 154499 767
154500 154528 778
154500 172106 683
172107 154528 872
155084 155085 1210
155084 155087 872
155124 155047 2590
155124 155089 850
155124 155129 1118
155124 155132 2171
154553 154548 562
154553 154552 2613
154553 154554 674
154548 154512 1201
154548 154549 1014
154548 154553 562
154548 154556 2551
154558 154549 2467
154558 154556 1004
154558 155096 1004
154558 155101 2035
155092 155093 1636
155092 155094 667
155092 155148 2134
155092 155150 713
155102 155093 562
155102 155103 601
155102 155150 1784
155103 155101 850
155103 155102 601
155103 155118 905
155104 155101 1014
155104 155105 1018
155104 155115 1114
155104 155118 872
155094 155092 667
155094 155095 475
155132 155095 1102
155132 155124 2171
155132 155133 1018
154499 154479 1344
154499 154500 767
154499 154525 1919
154536 154525 752
172106 154500 683
155087 155084 872
155047 155048 2138
155047 155124 2590
155047 155128 683
155129 155124 1118
155129 155130 2605
155129 155133 2262
155129 155137 1118
154554 154553 674
154512 154511 562
154512 154513 893
154512 154548 1201
154549 154513 1437
154549 154548 1014
154549 154555 1014
154549 154558 2467
155096 154555 2384
155096 154558 1004
155096 155097 1225
155096 155105 1102
155148 155092 2134
155148 155144 562
155148 155149 1675
155148 155152 1065
155150 155092 713
155150 155102 1784
155150 155119 1014
155118 155103 905
155118 155104 872
155118 155119 2371
155105 155096 1102
155105 155104 1018
155105 155106 1140
155115 155104 1114
155115 155106 850
155115 155116 1334
155115 155120 3401
155133 155129 2262
155133 155132 1018
155133 155143 1012
155133 155144 452
154479 154499 1344
155048 155047 2138
155048 155127 683
155128 155047 683
155128 155127 2138
155128 155130 355
155130 155128 355
155130 155129 2605
155130 155131 436
155137 155129 1118
155137 155135 2623
155137 155142 1036
155137 155143 2468
154511 154512 562
154513 154512 893
154513 154514 1114
154513 154549 1437
154555 154514 1701
154555 154549 1014
154555 154557 1225
154555 155096 2384
155097 154557 2384
155097 155096 1225
155097 155098 1445
155097 155107 1018
155144 155133 452
155144 155148 562
155149 155119 1884
155149 155148 1675
155149 155151 2340
155149 155153 1102
155152 155145 344
155152 155148 1065
155152 155153 1906
155152 155156 1284
155119 155118 2371
155119 155120 1140
155119 155149 1884
155119 155150 1014
155106 155105 1140
155106 155107 276
155106 155115 850
155116 155108 1201
155116 155115 1334
155116 155117 1796
155116 155122 2319
155120 155115 3401
155120 155119 1140
155120 155121 1268
155143 155133 1012
155143 155137 2468
155143 155145 344
155143 155146 1185
155127 155048 683
155127 155126 518
155127 155128 2138
155131 155126 2085
155131 155130 436
155131 155135 600
155135 155131 600
155135 155136 924
155135 155137 2623
155135 155140 1201
155142 155137 1036
155142 155140 2590
155142 155146 2605
155142 155333 1118
154514 154513 1114
154514 154515 782
154514 154555 1701
154557 154515 1868
154557 154555 1225
154557 154559 1124
154557 155097 2384
155098 155097 1445
155098 155099 843
155098 155109 601
155098 155112 1234
155107 155097 1018
155107 155106 276
155107 155108 1336
155151 155121 1471
155151 155149 2340
155151 155154 1226
155153 155149 1102
155153 155152 1906
155153 155154 2126
155153 155157 1420
155145 155143 344
155145 155152 344
155156 155152 1284
155156 155155 238
155156 155157 1268
155156 155159 2119
155108 155107 1336
155108 155109 355
155108 155116 1201
155117 155113 1438
155117 155116 1796
155117 155123 2384
155117 159561 1248
155122 155116 2319
155122 155121 1438
155122 155123 1919
155121 155120 1268
155121 155122 1438
155121 155151 1471
155121 155164 1906
155146 155142 2605
155146 155143 1185
155146 155147 344
155146 155334 1855
155126 155125 683
155126 155127 518
155126 155131 2085
155136 155134 905
155136 155135 924
155136 155138 1884
155140 155135 1201
155140 155139 767
155140 155142 2590
155333 155142 1118
155333 155323 848
155333 155335 222
154515 154514 782
154515 154516 1454
154515 154557 1868
154559 154557 1124
154559 154560 202
154559 155100 674
155099 155098 843
155099 155100 674
155099 155114 1344
155109 155098 601
155109 155108 355
155109 155113 1375
155112 155098 1234
155112 155111 1114
155112 155114 850
155154 155151 1226
155154 155153 2126
155154 155161 1744
155154 155162 2248
155157 155153 1420
155157 155156 1268
155157 155160 2017
155157 155161 2192
155155 155147 452
155155 155156 238
155155 155158 1989
155159 155156 2119
155159 155158 924
155159 155160 475
155159 155365 506
155113 155109 1375
155113 155110 1000
155113 155117 1438
155123 155117 2384
155123 155122 1919
155123 155164 1354
155123 159572 1293
159561 155117 1248
159561 159562 238
159561 159572 2551
155164 155121 1906
155164 155123 1354
155164 155163 2468
155164 159607 1234
155147 155146 344
155147 155155 452
155334 155146 1855
155334 155335 2852
155334 155337 279
155334 155338 811
155125 155082 562
155125 155126 683
155125 155134 238
155134 155080 1884
155134 155125 238
155134 155136 905
155138 155080 905
155138 155136 1884
155138 155141 747
155138 155321 1553
155139 155140 767
155139 155141 222
155139 155323 1719
155323 155139 1719
155323 155324 1500
155323 155333 848
155335 155333 222
155335 155334 2852
155335 155336 1735
154516 154515 1454
154516 154562 518
154560 154559 202
154560 154561 759
154560 159312 2790
155100 154559 674
155100 155099 674
155100 159412 2568
155114 155099 1344
155114 155112 850
155114 159560 1114
155111 155110 684
155111 155112 1114
155111 159560 850
155161 155154 1744
155161 155157 2192
155161 155364 2237
155161 155366 1032
155162 155154 2248
155162 155163 253
155162 155367 2051
155162 155370 1140
155160 155157 2017
155160 155159 475
155160 155364 2377
155160 155365 558
155158 155155 1989
155158 155159 924
155158 155337 139
155158 155365 1169
155365 155158 1169
155365 155159 506
155365 155160 558
155365 155385 1185
155365 155387 751
155110 155111 684
155110 155113 1000
155110 159564 344
159572 155123 1293
159572 159561 2551
159572 159573 1161
159572 159607 1102
159562 159561 238
159562 159563 1492
159562 159571 1014
155163 155162 253
155163 155164 2468
155163 155371 1578
159607 155164 1234
159607 155371 1450
159607 159572 1102
159607 159608 1140
155337 155158 139
155337 155334 279
155338 155334 811
155338 155339 474
155338 155347 811
155082 155060 238
155082 155081 1907
155082 155125 562
155080 155078 1553
155080 155081 905
155080 155134 1884
155080 155138 905
155141 155138 747
155141 155139 222
155141 155322 1367
155321 155078 905
155321 155138 1553
155321 155322 796
155321 155326 1581
155324 155323 1500
155324 155325 796
155324 155332 202
155336 155332 951
155336 155335 1735
155336 155339 2407
154562 154516 518
154562 154561 767
154562 159401 2810
154561 154560 759
154561 154562 767
154561 159411 2810
159312 154560 2790
159312 159305 436
159312 159311 253
159412 155100 2568
159412 159305 422
159412 159560 684
159560 155111 850
159560 155114 1114
159560 159412 684
155364 155160 2377
155364 155161 2237
155364 155372 1742
155364 155376 1420
155366 155161 1032
155366 155367 1055
155366 155373 1308
155367 155162 2051
155367 155366 1055
155367 155368 1004
155367 155372 2247
155370 155162 1140
155370 155369 1784
155370 155371 1367
155370 159634 1344
155385 155365 1185
155385 155386 1352
155385 155388 474
155385 155389 1719
155387 155365 751
155387 155376 2144
155387 155388 1065
159564 155110 344
159573 159571 2818
159573 159572 1161
159573 159577 1161
159573 159608 1018
159563 159562 1492
159563 159569 476
159571 159562 1014
159571 159567 1968
159571 159573 2818
159571 159574 1014
155371 155163 1578
155371 155370 1367
155371 159607 1450
155371 159619 1234
159608 159573 1018
159608 159607 1140
159608 159612 1114
159608 159619 1354
155339 155336 2407
155339 155338 474
155339 155346 948
155339 155348 1989
155347 155338 811
155347 155386 150
155060 155082 238
155081 155051 782
155081 155080 905
155081 155082 1907
155078 155079 672
155078 155080 1553
155078 155227 1533
155078 155321 905
155322 155141 1367
155322 155321 796
155322 155325 951
155322 155327 1534
155326 155227 688
155326 155283 3317
155326 155321 1581
155326 155328 796
155325 155322 951
155325 155324 796
155325 155329 1554
155332 155324 202
155332 155331 1420
155332 155336 951
159401 154562 2810
159401 159310 688
159401 159371 767
159401 159411 767
159411 154561 2810
159411 159311 337
159411 159401 767
159305 159306 905
159305 159312 436
159305 159412 422
159311 159310 1210
159311 159312 253
159311 159411 337
155372 155364 1742
155372 155367 2247
155372 155402 2089
155376 155364 1420
155376 155387 2144
155373 155366 1308
155368 155367 1004
155368 155369 556
155369 155368 556
155369 155370 1784
159634 155370 1344
159634 159619 1354
155386 155347 150
155386 155385 1352
155388 155385 474
155388 155387 1065
155388 155389 1505
155389 155385 1719
155389 155388 1505
159577 159573 1161
159577 159574 2970
159577 159612 767
159569 159563 476
159569 159567 1014
159567 159569 1014
159567 159571 1968
159574 159571 1014
159574 159577 2970
159619 155371 1234
159619 159608 1354
159619 159634 1354
159612 159577 767
159612 159608 1114
155346 155339 948
155348 155339 1989
155051 155081 782
155079 155078 672
155227 155078 1533
155227 155326 688
155327 155322 1534
155327 155328 222
155283 155326 3317
155328 155326 796
155328 155327 222
155329 155325 1554
155329 155331 581
155331 155329 581
155331 155332 1420
159310 159311 1210
159310 159401 688
159371 159401 767
159306 159305 905
155402 155372 2089
200
154451
154452
154456
154546
154455
154538
154545
154453
154529
154543
154544
154550
154454
154527
154530
155088
155090
154551
155091
154526
154528
172108
155085
155089
154552
154556
155093
155101
155095
154525
154500
172107
155084
155124
154553
154548
154558
155092
155102
155103
155104
155094
155132
154499
154536
172106
155087
155047
155129
154554
154512
154549
155096
155148
155150
155118
155105
155115
155133
154479
155048
155128
155130
155137
154511
154513
154555
155097
155144
155149
155152
155119
155106
155116
155120
155143
155127
155131
155135
155142
154514
154557
155098
155107
155151
155153
155145
155156
155108
155117
155122
155121
155146
155126
155136
155140
155333
154515
154559
155099
155109
155112
155154
155157
155155
155159
155113
155123
159561
155164
155147
155334
155125
155134
155138
155139
155323
155335
154516
154560
155100
155114
155111
155161
155162
155160
155158
155365
155110
159572
159562
155163
159607
155337
155338
155082
155080
155141
155321
155324
155336
154562
154561
159312
159412
159560
155364
155366
155367
155370
155385
155387
159564
159573
159563
159571
155371
159608
155339
155347
155060
155081
155078
155322
155326
155325
155332
159401
159411
159305
159311
155372
155376
155373
155368
155369
159634
155386
155388
155389
159577
159569
159567
159574
159619
159612
155346
155348
155051
155079
155227
155327
155283
155328
155329
155331
159310
159371
159306
155402
