616
141084 141085 561
141085 141084 561
141085 141088 1430
141085 144262 869
141085 144268 1373
141088 141085 1430
141088 141087 655
141088 144219 1431
141088 144221 760
144262 141085 869
144262 144261 778
144262 144266 1420
144268 141085 1373
144268 144266 892
144268 144269 788
141087 141088 655
144219 141088 1431
144219 144218 746
144219 144236 857
144219 151876 918
144221 141088 760
144221 144218 1453
144221 144220 856
144261 144215 926
144261 144220 1343
144261 144262 778
144266 144262 1420
144266 144267 792
144266 144268 892
144266 144273 1383
144269 144268 788
144269 144270 859
144218 144209 845
144218 144219 746
144218 144221 1453
144218 151935 721
144236 144219 857
144236 144237 817
151876 144219 918
144220 144209 1419
144220 144217 884
144220 144221 856
144220 144261 1343
144215 144214 817
144215 144217 1338
144215 144261 926
144267 144216 1067
144267 144265 951
144267 144266 792
144273 144265 880
144273 144265 880
144273 144266 1383
144273 195343 1150
144270 144269 859
144270 144275 1459
144270 144296 1164
144270 144337 1155
144209 144210 995
144209 144218 845
144209 144220 1419
151935 144218 721
144237 144236 817
144237 144240 1471
144237 144242 723
144217 144210 1464
144217 144212 915
144217 144215 1338
144217 144220 884
144214 144208 1514
144214 144213 1488
144214 144215 817
144214 144216 1502
144216 144214 1502
144216 144259 474
144216 144267 1067
144265 144260 909
144265 144260 909
144265 144267 951
144265 144273 880
144265 144273 880
195343 144273 1150
195343 195348 1443
144275 144240 1390
144275 144270 1459
144275 144276 654
144275 144279 1016
144296 144270 1164
144296 144279 1513
144296 144297 401
144296 144298 572
144337 144270 1155
144337 144271 136
144337 144271 136
144210 144207 764
144210 144209 995
144210 144217 1464
144210 151875 663
144240 144237 1471
144240 144241 604
144240 144274 897
144240 144275 1390
144242 144237 723
144242 144238 1402
144242 144243 869
144242 144274 1420
144212 144207 1413
144212 144208 469
144212 144217 915
144208 144205 1558
144208 144211 927
144208 144212 469
144208 144214 1514
144213 144211 1414
144213 144214 1488
144213 144255 3451
144259 144216 474
144259 144260 192
144259 144260 192
144259 195334 2532
144260 144259 192
144260 144259 192
144260 144265 909
144260 144265 909
195348 144272 1207
195348 195343 1443
195348 195349 1218
195348 195464 781
144276 144275 654
144279 144274 1341
144279 144275 1016
144279 144280 819
144279 144296 1513
144297 144296 401
144297 144298 609
144297 144300 676
144297 144302 614
144298 144272 1323
144298 144272 1323
144298 144296 572
144298 144297 609
144298 144299 562
144298 144299 562
144271 144272 467
144271 144272 467
144271 144337 136
144271 144337 136
144207 144205 1145
144207 144210 764
144207 144212 1413
144207 151944 549
151875 144210 663
144241 144240 604
144274 144240 897
144274 144242 1420
144274 144277 794
144274 144279 1341
144238 144223 2557
144238 144239 822
144238 144242 1402
144243 144239 1449
144243 144242 869
144243 144244 702
144205 144204 838
144205 144206 278
144205 144207 1145
144205 144208 1558
144211 144206 1309
144211 144208 927
144211 144213 1414
144255 144213 3451
144255 144256 199
195334 144259 2532
195334 195344 746
195334 195462 1081
144272 144271 467
144272 144271 467
144272 144298 1323
144272 144298 1323
144272 195348 1207
195349 195348 1218
195349 195353 1393
195349 195468 709
195349 195470 856
195464 195345 741
195464 195348 781
195464 195465 943
144280 144277 1280
144280 144279 819
144280 144281 754
144280 144300 1102
144300 144280 1102
144300 144297 676
144300 144301 234
144302 144297 614
144302 144299 650
144302 144303 533
144302 144304 885
144299 144298 562
144299 144298 562
144299 144302 650
144299 144305 610
144299 144305 610
151944 144207 549
144277 144274 794
144277 144278 822
144277 144280 1280
144223 141420 1019
144223 144222 261
144223 144225 834
144223 144238 2557
144239 144225 2310
144239 144238 822
144239 144243 1449
144239 144245 758
144244 144243 702
144244 144245 1349
144244 144252 861
144204 144203 167
144204 144205 838
144204 144206 842
144206 144204 842
144206 144205 278
144206 144211 1309
144256 144255 199
195344 195334 746
195344 195345 1678
195462 195334 1081
195462 195463 3072
195353 144305 1404
195353 195349 1393
195353 195354 756
195468 195349 709
195468 195466 875
195470 195349 856
195470 195354 1358
195470 195467 1638
195470 195478 745
195345 195344 1678
195345 195463 2588
195345 195464 741
195345 195466 1150
195465 195464 943
144281 144278 1314
144281 144280 754
144281 144282 466
144281 144301 1086
144301 144281 1086
144301 144300 234
144301 144303 511
144303 144290 1540
144303 144301 511
144303 144302 533
144303 144304 734
144304 144291 1572
144304 144302 885
144304 144303 734
144304 144305 1142
144304 144306 801
144305 144299 610
144305 144299 610
144305 144304 1142
144305 144307 810
144305 144307 810
144305 195353 1404
144278 144277 822
144278 144281 1314
144278 144283 646
141420 141421 316
141420 144222 960
141420 144223 1019
144222 141420 960
144222 141422 1367
144222 144223 261
144222 144224 780
144225 144223 834
144225 144224 537
144225 144228 838
144225 144239 2310
144245 144228 2013
144245 144239 758
144245 144244 1349
144245 144246 831
144252 144244 861
144252 144246 1416
144252 144253 782
144203 144193 335
144203 144204 167
195463 195345 2588
195463 195462 3072
195463 195466 2333
195463 195472 1672
195463 195476 929
195354 144307 1386
195354 195353 756
195354 195470 1358
195354 195482 730
195466 195345 1150
195466 195463 2333
195466 195467 745
195466 195468 875
195467 195466 745
195467 195469 802
195467 195470 1638
195467 195477 1663
195478 195469 1539
195478 195470 745
195478 195482 1370
195478 195485 730
144282 144281 466
144282 144285 662
144282 144290 668
144290 144282 668
144290 144286 2523
144290 144291 781
144290 144303 1540
144291 144287 2481
144291 144290 781
144291 144304 1572
144291 144309 781
144306 144304 801
144306 144307 1268
144306 144309 1465
144306 144312 710
144307 144305 810
144307 144305 810
144307 144306 1268
144307 144308 854
144307 144308 854
144307 195354 1386
144283 144278 646
144283 144284 320
144283 144285 464
141421 141419 544
141421 141420 316
141422 141423 826
141422 141424 1748
141422 141433 476
141422 144222 1367
144224 141434 1316
144224 144222 780
144224 144225 537
144224 144226 789
144228 144225 838
144228 144226 859
144228 144231 877
144228 144245 2013
144246 144231 1598
144246 144245 831
144246 144247 829
144246 144252 1416
144253 144247 1447
144253 144252 782
144253 144254 184
144253 144258 402
144193 141399 1488
144193 141400 728
144193 144203 335
195472 195463 1672
195472 195473 1454
195472 195474 815
195476 195463 929
195476 195477 1218
195476 195480 1692
195482 144308 1537
195482 195354 730
195482 195478 1370
195469 195467 802
195469 195478 1539
195469 195479 815
195477 195467 1663
195477 195476 1218
195485 195478 730
195485 195479 1582
195485 195486 620
195485 195487 827
144285 144282 662
144285 144283 464
144285 144284 555
144286 144258 856
144286 144287 774
144286 144288 2157
144286 144290 2523
144287 144286 774
144287 144291 2481
144287 144292 757
144287 144293 2169
144309 144291 781
144309 144292 2479
144309 144306 1465
144309 144310 859
144312 144306 710
144312 144308 1207
144312 144310 1409
144312 144313 815
144308 144307 854
144308 144307 854
144308 144312 1207
144308 144318 760
144308 144318 760
144308 195482 1537
144284 144258 1245
144284 144283 320
144284 144285 555
141419 141417 1407
141419 141418 810
141419 141421 544
141423 141422 826
141423 151607 414
141424 141411 2416
141424 141422 1748
141424 141425 826
141433 141422 476
141433 141425 1776
141433 141434 333
141434 141433 333
141434 141435 503
141434 144224 1316
144226 141436 1331
144226 144224 789
144226 144227 804
144226 144228 859
144231 144227 1212
144231 144228 877
144231 144232 940
144231 144246 1598
144247 144232 1230
144247 144246 829
144247 144249 493
144247 144253 1447
144254 144249 1444
144254 144253 184
144254 144258 410
144258 144253 402
144258 144254 410
144258 144257 521
144258 144284 1245
144258 144286 856
141399 141396 671
141399 141401 1470
141399 144193 1488
141400 141396 908
141400 144193 728
195473 195472 1454
195473 195475 771
195473 195480 372
195474 195471 274
195474 195472 815
195474 195475 1180
195480 195473 372
195480 195476 1692
195480 195481 688
195480 195509 1666
195479 195469 815
195479 195485 1582
195479 195490 750
195486 195485 620
195487 195485 827
195487 195490 1539
195487 195491 560
195487 195492 790
144288 144251 770
144288 144286 2157
144288 144293 760
144288 144363 2069
144292 144287 757
144292 144294 2168
144292 144295 947
144292 144309 2479
144293 144287 2169
144293 144288 760
144293 144294 756
144293 144364 2025
144310 144295 2414
144310 144309 859
144310 144311 711
144310 144312 1409
144313 144311 1359
144313 144312 815
144313 144318 1381
144313 144319 750
144318 144308 760
144318 144308 760
144318 144313 1381
144318 144320 817
144318 144320 817
144318 195488 1116
141417 141414 2040
141417 141416 729
141417 141419 1407
141417 151607 412
141418 141408 827
141418 141416 1396
141418 141419 810
141418 151934 840
151607 141417 412
151607 141423 414
141411 141370 885
141411 141410 869
141411 141415 906
141411 141424 2416
141425 141415 2823
141425 141424 826
141425 141426 768
141425 141433 1776
141435 141426 1736
141435 141434 503
141435 141436 266
141436 141435 266
141436 141437 521
141436 144226 1331
144227 141438 1335
144227 144226 804
144227 144229 852
144227 144231 1212
144232 144231 940
144232 144233 845
144232 144235 916
144232 144247 1230
144249 144235 661
144249 144247 493
144249 144254 1444
144257 144251 1688
144257 144258 521
141396 141395 1588
141396 141398 1251
141396 141399 671
141396 141400 908
141401 141392 2147
141401 141397 337
141401 141399 1470
141401 141402 869
195475 195473 771
195475 195474 1180
195475 195508 685
195475 195509 1707
195471 195374 1430
195471 195474 274
195471 195507 560
195481 195480 688
195481 195515 1069
195509 195475 1707
195509 195480 1666
195509 195513 832
195509 195514 534
195490 195479 750
195490 195487 1539
195490 195495 867
195491 195487 560
195492 195487 790
195492 195493 884
195492 195494 1187
195492 195495 1596
144251 144248 847
144251 144257 1688
144251 144288 770
144363 144288 2069
144363 144364 821
144294 144292 2168
144294 144293 756
144295 144292 947
144295 144310 2414
144364 144293 2025
144364 144363 821
144311 144310 711
144311 144313 1359
144319 144313 750
144319 144320 1439
144320 144318 817
144320 144318 817
144320 144319 1439
195488 144318 1116
141414 141417 2040
141416 141417 729
141416 141418 1396
141408 141418 827
151934 141418 840
141370 141411 885
141410 141411 869
141415 141411 906
141415 141425 2823
141426 141425 768
141426 141435 1736
141437 141436 521
141437 141438 302
141438 141437 302
141438 144227 1335
144229 144227 852
144229 144233 723
144233 144229 723
144233 144232 845
144235 144232 916
144235 144248 320
144235 144249 661
141395 141396 1588
141395 141397 879
141398 141396 1251
141392 141401 2147
141397 141395 879
141397 141401 337
141402 141401 869
195508 195475 685
195508 195507 1138
195374 195471 1430
195507 195471 560
195507 195508 1138
195515 195481 1069
195515 195514 1370
195513 195509 832
195514 195509 534
195514 195515 1370
195495 195490 867
195495 195492 1596
195493 195492 884
195494 195492 1187
144248 144235 320
144248 144251 847
35
144251
144363
144294
144295
144364
144311
144319
144320
141414
141416
141408
141370
141410
141415
141426
141437
141438
144229
144233
144235
141395
141398
141392
141397
141402
195508
195374
195507
195515
195513
195514
195495
195493
195494
144248
