28
255246 255247 1612
255246 255251 2782
255247 255246 1612
255247 255248 577
255251 255246 2782
255251 255250 1036
255251 255252 1442
255251 255328 541
255248 255247 577
255248 262005 627
255250 255251 1036
255252 255251 1442
255252 255335 2385
255252 258803 1051
255328 255251 541
255328 255329 2688
255328 255332 1048
262005 255248 627
255335 255252 2385
258803 255252 1051
255329 255328 2688
255332 255328 1048
255332 255334 451
255332 261544 329
255334 255332 451
255334 255333 1646
261544 255332 329
255333 255334 1646
15
255246
255247
255251
255248
255250
255252
255328
262005
255335
258803
255329
255332
255334
261544
255333
