18
180074 178823 177
178823 180074 177
179840 179854 1223
179854 179840 1223
179904 179932 242
179932 179904 242
179932 179941 296
179931 179941 258
179941 179931 258
179941 179932 296
152883 152882 893
153257 153868 1615
153868 153257 1615
153628 153633 713
153633 153628 713
153829 153832 344
153832 153829 344
152882 152883 893
36
152078
152090
168528
168531
168537
168464
168469
178625
178658
178849
180073
180078
180074
178823
179769
179834
179840
179854
179866
179904
179932
179931
153259
152883
153261
153271
153257
153874
153868
153628
153633
153829
153832
153846
153854
153856
