16
199933 199954 607
199954 199933 607
199954 199960 1874
200466 200467 522
200467 200466 522
139520 139521 256
139521 139520 256
199960 199954 1874
200539 200540 683
200539 200549 1120
200549 200539 1120
200540 200539 683
198810 200615 82
200627 200615 1558
200615 198810 82
200615 200627 1558
34
199933
199954
199958
199828
200461
200462
200466
200467
200471
200489
139520
139521
139523
198707
200479
200486
199960
199970
200506
200539
200549
200536
200540
200522
200554
200555
200627
214396
200599
200619
200615
200616
225065
225074
