596
16365 16366 950
16365 21141 2346
16365 21149 1426
16365 21170 610
16366 16365 950
16366 21149 1611
16366 21172 3017
21141 16365 2346
21141 21113 1743
21141 21130 1124
21141 21140 1248
21149 16365 1426
21149 16366 1611
21149 21134 580
21149 21135 1188
21170 16365 610
21170 21148 871
21170 21171 649
21172 16366 3017
21172 21182 1730
21172 21189 747
21172 21190 1078
21113 21111 1008
21113 21115 1114
21113 21137 1114
21113 21141 1743
21130 21115 1208
21130 21131 1357
21130 21134 1208
21130 21141 1124
21140 21137 2279
21140 21141 1248
21140 21142 1466
21140 21143 754
21140 21148 2501
21134 21130 1208
21134 21131 2138
21134 21149 580
21135 21133 1375
21135 21149 1188
21135 21165 788
21148 21140 2501
21148 21150 1280
21148 21170 871
21148 21173 450
21171 21170 649
21171 21175 580
21182 21172 1730
21182 21183 1542
21182 21184 373
21189 21172 747
21189 21191 818
21189 21192 1352
21190 21172 1078
21190 21192 782
21190 21195 2028
21111 20974 1072
21111 20976 1114
21111 21110 975
21111 21113 1008
21115 21113 1114
21115 21114 275
21115 21130 1208
21137 20976 1008
21137 21113 1114
21137 21138 1114
21137 21140 2279
21131 21126 2481
21131 21129 806
21131 21130 1357
21131 21133 1014
21131 21134 2138
21142 21139 938
21142 21140 1466
21142 21145 1234
21142 21150 2089
21143 21140 754
21133 21131 1014
21133 21132 1741
21133 21135 1375
21165 21135 788
21165 21166 823
21165 21169 556
21150 21142 2089
21150 21148 1280
21150 21151 1073
21150 21152 324
21173 21148 450
21173 21174 468
21175 21171 580
21175 21174 279
21175 21176 344
21183 21182 1542
21184 21182 373
21184 21185 182
21184 21195 3870
21191 21178 747
21191 21189 818
21191 21193 1301
21192 21189 1352
21192 21190 782
21192 21193 713
21195 21184 3870
21195 21188 2677
21195 21190 2028
20974 20971 1007
20974 20973 1114
20974 21109 1066
20974 21111 1072
20976 20973 1072
20976 20989 1254
20976 21111 1114
20976 21137 1008
21110 21109 1145
21110 21111 975
21110 21112 1114
21110 21114 737
21114 21110 737
21114 21115 275
21114 21129 1167
21138 21136 676
21138 21137 1114
21138 21139 2016
21126 21119 111
21126 21131 2481
21126 21132 1408
21129 21112 806
21129 21114 1167
21129 21120 1248
21129 21131 806
21139 20990 1085
21139 21138 2016
21139 21142 938
21145 20990 1675
21145 21142 1234
21145 21144 1220
21145 21151 1675
21132 21126 1408
21132 21127 688
21132 21133 1741
21132 21163 1145
21166 21165 823
21169 21165 556
21151 21145 1675
21151 21147 1328
21151 21150 1073
21151 21153 256
21152 21150 324
21152 21156 300
21174 21156 1245
21174 21173 468
21174 21175 279
21174 21176 275
21176 21157 1906
21176 21174 275
21176 21175 344
21185 21184 182
21185 21187 341
21185 21196 103
21178 21179 1060
21178 21181 720
21178 21191 747
21193 21191 1301
21193 21192 713
21193 21194 493
21188 21179 240
21188 21181 1465
21188 21194 254
21188 21195 2677
20971 20968 1145
20971 20970 1114
20971 20972 1205
20971 20974 1007
20973 20970 1007
20973 20974 1114
20973 20975 1114
20973 20976 1072
21109 20972 1008
21109 20974 1066
21109 21108 1028
21109 21110 1145
20989 20975 1085
20989 20976 1254
20989 21136 336
21112 21108 1072
21112 21110 1114
21112 21129 806
21136 20982 1114
21136 20989 336
21136 21138 676
21119 21118 750
21119 21124 1330
21119 21126 111
21119 21127 1303
21120 21118 1234
21120 21128 604
21120 21129 1248
20990 20982 2546
20990 20995 1205
20990 21139 1085
20990 21145 1675
21144 20995 1876
21144 21145 1220
21144 21147 1662
21127 21119 1303
21127 21125 1085
21127 21132 688
21127 21162 1864
21163 21132 1145
21163 21164 354
21147 21144 1662
21147 21146 167
21147 21151 1328
21153 21151 256
21153 21154 204
21156 21152 300
21156 21154 1094
21156 21157 1644
21156 21174 1245
21157 21156 1644
21157 21176 1906
21157 21177 475
21187 21185 341
21187 21186 729
21187 22674 4252
21196 21185 103
21196 22661 1393
21179 21178 1060
21179 21188 240
21179 21194 354
21181 21178 720
21181 21180 127
21181 21188 1465
21194 21179 354
21194 21188 254
21194 21193 493
20968 20953 1208
20968 20955 1205
20968 20966 1028
20968 20971 1145
20970 20955 1072
20970 20969 1114
20970 20971 1114
20970 20973 1007
20972 20966 1007
20972 20971 1205
20972 21102 975
20972 21109 1008
20975 20969 1007
20975 20973 1114
20975 20989 1085
21108 21102 1072
21108 21106 1160
21108 21109 1028
21108 21112 1072
20982 20959 3553
20982 20981 1114
20982 20990 2546
20982 21136 1114
21118 21107 938
21118 21119 750
21118 21120 1234
21124 21117 136
21124 21119 1330
21124 21125 1599
21128 21120 604
20995 20981 2616
20995 20990 1205
20995 20993 927
20995 21144 1876
21125 21123 1084
21125 21124 1599
21125 21127 1085
21125 21158 788
21162 21127 1864
21164 21163 354
21146 21147 167
21146 21154 1282
21146 21212 1006
21146 21215 2196
21154 21146 1282
21154 21153 204
21154 21155 2427
21154 21156 1094
21177 21155 1004
21177 21157 475
21177 21180 1008
21186 21187 729
22674 21187 4252
22674 22673 296
22674 28719 825
22661 21196 1393
22661 34284 685
21180 21177 1008
21180 21181 127
21180 21267 4448
20953 20948 1072
20953 20963 1114
20953 20968 1208
20955 20952 1880
20955 20957 1167
20955 20968 1205
20955 20970 1072
20966 20963 1282
20966 20967 1114
20966 20968 1028
20966 20972 1007
20969 20957 1139
20969 20970 1114
20969 20975 1007
21102 20967 1008
21102 20972 975
21102 21103 1114
21102 21108 1072
21106 21103 938
21106 21107 1066
21106 21108 1160
20959 20956 1120
20959 20958 756
20959 20982 3553
20981 20978 889
20981 20980 3824
20981 20982 1114
20981 20995 2616
21107 21104 835
21107 21106 1066
21107 21116 1436
21107 21118 938
21117 21116 1139
21117 21122 905
21117 21124 136
20993 20978 2752
20993 20992 889
20993 20995 927
21123 20308 1085
21123 21122 1807
21123 21125 1084
21123 21160 252
21158 21125 788
21212 21146 1006
21212 21199 836
21212 21213 403
21215 21146 2196
21215 21263 562
21215 21264 452
21155 21154 2427
21155 21177 1004
21155 21265 1357
22673 22672 667
22673 22674 296
28719 22674 825
34284 22661 685
21267 21180 4448
21267 21226 931
21267 21269 1447
21267 21270 1349
20948 20949 1943
20948 20950 1138
20948 20952 1268
20948 20953 1072
20963 20953 1114
20963 20961 937
20963 20962 1027
20963 20966 1282
20952 20948 1268
20952 20954 1293
20952 20955 1880
20957 20954 1408
20957 20955 1167
20957 20969 1139
20967 20962 1207
20967 20965 1113
20967 20966 1114
20967 21102 1008
21103 20965 1007
21103 21102 1114
21103 21104 1305
21103 21106 938
20956 20954 782
20956 20958 1031
20956 20959 1120
20958 20956 1031
20958 20959 756
20958 20980 672
20978 20977 3283
20978 20979 975
20978 20981 889
20978 20993 2752
20980 20958 672
20980 20977 1139
20980 20981 3824
21104 21101 1007
21104 21103 1305
21104 21105 1205
21104 21107 835
21116 21105 737
21116 21107 1436
21116 21117 1139
21122 21117 905
21122 21121 452
21122 21123 1807
20992 20979 2681
20992 20993 889
20992 20994 818
20992 20996 2346
20308 20299 1611
20308 20309 1114
20308 21123 1085
20308 21159 1179
21160 21123 252
21160 21159 1377
21160 21161 1729
21199 20996 938
21199 21201 279
21199 21212 836
21213 21212 403
21213 21214 2481
21263 21215 562
21264 21214 649
21264 21215 452
21264 21266 238
21265 21155 1357
21265 21220 1000
21265 21266 1092
22672 22669 562
22672 22673 667
21226 21220 1004
21226 21224 1432
21226 21267 931
21226 21268 1336
21269 21267 1447
21269 21268 950
21269 21271 2334
21270 21267 1349
21270 21272 516
20949 20946 1022
20949 20948 1943
20949 29643 648
20950 20946 1609
20950 20948 1138
20950 20951 1161
20950 20961 604
20961 20950 604
20961 20960 1066
20961 20963 937
20962 20960 1072
20962 20963 1027
20962 20964 1066
20962 20967 1207
20954 20952 1293
20954 20956 782
20954 20957 1408
20965 20964 1273
20965 20967 1113
20965 21101 1167
20965 21103 1007
20977 20944 1004
20977 20978 3283
20977 20980 1139
20979 20944 2752
20979 20978 975
20979 20991 336
20979 20992 2681
21101 20106 1282
21101 20263 1254
21101 20965 1167
21101 21104 1007
21105 20263 938
21105 20272 1223
21105 21104 1205
21105 21116 737
21121 20272 1139
21121 20299 672
21121 21122 452
20994 20988 2613
20994 20992 818
20994 21056 1167
20994 21058 1954
20996 20992 2346
20996 21058 947
20996 21199 938
20996 21200 975
20299 20276 610
20299 20308 1611
20299 21121 672
20309 20307 344
20309 20308 1114
20309 20310 1729
21159 20308 1179
21159 20310 1352
21159 21160 1377
21159 21167 336
21161 21160 1729
21201 21197 1811
21201 21199 279
21201 21202 737
21214 21213 2481
21214 21219 1254
21214 21220 1653
21214 21264 649
21266 21264 238
21266 21265 1092
21220 21214 1653
21220 21226 1004
21220 21265 1000
22669 22668 452
22669 22672 562
21224 21219 938
21224 21225 473
21224 21226 1432
21268 21226 1336
21268 21227 598
21268 21230 1592
21268 21269 950
21271 21230 1609
21271 21269 2334
21271 21275 1085
21272 21270 516
21272 21273 588
20946 20091 1114
20946 20947 889
20946 20949 1022
20946 20950 1609
29643 20949 648
20951 20091 1208
20951 20099 1205
20951 20950 1161
20951 20960 938
20960 20105 1114
20960 20951 938
20960 20961 1066
20960 20962 1072
20964 20105 1008
20964 20106 1306
20964 20962 1066
20964 20965 1273
20944 20938 3017
20944 20942 1222
20944 20977 1004
20944 20979 2752
20991 20979 336
20991 20983 557
20991 20988 667
20106 20103 1072
20106 20259 1066
20106 20964 1306
20106 21101 1282
20263 20259 1341
20263 21101 1254
20263 21105 938
20272 21105 1223
20272 21121 1139
20988 20983 403
20988 20991 667
20988 20994 2613
21056 20994 1167
21058 20994 1954
21058 20996 947
21200 20996 975
20276 20299 610
20307 20309 344
20310 20309 1729
20310 21159 1352
21167 21159 336
21197 21201 1811
21202 21201 737
21219 21214 1254
21219 21224 938
22668 22669 452
21225 21224 473
21225 21227 1481
21227 21225 1481
21227 21268 598
21230 21268 1592
21230 21271 1609
21275 21271 1085
21273 21272 588
20091 20946 1114
20091 20951 1208
20947 20946 889
20099 20105 1008
20099 20951 1205
20105 20099 1008
20105 20103 1254
20105 20960 1114
20105 20964 1008
20938 20944 3017
20942 20944 1222
20942 20983 1944
20983 20942 1944
20983 20988 403
20983 20991 557
20103 20105 1254
20103 20106 1072
20259 20106 1066
20259 20263 1341
25
20263
20272
20988
21056
21058
20276
20307
20310
21197
21202
21219
22668
21225
21227
21230
21275
21273
20091
20099
20105
20938
20942
20983
20103
20259
