72
169931 169945 977
169945 169931 977
169945 169943 1011
169945 169950 751
169945 170002 2220
169943 169942 344
169943 169945 1011
169950 169945 751
169950 169946 1075
169950 169992 697
169950 170004 2220
170002 169945 2220
170002 170005 202
169942 169943 344
169942 169946 405
169946 169942 405
169946 169950 1075
169946 169991 811
169992 169950 697
169992 169991 948
169992 169995 279
169992 170001 2217
170004 169950 2220
170004 170003 279
170004 170005 558
170005 170002 202
170005 170004 558
169991 169946 811
169991 169992 948
169995 169992 279
170001 169992 2217
170001 170000 139
170001 170003 558
170003 170001 558
170003 170004 279
170003 170011 1212
170000 169999 697
170000 170001 139
170011 170003 1212
170011 170008 1081
170011 170012 697
170011 170019 558
169999 169998 202
169999 170000 697
169999 170013 1071
170008 170009 202
170008 170010 751
170008 170011 1081
170008 170015 650
170012 170011 697
170019 170011 558
169998 169999 202
170013 169999 1071
170013 170014 1818
170009 170008 202
170009 170034 477
170010 170008 751
170015 170008 650
170015 172745 222
170014 170013 1818
170014 170029 739
170034 170009 477
172745 170015 222
170029 170014 739
170029 170024 1189
170029 170035 477
170024 170029 1189
170024 170418 789
170035 170029 477
170035 170418 789
170418 170024 789
170418 170035 789
32
169931
169945
169943
169950
170002
169942
169946
169992
170004
170005
169991
169995
170001
170003
170000
170011
169999
170008
170012
170019
169998
170013
170009
170010
170015
170014
170034
172745
170029
170024
170035
170418
