18
250042 250052 1181
250052 250042 1181
250674 250681 1078
250681 250674 1078
249598 249601 764
249601 249598 764
250628 250635 1356
251592 251594 750
251594 251592 750
251600 251602 1066
251602 251600 1066
251508 251509 1483
251508 251513 516
251513 251508 516
251509 251508 1483
250635 250628 1356
250635 250638 275
250638 250635 275
35
250033
250039
250042
236633
250052
249999
241991
250678
250672
250674
250681
249681
249703
249672
249666
249598
249601
249599
249670
250628
251579
251587
251592
251583
251599
251600
251602
251603
251513
251509
251521
244823
250654
250658
250638
