14
200346 200345 1226
199508 199507 1405
199507 199508 1405
200714 200721 774
200721 200714 774
200345 200346 1226
200299 200301 838
200301 200299 838
200871 200874 747
200874 200871 747
201050 201055 867
201054 201055 1346
201055 201050 867
201055 201054 1346
38
200337
200335
200329
200183
200173
200346
215107
199544
199508
199540
214864
199507
200318
200710
200321
200706
200713
200714
200721
200345
200267
200299
200300
200301
200314
200730
200860
200735
200809
200859
200863
200871
200874
200878
201046
201050
201051
201053
