478
114068 114069 1843
114068 114751 596
114068 114755 761
114068 114757 2004
114069 114068 1843
114069 114070 289
114069 114544 218
114751 114068 596
114751 114544 1900
114751 114674 2002
114751 114752 980
114755 114068 761
114755 114070 1850
114755 114756 275
114755 114759 2044
114757 114068 2004
114757 114674 866
114757 114758 2004
114757 114759 1028
114070 114069 289
114070 114754 198
114070 114755 1850
114544 114069 218
114544 114751 1900
114544 114753 1058
114544 114754 705
114674 114673 2004
114674 114751 2002
114674 114757 866
114752 114751 980
114756 114754 1906
114756 114755 275
114756 114770 2016
114759 114755 2044
114759 114757 1028
114759 114760 330
114759 114762 2101
114758 114673 867
114758 114757 2004
114758 114762 785
114754 114070 198
114754 114544 705
114754 114756 1906
114753 114544 1058
114673 114674 2004
114673 114675 748
114673 114758 867
114673 114765 1466
114770 114725 4299
114770 114756 2016
114770 114760 597
114770 114771 237
114760 114759 330
114760 114761 2099
114760 114770 597
114762 114758 785
114762 114759 2101
114762 114761 500
114762 114768 1398
114675 114673 748
114765 114673 1466
114765 114763 679
114765 114766 2004
114765 116206 858
114725 114724 1647
114725 114726 4085
114725 114770 4299
114771 114770 237
114771 114783 1531
114761 114760 2099
114761 114762 500
114761 114772 528
114761 114779 1461
114768 114762 1398
114768 114769 369
114768 114782 244
114763 114764 275
114763 114765 679
114766 114765 2004
114766 114767 786
116206 114765 858
114724 114725 1647
114724 114727 1138
114724 114748 22365
114726 114725 4085
114783 114771 1531
114783 114784 789
114772 114761 528
114772 114784 1313
114779 114761 1461
114779 114780 511
114779 114782 224
114769 114764 145
114769 114768 369
114769 114773 2078
114782 114768 244
114782 114774 2117
114782 114779 224
114764 114763 275
114764 114769 145
114767 114766 786
114767 114773 183
114727 114724 1138
114727 114737 1098
114748 114724 22365
114784 114772 1313
114784 114783 789
114784 114786 3014
114780 114779 511
114780 114781 2034
114780 114785 983
114773 114767 183
114773 114769 2078
114773 114774 523
114773 114777 1479
114774 114773 523
114774 114775 344
114774 114781 866
114774 114782 2117
114737 114727 1098
114737 114735 2919
114737 116205 603
114786 114681 672
114786 114784 3014
114786 114785 667
114781 114679 433
114781 114774 866
114781 114780 2034
114785 114680 1187
114785 114780 983
114785 114786 667
114777 114773 1479
114777 114778 1134
114775 114774 344
114775 114776 1713
114735 114541 4328
114735 114734 4851
114735 114737 2919
116205 114737 603
114681 114680 549
114681 114786 672
114679 114680 335
114679 114781 433
114680 114679 335
114680 114681 549
114680 114785 1187
114778 114777 1134
114776 114775 1713
114541 114542 1031
114541 114543 1940
114541 114735 4328
114734 114542 870
114734 114732 5050
114734 114735 4851
114542 114541 1031
114542 114733 4957
114542 114734 870
114542 114736 4926
114543 114541 1940
114732 114733 402
114732 114734 5050
114732 114738 7713
114733 114542 4957
114733 114732 402
114733 114736 674
114736 114542 4926
114736 114733 674
114736 116204 2205
114738 114732 7713
114738 114743 3617
116204 114736 2205
114743 114716 452
114743 114738 3617
114716 114715 2954
114716 114717 5862
114716 114743 452
114715 114716 2954
114715 192999 278
114717 114716 5862
192999 114715 278
192999 193000 1677
192999 193001 201
192999 193478 748
193000 192999 1677
193000 193002 817
193000 193007 602
193001 192999 201
193001 193002 1522
193001 193005 381
193478 192999 748
193002 193000 817
193002 193001 1522
193002 193003 778
193002 193006 748
193007 114740 278
193007 190980 402
193007 193000 602
193007 193010 510
193005 193001 381
193005 193003 1279
193005 193479 616
193003 192997 1298
193003 193002 778
193003 193004 333
193003 193005 1279
193006 193002 748
193006 193008 245
193006 193009 1175
114740 114739 2137
114740 193007 278
190980 190981 360
190980 193007 402
193010 193007 510
193010 193008 128
193010 193011 883
193479 193005 616
192997 192996 982
192997 193003 1298
192997 193012 474
193004 193003 333
193008 193006 245
193008 193010 128
193008 194501 219
193009 193006 1175
193009 194004 1164
193009 194006 403
114739 114740 2137
114739 114741 2220
114739 114742 8
190981 190980 360
190981 191070 894
193011 193010 883
192996 192997 982
192996 192998 626
192996 193066 834
193012 192997 474
193012 192998 1064
193012 193013 124
194501 193008 219
194004 193009 1164
194004 193013 489
194004 194008 775
194006 191069 1358
194006 193009 403
194006 193077 59
114741 114739 2220
114742 114739 8
191070 190981 894
191070 191069 1856
192998 192996 626
192998 193012 1064
192998 193067 1274
193066 192996 834
193013 193012 124
193013 194004 489
193013 194005 511
194008 194004 775
191069 191070 1856
191069 194006 1358
191069 194061 504
193077 193076 1076
193077 194006 59
193077 194007 671
193067 192998 1274
194005 193013 511
194061 191069 504
194061 194062 8467
194061 194118 2033
193076 191944 1680
193076 193075 2758
193076 193077 1076
194007 193077 671
194062 194061 8467
194062 194119 85
194118 194061 2033
191944 191943 853
191944 193069 747
191944 193076 1680
193075 193072 894
193075 193074 2403
193075 193076 2758
194119 194062 85
191943 191944 853
191943 193072 516
193069 191944 747
193069 193068 3975
193072 191943 516
193072 193070 3568
193072 193073 2676
193072 193075 894
193074 193073 817
193074 193075 2403
193074 193480 2722
193068 193069 3975
193070 193071 1632
193070 193072 3568
193073 193071 274
193073 193072 2676
193073 193074 817
193480 193074 2722
193480 193855 1820
193071 193070 1632
193071 193073 274
193071 194050 2738
193855 193042 2735
193855 193048 719
193855 193480 1820
194050 193071 2738
193042 193041 2730
193042 193855 2735
193048 193047 3694
193048 193855 719
193041 193042 2730
193041 193044 1476
193041 193045 7011
193047 193044 945
193047 193046 3933
193047 193048 3694
193047 193065 3489
193044 193041 1476
193044 193043 4253
193044 193047 945
193045 193041 7011
193045 193064 1337
193046 193043 1029
193046 193047 3933
193046 193064 2170
193065 193047 3489
193043 193044 4253
193043 193046 1029
193064 193045 1337
193064 193046 2170
193064 193054 71
193054 193053 8408
193054 193064 71
193053 193054 8408
193053 193057 1784
193057 193052 5163
193057 193053 1784
193052 193050 3591
193052 193057 5163
193050 193049 782
193050 193051 982
193050 193052 3591
193049 193050 782
193049 193055 2052
193049 193056 1192
193051 193050 982
193055 192966 396
193055 193049 2052
193055 193056 879
193056 193049 1192
193056 193055 879
193056 193987 433
192966 192964 2170
192966 193055 396
192966 193988 753
193987 193056 433
193987 193963 686
192964 192965 1191
192964 192966 2170
192964 193209 3091
193988 192966 753
193963 193964 565
193963 193987 686
193963 194247 790
192965 192114 139
192965 192964 1191
192965 193213 1620
193209 192964 3091
193209 193208 201
193209 193210 890
193964 193963 565
194247 193963 790
192114 192115 554
192114 192965 139
192114 192967 602
192114 192968 1069
193213 192965 1620
193208 193207 452
193208 193209 201
193208 193214 1974
193210 192117 2272
193210 193209 890
193210 193211 336
192115 192114 554
192967 192114 602
192967 192969 1620
192967 192970 1055
192968 192114 1069
192968 193060 81
193207 193205 556
193207 193208 452
193214 190971 1834
193214 193208 1974
193214 193984 925
192117 192118 1177
192117 193210 2272
193211 190959 96
193211 193210 336
193211 193212 384
192969 192967 1620
192969 193058 417
192969 193059 1203
192969 193060 371
192970 192967 1055
192970 193059 1336
192970 193280 656
192970 193281 735
193060 192968 81
193060 192969 371
193205 193206 394
193205 193207 556
190971 190970 746
190971 193198 2223
190971 193214 1834
190971 193215 626
193984 193214 925
192118 192117 1177
190959 190958 933
190959 192113 1928
190959 193211 96
193212 193211 384
193212 193930 165
193058 192969 417
193059 192969 1203
193059 192970 1336
193059 193061 877
193280 192970 656
193280 193061 1484
193280 193282 590
193281 192970 735
193206 192960 995
193206 193205 394
193206 194407 465
190970 190971 746
193198 190971 2223
193198 193196 1786
193198 193201 946
193215 190964 762
193215 190968 535
193215 190971 626
190958 190959 933
190958 190960 555
192113 190959 1928
192113 192116 1094
193930 193212 165
193061 193059 877
193061 193062 519
193061 193280 1484
193282 193280 590
193282 193283 907
193282 193284 1047
193282 193285 437
192960 192959 807
192960 192962 1021
192960 193206 995
194407 193206 465
193196 193197 1767
193196 193198 1786
193196 193199 752
193201 193198 946
193201 193199 1556
190964 193215 762
190968 193215 535
190960 190958 555
192116 192113 1094
193062 193061 519
193062 193283 610
193283 193062 610
193283 193282 907
193284 193282 1047
193285 193282 437
192959 192960 807
192962 192960 1021
193197 193196 1767
193199 193196 752
193199 193201 1556
15
114681
114680
193196
193201
190964
190968
192116
193062
193283
193284
193285
192959
192962
193197
193199
