492
162172 162173 1502
162172 166031 1967
162172 173764 599
162173 162172 1502
162173 162678 2138
166031 162172 1967
166031 163853 1357
166031 173764 2369
173764 162172 599
173764 166031 2369
173764 173766 789
162678 162173 2138
162678 162677 1000
162678 185243 2085
163853 162745 932
163853 166031 1357
163853 173765 2432
173766 173763 709
173766 173764 789
173766 173765 2229
162677 162678 1000
162677 162745 796
162677 173974 1777
185243 162678 2085
185243 173974 1055
185243 182629 905
162745 162677 796
162745 163853 932
162745 173773 476
173765 163853 2432
173765 173766 2229
173765 173767 2170
173763 173751 1014
173763 173762 848
173763 173766 709
173974 162677 1777
173974 173773 1364
173974 185243 1055
182629 182630 551
182629 182632 1901
182629 185242 3120
182629 185243 905
173773 162745 476
173773 173772 1686
173773 173974 1364
173767 173765 2170
173767 173768 952
173767 173769 1518
173751 173747 1394
173751 173748 1777
173751 173759 1413
173751 173763 1014
173762 173754 932
173762 173763 848
173762 173768 3567
182630 182629 551
182630 182631 789
182630 182655 3852
182632 182625 373
182632 182629 1901
182632 182633 403
185242 173976 757
185242 182629 3120
173772 173771 1227
173772 173773 1686
173772 173976 905
173768 173762 3567
173768 173767 952
173768 173776 836
173769 173767 1518
173769 173770 1768
173769 173770 1768
173747 168952 1715
173747 173748 827
173747 173751 1394
173748 173747 827
173748 173749 1447
173748 173751 1777
173759 173751 1413
173759 173754 891
173759 173755 1069
173754 173752 2950
173754 173759 891
173754 173762 932
182631 182610 1831
182631 182630 789
182631 182656 276
182655 182630 3852
182655 182649 1398
182655 182653 2529
182625 182612 1353
182625 182626 475
182625 182632 373
182625 182642 2013
182633 182632 403
173976 173772 905
173976 185242 757
173771 173770 870
173771 173772 1227
173776 173768 836
173776 173775 1180
173776 173783 709
173776 173977 2320
173770 173769 1768
173770 173769 1768
173770 173771 870
168952 168879 2053
168952 173747 1715
173749 173748 1447
173749 173750 611
173749 185244 2260
173755 173756 1677
173755 173759 1069
173752 173753 1947
173752 173754 2950
173752 173761 1140
182610 182611 1180
182610 182612 1556
182610 182631 1831
182656 182631 276
182656 182652 605
182656 185319 3094
182649 182650 1379
182649 182655 1398
182653 182652 2347
182653 182654 673
182653 182655 2529
182612 182603 2013
182612 182610 1556
182612 182625 1353
182626 182625 475
182626 182628 2691
182626 182643 709
182642 182625 2013
173775 173761 738
173775 173776 1180
173775 185428 2085
173783 173776 709
173783 173784 3488
173783 173977 1798
173977 173776 2320
173977 173783 1798
173977 173784 2149
168879 168880 476
168879 168952 2053
168879 173750 287
173750 168879 287
173750 173749 611
173750 185244 2033
185244 168880 1694
185244 173749 2260
185244 173750 2033
173756 173753 2460
173756 173755 1677
173756 173757 612
173753 173752 1947
173753 173756 2460
173753 173758 2104
173761 173752 1140
173761 173758 2914
173761 173775 738
182611 182565 1143
182611 182610 1180
182611 182652 1994
182652 182611 1994
182652 182653 2347
182652 182656 605
185319 182656 3094
182650 182649 1379
182654 182653 673
182603 182564 976
182603 182602 537
182603 182612 2013
182628 182626 2691
182628 182627 1152
182628 182638 1014
182628 182639 2804
182643 182626 709
182643 182644 709
182643 182648 924
185428 173775 2085
173784 173783 3488
173784 173977 2149
168880 168879 476
168880 185244 1694
173757 173756 612
173758 173753 2104
173758 173761 2914
173758 173790 553
182565 182564 2138
182565 182566 511
182565 182611 1143
182564 182565 2138
182564 182580 1085
182564 182603 976
182602 182580 983
182602 182603 537
182602 182609 806
182627 182609 951
182627 182628 1152
182627 182634 1111
182638 182628 1014
182638 182634 951
182638 182637 111
182639 168581 1364
182639 182628 2804
182639 182640 581
182644 182643 709
182644 182645 599
182644 182647 818
182648 182643 924
173790 173758 553
182566 182565 511
182566 182567 1810
182566 182568 713
182580 179848 1103
182580 182564 1085
182580 182602 983
182609 182602 806
182609 182608 3060
182609 182627 951
182634 182627 1111
182634 182635 796
182634 182638 951
182637 182636 238
182637 182638 111
182637 182640 2610
168581 168582 276
168581 182639 1364
168581 185813 2151
182640 182637 2610
182640 182639 581
182640 182641 1140
182645 182644 599
182645 182646 905
182647 182644 818
182567 182566 1810
182568 182566 713
182568 182569 1180
182568 182616 1447
179848 179847 660
179848 182580 1103
182608 182607 1015
182608 182609 3060
182608 182635 556
182635 182608 556
182635 182634 796
182635 182636 757
182636 182607 713
182636 182635 757
182636 182637 238
168582 168581 276
168582 169197 1033
185813 168581 2151
185813 185245 892
182641 182606 1852
182641 182640 1140
182641 185640 709
182646 182645 905
182569 182568 1180
182569 182570 1852
182569 183493 3526
182616 182568 1447
182616 182613 2273
182616 182615 2441
179847 179848 660
179847 179852 1599
179847 182493 2449
182607 182606 373
182607 182608 1015
182607 182636 713
169197 168582 1033
169197 169198 1375
169197 169409 905
185245 182624 951
185245 185813 892
182606 182605 818
182606 182607 373
182606 182641 1852
185640 182641 709
182570 182569 1852
182570 182571 738
182570 182572 3386
183493 182569 3526
183493 182615 1430
183493 183491 2057
182613 182614 1099
182613 182616 2273
182615 182614 757
182615 182616 2441
182615 183493 1430
179852 179847 1599
182493 179847 2449
182493 182492 1131
169198 169197 1375
169198 172469 465
169409 169197 905
169409 169408 1338
182624 182621 818
182624 182623 551
182624 185245 951
182605 182604 747
182605 182606 818
182605 185641 2181
182571 182570 738
182572 182570 3386
182572 182573 1198
182572 182599 672
183491 182599 947
183491 183492 476
183491 183493 2057
182614 182613 1099
182614 182615 757
182614 183654 1161
182492 182493 1131
182492 182494 1367
182492 182496 1278
172469 169198 465
172469 172471 2114
172469 173740 1254
169408 169409 1338
169408 173746 1180
182621 173615 1224
182621 182622 1466
182621 182624 818
182623 173614 280
182623 182624 551
182604 173613 1085
182604 182605 747
182604 185815 1985
185641 182605 2181
185641 185814 216
182573 182572 1198
182573 182574 1903
182573 182574 1903
182599 182572 672
182599 182600 3575
182599 183491 947
183492 183478 3030
183492 183491 476
183492 183502 537
183654 182614 1161
183654 183502 3189
182494 182492 1367
182494 182495 1024
182494 182496 1803
182496 182492 1278
182496 182494 1803
182496 182498 314
172471 172469 2114
172471 185248 139
173740 172469 1254
173740 173733 1055
173740 173741 1659
173746 169408 1180
173746 173745 2779
173746 173760 421
173615 173613 1031
173615 182620 1719
173615 182621 1224
182622 173735 983
182622 182620 517
182622 182621 1466
173614 173613 944
173614 182623 280
173613 173614 944
173613 173615 1031
173613 182604 1085
185815 182604 1985
185814 185641 216
182574 182573 1903
182574 182573 1903
182574 182575 1009
182600 182599 3575
182600 182601 1224
182600 183478 1008
183478 182600 1008
183478 183479 1055
183478 183492 3030
183502 183492 537
183502 183503 939
183502 183654 3189
182495 182494 1024
182498 182496 314
182498 182497 1307
182498 185875 4767
185248 172471 139
185248 185249 1282
185248 185250 1249
173733 173734 1771
173733 173735 2192
173733 173740 1055
173741 173740 1659
173741 173742 354
173745 173746 2779
173760 173739 2242
173760 173746 421
182620 173615 1719
182620 182561 672
182620 182622 517
173735 173733 2192
173735 173736 2007
173735 182622 983
182575 182574 1009
182575 182576 7445
182575 182601 3140
182601 182575 3140
182601 182600 1224
182601 183477 1426
183479 183477 3088
183479 183478 1055
183479 183496 2462
183503 183501 677
183503 183502 939
183503 183663 4176
182497 182498 1307
182497 182597 1578
185875 182498 4767
185249 185248 1282
185250 185248 1249
173734 173733 1771
173734 173744 1259
173742 173741 354
173742 173743 709
173739 173738 371
173739 173760 2242
182561 182557 757
182561 182562 511
182561 182620 672
173736 173735 2007
182576 182575 7445
182576 182577 697
183477 182601 1426
183477 183475 1299
183477 183479 3088
183496 183479 2462
183496 183501 1903
183501 183496 1903
183501 183503 677
183663 183503 4176
182597 182497 1578
182597 182596 1448
182597 182598 2587
173744 173734 1259
173744 173743 1225
173744 185251 119
173743 173742 709
173743 173744 1225
173738 173737 2472
173738 173739 371
173738 173774 391
182557 182462 599
182557 182561 757
182562 182561 511
182562 182563 667
182562 185246 2912
182577 182576 697
182577 182578 629
182577 183484 947
183475 183477 1299
182596 182595 1008
182596 182597 1448
182596 183460 765
182596 183461 952
182598 182597 2587
185251 173744 119
185251 185252 990
185251 185255 2316
173737 173650 5120
173737 173738 2472
173737 173777 270
173774 173738 391
173774 173778 4589
182462 182461 3240
182462 182463 1121
182462 182557 599
182563 182562 667
185246 182562 2912
182578 182577 629
183484 182577 947
182595 182596 1008
182595 183461 344
183460 182596 765
183461 182595 344
183461 182596 952
185252 185251 990
185255 185251 2316
173650 173737 5120
173777 173737 270
173778 173774 4589
182461 182462 3240
182463 182462 1121
29
185242
173976
173771
173770
182649
182650
173784
182613
182614
183654
183502
183503
182576
183496
183501
183663
182577
183475
182563
182578
183484
182595
183460
183461
185252
173650
173777
182461
182463
