42
228907 228909 1591
228907 228910 3280
228909 228907 1591
228909 228912 2662
228909 228913 3521
228910 228907 3280
228910 228913 1447
228910 228914 778
228912 228909 2662
228912 228911 910
228912 235455 1019
228913 228909 3521
228913 228910 1447
228913 228918 452
228914 228910 778
228911 228912 910
228911 228915 2042
235455 228912 1019
235455 235620 861
235455 235621 859
228918 228913 452
228915 228911 2042
228915 228916 1694
228915 228917 2057
235620 235455 861
235621 235455 859
228916 228915 1694
228916 228919 1427
228916 234579 596
228917 228915 2057
228919 228916 1427
228919 228920 2422
228919 228921 2178
234579 228916 596
228920 228919 2422
228920 228921 1611
228920 228922 2514
228921 228919 2178
228921 228920 1611
228921 228929 556
228922 228920 2514
228929 228921 556
20
228907
228909
228910
228912
228913
228914
228911
235455
228918
228915
235620
235621
228916
228917
228919
234579
228920
228921
228922
228929
