18
38328 38335 697
38335 38328 697
38335 38337 1669
38337 38335 1669
38841 38890 939
38890 38841 939
38928 38931 1907
38931 38928 1907
38931 38932 403
38932 38931 403
38794 38923 3526
38949 38805 556
38923 38794 3526
38805 38949 556
38800 41523 1225
41523 38800 1225
41540 41536 1559
41536 41540 1559
36
38328
38335
38337
38342
38518
38521
38823
38832
38835
38841
38890
38893
38897
38862
38928
38920
38921
38794
38949
38923
38737
38738
38805
38786
38800
41523
41532
41535
41536
47522
47549
47585
47588
47592
47593
47611
