172
114960 114961 2886
114960 114962 1298
114960 115054 824
114961 114960 2886
114961 115057 1159
114962 114960 1298
114962 114963 1970
114962 114966 1356
115054 114960 824
115054 115053 335
115054 115055 2166
115057 114961 1159
115057 115130 888
114963 114962 1970
114963 114964 1622
114963 114965 1919
114966 114962 1356
114966 115132 948
115053 115052 1528
115053 115054 335
115053 115132 2639
115055 115050 2093
115055 115054 2166
115055 115056 1248
115130 115057 888
115130 115131 1539
115130 115143 9949
114964 114963 1622
114964 114965 794
114965 114963 1919
114965 114964 794
115132 114966 948
115132 115053 2639
115132 115137 1099
115052 115051 748
115052 115053 1528
115052 115135 2642
115050 115049 373
115050 115055 2093
115050 115129 335
115056 115055 1248
115131 115128 824
115131 115130 1539
115131 116139 1298
115143 115130 9949
115143 115142 306
115143 115144 922
115137 115132 1099
115137 115136 674
115137 115138 1256
115051 115049 2575
115051 115052 748
115051 115151 2679
115135 115052 2642
115135 115136 597
115135 115151 1176
115049 115050 373
115049 115051 2575
115049 115139 1277
115129 115050 335
115129 115127 1391
115128 115127 1023
115128 115131 824
115128 115145 1991
116139 115131 1298
115142 115143 306
115142 115222 1255
115144 115140 2824
115144 115143 922
115144 115214 948
115136 115135 597
115136 115137 674
115136 116248 649
115138 115137 1256
115151 115051 2679
115151 115135 1176
115151 116249 824
115139 115049 1277
115139 115134 2053
115139 116250 2605
115127 115128 1023
115127 115129 1391
115127 115133 1947
115145 115128 1991
115145 115133 949
115145 116138 610
115222 115142 1255
115140 115141 1280
115140 115144 2824
115140 115162 936
115214 115144 948
115214 115154 875
115214 115215 1183
116248 115136 649
116249 115151 824
115134 115133 2450
115134 115139 2053
115134 116251 474
116250 115139 2605
115133 115127 1947
115133 115134 2450
115133 115145 949
116138 115145 610
115141 115140 1280
115162 115140 936
115162 115161 1307
115162 115165 674
115154 115155 848
115154 115156 599
115154 115214 875
115215 115161 473
115215 115163 417
115215 115214 1183
116251 115134 474
115161 115162 1307
115161 115215 473
115165 115152 201
115165 115162 674
115165 115183 288
115155 115154 848
115155 115163 554
115156 115060 274
115156 115154 599
115156 116151 420
115163 115155 554
115163 115164 683
115163 115215 417
115152 115153 202
115152 115165 201
115183 115165 288
115183 115184 1555
115183 115185 113
115183 115208 22
115060 115058 2746
115060 115156 274
116151 115156 420
115164 115163 683
115153 115152 202
115153 115158 169
115153 115160 1244
115184 115183 1555
115185 115183 113
115208 115183 22
115058 115059 511
115058 115060 2746
115058 115157 275
115158 115153 169
115158 115157 303
115158 115159 643
115160 115153 1244
115059 115058 511
115059 115211 1189
115157 115058 275
115157 115158 303
115157 115186 1767
115159 115158 643
115211 115059 1189
115211 115210 2204
115186 115157 1767
115186 115209 241
115210 115211 2204
115210 115212 2810
115210 115213 475
115209 115186 241
115212 115210 2810
115213 115062 1003
115213 115210 475
115213 116152 1307
115062 115061 1822
115062 115213 1003
116152 115213 1307
115061 115062 1822
54
115057
114966
115130
115132
115131
115143
115137
115128
116139
115142
115144
115136
115138
115127
115145
115222
115140
115214
116248
115133
116138
115141
115162
115154
115215
115161
115165
115155
115156
115163
115152
115183
115060
116151
115164
115153
115184
115185
115208
115058
115158
115160
115059
115157
115159
115211
115186
115210
115209
115212
115213
115062
116152
115061
