16
146396 146398 483
146398 146396 483
146405 146468 2155
146467 146468 723
146468 146405 2155
146468 146467 723
146717 146719 1710
146719 146717 1710
143556 146736 507
146736 143556 507
153683 153681 781
153746 153747 276
153747 153746 276
153681 153683 781
168546 168547 683
168547 168546 683
39
212656
146394
146396
146398
146405
146467
146468
146485
146541
146717
146719
143428
143556
146736
146739
146762
146767
149956
149962
149963
149967
150392
150385
153685
153688
153691
153672
162486
153683
168589
153746
153747
153681
168261
168438
168546
168549
168564
168547
