630
141089 141092 345
141092 141089 345
141092 141094 451
141094 141092 451
141094 141096 204
141096 141094 204
141096 141095 1536
141096 141097 304
141095 141096 1536
141095 141147 809
141095 141167 1880
141097 141093 1300
141097 141096 304
141097 141098 805
141147 141095 809
141147 141098 678
141147 141148 367
141167 141095 1880
141167 141161 810
141167 141166 1432
141167 141168 1679
141093 141097 1300
141093 141099 724
141098 141097 805
141098 141099 1526
141098 141147 678
141098 141148 805
141148 141098 805
141148 141100 1788
141148 141147 367
141148 141149 1027
141148 141150 496
141161 141165 1434
141161 141167 810
141166 141165 828
141166 141167 1432
141166 141170 1678
141166 141348 1395
141168 141150 1606
141168 141167 1679
141168 141169 1080
141168 141170 1413
141099 141093 724
141099 141098 1526
141099 141100 860
141099 141101 2236
141100 141099 860
141100 141102 2183
141100 141103 816
141100 141148 1788
141149 141103 1181
141149 141148 1027
141149 141151 971
141149 141152 763
141150 141148 496
141150 141152 323
141150 141168 1606
141165 141161 1434
141165 141164 793
141165 141166 828
141165 141347 1377
141170 141166 1678
141170 141168 1413
141170 141171 2308
141170 141354 1436
141348 141166 1395
141348 141347 830
141348 141352 1416
141348 141353 801
141169 141156 323
141169 141168 1080
141169 142204 330
141101 141099 2236
141101 141102 932
141102 141100 2183
141102 141101 932
141102 142141 2113
141102 142154 790
141103 141100 816
141103 141149 1181
141103 142154 2183
141103 142188 802
141151 141149 971
141151 141153 1606
141151 142188 569
141151 142189 790
141152 141149 763
141152 141150 323
141152 141153 820
141164 141159 792
141164 141165 793
141164 141346 1397
141347 141165 1377
141347 141346 809
141347 141348 830
141347 141351 1451
141171 141170 2308
141171 142206 441
141171 142210 421
141171 142334 1413
141354 141170 1436
141354 141353 847
141354 141355 752
141354 141358 1472
141352 141348 1416
141352 141351 826
141352 141357 816
141352 141365 1454
141353 141348 801
141353 141354 847
141353 141357 1396
141156 141153 705
141156 141169 323
141156 142204 406
142204 141156 406
142204 141157 474
142204 141169 330
142204 142205 741
142141 141102 2113
142141 142142 840
142154 141102 790
142154 141103 2183
142154 142142 2059
142154 142155 788
142188 141103 802
142188 141151 569
142188 142155 2145
142188 142189 531
141153 141151 1606
141153 141152 820
141153 141156 705
141153 141157 958
142189 141151 790
142189 142188 531
142189 142190 518
142189 142191 680
141159 141158 793
141159 141164 792
141159 141345 810
141346 141163 810
141346 141164 1397
141346 141347 809
141346 141350 1431
141351 141347 1451
141351 141350 792
141351 141352 826
141351 141364 1434
142206 141171 441
142206 142205 577
142206 142207 746
142206 142210 571
142210 141171 421
142210 142206 571
142210 142211 623
142334 141171 1413
142334 141356 851
142334 142335 753
142334 142341 1436
141355 141354 752
141355 141356 743
141355 141359 1486
141358 141354 1472
141358 141357 821
141358 141359 788
141358 141372 1432
141357 141352 816
141357 141353 1396
141357 141358 821
141365 141352 1454
141365 141364 810
141157 141153 958
141157 142190 1963
141157 142203 854
141157 142204 474
142205 142203 584
142205 142204 741
142205 142206 577
142142 142141 840
142142 142143 2356
142142 142144 797
142142 142154 2059
142155 142144 2226
142155 142154 788
142155 142156 896
142155 142188 2145
142190 141157 1963
142190 142189 518
142190 142191 414
142190 142192 780
142191 142156 1771
142191 142189 680
142191 142190 414
142191 142194 1007
141158 141135 796
141158 141159 793
141345 141159 810
141163 141162 803
141163 141346 810
141350 141346 1431
141350 141349 809
141350 141351 792
141350 141363 1414
141364 141351 1434
141364 141363 776
141364 141365 810
141364 141368 1490
142207 142196 2044
142207 142203 751
142207 142206 746
142207 142208 983
142211 142208 984
142211 142210 623
142211 142212 770
142211 142335 962
141356 141355 743
141356 141361 1470
141356 142334 851
142335 142211 962
142335 142334 753
142335 142336 817
142335 142342 1436
142341 141361 828
142341 141374 1447
142341 142334 1436
142341 142342 754
141359 141355 1486
141359 141358 788
141359 141360 405
141359 141361 722
141372 141358 1432
141372 141373 1479
142203 141157 854
142203 142192 1992
142203 142205 584
142203 142207 751
142143 142142 2356
142143 142145 672
142143 142146 388
142144 142142 797
142144 142149 1700
142144 142155 2226
142144 142157 1067
142156 142155 896
142156 142157 2260
142156 142158 816
142156 142191 1771
142192 142190 780
142192 142194 1075
142192 142196 730
142192 142203 1992
142194 142158 1090
142194 142191 1007
142194 142192 1075
142194 142195 971
141135 141139 1419
141135 141158 796
141162 141139 784
141162 141163 803
141349 141321 796
141349 141350 809
141363 141350 1414
141363 141362 847
141363 141364 776
141363 141367 1485
141368 141364 1490
141368 141367 740
142196 142192 730
142196 142195 1617
142196 142197 974
142196 142207 2044
142208 142197 2084
142208 142207 983
142208 142211 984
142208 142213 756
142212 142211 770
142212 142213 1269
142212 142337 310
141361 141356 1470
141361 141359 722
141361 141373 1473
141361 142341 828
142336 142335 817
142336 142337 332
142336 142338 342
142336 142343 1323
142342 142335 1436
142342 142341 754
142342 142343 830
142342 142355 1449
141374 141373 881
141374 141379 2063
141374 142341 1447
141374 142355 736
141360 141359 405
141373 141361 1473
141373 141372 1479
141373 141374 881
141373 141377 1506
142145 142143 672
142145 142146 552
142146 142143 388
142146 142145 552
142146 142147 725
142146 142149 854
142149 142144 1700
142149 142146 854
142149 142157 1983
142157 142144 1067
142157 142149 1983
142157 142156 2260
142157 142161 806
142157 142163 1305
142158 142156 816
142158 142163 1101
142158 142193 763
142158 142194 1090
142195 142194 971
142195 142196 1617
142195 142199 335
141139 141135 1419
141139 141138 779
141139 141162 784
141139 141320 1411
141321 141320 778
141321 141349 796
141362 141341 723
141362 141363 847
141367 141363 1485
141367 141366 863
141367 141368 740
142197 142196 974
142197 142198 2074
142197 142208 2084
142197 142209 731
142213 142208 756
142213 142209 2021
142213 142212 1269
142213 142214 840
142337 142212 310
142337 142336 332
142337 142338 501
142338 142336 342
142338 142337 501
142338 142339 107
142343 142336 1323
142343 142342 830
142343 142346 902
142343 142347 586
142355 141374 736
142355 142342 1449
142355 142356 1640
141379 141374 2063
141379 141378 674
141379 141431 311
141379 143297 779
141377 141373 1506
141377 141376 493
141377 141378 314
142147 141744 802
142147 142146 725
142147 142148 2542
142147 142150 805
142161 142157 806
142161 142159 756
142161 142162 2470
142161 142198 2833
142163 142157 1305
142163 142158 1101
142163 142193 1357
142193 142158 763
142193 142163 1357
142193 142198 946
142193 142199 331
142199 142193 331
142199 142195 335
142199 142198 737
141138 141139 779
141138 141319 1434
141320 141139 1411
141320 141319 813
141320 141321 778
141320 141325 1434
141341 141325 828
141341 141362 723
141366 141344 776
141366 141367 863
141366 141412 2549
142198 142161 2833
142198 142193 946
142198 142197 2074
142198 142199 737
142198 142200 779
142198 142217 1496
142209 142197 731
142209 142213 2021
142209 142217 750
142209 142218 517
142214 142213 840
142214 142215 1358
142214 142216 906
142214 142339 1443
142339 142214 1443
142339 142338 107
142339 142340 519
142346 142340 821
142346 142343 902
142346 142345 794
142346 142356 1445
142347 142343 586
142356 142346 1445
142356 142355 1640
142356 142357 869
141378 141377 314
141378 141379 674
141378 141429 796
141431 141379 311
141431 141430 2804
141431 142387 793
143297 141379 779
141376 141377 493
141376 141427 925
141744 141745 2586
141744 142147 802
142148 141745 884
142148 142147 2542
142148 142151 863
142148 142165 2435
142150 142147 805
142150 142151 2516
142150 142152 756
142159 142152 833
142159 142160 2595
142159 142161 756
142162 142160 929
142162 142161 2470
142162 142178 2500
142162 142202 2783
141319 141138 1434
141319 141318 917
141319 141320 813
141319 141324 1466
141325 141320 1434
141325 141324 772
141325 141341 828
141325 141342 1503
141344 141342 758
141344 141366 776
141344 141390 2336
141412 141366 2549
141412 141391 485
142200 142198 779
142200 142201 849
142200 142219 2426
142217 142198 1496
142217 142209 750
142217 142218 945
142218 142209 517
142218 142215 722
142218 142217 945
142218 142219 870
142215 142214 1358
142215 142216 1643
142215 142218 722
142216 142214 906
142216 142215 1643
142216 142344 1524
142216 142348 922
142216 142353 2119
142340 142339 519
142340 142344 220
142340 142346 821
142345 142344 1070
142345 142346 794
142345 142353 208
142357 142353 1221
142357 142354 944
142357 142356 869
142357 142358 877
141429 141378 796
141429 141427 772
141429 143306 1800
141430 141431 2804
141430 141432 674
142387 141431 793
142387 141432 2460
142387 142388 822
141427 141376 925
141427 141429 772
141745 141744 2586
141745 141768 846
141745 142148 884
141745 142164 2362
142151 142148 863
142151 142150 2516
142151 142153 711
142151 142167 2448
142165 142148 2435
142165 142164 758
142165 142167 808
142165 142169 1809
142152 142150 756
142152 142153 2600
142152 142159 833
142160 142153 669
142160 142159 2595
142160 142162 929
142160 142175 2440
142178 142162 2500
142178 142175 840
142178 142179 922
142178 142227 2782
142202 142162 2783
142202 142201 815
142202 142221 2519
142202 142225 868
141318 141319 917
141318 141323 1436
141324 141319 1466
141324 141323 974
141324 141325 772
141324 141340 1338
141342 141325 1503
141342 141340 897
141342 141344 758
141390 141344 2336
141390 141391 802
141390 141404 1644
141391 141390 802
141391 141405 1644
141391 141412 485
142201 142200 849
142201 142202 815
142201 142220 2525
142219 142200 2426
142219 142218 870
142219 142220 812
142219 142222 583
142344 142216 1524
142344 142340 220
142344 142345 1070
142348 142216 922
142348 142222 1763
142348 142349 724
142348 142362 2333
142353 142216 2119
142353 142345 208
142353 142354 796
142353 142357 1221
142354 142353 796
142354 142357 944
142354 142360 755
142354 142362 553
142358 142357 877
142358 142359 222
142358 142390 1027
143306 141429 1800
141432 141430 674
141432 141441 1637
141432 142387 2460
141432 142405 781
142388 142387 822
142388 142389 989
142388 142405 2395
141768 141742 1458
141768 141745 846
141768 141766 1152
141768 141769 2382
142164 141745 2362
142164 141769 831
142164 142165 758
142164 142166 1707
142153 142151 711
142153 142152 2600
142153 142160 669
142153 142168 2407
142167 142151 2448
142167 142165 808
142167 142168 824
142167 142170 1856
142169 142165 1809
142169 142166 968
142169 142170 767
142169 142173 2365
142175 142160 2440
142175 142168 756
142175 142178 840
142179 142178 922
142227 142178 2782
142221 142202 2519
142221 142220 851
142225 142202 868
141323 141318 1436
141323 141324 974
141340 141324 1338
141340 141342 897
141404 141390 1644
141404 141405 802
141405 141391 1644
141405 141404 802
142220 142201 2525
142220 142219 812
142220 142221 851
142222 142219 583
142222 142348 1763
142349 142348 724
142362 142348 2333
142362 142354 553
142360 142354 755
142360 142359 1664
142359 142358 222
142359 142360 1664
142390 142358 1027
142390 142389 1264
141441 141432 1637
142405 141432 781
142405 142388 2395
142389 142388 989
142389 142390 1264
141742 141768 1458
141766 141768 1152
141769 141768 2382
141769 142164 831
142166 142164 1707
142166 142169 968
142168 142153 2407
142168 142167 824
142168 142175 756
142170 142167 1856
142170 142169 767
142173 142169 2365
200
141089
141092
141094
141096
141095
141097
141147
141167
141093
141098
141148
141161
141166
141168
141099
141100
141149
141150
141165
141170
141348
141169
141101
141102
141103
141151
141152
141164
141347
141171
141354
141352
141353
141156
142204
142141
142154
142188
141153
142189
141159
141346
141351
142206
142210
142334
141355
141358
141357
141365
141157
142205
142142
142155
142190
142191
141158
141345
141163
141350
141364
142207
142211
141356
142335
142341
141359
141372
142203
142143
142144
142156
142192
142194
141135
141162
141349
141363
141368
142196
142208
142212
141361
142336
142342
141374
141360
141373
142145
142146
142149
142157
142158
142195
141139
141321
141362
141367
142197
142213
142337
142338
142343
142355
141379
141377
142147
142161
142163
142193
142199
141138
141320
141341
141366
142198
142209
142214
142339
142346
142347
142356
141378
141431
143297
141376
141744
142148
142150
142159
142162
141319
141325
141344
141412
142200
142217
142218
142215
142216
142340
142345
142357
141429
141430
142387
141427
141745
142151
142165
142152
142160
142178
142202
141318
141324
141342
141390
141391
142201
142219
142344
142348
142353
142354
142358
143306
141432
142388
141768
142164
142153
142167
142169
142175
142179
142227
142221
142225
141323
141340
141404
141405
142220
142222
142349
142362
142360
142359
142390
141441
142405
142389
141742
141766
141769
142166
142168
142170
142173
