16
120939 120938 3462
121032 121031 1032
121031 121032 1032
121043 121059 2258
121059 121043 2258
121090 121095 1430
121094 121095 889
120938 120939 3462
120938 120942 2286
120942 120938 2286
120987 120992 374
120992 120987 374
121095 121090 1430
121095 121094 889
121542 121540 558
121540 121542 558
32
129204
129208
129110
129280
127137
129042
120939
121068
121039
121070
121032
121031
121043
121059
121090
121094
120951
120993
121001
120983
120974
120992
120997
121101
121099
121522
121534
121541
121542
121516
69104
69183
