478
57570 57571 5464
57570 57599 1465
57570 76696 1169
57571 57570 5464
57571 75444 747
57571 77328 814
57599 57570 1465
57599 57600 2027
57599 57638 1502
57599 75453 2414
76696 57570 1169
75444 57571 747
75444 75305 5574
75444 75445 8222
77328 57571 814
77328 77327 889
77328 77327 889
57600 57599 2027
57638 57599 1502
75453 57599 2414
75453 75452 3263
75453 77247 967
75305 75304 2929
75305 75444 5574
75445 75444 8222
75445 75450 1056
75445 75451 344
75445 75492 1265
77327 75452 311
77327 77328 889
77327 77328 889
75452 75441 3681
75452 75453 3263
75452 77327 311
77247 75453 967
77247 77385 600
77247 77387 2057
75304 75303 877
75304 75305 2929
75450 75445 1056
75450 75460 476
75451 75445 344
75451 75481 3521
75492 75445 1265
75492 75493 437
75441 75440 1940
75441 75452 3681
77385 77247 600
77385 77386 333
77387 77247 2057
77387 77386 1959
75303 75287 1517
75303 75304 877
75460 75450 476
75460 75456 1234
75481 75451 3521
75481 75486 930
75481 79087 491
75493 75462 344
75493 75463 539
75493 75492 437
75493 75494 2007
75440 74588 3054
75440 75441 1940
75440 75442 1366
77386 74736 1180
77386 77385 333
77386 77387 1959
75287 75291 892
75287 75303 1517
75456 75454 1919
75456 75460 1234
75486 75481 930
75486 75487 1113
75486 75488 1023
79087 75481 491
75462 75461 1742
75462 75493 344
75463 75464 686
75463 75493 539
75494 75493 2007
75494 75501 279
75494 75502 277
74588 74585 1189
74588 74623 2095
74588 75440 3054
75442 74626 848
75442 74628 2519
75442 75440 1366
74736 74737 1526
74736 75448 4677
74736 75454 889
74736 77386 1180
75291 75287 892
75291 75290 1088
75454 74736 889
75454 75455 893
75454 75456 1919
75487 75486 1113
75487 75489 4342
75488 75486 1023
75488 75490 1308
75488 75491 1824
75461 75457 667
75461 75462 1742
75464 75463 686
75464 75465 1248
75464 75466 2961
75464 75476 2379
75501 75494 279
75501 75499 950
75501 75503 2753
75502 75494 277
75502 75497 679
74585 74580 2024
74585 74587 607
74585 74588 1189
74623 74586 650
74623 74588 2095
74623 74624 988
74626 74624 2358
74626 75442 848
74626 75443 1310
74628 74627 773
74628 75442 2519
74737 74736 1526
74737 75449 4827
74737 75458 885
74737 75459 1807
75448 74736 4677
75448 75446 453
75290 75289 874
75290 75291 1088
75290 75292 356
75455 75454 893
75455 75457 1558
75489 75487 4342
75489 75510 4367
75490 75488 1308
75490 75496 677
75491 75488 1824
75491 75504 3736
75491 75505 612
75457 75455 1558
75457 75458 2681
75457 75461 667
75465 75464 1248
75465 75497 1084
75466 75464 2961
75466 75512 846
75466 75517 2372
75476 75464 2379
75476 75477 1004
75476 75478 1426
75499 75485 1394
75499 75500 2069
75499 75501 950
75503 75500 1105
75503 75501 2753
75503 75515 680
75503 75520 1832
75497 75465 1084
75497 75502 679
75497 75512 846
74580 74579 1012
74580 74582 1157
74580 74585 2024
74587 74585 607
74586 74582 2016
74586 74622 782
74586 74623 650
74624 74623 988
74624 74626 2358
74624 74627 592
75443 74626 1310
74627 74624 592
74627 74628 773
74627 74634 1817
75449 74737 4827
75449 75446 511
75458 74737 885
75458 75457 2681
75459 74737 1807
75459 75475 712
75446 74755 1077
75446 75447 2187
75446 75448 453
75446 75449 511
75446 75467 1769
75446 78924 1825
75289 75288 2397
75289 75290 874
75292 75290 356
75292 75301 2989
75510 75489 4367
75510 75511 3530
75510 75544 7241
75496 75490 677
75496 75495 1426
75496 75500 1611
75504 75491 3736
75504 75511 3773
75504 75534 2115
75505 75491 612
75505 75537 717
75505 76717 551
75505 76721 372
75512 75466 846
75512 75497 846
75512 75513 1140
75517 75466 2372
75517 75526 1674
75517 75527 876
75477 75476 1004
75478 75476 1426
75478 75479 500
75478 75480 636
75485 75484 925
75485 75495 140
75485 75499 1394
75500 75496 1611
75500 75499 2069
75500 75503 1105
75515 75503 680
75515 75514 1439
75515 75516 810
75515 77249 757
75520 75503 1832
75520 75523 1454
75520 75524 4190
74579 74578 1585
74579 74580 1012
74579 74603 10823
74579 75296 5919
74582 74580 1157
74582 74583 1902
74582 74586 2016
74622 74586 782
74622 74614 613
74622 74619 1979
74634 74627 1817
74634 74631 1531
74634 74635 554
75475 75459 712
75475 75473 1347
75475 78270 3543
74755 74753 6484
74755 75446 1077
74755 78923 1733
75447 75446 2187
75447 78270 883
75467 75446 1769
75467 75468 1811
75467 75469 2792
75467 78916 983
78924 75446 1825
78924 78923 653
75288 75282 5389
75288 75289 2397
75301 75292 2989
75301 75302 1503
75511 75504 3773
75511 75510 3530
75544 57904 6055
75544 75510 7241
75544 75542 562
75544 75627 9844
75495 75483 437
75495 75485 140
75495 75496 1426
75534 75504 2115
75534 75523 1592
75534 75524 2057
75534 75535 8712
75537 75505 717
76717 75505 551
76717 76710 1025
76717 76718 369
76721 75505 372
75513 75512 1140
75513 75516 1439
75513 75518 831
75526 75517 1674
75526 75527 905
75526 75528 1357
75527 75517 876
75527 75526 905
75527 75967 712
75479 75478 500
75480 75478 636
75480 75525 2492
75480 75525 2492
75484 75482 957
75484 75485 925
75484 75498 748
75514 75515 1439
75516 75513 1439
75516 75515 810
75516 75519 1162
77249 75515 757
75523 75506 568
75523 75520 1454
75523 75534 1592
75524 75520 4190
75524 75534 2057
75524 75536 2691
74578 74577 740
74578 74579 1585
74603 74579 10823
74603 74598 337
74603 74604 809
74603 74606 3598
75296 74579 5919
75296 75293 2270
75296 75295 813
74583 74582 1902
74583 74584 740
74583 74599 2369
74614 74584 1414
74614 74621 475
74614 74622 613
74619 74618 650
74619 74621 892
74619 74622 1979
74631 74620 698
74631 74634 1531
74631 74751 2491
74635 74634 554
74635 74636 1149
74635 74637 607
75473 75474 1336
75473 75475 1347
78270 75447 883
78270 75475 3543
78270 78271 856
74753 74754 597
74753 74755 6484
74753 74774 2064
78923 74755 1733
78923 78924 653
75468 75467 1811
75468 75470 2764
75469 74784 1338
75469 75467 2792
75469 75470 2761
78916 75467 983
78916 78917 688
78916 78919 1030
75282 75281 7905
75282 75285 140
75282 75288 5389
75302 75300 3385
75302 75301 1503
57904 57807 4561
57904 57807 4561
57904 75544 6055
75542 75543 2229
75542 75544 562
75627 75535 1127
75627 75544 9844
75483 75482 1227
75483 75495 437
75535 75534 8712
75535 75627 1127
75535 75633 7338
75535 75636 1010
76710 76711 1038
76710 76712 953
76710 76717 1025
76718 76717 369
76718 76720 118
76718 76720 118
75518 75513 831
75518 75519 2622
75528 75526 1357
75528 75529 754
75528 75531 333
75967 75527 712
75967 75529 2113
75967 75966 754
75525 75480 2492
75525 75480 2492
75525 75965 611
75482 75483 1227
75482 75484 957
75498 75484 748
75519 75516 1162
75519 75518 2622
75519 75522 793
75506 75507 521
75506 75508 475
75506 75523 568
75536 75524 2691
75536 75982 1061
75536 75987 1543
74577 74216 218
74577 74576 611
74577 74578 740
74598 74596 356
74598 74603 337
74604 74603 809
74604 74605 279
74604 74607 1579
74606 74603 3598
74606 74659 314
75293 75294 869
75293 75295 2157
75293 75296 2270
75295 75293 2157
75295 75296 813
75295 75300 715
74584 74583 740
74584 74613 1225
74584 74614 1414
74599 74583 2369
74599 74600 3067
74599 74601 754
74621 74614 475
74621 74619 892
74618 74619 650
74618 74620 812
74620 74618 812
74620 74631 698
74751 74631 2491
74751 74637 2388
74636 74635 1149
74637 74635 607
74637 74751 2388
75474 75473 1336
78271 78270 856
74754 74753 597
74774 74753 2064
75470 75468 2764
75470 75469 2761
74784 75469 1338
78917 78916 688
78919 78916 1030
75281 75282 7905
75285 75282 140
75300 75295 715
75300 75302 3385
57807 57904 4561
57807 57904 4561
75543 75542 2229
75633 75535 7338
75633 75987 712
75636 75535 1010
76711 75508 651
76711 76710 1038
76712 76710 953
76720 76718 118
76720 76718 118
75529 75528 754
75529 75967 2113
75531 75528 333
75966 75965 476
75966 75967 754
75965 75525 611
75965 75966 476
75522 75519 793
75507 75506 521
75508 75506 475
75508 76711 651
75982 75536 1061
75987 75536 1543
75987 75633 712
74216 74577 218
74576 74577 611
74596 74598 356
74605 74600 2617
74605 74604 279
74607 74604 1579
74659 74606 314
75294 75293 869
74613 74584 1225
74600 74599 3067
74600 74605 2617
74601 74599 754
76
75287
75486
75291
75487
75488
75290
75489
75490
75491
75289
75292
75510
75496
75504
75505
75500
75288
75301
75511
75544
75495
75534
75537
76717
76721
75523
75524
75282
75302
57904
75542
75627
75483
75535
76710
76718
75482
75506
75536
74621
74618
74620
74751
74637
74754
74774
74784
78917
78919
75281
75285
75300
57807
75543
75633
75636
76711
76712
76720
75529
75531
75966
75965
75507
75508
75982
75987
74216
74576
74596
74605
74607
74659
75294
74600
74601
