16
260486 260489 1356
260496 260489 1150
260527 260528 610
260528 260527 610
260528 260529 1447
260221 260220 566
260220 260221 566
260482 260484 503
260487 260484 1483
260484 260482 503
260484 260487 1483
260489 260486 1356
260489 260496 1150
260304 260307 1360
260307 260304 1360
260529 260528 1447
34
258495
258498
258499
258466
258605
259900
260486
260496
260522
260527
260528
263849
259908
259932
259934
259961
260224
260221
260228
260243
260247
260135
260137
260235
260487
260484
260245
260295
260304
260298
260307
260531
260552
255008
