22
208564 208565 793
208565 208564 793
208176 208175 960
208175 208176 960
208177 208121 834
208121 208177 834
207795 207799 821
207799 207795 821
208195 208409 1963
208404 208406 765
208406 208404 765
208406 208409 679
208409 208195 1963
208409 208406 679
210715 208499 1135
210715 210714 1226
208499 210715 1135
210714 210705 881
210714 210715 1226
210705 210714 881
210758 210757 1593
210757 210758 1593
35
208537
208541
208532
208542
208564
208559
208565
208569
208574
208176
208175
208177
208121
207795
207799
207839
207864
214692
208554
208180
208191
208195
208409
208419
208469
208474
208493
208497
208499
210705
210707
210728
210758
210757
210736
