18
130803 130809 1055
130809 130803 1055
130836 130850 436
130850 130836 436
131135 131143 1395
131143 131135 1395
131143 131147 1632
131147 131143 1632
131147 131148 1055
131281 131291 791
131291 131281 791
131148 131147 1055
131151 131150 1201
131150 131151 1201
131611 131613 848
131613 131611 848
132153 132154 610
132154 132153 610
37
130755
130803
130807
130809
130832
132377
130836
130850
131112
131121
131130
131133
131135
131143
131147
131261
131263
131265
131269
131291
131295
131141
131151
131150
131305
131557
121340
131611
131613
132121
132147
132152
132118
132153
132154
132175
132214
