24
171518 171521 1735
171521 171518 1735
159129 159130 1111
159129 159138 1942
159130 159129 1111
154231 159151 404
154231 159175 562
159175 154231 562
159208 159219 778
159214 159215 1778
159214 159219 843
159138 159129 1942
159149 159148 885
159151 154231 404
159148 159149 885
159215 159214 1778
159219 159208 778
159219 159214 843
159220 159225 1014
159225 159220 1014
159385 159384 759
159378 159423 1742
159384 159385 759
159423 159378 1742
32
214655
198682
171406
171340
171518
171570
171421
171563
171560
171521
171523
159129
162372
159130
159157
159156
152153
154231
159175
159204
159138
159136
159148
159215
159220
159225
159389
159385
159378
159384
159426
159420
