16
189824 189823 1920
189823 189824 1920
190305 190304 661
190304 190305 661
196232 196245 539
196245 196232 539
197180 197185 675
197185 197180 675
197199 197205 684
197205 197199 684
197205 197206 2570
197208 197231 723
197206 197205 2570
197231 197208 723
202582 202584 410
202584 202582 410
34
56165
55912
56603
56605
189867
189869
189888
189824
189823
190276
190287
190305
190304
189892
196229
196237
197188
197191
197190
197180
197186
197185
197199
197206
202582
202601
202603
202787
202842
204218
204137
204138
212154
204150
