14
111242 111248 672
111248 111242 672
111278 111279 201
111279 111278 201
111489 111509 1179
111508 111509 893
111508 111518 1181
111518 111508 1181
111509 111489 1179
111509 111508 893
111621 111618 434
111618 111621 434
111617 111614 778
111614 111617 778
35
111050
110981
111006
111052
111069
111064
111066
111060
111078
111242
111248
111254
111278
111275
111279
103352
111287
111350
111362
103364
111489
111509
111516
111529
111616
111625
111621
111609
111618
111617
111614
111445
111661
111411
111432
