482
73059 76644 773
76644 73059 773
76644 73062 732
73062 73063 253
73062 76644 732
73063 73062 253
73063 73064 8961
73064 73063 8961
73064 73065 3143
73065 73064 3143
73065 220035 2597
220035 73065 2597
220035 220249 3834
220249 218059 2996
220249 220035 3834
220249 220248 202
220249 220251 164
218059 218058 244
218059 220249 2996
220248 220036 3223
220248 220249 202
220248 220261 3427
220251 218151 3773
220251 220086 4120
220251 220249 164
218058 218059 244
218058 220267 1811
220036 218148 3790
220036 220037 1297
220036 220240 5064
220036 220248 3223
220261 220248 3427
220261 220260 1594
218151 218152 3847
218151 220251 3773
218151 220401 1228
220086 220087 808
220086 220088 2956
220086 220251 4120
220086 220398 1556
220267 218058 1811
220267 220274 1580
218148 218147 256
218148 220036 3790
218148 220255 403
220037 220036 1297
220240 220036 5064
220240 220238 2704
220240 220244 2492
220260 220255 406
220260 220261 1594
218152 218151 3847
218152 220398 2119
218152 220402 1102
218152 220404 2695
220401 218151 1228
220401 220402 4548
220401 220403 862
220087 220086 808
220087 224674 2607
220088 220086 2956
220088 220089 688
220088 220090 1078
220398 218152 2119
220398 220086 1556
220398 224947 3503
220274 220267 1580
220274 220275 877
218147 218148 256
218147 220250 3695
218147 220256 441
220255 218148 403
220255 220260 406
220238 220033 205
220238 220239 1756
220238 220240 2704
220244 220240 2492
220244 220243 878
220244 220246 644
220402 218152 1102
220402 220401 4548
220402 220424 2932
220404 218152 2695
220404 220405 2907
220403 220401 862
220403 220429 204
224674 220087 2607
220089 220088 688
220089 220090 1004
220089 220091 752
220090 220088 1078
220090 220089 1004
220090 220096 3309
220090 220102 560
224947 220398 3503
220275 220250 2054
220275 220274 877
220275 220276 1396
220275 220277 1750
220250 218147 3695
220250 220275 2054
220250 220333 6941
220256 218147 441
220256 220266 296
220033 220031 1604
220033 220034 2449
220033 220238 205
220239 220238 1756
220239 220242 1370
220239 220243 1062
220243 220239 1062
220243 220242 1783
220243 220244 878
220246 220244 644
220246 220259 1069
220246 220270 4763
220246 220271 1559
220424 220402 2932
220424 220418 955
220424 220419 453
220424 220443 849
220405 220404 2907
220405 220417 2058
220405 220425 751
220405 220452 575
220429 220276 1428
220429 220403 204
220091 220089 752
220096 219007 1264
220096 220090 3309
220096 224267 870
220102 220090 560
220102 220103 402
220276 220275 1396
220276 220429 1428
220276 220430 826
220277 220275 1750
220277 224265 1570
220333 218141 816
220333 220250 6941
220333 220272 3288
220333 220273 4705
220266 220256 296
220031 220032 1190
220031 220033 1604
220031 220237 1499
220034 220033 2449
220242 220237 633
220242 220239 1370
220242 220243 1783
220259 220246 1069
220270 220246 4763
220270 220272 1106
220270 220279 2108
220271 220246 1559
220418 220419 623
220418 220424 955
220418 220443 452
220418 220445 618
220418 224843 1080
220419 220418 623
220419 220424 453
220419 220444 516
220443 220418 452
220443 220424 849
220443 220442 130
220417 220405 2058
220417 220414 2171
220417 220427 1203
220425 220405 751
220425 220426 1764
220425 220450 896
220452 220405 575
220452 220451 1540
220452 220453 155
219007 219008 4134
219007 220078 258
219007 220096 1264
224267 220096 870
220103 220097 2646
220103 220102 402
220103 220406 2174
220430 220276 826
220430 220432 1000
220430 220440 767
224265 220277 1570
224265 224251 2633
218141 217720 699
218141 218142 349
218141 218337 4992
218141 220333 816
220272 220270 1106
220272 220278 966
220272 220333 3288
220273 218337 579
220273 218343 3197
220273 220234 2615
220273 220333 4705
220032 220030 2419
220032 220031 1190
220032 220247 626
220237 220031 1499
220237 220228 549
220237 220242 633
220279 220234 2943
220279 220270 2108
220445 220418 618
220445 220446 988
224843 220418 1080
220444 220419 516
220442 220431 769
220442 220443 130
220442 220447 1238
220414 220408 853
220414 220415 1092
220414 220417 2171
220427 220416 335
220427 220417 1203
220427 220428 1026
220426 220425 1764
220450 220425 896
220450 220436 1107
220450 220451 1423
220451 220450 1423
220451 220452 1540
220451 220456 833
220451 220457 1522
220453 220452 155
220453 220454 604
220453 220455 1380
219008 219007 4134
219008 220065 1666
219008 224494 638
220078 219007 258
220078 220077 1081
220097 220093 888
220097 220098 2427
220097 220103 2646
220406 220103 2174
220406 220407 634
220432 220430 1000
220432 220431 2635
220432 224538 848
220440 220430 767
220440 224768 1279
224251 218406 1099
224251 220741 5233
224251 224264 1782
224251 224265 2633
217720 217719 708
217720 218141 699
217720 220340 442
217720 224253 1796
218142 218141 349
218142 220741 961
218337 218141 4992
218337 218336 754
218337 220273 579
218337 220293 885
220278 220272 966
218343 218336 2331
218343 220236 851
218343 220273 3197
218343 220284 740
220234 220227 3379
220234 220273 2615
220234 220279 2943
220030 220029 2243
220030 220032 2419
220030 220245 2307
220247 220032 626
220228 220226 1465
220228 220237 549
220228 220254 676
220446 220438 1410
220446 220445 988
220446 220518 3279
220431 220432 2635
220431 220441 623
220431 220442 769
220431 224673 459
220447 220442 1238
220408 220407 781
220408 220409 1657
220408 220414 853
220415 220411 664
220415 220414 1092
220415 220416 2176
220416 220413 632
220416 220415 2176
220416 220427 335
220428 220427 1026
220428 224692 1415
220428 224696 966
220436 220435 743
220436 220450 1107
220436 220456 2077
220456 220436 2077
220456 220437 744
220456 220451 833
220456 220458 1567
220457 220451 1522
220457 220458 854
220457 220461 817
220457 220463 2234
220454 220453 604
220455 220453 1380
220455 220459 2252
220455 220461 823
220065 219008 1666
220065 220064 639
224494 219008 638
224494 220068 86
224494 224720 3334
220077 220078 1081
220093 220094 1372
220093 220095 888
220093 220097 888
220098 217415 802
220098 220097 2427
220098 220109 1047
220098 220114 2913
220407 220104 1439
220407 220406 634
220407 220408 781
224538 220432 848
224538 220441 2353
224538 224539 320
224768 220440 1279
218406 218407 257
218406 224251 1099
218406 224252 581
220741 218142 961
220741 224251 5233
224264 220376 2599
224264 224251 1782
217719 217720 708
217719 220348 1241
217719 223933 241
217719 224254 1621
220340 217720 442
220340 220334 384
220340 223984 351
224253 217720 1796
224253 220350 32
218336 218337 754
218336 218343 2331
218336 220268 1886
218336 220286 3499
220293 218337 885
220293 219272 348
220293 220294 406
220293 220334 4963
220236 218343 851
220236 220222 10004
220236 220284 510
220284 218343 740
220284 220236 510
220284 220288 428
220227 220226 4510
220227 220229 530
220227 220234 3379
220029 220030 2243
220029 220225 916
220029 220226 219
220245 220030 2307
220226 220029 219
220226 220227 4510
220226 220228 1465
220254 220228 676
220438 220435 841
220438 220439 448
220438 220446 1410
220518 220446 3279
220518 220521 152
220518 220531 5002
220518 224263 2532
220441 220431 623
220441 224537 339
220441 224538 2353
224673 220431 459
220409 220104 771
220409 220408 1657
220409 220410 788
220409 220411 882
220411 220409 882
220411 220412 690
220411 220413 2131
220411 220415 664
220413 220411 2131
220413 220416 632
220413 220420 775
224692 220428 1415
224692 224693 222
224692 224694 862
224696 220428 966
220435 220436 743
220435 220437 2511
220435 220438 841
220437 220435 2511
220437 220456 744
220437 220465 1522
220458 220456 1567
220458 220457 854
220458 220465 721
220458 220466 2263
220461 220455 823
220461 220457 817
220461 220462 2198
220463 220457 2234
220463 220462 860
220463 220466 767
220463 220468 1736
220459 220455 2252
220459 220460 568
220459 220462 957
220459 224697 650
220064 220063 349
220064 220065 639
220068 220069 425
220068 224494 86
224720 224494 3334
224720 224719 2015
220094 220093 1372
220095 220093 888
220095 220109 1993
217415 220098 802
220109 220095 1993
220109 220098 1047
220114 220098 2913
220104 220407 1439
220104 220409 771
224539 224538 320
218407 218406 257
224252 218406 581
220376 224264 2599
220348 217719 1241
220348 223933 1271
223933 217719 241
223933 220348 1271
224254 217719 1621
224254 220350 29
220334 220293 4963
220334 220340 384
223984 220340 351
220350 224253 32
220350 224254 29
220268 218336 1886
220286 218336 3499
220286 220288 548
219272 220293 348
220294 220293 406
220222 220236 10004
220288 220284 428
220288 220286 548
220229 220227 530
220225 220029 916
220439 220438 448
220521 220518 152
220531 220518 5002
224263 220518 2532
224537 220441 339
220410 220409 788
220412 220411 690
220412 220420 2094
220420 220412 2094
220420 220413 775
224693 224692 222
224694 224692 862
220465 220437 1522
220465 220458 721
220466 220458 2263
220466 220463 767
220462 220459 957
220462 220461 2198
220462 220463 860
220468 220463 1736
220460 220459 568
224697 220459 650
220063 220064 349
220069 220068 425
224719 224720 2015
200
73059
76644
73062
73063
73064
73065
220035
220249
218059
220248
220251
218058
220036
220261
218151
220086
220267
218148
220037
220240
220260
218152
220401
220087
220088
220398
220274
218147
220255
220238
220244
220402
220404
220403
224674
220089
220090
224947
220275
220250
220256
220033
220239
220243
220246
220424
220405
220429
220091
220096
220102
220276
220277
220333
220266
220031
220034
220242
220259
220270
220271
220418
220419
220443
220417
220425
220452
219007
224267
220103
220430
224265
218141
220272
220273
220032
220237
220279
220445
224843
220444
220442
220414
220427
220426
220450
220451
220453
219008
220078
220097
220406
220432
220440
224251
217720
218142
218337
220278
218343
220234
220030
220247
220228
220446
220431
220447
220408
220415
220416
220428
220436
220456
220457
220454
220455
220065
224494
220077
220093
220098
220407
224538
224768
218406
220741
224264
217719
220340
224253
218336
220293
220236
220284
220227
220029
220245
220226
220254
220438
220518
220441
224673
220409
220411
220413
224692
224696
220435
220437
220458
220461
220463
220459
220064
220068
224720
220094
220095
217415
220109
220114
220104
224539
218407
224252
220376
220348
223933
224254
220334
223984
220350
220268
220286
219272
220294
220222
220288
220229
220225
220439
220521
220531
224263
224537
220410
220412
220420
224693
224694
220465
220466
220462
220468
220460
224697
220063
220069
224719
