18
38114 38115 2160
38087 38086 1074
38115 38114 2160
41494 41488 1933
41488 41494 1933
41493 41499 709
38078 38081 890
38086 38087 1074
38081 38078 890
41499 41493 709
46849 46851 984
46851 46849 984
46996 46971 747
46968 47013 650
46969 46971 747
46971 46969 747
46971 46996 747
47013 46968 650
36
37989
37975
37999
38015
38017
38678
38679
38112
38114
38087
38115
38129
41494
41488
41493
38033
38041
38042
38084
38077
38078
38086
38081
38095
41499
46840
46849
46851
46864
46865
46869
46975
46968
46969
47013
47020
