26
203672 203673 594
203673 203672 594
207430 207431 547
207430 207433 678
207400 207416 669
207431 207430 547
207416 207400 669
207417 207420 833
207420 207417 833
207420 207422 679
207367 207374 624
207374 207367 624
207444 207439 219
207433 207430 678
207439 207444 219
207162 207166 277
207166 207162 277
207354 207474 1235
207480 207474 737
207474 207354 1235
207474 207480 737
207422 207420 679
207911 207913 1054
207913 207911 1054
207913 207917 541
207917 207913 541
37
198891
204048
204059
204073
203907
203987
203637
203645
203661
203672
203673
203884
203888
207430
207400
207431
207416
207417
207420
207367
194523
207374
207376
207444
207433
207439
207378
207158
207162
207166
207340
207354
207474
207482
207422
207911
207917
