18
25320 18986 1631
25320 25321 1948
18997 18996 904
18986 25320 1631
18996 18997 904
25315 25312 504
25380 25309 1055
25380 25381 672
25381 25380 672
25309 25380 1055
25312 25315 504
25321 25320 1948
25394 25365 629
25365 25394 629
34421 25420 495
25420 34421 495
26916 26915 1022
26915 26916 1022
38
18758
18764
18779
18782
18769
18771
18902
19013
19025
18834
18836
18892
25320
19003
18997
18986
18996
25315
25380
25381
25384
25309
25312
25326
25321
25365
25366
34421
25420
25403
26733
35016
26916
26923
26920
26747
26915
26754
