600
143937 143938 167
143937 149023 1309
143937 149263 1444
143937 149284 182
143937 149293 2081
143938 143937 167
143938 149266 663
143938 149278 1100
143938 149280 925
149023 143937 1309
149023 149022 1792
149023 149252 775
149023 151846 2007
149263 143937 1444
149263 149252 532
149263 149256 256
149284 143937 182
149284 149267 1080
149284 149285 1172
149284 149290 912
149293 143937 2081
149293 149283 148
149293 149294 148
149293 149501 667
149266 143938 663
149266 149256 504
149278 143938 1100
149278 149255 1246
149278 149277 659
149280 143938 925
149280 149279 974
149280 149283 1158
149022 149023 1792
149022 151639 1362
149252 149023 775
149252 149128 2532
149252 149173 753
149252 149263 532
151846 149023 2007
151846 149173 663
151846 151845 549
149256 149255 1018
149256 149263 256
149256 149266 504
149267 149264 518
149267 149284 1080
149285 149270 240
149285 149284 1172
149285 149287 344
149285 149292 923
149290 149284 912
149290 149291 421
149290 149294 1194
149283 149280 1158
149283 149282 1002
149283 149293 148
149283 149497 915
149294 149290 1194
149294 149293 148
149294 149295 481
149501 149293 667
149501 149497 361
149501 151641 248
149255 149254 665
149255 149256 1018
149255 149278 1246
149277 149254 1337
149277 149275 933
149277 149278 659
149279 149276 788
149279 149280 974
149279 149282 1070
151639 149022 1362
151639 149181 457
151639 149182 879
149128 149127 2353
149128 149172 773
149128 149252 2532
149128 149253 831
149173 149172 2515
149173 149174 2703
149173 149252 753
149173 151846 663
151845 149175 1629
151845 149181 1075
151845 151846 549
149264 149258 315
149264 149265 680
149264 149267 518
149270 149265 973
149270 149269 737
149270 149285 240
149270 149287 471
149287 149270 471
149287 149285 344
149287 149288 999
149287 149289 458
149292 149285 923
149292 149291 788
149292 149296 1310
149292 149297 275
149291 149290 421
149291 149292 788
149291 149295 1238
149282 149279 1070
149282 149281 758
149282 149283 1002
149497 149283 915
149497 149493 1755
149497 149496 783
149497 149501 361
149295 149291 1238
149295 149294 481
149295 149296 798
151641 146957 1763
151641 149496 851
151641 149501 248
149254 149253 899
149254 149255 665
149254 149277 1337
149275 149145 852
149275 149253 1413
149275 149274 920
149275 149277 933
149276 149145 842
149276 149279 788
149276 149281 1010
149181 149176 695
149181 149177 793
149181 151639 457
149181 151845 1075
149182 149179 1241
149182 149257 926
149182 151639 879
149127 149086 834
149127 149126 779
149127 149128 2353
149127 149129 789
149172 149128 773
149172 149168 1999
149172 149171 861
149172 149173 2515
149253 149128 831
149253 149251 873
149253 149254 899
149253 149275 1413
149174 149165 966
149174 149170 662
149174 149173 2703
149174 149175 184
149175 149174 184
149175 149176 488
149175 151845 1629
149258 149257 740
149258 149264 315
149265 149264 680
149265 149269 614
149265 149270 973
149269 149265 614
149269 149270 737
149269 149271 763
149288 149287 999
149288 149297 568
149288 149298 374
149289 149271 918
149289 149287 458
149289 149339 898
149296 149292 1310
149296 149295 798
149296 149506 313
149297 149288 568
149297 149292 275
149297 149506 1323
149281 149153 864
149281 149276 1010
149281 149282 758
149281 149493 952
149493 149281 952
149493 149492 801
149493 149497 1755
149496 149494 2508
149496 149497 783
149496 149500 771
149496 151641 851
146957 151641 1763
149145 149142 2421
149145 149153 941
149145 149275 852
149145 149276 842
149274 149144 717
149274 149251 1475
149274 149275 920
149176 149175 488
149176 149177 258
149176 149181 695
149176 151638 551
149176 151638 551
149177 149176 258
149177 149178 518
149177 149181 793
149177 149338 1008
149179 149178 1301
149179 149180 1210
149179 149182 1241
149257 149182 926
149257 149258 740
149257 149260 1141
149086 149083 1184
149086 149087 738
149086 149127 834
149126 149082 1774
149126 149123 759
149126 149127 779
149129 149125 815
149129 149127 789
149129 149130 729
149129 149143 1622
149168 149159 1102
149168 149167 854
149168 149169 837
149168 149172 1999
149171 149087 729
149171 149167 1677
149171 149172 861
149251 149130 721
149251 149253 873
149251 149274 1475
149165 149161 1077
149165 149170 1231
149165 149174 966
149170 149160 2177
149170 149165 1231
149170 149169 837
149170 149174 662
149271 149269 763
149271 149289 918
149298 149288 374
149298 149299 329
149339 149289 898
149339 149324 784
149339 149340 478
149339 149352 661
149506 149296 313
149506 149297 1323
149153 149145 941
149153 149152 2404
149153 149281 864
149153 149492 866
149492 149153 866
149492 149493 801
149492 149494 849
149494 149436 244
149494 149492 849
149494 149495 429
149494 149496 2508
149500 149496 771
149500 149498 2404
149142 149141 2313
149142 149143 898
149142 149145 2421
149142 149152 756
149144 149130 1511
149144 149143 733
149144 149274 717
151638 149176 551
151638 149176 551
151638 149338 498
149178 149034 1941
149178 149162 1962
149178 149177 518
149178 149179 1301
149338 149162 1104
149338 149177 1008
149338 149337 3166
149338 151638 498
149180 149179 1210
149180 149190 186
149180 149200 421
149260 149257 1141
149083 149073 1157
149083 149082 830
149083 149086 1184
149083 149166 801
149087 149086 738
149087 149166 1426
149087 149171 729
149082 149072 1343
149082 149083 830
149082 149085 808
149082 149126 1774
149123 149085 1481
149123 149122 765
149123 149126 759
149125 149124 741
149125 149129 815
149125 149132 1640
149130 149129 729
149130 149144 1511
149130 149251 721
149143 149129 1622
149143 149132 813
149143 149142 898
149143 149144 733
149159 149155 798
149159 149158 762
149159 149168 1102
149167 149158 1386
149167 149166 810
149167 149168 854
149167 149171 1677
149169 149156 2461
149169 149168 837
149169 149170 837
149161 149160 858
149161 149164 801
149161 149165 1077
149160 149156 743
149160 149161 858
149160 149170 2177
149299 149298 329
149299 149305 196
149299 149352 314
149324 149339 784
149340 149339 478
149340 149353 621
149352 149299 314
149352 149339 661
149152 149142 756
149152 149146 815
149152 149151 815
149152 149153 2404
149436 149434 1292
149436 149494 244
149436 149495 496
149495 149436 496
149495 149437 294
149495 149494 429
149495 149498 329
149498 149437 148
149498 149495 329
149498 149499 888
149498 149500 2404
149141 149121 905
149141 149136 544
149141 149142 2313
149034 149027 3327
149034 149178 1941
149162 149026 1413
149162 149178 1962
149162 149338 1104
149337 149025 1384
149337 149338 3166
149190 149180 186
149190 149189 551
149190 149191 644
149200 149180 421
149073 149070 705
149073 149072 791
149073 149083 1157
149166 149083 801
149166 149087 1426
149166 149157 1586
149166 149167 810
149072 149071 746
149072 149073 791
149072 149082 1343
149085 149071 1676
149085 149082 808
149085 149084 849
149085 149123 1481
149122 149084 1214
149122 149116 766
149122 149123 765
149124 149116 825
149124 149125 741
149124 149131 1728
149132 149125 1640
149132 149131 715
149132 149143 813
149155 149068 2319
149155 149154 773
149155 149159 798
149158 149157 795
149158 149159 762
149158 149167 1386
149156 149154 864
149156 149160 743
149156 149169 2461
149164 149016 845
149164 149161 801
149164 151790 249
149305 149299 196
149305 149355 788
149353 149340 621
149353 149354 384
149353 149355 493
149146 149147 689
149146 149150 794
149146 149152 815
149151 149150 800
149151 149152 815
149151 149433 860
149434 149433 839
149434 149435 934
149434 149436 1292
149437 149428 2395
149437 149438 791
149437 149495 294
149437 149498 148
149499 149438 554
149499 149498 888
149499 149526 493
149121 149116 1841
149121 149120 879
149121 149131 845
149121 149141 905
149136 149135 868
149136 149138 1158
149136 149141 544
149136 149147 854
149027 149021 1738
149027 149026 1181
149027 149033 2513
149027 149034 3327
149026 149021 1952
149026 149027 1181
149026 149162 1413
149025 149006 978
149025 149337 1384
149189 149190 551
149191 149190 644
149191 149192 659
149191 149193 705
149070 149065 2338
149070 149068 815
149070 149073 705
149070 149157 760
149157 149070 760
149157 149158 795
149157 149166 1586
149071 149067 776
149071 149072 746
149071 149085 1676
149084 149080 937
149084 149081 1104
149084 149085 849
149084 149122 1214
149116 149115 899
149116 149121 1841
149116 149122 766
149116 149124 825
149131 149121 845
149131 149124 1728
149131 149132 715
149068 149063 2334
149068 149069 795
149068 149070 815
149068 149155 2319
149154 149015 849
149154 149069 2304
149154 149155 773
149154 149156 864
149016 149014 2440
149016 149024 717
149016 149164 845
151790 149164 249
151790 151802 186
149355 149305 788
149355 149353 493
149355 149356 315
149354 149353 384
149147 149136 854
149147 149146 689
149147 149149 815
149150 149146 794
149150 149149 705
149150 149151 800
149433 149148 431
149433 149151 860
149433 149428 837
149433 149434 839
149435 149434 934
149428 149427 2344
149428 149432 737
149428 149433 837
149428 149437 2395
149438 149432 2401
149438 149437 791
149438 149499 554
149438 151640 654
149526 149499 493
149526 149527 376
149120 149115 1875
149120 149119 716
149120 149121 879
149120 149135 1373
149135 149120 1373
149135 149134 704
149135 149136 868
149138 149136 1158
149138 149137 2606
149138 149140 570
149138 149148 2006
149021 149020 1188
149021 149026 1952
149021 149027 1738
149033 149027 2513
149033 149030 2348
149006 149005 293
149006 149007 581
149006 149008 325
149006 149025 978
149192 149191 659
149193 149191 705
149065 149063 798
149065 149064 2431
149065 149067 755
149065 149070 2338
149067 149065 755
149067 149066 2462
149067 149071 776
149067 149081 801
149080 149079 760
149080 149084 937
149080 149115 1706
149081 149067 801
149081 149076 798
149081 149084 1104
149115 149080 1706
149115 149114 725
149115 149116 899
149115 149120 1875
149063 148972 810
149063 149062 2449
149063 149065 798
149063 149068 2334
149069 148972 2356
149069 148980 810
149069 149068 795
149069 149154 2304
149015 148980 2317
149015 149014 783
149015 149154 849
149015 151792 1198
149014 148977 2370
149014 149015 783
149014 149016 2440
149024 149016 717
151802 151790 186
149356 149355 315
149149 149147 815
149149 149150 705
149148 149138 2006
149148 149140 1921
149148 149433 431
149427 149140 761
149427 149428 2344
149432 149428 737
149432 149438 2401
151640 149438 654
149527 149526 376
149119 149114 1948
149119 149120 716
149119 149134 1316
149134 149119 1316
149134 149135 704
149137 149138 2606
149140 149138 570
149140 149148 1921
149140 149427 761
149020 149008 243
149020 149021 1188
149020 149030 2455
149030 149020 2455
149030 149033 2348
149005 149006 293
149007 149006 581
149008 149006 325
149008 149020 243
149064 149062 794
149064 149065 2431
149064 149066 798
149066 149064 798
149066 149067 2462
149079 149080 760
149079 149114 1448
149076 149081 798
149114 149079 1448
149114 149115 725
149114 149119 1948
148972 149063 810
148972 149069 2356
149062 149063 2449
149062 149064 794
148980 148977 774
148980 149015 2317
148980 149069 810
151792 149015 1198
148977 148980 774
148977 149014 2370
72
149294
149501
149497
149295
151641
149258
149269
149288
149296
149297
149493
149496
146957
149257
149271
149298
149506
149492
149494
149500
149260
149299
149324
149340
149352
149436
149495
149498
149034
149305
149353
149434
149437
149499
149027
149026
149355
149354
149433
149435
149428
149438
149526
149021
149033
149193
149014
149024
149356
149148
149427
149432
151640
149527
149119
149134
149137
149140
149020
149030
149005
149007
149008
149064
149066
149079
149076
149114
148972
149062
148980
148977
