16
136597 136603 870
136603 136597 870
136603 136620 2126
136354 136356 1085
136356 136354 1085
136363 136365 873
136365 136363 873
136663 136677 551
136677 136663 551
135644 136360 2429
136360 135644 2429
136407 136570 677
136570 136407 677
136620 136603 2126
136620 136624 1161
136624 136620 1161
37
136247
136253
136256
136261
132633
136351
136370
136597
136607
136609
136555
136577
136581
136613
136603
136357
136354
136356
136363
136663
136677
136681
136684
136703
136706
136721
135642
135644
136360
136397
136399
136407
136570
136620
136624
136625
138689
