16
147100 147102 914
147197 151952 1429
151952 147197 1429
147102 147100 914
147204 147207 598
147207 147204 598
148119 148122 1251
148122 148119 1251
148122 148123 2118
148123 148122 2118
212926 197454 590
197454 212926 590
212959 212983 387
212983 212959 387
212983 212984 572
212984 212983 572
35
149846
150439
147100
147121
147126
147197
151952
151956
151989
147008
150471
147022
147084
150444
150451
147103
147102
150449
147204
147207
151987
151848
147997
148001
148119
148122
148123
212924
212926
214668
212976
212983
214670
212988
212984
