20
168830 168829 843
168829 168830 843
168931 168932 1023
168932 168931 1023
162432 168960 1101
168960 162432 1101
154037 154146 683
154128 154131 688
154146 154037 683
154131 154128 688
154138 154122 518
154122 154138 518
154987 154989 1906
154990 154989 953
154989 154987 1906
154989 154990 953
154989 154998 1919
154998 154989 1919
155087 155084 872
155084 155087 872
33
168784
168830
168828
168829
168935
168931
168932
162413
168961
168964
162424
162426
162429
162432
168960
162452
168873
154037
154128
154146
154131
154138
154122
154111
154345
158196
154449
154467
154441
154990
154998
155087
155084
