16
142367 142361 1628
142361 142367 1628
142184 142230 2797
142230 142184 2797
142368 142366 2449
142366 142368 2449
141508 141524 129
141524 141508 129
141669 141670 1809
142259 142187 893
141670 141669 1809
141788 141793 939
141793 141788 939
142186 142187 684
142187 142186 684
142187 142259 893
39
142367
142361
142391
142415
142412
142392
142406
142184
142230
142237
142371
142368
142366
141505
141508
151866
151901
149782
149795
151926
151963
141524
151828
141669
142251
142259
141824
141835
142247
141670
141677
141785
141788
141793
142186
142187
56062
56063
55972
