186
199753 199836 915
199753 199837 1765
199836 199753 915
199836 199838 1926
199836 199840 1017
199837 199753 1765
199837 199835 1034
199837 199838 945
199837 199848 2013
199838 199836 1926
199838 199837 945
199838 199839 1038
199838 199849 1852
199840 199836 1017
199840 199839 1938
199835 199837 1034
199835 199847 1926
199848 199837 2013
199848 199847 1058
199848 199849 915
199848 199892 2000
199839 199838 1038
199839 199840 1938
199839 199846 1256
199839 199850 1927
199849 199838 1852
199849 199848 915
199849 199850 1041
199849 199851 871
199847 199822 1301
199847 199835 1926
199847 199848 1058
199892 199825 1230
199892 199848 2000
199892 199893 882
199892 199894 2526
199846 199839 1256
199846 199858 1956
199850 199839 1927
199850 199849 1041
199850 199858 1168
199850 199895 1664
199851 199849 871
199851 199852 591
199851 199893 1026
199822 199820 711
199822 199825 986
199822 199847 1301
199825 199821 1558
199825 199822 986
199825 199831 2689
199825 199892 1230
199893 199851 1026
199893 199892 882
199893 199895 1010
199893 199909 2352
199894 199892 2526
199894 199907 791
199894 199909 665
199894 199910 2360
199858 199846 1956
199858 199850 1168
199858 199900 1393
199895 199850 1664
199895 199893 1010
199895 199896 1127
199852 199851 591
199820 199817 575
199820 199818 1304
199820 199822 711
199821 199818 1099
199821 199824 1111
199821 199825 1558
199831 199825 2689
199831 199830 467
199831 199907 439
199909 199893 2352
199909 199894 665
199907 199831 439
199907 199894 791
199907 199908 2269
199910 199894 2360
199910 199908 787
199900 199858 1393
199900 199896 85
199900 199901 572
199896 199895 1127
199896 199900 85
199817 199815 1550
199817 199820 575
199818 199815 774
199818 199819 1006
199818 199820 1304
199818 199821 1099
199824 199821 1111
199824 199823 576
199830 199829 991
199830 199831 467
199830 199832 2284
199908 199832 774
199908 199907 2269
199908 199910 787
199908 199913 2473
199901 199900 572
199815 199817 1550
199815 199818 774
199819 199818 1006
199819 215028 476
199823 199824 576
199829 199827 511
199829 199830 991
199832 199830 2284
199832 199833 1153
199832 199908 774
199832 199912 2372
199913 199908 2473
199913 199912 897
199913 200474 1352
215028 199819 476
199827 199826 791
199827 199829 511
199827 199833 1703
199833 199827 1703
199833 199832 1153
199833 200460 851
199912 199832 2372
199912 199913 897
199912 200463 995
199912 200469 1439
200474 199913 1352
200474 200469 773
200474 200475 787
199826 199827 791
199826 199828 2598
200460 199828 891
200460 199833 851
200460 200461 915
200463 199912 995
200463 200461 823
200463 200462 1464
200463 200466 788
200469 199912 1439
200469 200467 1010
200469 200471 1772
200469 200474 773
200475 200474 787
199828 199826 2598
199828 200456 567
199828 200460 891
200461 200457 1394
200461 200460 915
200461 200463 823
200462 200457 748
200462 200463 1464
200462 200464 857
200466 200463 788
200466 200464 1558
200466 200467 522
200467 200466 522
200467 200468 1772
200467 200469 1010
200471 200468 1010
200471 200469 1772
200471 200472 1457
200471 200528 1995
200456 199828 567
200456 200455 560
200456 200457 866
200457 200456 866
200457 200461 1394
200457 200462 748
200464 200462 857
200464 200465 445
200464 200466 1558
200468 200467 1772
200468 200470 1366
200468 200471 1010
200472 200470 1006
200472 200471 1457
200528 200471 1995
200455 200456 560
200465 200464 445
200470 200468 1366
200470 200472 1006
200470 203839 768
203839 200470 768
67
199753
199836
199837
199838
199840
199835
199848
199839
199849
199847
199892
199846
199850
199851
199822
199825
199893
199894
199858
199895
199852
199820
199821
199831
199909
199907
199910
199900
199896
199817
199818
199824
199830
199908
199901
199815
199819
199823
199829
199832
199913
215028
199827
199833
199912
200474
199826
200460
200463
200469
200475
199828
200461
200462
200466
200467
200471
200456
200457
200464
200468
200472
200528
200455
200465
200470
203839
