14
210044 210043 881
210048 210055 730
210055 210048 730
210056 210258 2045
210259 210258 938
209999 210003 741
210043 210044 881
210003 209999 741
210258 210056 2045
210258 210259 938
210274 210278 1478
210278 210274 1478
210278 210332 1624
210332 210278 1624
39
181465
181820
181775
183052
181591
182817
182938
213863
214020
214021
213845
179500
179501
210044
210048
210055
210259
209998
209999
210043
210045
209451
209466
209471
209977
209981
209984
209993
210003
210258
210274
210278
209966
210334
210332
209967
213952
214223
214712
