16
166536 166538 421
165086 165085 667
167287 167320 810
167320 167287 810
166538 166536 421
165084 165050 759
165085 165086 667
165050 165084 759
165091 165090 516
165057 165123 1023
165102 165100 562
165102 165133 688
165133 165102 688
165100 165102 562
165090 165091 516
165123 165057 1023
34
211330
166536
165086
165082
165321
165263
165231
165269
165439
167287
167320
167307
167330
166543
166550
166552
167296
166538
166542
165084
165055
165057
165102
165133
165069
165100
165090
164477
165139
165119
165135
164453
164455
164697
