16
210547 210548 901
210548 210547 901
210612 210615 522
210615 210612 522
210615 210617 805
210621 210617 660
210617 210615 805
210617 210621 660
178686 178685 1378
178685 178686 1378
180314 180335 1772
180335 180314 1772
163637 163638 842
163638 163637 842
184899 184898 476
184898 184899 476
37
208325
210547
210548
210562
210612
210615
210621
210637
210617
178686
178762
178664
178685
178745
178914
178890
178929
178933
186180
178901
178881
178928
177551
180314
180335
177539
163637
163215
163234
163228
163235
163236
163648
163208
184864
184898
184980
