532
58674 58720 1633
58720 58674 1633
58720 58718 928
58720 58742 796
58720 58744 1271
58718 58715 355
58718 58719 1004
58718 58720 928
58742 58720 796
58742 58743 2237
58744 58689 452
58744 58720 1271
58744 58745 672
58744 58747 558
58715 58718 355
58719 58718 1004
58719 58721 1004
58743 58742 2237
58743 58746 1271
58743 58751 4924
58689 58687 2140
58689 58690 1938
58689 58744 452
58745 58744 672
58745 58746 2388
58747 58744 558
58747 58748 558
58721 58719 1004
58746 58743 1271
58746 58745 2388
58746 58750 1103
58746 58752 4935
58751 58727 1355
58751 58743 4924
58751 58752 1355
58751 58764 1225
58687 58686 891
58687 58688 650
58687 58689 2140
58690 58688 1169
58690 58689 1938
58690 58691 698
58690 58695 1094
58748 58747 558
58748 58749 1085
58748 58753 1983
58750 58746 1103
58750 58749 1085
58750 58755 2458
58750 58757 1013
58752 58746 4935
58752 58751 1355
58752 58766 1454
58752 58774 1187
58727 58724 1019
58727 58726 2118
58727 58751 1355
58764 58739 2654
58764 58751 1225
58764 58765 905
58686 58687 891
58688 58687 650
58688 58690 1169
58688 58693 1694
58691 58690 698
58691 58753 512
58695 58690 1094
58695 58694 133
58749 58748 1085
58749 58750 1085
58749 58754 2259
58753 58691 512
58753 58748 1983
58753 58754 1116
58753 58862 2019
58755 58750 2458
58755 58754 1967
58755 58756 951
58755 58866 950
58757 58750 1013
58757 58758 344
58757 58762 1439
58766 58752 1454
58766 58767 2679
58766 58776 1119
58774 58752 1187
58774 58761 672
58774 58775 556
58724 58727 1019
58726 58727 2118
58739 58740 782
58739 58764 2654
58765 58740 2721
58765 58764 905
58765 58768 688
58693 58688 1694
58693 58692 569
58694 58695 133
58754 58749 2259
58754 58753 1116
58754 58755 1967
58754 58863 1582
58862 58753 2019
58862 58863 796
58756 58755 951
58756 58865 1921
58756 58867 374
58866 58755 950
58866 58865 747
58758 58757 344
58758 58759 672
58762 58757 1439
58767 58766 2679
58767 58769 1271
58767 58784 1266
58776 58766 1119
58776 58775 782
58776 58777 1810
58761 58759 2248
58761 58774 672
58761 58778 1037
58775 58774 556
58775 58776 782
58775 58779 1103
58740 58739 782
58740 58765 2721
58768 58765 688
58768 58769 1114
58692 58693 569
58863 58754 1582
58863 58862 796
58863 58864 1454
58865 58756 1921
58865 58816 3284
58865 58846 3300
58865 58866 747
58867 58756 374
58867 58868 1902
58759 58758 672
58759 58760 1941
58759 58761 2248
58769 58767 1271
58769 58768 1114
58769 58770 403
58784 58767 1266
58784 58777 1114
58784 58785 562
58777 58776 1810
58777 58783 935
58777 58784 1114
58778 58761 1037
58778 58763 518
58778 58779 1344
58779 58775 1103
58779 58778 1344
58779 58781 601
58779 58783 2568
58864 58863 1454
58816 58805 1109
58816 58815 837
58816 58865 3284
58846 58845 4119
58846 58865 3300
58846 58868 5653
58846 58915 3088
58868 58846 5653
58868 58867 1902
58868 58869 848
58760 58759 1941
58760 58763 1891
58770 58769 403
58770 58771 269
58770 78363 499
58785 58784 562
58785 58786 222
58785 58890 2135
58783 58777 935
58783 58779 2568
58783 58877 591
58763 58760 1891
58763 58778 518
58763 58780 878
58763 58869 1803
58781 58779 601
58781 58780 480
58781 58782 1565
58781 58880 1857
58805 58802 829
58805 58812 656
58805 58816 1109
58815 58814 1700
58815 58816 837
58845 58844 2511
58845 58846 4119
58845 58847 2016
58915 58846 3088
58915 58847 1839
58915 58913 2478
58915 58927 1188
58869 58763 1803
58869 58868 848
58869 58878 713
58771 58770 269
58771 58772 905
78363 58770 499
58786 58785 222
58786 58787 333
58890 58785 2135
58890 58889 475
58890 58892 1309
58877 58782 1114
58877 58783 591
58877 58888 338
58780 58763 878
58780 58781 480
58782 58781 1565
58782 58877 1114
58782 58884 2182
58880 58781 1857
58880 58871 811
58880 58878 445
58880 58881 924
58880 58882 1202
58802 58803 355
58802 58804 1358
58802 58805 829
58812 58805 656
58814 58807 1503
58814 58815 1700
58814 58843 3424
58844 58843 949
58844 58845 2511
58844 58849 613
58844 58856 1365
58847 58845 2016
58847 58858 1727
58847 58860 739
58847 58915 1839
58913 58870 2060
58913 58914 713
58913 58915 2478
58927 58860 1030
58927 58915 1188
58927 58928 1000
58927 58932 873
58878 58869 713
58878 58871 601
58878 58879 1309
58878 58880 445
58772 58771 905
58772 58773 344
58787 58786 333
58787 58788 374
58889 58887 1973
58889 58888 452
58889 58890 475
58892 58890 1309
58888 58877 338
58888 58886 344
58888 58889 452
58884 58782 2182
58884 58881 713
58884 58885 796
58884 58894 1037
58871 58870 3759
58871 58872 277
58871 58878 601
58871 58880 811
58881 58880 924
58881 58883 477
58881 58884 713
58881 58893 1066
58882 58872 747
58882 58874 2052
58882 58880 1202
58882 58893 344
58803 58802 355
58803 58811 1268
58804 58802 1358
58807 58801 1395
58807 58810 1727
58807 58813 1642
58807 58814 1503
58843 58814 3424
58843 58837 1535
58843 58844 949
58843 58848 2395
58849 58844 613
58849 58850 1285
58849 76521 907
58856 58844 1365
58856 58850 698
58856 58857 512
58858 58847 1727
58858 58857 976
58858 58859 674
58858 59270 1226
58860 58847 739
58860 58859 1674
58860 58927 1030
58860 58931 811
58870 58871 3759
58870 58913 2060
58870 58918 2019
58914 58913 713
58914 58918 1484
58914 58919 753
58928 58927 1000
58928 58929 851
58928 58933 851
58932 58927 873
58932 58931 422
58932 58933 1111
58879 58878 1309
58773 58772 344
58773 59018 422
58788 58787 374
58788 58789 222
58887 58885 672
58887 58889 1973
58887 58891 611
58887 58896 1119
58886 58885 1857
58886 58888 344
58885 58884 796
58885 58886 1857
58885 58887 672
58885 58895 1037
58894 58884 1037
58894 58893 818
58894 58895 796
58894 58898 2019
58872 58871 277
58872 58873 2249
58872 58882 747
58883 58881 477
58893 58881 1066
58893 58882 344
58893 58894 818
58893 58897 2100
58874 58873 796
58874 58882 2052
58874 58897 475
58874 58924 2568
58811 58803 1268
58811 58813 824
58801 58799 1727
58801 58807 1395
58810 58806 891
58810 58807 1727
58810 58839 891
58813 58807 1642
58813 58811 824
58837 58836 674
58837 58842 1664
58837 58843 1535
58848 58832 698
58848 58842 936
58848 58843 2395
58850 58849 1285
58850 58855 928
58850 58856 698
76521 58849 907
76521 58851 1204
58857 58856 512
58857 58858 976
58857 59264 2060
58859 58858 674
58859 58860 1674
58859 58861 811
58859 59273 2926
59270 58858 1226
59270 59264 1446
59270 59269 2477
58931 58860 811
58931 58861 1674
58931 58932 422
58931 58934 1004
58931 59340 928
58918 58870 2019
58918 58914 1484
58918 58920 873
58918 58923 818
58919 58914 753
58919 58920 1636
58919 58921 684
58929 58928 851
58933 58928 851
58933 58932 1111
58933 58934 518
58933 58935 782
59018 58773 422
59018 59019 1004
59018 59039 1103
58789 58788 222
58789 59041 419
58891 58887 611
58891 58902 747
58896 58887 1119
58896 58895 688
58896 58900 2100
58896 58901 581
58895 58885 1037
58895 58894 796
58895 58896 688
58895 58899 2019
58898 58894 2019
58898 58897 796
58898 58899 796
58898 58948 2569
58873 58872 2249
58873 58874 796
58873 58875 873
58897 58874 475
58897 58893 2100
58897 58898 796
58897 58925 2605
58924 58874 2568
58924 58923 818
58924 58925 374
58924 58942 987
58799 58797 1535
58799 58800 808
58799 58801 1727
58806 58792 1866
58806 58810 891
58839 58810 891
58839 58840 538
58839 58841 337
58836 58809 698
58836 58837 674
58842 58823 885
58842 58837 1664
58842 58848 936
58832 58829 782
58832 58834 1503
58832 58848 698
58832 58851 673
58855 58850 928
58855 58854 739
58855 59263 874
58851 58832 673
58851 76521 1204
59264 58857 2060
59264 59263 778
59264 59266 3203
59264 59270 1446
58861 58859 811
58861 58931 1674
58861 59272 613
58861 59274 2116
59273 58859 2926
59273 59271 788
59273 59274 1111
59269 59268 1764
59269 59270 2477
59269 59271 674
58934 58931 1004
58934 58933 518
58934 58937 506
59340 58931 928
59340 59281 1011
59340 59341 1085
58920 58918 873
58920 58919 1636
58920 58922 754
58923 58875 1618
58923 58918 818
58923 58924 818
58923 58926 874
58921 58919 684
58921 58922 1427
58935 58916 1019
58935 58933 782
58935 58936 338
59019 59018 1004
59019 59020 778
59039 59018 1103
59039 59041 1228
59041 58789 419
59041 59039 1228
58902 58891 747
58900 58896 2100
58900 58899 713
58901 58896 581
58899 58895 2019
58899 58898 796
58899 58900 713
58948 58898 2569
58948 58925 905
58875 58873 873
58875 58923 1618
58925 58897 2605
58925 58924 374
58925 58948 905
58942 58924 987
58797 58799 1535
58800 58792 811
58800 58799 808
58792 58800 811
58792 58806 1866
58840 58839 538
58841 58839 337
58809 58836 698
58823 58842 885
58829 58832 782
58834 58832 1503
58854 58855 739
59263 58855 874
59263 59264 778
59266 59264 3203
59266 59268 674
59272 58861 613
59272 59281 337
59274 58861 2116
59274 59273 1111
59271 59269 674
59271 59273 788
59268 59266 674
59268 59269 1764
58937 58934 506
58937 59341 760
59281 59272 337
59281 59340 1011
59341 58937 760
59341 59340 1085
58922 58920 754
58922 58921 1427
58926 58923 874
58916 58935 1019
58936 58935 338
59020 59019 778
200
58674
58720
58718
58742
58744
58715
58719
58743
58689
58745
58747
58721
58746
58751
58687
58690
58748
58750
58752
58727
58764
58686
58688
58691
58695
58749
58753
58755
58757
58766
58774
58724
58726
58739
58765
58693
58694
58754
58862
58756
58866
58758
58762
58767
58776
58761
58775
58740
58768
58692
58863
58865
58867
58759
58769
58784
58777
58778
58779
58864
58816
58846
58868
58760
58770
58785
58783
58763
58781
58805
58815
58845
58915
58869
58771
78363
58786
58890
58877
58780
58782
58880
58802
58812
58814
58844
58847
58913
58927
58878
58772
58787
58889
58892
58888
58884
58871
58881
58882
58803
58804
58807
58843
58849
58856
58858
58860
58870
58914
58928
58932
58879
58773
58788
58887
58886
58885
58894
58872
58883
58893
58874
58811
58801
58810
58813
58837
58848
58850
76521
58857
58859
59270
58931
58918
58919
58929
58933
59018
58789
58891
58896
58895
58898
58873
58897
58924
58799
58806
58839
58836
58842
58832
58855
58851
59264
58861
59273
59269
58934
59340
58920
58923
58921
58935
59019
59039
59041
58902
58900
58901
58899
58948
58875
58925
58942
58797
58800
58792
58840
58841
58809
58823
58829
58834
58854
59263
59266
59272
59274
59271
59268
58937
59281
59341
58922
58926
58916
58936
59020
