72
216384 216385 1281
216384 219144 665
216384 224030 50
216385 216384 1281
216385 216409 355
216385 224625 311
219144 216384 665
224030 216384 50
216409 216385 355
216409 216410 253
216409 219094 91
224625 216385 311
216410 216409 253
216410 216417 142
219094 216409 91
219094 219096 1010
216417 216410 142
219096 219094 1010
219096 219095 1481
219096 220666 1695
219095 218153 540
219095 219096 1481
219095 219097 3297
220666 219096 1695
220666 219098 1497
220666 219107 795
218153 218154 405
218153 219095 540
218153 224032 1323
219097 219095 3297
219097 219102 280
219097 219103 1175
219098 219099 789
219098 219100 1852
219098 220662 579
219098 220666 1497
219107 219099 1442
219107 220666 795
219107 221507 813
218154 218153 405
218154 220662 453
218154 224410 776
224032 218153 1323
219102 219097 280
219102 219154 1354
219102 220235 437
219103 219097 1175
219099 219098 789
219099 219101 1831
219099 219107 1442
219100 219098 1852
219100 219101 677
220662 218154 453
220662 219098 579
220662 220665 1040
221507 219107 813
224410 218154 776
219154 219102 1354
219154 219155 774
220235 219102 437
219101 219099 1831
219101 219100 677
220665 220662 1040
219155 219154 774
219155 219158 751
219158 219155 751
219158 219160 791
219160 219158 791
219160 219161 788
219160 219254 1695
219161 219160 788
219254 219160 1695
34
216384
216385
219144
224030
216409
224625
216410
219094
216417
219096
219095
220666
218153
219097
219098
219107
218154
224032
219102
219103
219099
219100
220662
221507
224410
219154
220235
219101
220665
219155
219158
219160
219161
219254
