16
161507 161511 672
161491 161490 238
161511 161507 672
161490 161491 238
162099 162100 1029
162099 162115 1087
162100 162099 1029
162115 162099 1087
162151 162176 1121
162176 162151 1121
169575 169574 949
169574 169575 949
169574 169579 867
169568 169569 1010
169579 169574 867
169569 169568 1010
38
168314
172697
168147
161499
161507
161491
161511
161490
161518
161845
161869
161880
161936
161938
161948
162118
162152
161964
162108
162099
162100
162115
162176
169588
169616
169575
169574
169568
169579
172795
169569
169130
169177
169179
169188
169246
169248
169295
