14
151254 151265 376
151265 151254 376
147409 147411 939
147411 147409 939
147597 147604 2269
147604 147597 2269
148256 148258 854
148257 148260 809
148258 148256 854
148260 148257 809
148296 148297 1177
148297 148296 1177
148297 148299 1440
148299 148297 1440
39
148814
148840
146516
146518
151061
151069
151077
151160
151252
151254
151265
151286
151290
142979
139789
143145
147409
147411
147423
147595
147597
147604
147634
147697
148208
147714
148217
148242
148246
148256
148257
148258
148260
148296
148299
148920
148314
148926
148319
