16
120870 120876 238
120876 120870 238
120884 121046 1951
121046 120884 1951
121046 121055 1414
121055 121046 1414
121064 121067 1155
121067 121064 1155
69125 69126 279
69126 69125 279
69126 69127 1143
69127 69126 1143
70201 70203 1473
70203 70201 1473
70220 70228 452
70228 70220 452
37
129241
129245
120773
120837
120945
121020
121021
132328
121023
120857
120868
120870
120876
120884
121046
121055
121064
121067
120934
121497
69097
69125
69126
69127
69167
69187
69171
73049
70197
70203
70211
70220
70228
70578
69564
69728
69430
