18
47675 47676 751
47676 47675 751
47676 47678 1631
48442 48447 589
48447 48442 589
47678 47676 1631
47698 47780 1571
47780 47698 1571
47781 48432 1153
48432 47781 1153
48432 48433 355
48433 48432 355
48511 48489 713
47825 47828 790
47828 47825 790
48489 48511 713
48103 48107 1293
48107 48103 1293
33
40775
40774
40787
50386
39032
41585
41584
41598
41594
47675
47676
50373
48439
48442
48447
50549
48452
48472
48504
48503
48509
47678
47689
47690
47698
48498
47825
47826
48105
47828
48489
48103
48107
