16
40684 40685 1670
38917 38995 2468
40685 40684 1670
38995 38917 2468
38947 38945 3120
38945 38947 3120
38968 38969 475
38969 38968 475
41551 41548 2780
41548 41551 2780
47652 47599 668
47599 47652 668
47745 47637 1331
47637 47745 1331
48048 48051 1956
48051 48048 1956
39
38888
38909
40684
38917
40685
38985
38996
38988
38995
38947
38945
38966
38968
38807
38969
41551
41548
41556
47531
47652
47599
47601
47609
47634
47745
47637
47642
47752
48048
48051
47917
47925
47909
47910
47865
47867
47887
47866
47872
