32
195287 195284 683
195287 195722 915
194677 195284 837
195284 194677 837
195284 195287 683
195722 195287 915
196014 196010 1692
196014 196013 893
196067 195951 198
195949 195950 956
195951 196067 198
195950 195949 956
195950 195955 533
195753 197304 406
197304 195753 406
195699 195787 518
195786 195785 940
195786 195787 190
195787 195699 518
195787 195786 190
214673 214753 38
214753 214673 38
195785 195786 940
196013 196014 893
196010 196014 1692
195955 195950 533
195955 195956 2564
195956 195955 2564
195956 196070 1102
196070 195956 1102
196097 196100 354
196100 196097 354
33
195287
194677
195284
195716
195717
195722
196014
196067
195949
195951
195950
195744
195753
197304
214473
215138
201149
195699
195787
195781
195780
196010
195811
195990
195956
196070
196082
196090
196094
196097
196100
197006
197036
