14
261317 261314 64
261314 261317 64
244977 244982 950
244974 244982 979
244974 245007 870
244982 244974 979
244982 244977 950
245007 244974 870
245007 245015 1759
245015 245007 1759
245259 245262 1868
245262 245259 1868
245647 245649 1851
245649 245647 1851
37
244652
261401
261383
244692
261327
261317
261314
244696
244704
244713
244740
244731
244737
244794
244967
244977
244978
244800
244966
244974
244982
245007
244970
245105
245109
261252
245015
245169
255044
245259
245262
245266
245273
245647
245649
245671
245667
