18
40523 41009 1438
41009 40523 1438
41145 41152 1188
41152 41145 1188
41152 41156 1066
41156 41152 1066
40868 40647 2297
40896 41341 1268
40900 41341 1323
41341 40896 1268
41341 40900 1323
41369 41345 682
41345 41369 682
40644 40647 1908
40647 40644 1908
40647 40868 2297
40991 40986 758
40986 40991 758
36
41011
40523
41009
41031
41036
41051
41055
41145
41152
41162
40626
40627
41158
41156
40868
40872
40877
40894
40896
40900
40903
41369
41348
41349
41345
41371
40976
40640
40644
40647
40991
40992
40986
41664
48594
55129
