16
129107 129158 1075
129158 129107 1075
129247 129249 789
129249 129247 789
129279 129421 767
129421 129279 767
129421 129422 924
129422 129421 924
121016 121152 419
121152 121016 419
121152 121017 650
121004 121009 276
121017 121152 650
121009 121004 276
121115 121261 2255
121261 121115 2255
34
127518
127521
129055
129059
129153
129107
129158
129159
129247
129207
129249
129213
129258
120528
129273
129274
129279
121082
121075
121076
121102
121257
121003
121016
121079
121260
120982
121004
121008
121017
121009
121115
121261
121113
