658
186196 186197 1437
186196 186198 568
186196 186680 65
186197 186196 1437
186197 186660 34
186198 186196 568
186198 186199 808
186198 186661 813
186680 186196 65
186680 186679 1246
186660 186197 34
186660 186200 735
186660 186659 981
186660 186675 1332
186199 186198 808
186199 186200 1962
186199 186565 695
186199 186587 1616
186661 186198 813
186661 186662 828
186661 186682 728
186679 186678 1420
186679 186680 1246
186679 186681 875
186200 186199 1962
186200 186566 702
186200 186647 1274
186200 186660 735
186659 186646 370
186659 186660 981
186659 186676 77
186675 186660 1332
186675 186674 127
186675 186678 115
186565 186199 695
186565 186558 720
186565 186566 1899
186565 186568 1613
186587 186199 1616
186587 186568 751
186587 186586 764
186587 186662 745
186662 186587 745
186662 186661 828
186662 186695 683
186682 186661 728
186682 186683 643
186682 186687 451
186678 186674 156
186678 186675 115
186678 186679 1420
186678 186685 678
186681 186679 875
186681 186687 508
186566 186200 702
186566 186565 1899
186566 186567 671
186566 186648 1203
186647 186200 1274
186647 186646 652
186647 186648 675
186646 186645 510
186646 186647 652
186646 186659 370
186676 186659 77
186676 186677 392
186674 186673 642
186674 186675 127
186674 186678 156
186558 186555 824
186558 186557 884
186558 186559 1609
186558 186565 720
186568 186559 704
186568 186565 1613
186568 186582 823
186568 186587 751
186586 186582 742
186586 186587 764
186586 186588 920
186586 186695 743
186695 186586 743
186695 186596 929
186695 186662 683
186695 186696 1135
186683 186682 643
186687 186681 508
186687 186682 451
186687 186686 678
186687 186696 1546
186685 186678 678
186685 186684 1390
186685 186689 803
186567 186553 434
186567 186557 908
186567 186566 671
186567 186649 1210
186648 186566 1203
186648 186647 675
186648 186649 654
186645 186459 847
186645 186644 1979
186645 186646 510
186645 186654 468
186677 186673 1110
186677 186676 392
186677 190573 428
186673 186653 821
186673 186672 2025
186673 186674 642
186673 186677 1110
186555 186546 467
186555 186554 982
186555 186556 1585
186555 186558 824
186557 186554 664
186557 186558 884
186557 186567 908
186559 186556 873
186559 186558 1609
186559 186563 926
186559 186568 704
186582 186563 711
186582 186568 823
186582 186583 845
186582 186586 742
186588 186583 761
186588 186586 920
186588 186590 1266
186588 186596 783
186596 186588 783
186596 186597 183
186596 186695 929
186696 186687 1546
186696 186695 1135
186696 186697 1056
186686 186684 1413
186686 186687 678
186686 186698 1518
186686 186700 791
186684 186685 1390
186684 186686 1413
186684 186690 797
186689 186685 803
186689 186688 474
186689 186690 1372
186553 186545 417
186553 186547 1245
186553 186554 750
186553 186567 434
186649 186547 172
186649 186567 1210
186649 186648 654
186459 186444 769
186459 186460 1747
186459 186645 847
186459 186651 2021
186644 186460 778
186644 186548 593
186644 186550 659
186644 186645 1979
186654 186645 468
186654 186653 1407
190573 186677 428
186653 186651 820
186653 186654 1407
186653 186671 2018
186653 186673 821
186672 186671 843
186672 186673 2025
186672 186688 418
186672 186694 1529
186546 186539 754
186546 186544 1009
186546 186552 1613
186546 186555 467
186554 186544 421
186554 186553 750
186554 186555 982
186554 186557 664
186556 186552 857
186556 186555 1585
186556 186559 873
186556 186560 994
186556 186564 985
186563 186559 926
186563 186564 808
186563 186580 787
186563 186582 711
186583 186580 718
186583 186582 845
186583 186585 1359
186583 186588 761
186590 186585 736
186590 186588 1266
186590 186594 1444
186590 186598 816
186597 186596 183
186597 186598 1117
186597 186697 941
186697 186597 941
186697 186696 1056
186697 186701 1082
186698 186686 1518
186698 186699 1101
186698 186707 810
186700 186686 791
186700 186690 1396
186700 186707 1570
186700 186709 702
186690 186684 797
186690 186689 1372
186690 186700 1396
186690 186708 677
186688 186672 418
186688 186689 474
186688 186708 1407
186688 186711 1467
186688 186764 857
186545 186543 784
186545 186544 669
186545 186549 1296
186545 186553 417
186547 186548 344
186547 186549 401
186547 186553 1245
186547 186649 172
186444 186430 1544
186444 186442 833
186444 186459 769
186444 186652 2141
186460 186430 766
186460 186459 1747
186460 186461 633
186460 186644 778
186651 186459 2021
186651 186652 802
186651 186653 820
186651 186669 2088
186548 186547 344
186548 186551 621
186548 186644 593
186548 186650 441
186550 186461 771
186550 186541 442
186550 186551 513
186550 186644 659
186671 186653 2018
186671 186669 829
186671 186672 843
186671 186691 2127
186694 186672 1529
186694 186765 694
186539 186536 851
186539 186538 1644
186539 186543 1618
186539 186546 754
186544 186545 669
186544 186546 1009
186544 186554 421
186552 186538 735
186552 186546 1613
186552 186556 857
186552 186562 1665
186560 186556 994
186560 186561 685
186560 186564 295
186564 186556 985
186564 186560 295
186564 186563 808
186564 186570 712
186580 186563 787
186580 186581 467
186580 186583 718
186580 186584 1360
186585 186583 1359
186585 186584 718
186585 186589 1413
186585 186590 736
186594 186589 710
186594 186590 1444
186594 186595 1227
186594 186599 857
186598 186590 816
186598 186597 1117
186598 186599 1447
186598 186701 928
186701 186598 928
186701 186618 1468
186701 186697 1082
186701 186704 654
186699 186698 1101
186699 186703 820
186699 186704 1053
186707 186698 810
186707 186700 1570
186707 186703 1076
186707 186710 657
186709 186700 702
186709 186708 1406
186709 186710 1508
186709 186712 243
186708 186688 1407
186708 186690 677
186708 186709 1406
186708 186711 238
186711 186688 1467
186711 186708 238
186711 186712 1366
186711 186763 413
186764 186688 857
186764 186763 1420
186764 186767 613
186543 186534 820
186543 186539 1618
186543 186542 1381
186543 186545 784
186549 186542 749
186549 186545 1296
186549 186547 401
186430 186431 2663
186430 186432 739
186430 186444 1544
186430 186460 766
186442 186441 1562
186442 186443 1098
186442 186444 833
186442 186466 712
186442 186664 2187
186652 186444 2141
186652 186651 802
186652 186664 746
186652 186668 2128
186461 186460 633
186461 186462 401
186461 186463 426
186461 186550 771
186669 186651 2088
186669 186668 802
186669 186671 829
186669 186692 2214
186551 186548 621
186551 186550 513
186650 186548 441
186541 186463 781
186541 186542 922
186541 186550 442
186691 186671 2127
186691 186692 801
186691 186693 834
186691 186748 2327
186765 186693 229
186765 186694 694
186765 186767 722
186765 186768 1413
186765 186771 800
186536 186534 1638
186536 186537 709
186536 186539 851
186536 186540 1628
186538 186539 1644
186538 186540 861
186538 186552 735
186538 189708 1683
186562 186552 1665
186562 186561 799
186562 189706 1227
186562 189708 768
186561 186560 685
186561 186562 799
186561 186570 490
186561 186571 1333
186570 186561 490
186570 186564 712
186570 186569 1355
186570 186581 359
186581 186570 359
186581 186573 1377
186581 186580 467
186584 186573 775
186584 186577 1436
186584 186580 1360
186584 186585 718
186589 186577 726
186589 186585 1413
186589 186591 1277
186589 186594 710
186595 186591 728
186595 186594 1227
186595 186600 1457
186595 186601 834
186599 186594 857
186599 186598 1447
186599 186601 1178
186599 186618 877
186618 186599 877
186618 186617 1204
186618 186701 1468
186704 186699 1053
186704 186701 654
186704 186702 809
186704 186705 1477
186703 186699 820
186703 186702 1077
186703 186707 1076
186703 186713 647
186710 186707 657
186710 186709 1508
186710 186713 1101
186710 186714 278
186712 186709 243
186712 186711 1366
186712 186714 1552
186712 186722 433
186763 186711 413
186763 186722 1233
186763 186764 1420
186763 186766 675
186767 186764 613
186767 186765 722
186767 186766 1377
186534 186300 1427
186534 186535 735
186534 186536 1638
186534 186543 820
186542 186300 851
186542 186541 922
186542 186543 1381
186542 186549 749
186431 186422 1116
186431 186427 657
186431 186428 377
186431 186430 2663
186432 186429 369
186432 186430 739
186441 186427 801
186441 186442 1562
186441 186464 458
186443 186442 1098
186466 186442 712
186466 186464 810
186466 186663 759
186664 186442 2187
186664 186652 746
186664 186665 672
186664 186666 2266
186668 186652 2128
186668 186666 756
186668 186669 802
186668 186741 2180
186462 186461 401
186463 186296 871
186463 186429 778
186463 186461 426
186463 186541 781
186692 186669 2214
186692 186691 801
186692 186741 826
186692 186747 2228
186693 186691 834
186693 186765 229
186748 186691 2327
186748 186747 826
186748 186749 802
186748 186758 2164
186768 186765 1413
186768 186766 675
186768 186769 1343
186768 186770 738
186771 186765 800
186771 186770 1359
186771 186775 705
186537 186535 1643
186537 186536 709
186540 186536 1628
186540 186538 861
189708 186538 1683
189708 186562 768
189708 189707 1192
189706 186562 1227
189706 186571 800
189706 189705 1191
189706 189707 745
186571 186561 1333
186571 186569 523
186571 189704 1156
186571 189706 800
186569 186570 1355
186569 186571 523
186569 186573 395
186569 186575 1166
186573 186569 395
186573 186572 1430
186573 186581 1377
186573 186584 775
186577 186572 759
186577 186576 1317
186577 186584 1436
186577 186589 726
186591 186576 728
186591 186589 1277
186591 186592 1393
186591 186595 728
186600 186592 677
186600 186595 1457
186600 186611 776
186601 186595 834
186601 186599 1178
186601 186611 1463
186601 186617 1006
186601 186621 1624
186617 186601 1006
186617 186618 1204
186617 186621 816
186617 186622 661
186702 186703 1077
186702 186704 809
186702 186706 1472
186702 186715 671
186705 186622 1210
186705 186704 1477
186705 186706 826
186713 186703 647
186713 186710 1101
186713 186715 1088
186713 186718 230
186714 186710 278
186714 186712 1552
186714 186718 1081
186714 186723 408
186722 186712 433
186722 186723 1582
186722 186727 580
186722 186763 1233
186766 186727 1329
186766 186763 675
186766 186767 1377
186766 186768 675
186300 186296 1668
186300 186301 989
186300 186534 1427
186300 186542 851
186535 186301 1383
186535 186534 735
186535 186537 1643
186535 189714 800
186422 186418 659
186422 186423 599
186422 186431 1116
186427 186425 822
186427 186428 599
186427 186431 657
186427 186441 801
186427 186451 735
186428 186418 1011
186428 186426 709
186428 186427 599
186428 186431 377
186429 186294 795
186429 186424 794
186429 186432 369
186429 186463 778
186464 186441 458
186464 186451 746
186464 186466 810
186464 186470 786
186663 186466 759
186663 186470 763
186663 186665 1439
186665 186469 728
186665 186663 1439
186665 186664 672
186665 186667 2286
186666 186664 2266
186666 186667 745
186666 186668 756
186741 186668 2180
186741 186692 826
186741 186739 786
186741 186745 2228
186296 186294 761
186296 186297 992
186296 186300 1668
186296 186463 871
186747 186692 2228
186747 186745 827
186747 186748 826
186749 186748 802
186749 186775 779
186758 186748 2164
186769 186727 738
186769 186768 1343
186770 186768 738
186770 186771 1359
186775 186749 779
186775 186771 705
189707 189706 745
189707 189708 1192
189705 189704 755
189705 189706 1191
189704 186571 1156
189704 186575 573
189704 189705 755
186575 186569 1166
186575 189704 573
186572 186573 1430
186572 186577 759
186576 186577 1317
186576 186591 728
186592 186591 1393
186592 186600 677
186611 186600 776
186611 186601 1463
186621 186601 1624
186621 186617 816
186622 186617 661
186622 186705 1210
186706 186702 1472
186706 186705 826
186715 186702 671
186715 186713 1088
186718 186713 230
186718 186714 1081
186723 186714 408
186723 186722 1582
186727 186722 580
186727 186766 1329
186727 186769 738
186301 186297 1709
186301 186300 989
186301 186535 1383
189714 186535 800
186418 186422 659
186418 186428 1011
186423 186422 599
186423 186424 856
186425 186426 278
186425 186427 822
186451 186427 735
186451 186464 746
186426 186425 278
186426 186428 709
186294 186296 761
186294 186429 795
186424 186423 856
186424 186429 794
186470 186464 786
186470 186469 1420
186470 186663 763
186469 186470 1420
186469 186665 728
186667 186665 2286
186667 186666 745
186739 186741 786
186745 186741 2228
186745 186747 827
186297 186296 992
186297 186301 1709
39
186537
186540
189708
186535
186747
186749
186758
186769
186770
186775
189707
189705
189704
186575
186572
186576
186592
186611
186621
186622
186706
186715
186718
186723
186727
186301
189714
186418
186423
186425
186451
186426
186294
186424
186469
186667
186739
186745
186297
