24
12406 12411 755
12406 12412 2446
12414 12427 536
12427 12414 536
12411 12406 755
12453 12455 672
11487 11488 1929
11488 11487 1929
11775 11776 889
12460 12461 839
12461 12460 839
11776 11775 889
12455 12453 672
12412 12406 2446
12412 12500 1234
12500 12412 1234
11786 11787 778
11726 11752 2118
11732 11734 756
11752 11726 2118
11734 11732 756
11787 11786 778
11884 11679 809
11679 11884 809
34
34229
12368
12406
12414
12427
12411
12465
12476
12453
11487
11488
11503
11541
11775
12460
12461
11776
11783
12455
12500
11786
11789
11726
11727
11732
11752
11734
11787
11749
11756
11647
11884
11678
11679
