14
143869 143871 431
143871 143869 431
143643 143644 2560
143644 143643 2560
143994 143993 1229
143993 143994 1229
143841 143839 1119
143897 143898 1669
143898 143897 1669
143839 143841 1119
140518 140519 2644
140519 140518 2644
146121 146126 857
146126 146121 857
38
143843
143869
143871
143856
143858
143643
143644
143691
144148
148364
143627
143992
143999
143994
143993
143895
143907
144046
143912
144045
144049
143841
143897
143848
143898
143839
140519
142907
144009
142906
144942
146121
144957
144958
146126
145003
144961
145020
