20
147456 147650 2159
147650 147456 2159
147716 147717 1167
147717 147716 1167
148864 148858 825
148858 148864 825
148906 148947 884
148947 148906 884
151700 148948 392
148964 144264 403
148964 148966 202
148966 148964 202
144264 148963 1562
144264 148964 403
148948 151700 392
148957 148963 1011
148963 144264 1562
148963 148957 1011
149073 149083 1157
149083 149073 1157
35
151162
147403
147431
147443
147446
147456
147650
147653
147667
147699
147703
147716
147719
147717
147730
147741
148855
148864
148858
148876
146962
148902
148906
148947
151700
148948
148955
148957
148963
148971
148979
149069
149155
149157
149083
