18
138028 138032 1395
138032 138028 1395
138032 138070 1438
138070 138032 1438
138088 138090 2007
138355 138356 511
138090 138088 2007
138356 138355 511
138322 138320 1124
138368 138321 1264
138407 138327 778
138327 138407 778
138318 138330 1259
138320 138321 848
138320 138322 1124
138330 138318 1259
138321 138320 848
138321 138368 1264
35
138007
138027
138044
137180
137175
137228
137183
138024
138028
138055
138032
138057
138070
138080
138223
138229
138355
138090
139676
138356
138363
138322
138371
138407
138327
138382
138377
138308
138799
138802
138805
138807
138317
138323
138318
