18
206107 206108 900
206108 206107 900
206309 206319 1367
206319 206309 1367
206319 206324 675
206411 206412 1453
206324 206319 675
206324 206333 411
206333 206324 411
206412 206411 1453
206412 208841 802
208841 206412 802
208977 208980 883
208995 208994 751
208980 208977 883
208980 208989 2442
208994 208995 751
208989 208980 2442
33
199114
199108
205455
205461
205464
206059
206088
206102
206107
206108
206306
206309
206319
206411
206402
206412
208841
208844
208859
208901
208904
208998
208912
208913
209011
208984
208995
208994
208986
208992
209040
209046
209054
