18
51516 51515 581
51515 51516 581
55750 55782 790
55782 55750 790
189757 189756 775
189757 190156 1405
190156 189757 1405
190156 190157 291
189772 189774 1349
189788 190157 421
190157 189788 421
190157 190156 291
189774 189772 1349
189731 190171 1983
189756 189757 775
190171 189731 1983
194897 194898 1982
194898 194897 1982
36
51478
51493
51516
51526
51515
51509
51510
52854
52865
55747
55750
55782
56474
56475
56483
56484
56491
56493
56502
56503
56521
56525
56532
189757
190156
189772
189788
189774
186242
186251
189731
189756
190171
195071
194898
195063
