16
146019 146020 748
146020 146019 748
151513 151514 797
151516 151517 456
151517 151516 456
151514 151513 797
151455 151457 1019
151457 151455 1019
203777 203779 748
204662 204666 387
204666 204662 387
203779 203777 748
203783 203785 864
203785 203783 864
204424 204431 466
204431 204424 466
38
145812
145817
145836
145842
146019
146020
146047
146059
146064
146067
151513
151463
151465
151468
151515
151516
151517
151514
151455
151457
151470
151522
151525
151408
203777
204503
204510
204657
204662
203779
203783
203785
203825
204406
204420
204422
204424
204431
