150
138359 138360 1229
138359 138971 1124
138360 138359 1229
138360 138964 2582
138360 138965 1771
138360 139029 504
138971 138359 1124
138971 138866 682
138971 138867 511
138964 138360 2582
138964 138866 893
138964 138963 889
138965 138360 1771
138965 138963 870
138965 138972 1466
139029 138360 504
138866 138856 682
138866 138859 2561
138866 138964 893
138866 138971 682
138867 138861 1891
138867 138868 870
138867 138971 511
138963 138961 1031
138963 138962 751
138963 138964 889
138963 138965 870
138972 138965 1466
138972 138973 765
138972 138978 1015
138856 138851 2451
138856 138855 841
138856 138866 682
138856 138962 1558
138859 138851 673
138859 138858 2340
138859 138861 848
138859 138866 2561
138861 138859 848
138861 138860 2557
138861 138863 757
138861 138867 1891
138868 138863 1667
138868 138867 870
138868 138869 682
138961 138960 2679
138961 138963 1031
138961 138973 782
138962 138856 1558
138962 138958 1079
138962 138963 751
138973 138961 782
138973 138967 1093
138973 138972 765
138973 138974 1014
138978 138972 1015
138978 138979 1031
138978 138980 1475
138851 138850 2557
138851 138854 848
138851 138856 2451
138851 138859 673
138855 138853 765
138855 138854 2561
138855 138856 841
138855 138958 1014
138858 138857 713
138858 138859 2340
138858 138860 765
138860 138858 765
138860 138861 2557
138860 138862 708
138863 138861 757
138863 138862 2778
138863 138865 757
138863 138868 1667
138869 138865 1558
138869 138868 682
138869 139026 847
138960 138958 975
138960 138961 2679
138958 138855 1014
138958 138960 975
138958 138962 1079
138967 138959 2086
138967 138973 1093
138974 138973 1014
138974 138979 1863
138979 138974 1863
138979 138978 1031
138979 138980 931
138980 138978 1475
138980 138979 931
138980 139030 341
138850 138849 1008
138850 138851 2557
138850 138857 672
138854 138847 841
138854 138849 1891
138854 138851 848
138854 138855 2561
138853 138847 2446
138853 138855 765
138857 138850 672
138857 138858 713
138862 138860 708
138862 138863 2778
138862 138864 848
138865 138863 757
138865 138864 2890
138865 138869 1558
138865 138870 774
139026 138869 847
139026 139025 673
139026 139027 906
138959 138967 2086
139030 138980 341
139030 139031 1003
138849 138850 1008
138849 138852 1073
138849 138854 1891
138847 138844 765
138847 138852 1225
138847 138853 2446
138847 138854 841
138864 138862 848
138864 138865 2890
138864 139023 789
138870 138865 774
138870 139023 3142
138870 139025 1559
139025 138870 1559
139025 139026 673
139025 139028 1426
139027 139026 906
139031 139030 1003
139031 139032 222
138852 138843 1145
138852 138847 1225
138852 138849 1073
138844 138843 333
138844 138847 765
139023 138864 789
139023 138870 3142
139023 139024 757
139028 139025 1426
139032 139031 222
138843 138844 333
138843 138852 1145
139024 139023 757
15
138960
138958
138967
138974
138979
138980
138853
138959
139030
138847
139031
138852
138844
139032
138843
