20
37635 37637 1836
37637 37635 1836
37685 37686 1225
37686 37685 1225
37986 37987 1085
37955 37957 2085
37987 37986 1085
37957 37955 2085
38066 38065 810
38066 38067 948
38067 38066 948
38128 41486 1967
41486 38128 1967
41498 46839 373
38043 38045 1354
38045 38043 1354
38045 38047 1120
38047 38045 1120
38065 38066 810
46839 41498 373
37
36375
36745
37635
37637
37646
37672
37674
37685
37686
37689
37677
37986
37955
37987
37957
37998
38009
38013
38018
38098
38066
38067
38124
38128
41486
41491
38024
38032
38035
38043
38071
38072
38047
38065
38080
38082
46839
