140
216991 216992 1014
216992 216991 1014
216992 217003 482
217003 216992 482
217003 216997 1685
217003 217004 766
216997 216998 790
216997 217003 1685
217004 216998 1624
217004 217003 766
217004 217005 846
216998 216997 790
216998 216999 1698
216998 217004 1624
216998 217006 825
217005 217004 846
217005 217006 1660
217005 217015 2566
216999 216998 1698
216999 217002 830
217006 216998 825
217006 217002 1672
217006 217005 1660
217006 217009 340
217015 217005 2566
217015 217018 555
217015 217111 1987
217002 216999 830
217002 217006 1672
217002 217054 428
217002 217055 418
217009 217006 340
217009 217010 286
217009 217011 2152
217009 217019 395
217018 217015 555
217018 217016 2177
217018 217021 388
217111 217015 1987
217054 217002 428
217054 217051 2178
217054 217056 2665
217055 217002 418
217055 217007 585
217055 217064 2108
217010 217009 286
217010 217012 377
217010 217014 2138
217011 217009 2152
217011 217014 233
217011 217020 426
217019 217009 395
217019 217017 479
217019 217020 2091
217016 217017 417
217016 217018 2177
217021 217017 2051
217021 217018 388
217021 217020 468
217051 217053 449
217051 217054 2178
217056 217054 2665
217056 217057 763
217056 217064 540
217007 217008 2184
217007 217012 428
217007 217055 585
217064 217008 502
217064 217055 2108
217064 217056 540
217012 217007 428
217012 217010 377
217012 217013 2115
217014 217010 2138
217014 217011 233
217014 217146 350
217014 224021 893
217020 217011 426
217020 217019 2091
217020 217021 468
217017 217016 417
217017 217019 479
217017 217021 2051
217053 217035 1987
217053 217051 449
217057 217056 763
217057 217058 1974
217057 217062 574
217008 217007 2184
217008 217013 401
217008 217064 502
217013 217008 401
217013 217012 2115
217013 217146 215
217013 217999 932
217146 217013 215
217146 217014 350
217146 217148 9
224021 217014 893
217035 217036 161
217035 217042 413
217035 217043 119
217035 217053 1987
217058 217057 1974
217062 217057 574
217062 217061 2198
217062 217063 517
217999 217013 932
217148 217146 9
217036 217035 161
217036 217038 873
217036 224017 1303
217042 217035 413
217042 217038 1155
217042 217065 1374
217043 217035 119
217043 217063 245
217061 217062 2198
217063 217043 245
217063 217060 2055
217063 217062 517
217038 217036 873
217038 217042 1155
217038 217067 2098
224017 217036 1303
217065 217042 1374
217065 217067 720
217065 217068 2011
217060 217059 118
217060 217063 2055
217067 217038 2098
217067 217065 720
217067 217069 2591
217068 217065 2011
217068 217069 1446
217059 217060 118
217069 217067 2591
217069 217068 1446
217069 217070 1866
217070 217069 1866
54
216991
216992
217003
216997
217004
216998
217005
216999
217006
217015
217002
217009
217018
217111
217054
217055
217010
217011
217019
217016
217021
217051
217056
217007
217064
217012
217014
217020
217017
217053
217057
217008
217013
217146
224021
217035
217058
217062
217999
217148
217036
217042
217043
217061
217063
217038
224017
217065
217060
217067
217068
217059
217069
217070
