14
210974 210910 1548
210910 210974 1548
211094 211091 846
211775 211788 901
211091 211094 846
211788 211775 901
163508 163509 710
163745 163744 842
163744 163745 842
163678 163677 452
163677 163678 452
163803 163804 782
163804 163803 782
163509 163508 710
36
210974
210910
210912
211040
211044
211094
211099
211765
211775
211048
211073
211077
211091
211788
211806
211808
163508
163526
163531
163545
163619
163740
163499
163745
163744
163768
163678
163713
163677
163684
163803
163685
163804
162972
163453
163464
