18
130486 130485 2482
130485 130486 2482
130485 130489 1438
130496 130492 1769
130020 130025 590
130025 130020 590
130010 130028 2342
130028 130010 2342
130534 130535 552
130552 130554 202
130554 130552 202
130535 130534 552
130489 130485 1438
130489 130492 879
130492 130489 879
130492 130496 1769
130679 130991 1086
130991 130679 1086
35
130486
130485
130496
47372
47382
47227
47229
130013
130020
130025
129974
130010
130028
130029
130534
130552
130554
130567
130570
130611
130618
130635
130477
130489
130636
130649
130651
130690
130744
130689
130693
130679
131000
131007
130994
