18
206243 206241 834
206518 206515 758
206515 206518 758
206515 206521 901
214528 206531 420
206241 206243 834
206531 214528 420
206521 206515 901
206534 206541 2385
206541 206534 2385
209143 209144 872
209143 209151 2002
209151 209143 2002
209151 209154 2171
209154 209151 2171
209144 209143 872
181076 181075 939
181075 181076 939
34
205529
205556
205561
206145
206143
206144
206158
206164
206208
206244
206245
206257
206258
206243
206457
206463
206477
206524
206526
206518
206515
214528
206241
206521
206534
206541
208948
209173
209151
209144
181076
181104
181075
181106
