26
17064 17101 3237
17101 17064 3237
17106 17112 1883
17112 17106 1883
17168 17124 2161
17187 17190 868
17187 17286 1248
17190 17187 868
17190 17302 1292
17302 17190 1292
17302 17303 649
17303 17286 750
17303 17302 649
17796 17795 707
17795 17796 707
17795 17798 707
17994 17986 707
17986 17994 707
17798 17795 707
17124 17168 2161
17286 17187 1248
17286 17303 750
17314 17318 982
17318 17314 982
17319 17320 1225
17320 17319 1225
31
33551
33651
33559
33672
16943
17064
33770
17101
33765
17106
17112
17168
17187
17751
17754
17796
17994
17979
17986
17798
17800
17124
17290
17280
17298
17314
17318
17319
17320
17756
17759
