14
215204 215242 717
215242 215204 717
223433 223432 570
223432 223433 570
223279 223277 3362
223277 223279 3362
150890 150885 2388
150955 150956 735
150884 150885 800
150885 150884 800
150885 150890 2388
149393 149395 2095
149395 149393 2095
150956 150955 735
39
219793
215234
221874
215204
215242
215243
223290
223295
223315
223433
223432
223429
223279
223334
215279
223335
223177
223183
223274
223277
150890
150946
150955
151844
150413
150417
150864
150868
150870
150884
150885
149385
149393
149395
149642
149768
149769
150903
150956
