18
48257 48275 782
48275 48257 782
131433 131435 951
131435 131433 951
131435 131438 2243
131438 131435 2243
131502 131515 1226
131515 131502 1226
131515 131589 1504
131589 131515 1504
131685 131698 1657
131698 131685 1657
131731 131753 958
131753 131731 958
131761 131755 461
131755 131761 461
131858 131860 808
131860 131858 808
40
48255
48257
48268
48272
48275
48283
131348
131349
131433
131435
131438
131441
131455
131456
131499
131503
131502
131515
131589
131681
131685
131686
131698
131703
131731
131753
131761
131783
131786
131847
131755
131865
132299
132300
131857
131858
131860
131862
131864
53891
