528
247174 247175 509
247174 254631 1303
247175 247174 509
247175 254588 696
247175 254636 6
254631 247174 1303
254631 254629 2481
254631 254635 950
254588 247175 696
254588 254585 2208
254636 247175 6
254636 254585 1969
254636 263477 726
254629 254628 1114
254629 254630 551
254629 254631 2481
254635 254631 950
254635 254634 1139
254635 254637 1300
254585 254573 1408
254585 254584 1085
254585 254588 2208
254585 254636 1969
263477 254636 726
254628 254547 473
254628 254578 1466
254628 254629 1114
254630 254629 551
254630 254632 707
254630 254633 667
254634 254632 950
254634 254635 1139
254634 254639 2357
254637 254635 1300
254637 254638 905
254637 254640 1340
254573 254571 403
254573 254585 1408
254584 254568 672
254584 254583 614
254584 254585 1085
254547 254542 2079
254547 254608 1007
254547 254628 473
254578 254544 598
254578 254579 1114
254578 254628 1466
254632 254608 946
254632 254625 2357
254632 254630 707
254632 254634 950
254633 254630 667
254639 254625 950
254639 254634 2357
254639 254640 1000
254638 254637 905
254638 254642 1362
254638 254644 708
254638 254645 796
254640 254637 1340
254640 254639 1000
254640 254641 847
254640 254792 1151
254571 254572 975
254571 254573 403
254568 254566 418
254568 254569 336
254568 254584 672
254583 254580 2167
254583 254584 614
254583 261760 419
254542 254540 672
254542 254540 672
254542 254545 889
254542 254547 2079
254608 254547 1007
254608 254604 884
254608 254632 946
254544 254541 511
254544 254576 452
254544 254578 598
254579 254577 938
254579 254578 1114
254579 254581 707
254625 254624 796
254625 254632 2357
254625 254639 950
254625 254783 1186
254642 254638 1362
254642 254641 672
254642 254643 562
254644 254638 708
254645 254638 796
254645 254643 1336
254645 254646 1181
254645 254647 688
254641 254640 847
254641 254642 672
254641 254793 1078
254792 254640 1151
254792 254786 1437
254792 254793 818
254572 254571 975
254572 254586 1097
254572 254657 889
254566 254565 836
254566 254568 418
254569 254568 336
254569 254570 809
254580 254577 1425
254580 254582 737
254580 254583 2167
261760 254583 419
254540 254521 475
254540 254538 750
254540 254542 672
254540 254542 672
254545 254535 937
254545 254536 1590
254545 254542 889
254545 254546 628
254604 254605 345
254604 254608 884
254604 254624 2171
254541 254521 782
254541 254543 2881
254541 254544 511
254576 254544 452
254576 254574 1282
254576 254577 1066
254577 254575 1084
254577 254576 1066
254577 254579 938
254577 254580 1425
254581 254579 707
254624 254604 2171
254624 254625 796
254624 254626 667
254783 254625 1186
254783 254626 658
254783 254627 314
254783 254785 824
254643 254642 562
254643 254645 1336
254643 254650 688
254643 254798 1454
254646 254645 1181
254647 254645 688
254647 254648 950
254647 254649 796
254647 254802 1303
254793 254641 1078
254793 254792 818
254793 254797 473
254786 254782 1966
254786 254784 809
254786 254792 1437
254786 254794 2597
254586 254572 1097
254586 254587 562
254586 254590 708
254586 254668 782
254657 254572 889
254657 254655 672
254565 254555 238
254565 254566 836
254565 254567 354
254570 254569 809
254582 254580 737
254521 254520 1257
254521 254540 475
254521 254541 782
254538 254537 551
254538 254539 695
254538 254540 750
254535 254533 1124
254535 254539 598
254535 254545 937
254536 254531 818
254536 254545 1590
254536 254598 707
254546 254545 628
254546 254598 1610
254546 254602 551
254546 254605 1952
254605 254546 1952
254605 254604 345
254543 254541 2881
254543 254550 676
254574 254557 1208
254574 254575 1084
254574 254576 1282
254575 254559 604
254575 254574 1084
254575 254577 1084
254626 254623 222
254626 254624 667
254626 254783 658
254627 254622 1393
254627 254623 676
254627 254783 314
254627 254784 836
254785 254783 824
254785 254784 230
254785 256183 520
254785 256195 572
254650 254643 688
254650 254799 1575
254650 254802 111
254798 254643 1454
254798 254799 610
254798 254800 1575
254648 254647 950
254649 254647 796
254649 254651 1737
254649 254652 782
254649 254803 1279
254802 254647 1303
254802 254650 111
254802 254803 905
254797 254793 473
254782 254622 1225
254782 254786 1966
254782 254787 747
254782 256021 1480
254784 254627 836
254784 254785 230
254784 254786 809
254794 254786 2597
254794 254800 373
254794 256027 1611
254587 254586 562
254587 254589 672
254590 251166 475
254590 254586 708
254590 254589 782
254668 254586 782
254668 254660 847
254668 254669 222
254655 254389 975
254655 254656 889
254655 254657 672
254555 254554 649
254555 254560 737
254555 254565 238
254567 254559 1900
254567 254565 354
254520 254518 2031
254520 254521 1257
254520 254537 809
254537 254520 809
254537 254534 974
254537 254538 551
254539 254534 557
254539 254535 598
254539 254538 695
254533 254532 201
254533 254534 1340
254533 254535 1124
254531 254529 938
254531 254532 750
254531 254536 818
254531 254592 511
254598 254536 707
254598 254546 1610
254598 254595 836
254598 254601 938
254602 254546 551
254602 254601 1027
254602 254603 877
254550 254543 676
254550 254548 818
254550 254551 373
254557 254556 475
254557 254558 796
254557 254559 1336
254557 254574 1208
254559 254557 1336
254559 254567 1900
254559 254575 604
254623 254620 475
254623 254626 222
254623 254627 676
254622 254621 1409
254622 254627 1393
254622 254782 1225
256183 254785 520
256195 254785 572
254799 254650 1575
254799 254798 610
254799 254801 1454
254799 254809 924
254800 254794 373
254800 254798 1575
254800 254801 688
254651 254649 1737
254652 254649 782
254652 254653 2334
254652 254654 796
254652 254804 1384
254803 254649 1279
254803 254802 905
254803 254804 688
254803 254809 1700
254787 254779 475
254787 254782 747
254787 256014 1652
256021 254782 1480
256021 256022 903
256021 256023 333
256027 254794 1611
256027 256023 1932
256027 256028 610
256027 256030 950
254589 254587 672
254589 254590 782
251166 251167 580
251166 254590 475
251166 259713 377
254660 254658 1671
254660 254668 847
254669 254659 1950
254669 254668 222
254389 254386 2750
254389 254387 611
254389 254655 975
254656 254493 809
254656 254655 889
254656 254658 1007
254554 254552 1160
254554 254555 649
254554 254558 696
254560 254555 737
254560 254561 818
254560 254563 201
254560 254564 333
254518 254516 611
254518 254520 2031
254534 254533 1340
254534 254537 974
254534 254539 557
254532 254530 872
254532 254531 750
254532 254533 201
254529 254528 1223
254529 254530 696
254529 254531 938
254592 254531 511
254592 254591 884
254592 254595 1409
254595 254592 1409
254595 254594 927
254595 254598 836
254595 254599 1700
254601 254598 938
254601 254602 1027
254601 254606 749
254603 254602 877
254548 254516 667
254548 254523 604
254548 254549 676
254548 254550 818
254551 254550 373
254551 254552 418
254551 254556 551
254556 254551 551
254556 254557 475
254558 254554 696
254558 254557 796
254620 254616 713
254620 254618 903
254620 254623 475
254621 254611 1024
254621 254616 788
254621 254622 1409
254621 254778 1159
254801 254799 1454
254801 254800 688
254801 256029 927
254809 254799 924
254809 254803 1700
254809 254810 884
254809 254811 903
254653 254652 2334
254654 254652 796
254654 254697 2932
254654 254699 734
254654 254805 1466
254804 254652 1384
254804 254803 688
254804 254805 818
254804 254807 708
254779 254778 2501
254779 254787 475
254779 254788 238
256014 254787 1652
256014 256019 373
256014 256024 1188
256022 256021 903
256023 256021 333
256023 256024 403
256023 256027 1932
256028 256027 610
256028 256033 649
256028 256033 649
256030 256024 2002
256030 256025 889
256030 256027 950
256030 256032 1744
256030 256061 924
251167 251166 580
251167 254672 557
251167 262734 339
259713 251166 377
259713 260814 639
254658 254656 1007
254658 254659 750
254658 254660 1671
254659 254658 750
254659 254661 1500
254659 254669 1950
254386 254374 1552
254386 254389 2750
254387 254385 1532
254387 254389 611
254387 254492 872
254493 254491 750
254493 254494 809
254493 254497 2657
254493 254656 809
254552 254551 418
254552 254553 610
254552 254554 1160
254561 254560 818
254563 254560 201
254564 254560 333
254516 254381 938
254516 254517 1004
254516 254518 611
254516 254548 667
254530 254529 696
254530 254532 872
254528 254270 1639
254528 254527 279
254528 254529 1223
254528 254591 628
254591 254528 628
254591 254592 884
254591 254593 805
254591 254596 1480
254594 254593 676
254594 254595 927
254594 254597 707
254594 254609 2182
254599 254595 1700
254599 254600 884
254599 254606 974
254599 254616 1974
254606 254599 974
254606 254601 749
254606 254607 551
254523 254548 604
254549 254548 676
254616 254599 1974
254616 254620 713
254616 254621 788
254618 254607 788
254618 254620 903
254611 254600 1007
254611 254621 1024
254778 254621 1159
254778 254779 2501
256029 254801 927
256029 254811 826
254810 254807 1179
254810 254809 884
254811 254809 903
254811 256029 826
254697 254654 2932
254699 254654 734
254805 254654 1466
254805 254804 818
254807 254804 708
254807 254810 1179
254788 254779 238
256019 256014 373
256024 256014 1188
256024 256023 403
256024 256030 2002
256033 256028 649
256033 256028 649
256025 256030 889
256032 256030 1744
256061 256030 924
254672 251167 557
262734 251167 339
260814 259713 639
254661 254659 1500
254374 254385 1298
254374 254386 1552
254385 254374 1298
254385 254387 1532
254492 254387 872
254492 254491 445
254491 254492 445
254491 254493 750
254494 254493 809
254497 254493 2657
254553 254552 610
254381 254516 938
254517 254516 1004
254270 254528 1639
254527 254528 279
254593 254591 805
254593 254594 676
254593 254596 1356
254596 254591 1480
254596 254593 1356
254596 254609 1141
254597 254594 707
254597 254600 938
254609 254594 2182
254609 254596 1141
254600 254597 938
254600 254599 884
254600 254611 1007
254607 254606 551
254607 254618 788
33
254523
254618
254611
254778
256029
254810
254811
254699
254805
254807
254788
256019
256033
256025
256032
256061
254672
262734
254661
254374
254385
254492
254491
254494
254497
254381
254270
254527
254596
254597
254609
254600
254607
