16
202624 202620 2114
203118 203119 1095
203119 203118 1095
202140 202139 724
202139 202140 724
197089 202163 910
197089 214613 294
214613 197089 294
202163 197089 910
202189 202202 1633
202202 202189 1633
202620 202624 2114
205588 205586 735
205591 205621 1073
205621 205591 1073
205586 205588 735
39
203357
203381
203404
203407
203362
203384
203395
203412
203423
202624
202640
202683
202686
202701
203118
203119
202140
202139
197067
197089
214613
197091
202163
202189
202202
202620
202187
215078
205612
205588
205591
205621
205619
205620
205586
205599
205602
205607
205643
