20
251235 133259 1357
133259 251235 1357
251252 251256 782
251256 251252 782
250824 250826 806
250147 250146 1031
250149 250162 788
250162 250149 788
250089 251267 681
251267 250089 681
251267 251268 708
251268 251267 708
250146 250147 1031
250834 250836 4727
250826 250824 806
250836 250834 4727
250863 250853 2225
251082 251084 511
250853 250863 2225
251084 251082 511
38
249149
248984
249276
139754
139538
139536
251235
251236
133259
133260
251245
251251
251252
250081
251256
250797
250824
250147
250149
250160
250162
250083
250089
251267
251268
250146
250834
250826
250829
250821
250838
250852
250863
251082
250853
250855
251002
251084
