20
252397 252437 708
252437 252397 708
252456 252459 847
252459 252456 847
253776 253777 279
253777 253776 279
253850 253851 927
253850 253853 1344
253851 253850 927
253851 253852 2004
253835 253836 1120
263253 254890 623
253836 253835 1120
253853 253850 1344
253852 253851 2004
254884 254885 649
254884 254890 1863
254890 254884 1863
254890 263253 623
254885 254884 649
28
252397
252854
252437
252440
252456
252459
252856
252888
252883
252895
252901
252918
253584
253587
253607
253614
253647
253651
253776
253777
253780
253794
253850
253836
253849
253852
254890
254885
