16
206826 195321 2692
195321 206826 2692
206841 206840 1228
206840 206841 1228
206876 206894 1620
209197 209213 864
209213 209197 864
209208 209217 1510
209217 209208 1510
206894 206876 1620
180930 180931 474
180931 180930 474
181158 181160 562
181160 181158 562
181169 181164 1004
181164 181169 1004
35
206603
206590
206642
206652
206826
195321
206841
206840
206875
206876
206893
209197
209212
209213
209208
209210
209217
209221
209225
206892
206894
180967
180973
180207
180945
180942
180935
180930
180931
180988
181154
181158
181160
181169
181164
