16
210364 210346 1663
209478 209435 882
209496 209497 730
209497 209496 730
209401 209409 1172
209401 209411 2823
209411 209401 2823
209435 209478 882
209409 209401 1172
210034 210035 845
210035 210034 845
210093 210095 710
210095 210093 710
210363 210362 709
210346 210364 1663
210362 210363 709
37
214098
214100
214105
214066
214175
210308
210307
210364
210299
210300
210310
198781
209219
209478
209481
209496
209497
209401
209411
209435
209409
209410
209505
210017
210018
210034
210035
210040
210077
210081
210093
210080
210363
214216
210346
210362
162614
