16
194567 194552 847
194552 194567 847
194586 194588 730
194588 194586 730
186314 186315 172
187317 187313 1262
189409 186315 2588
186315 186314 172
186315 189409 2588
52540 52541 2580
52541 52540 2580
52381 52493 484
52561 52564 2894
52564 52561 2894
52493 52381 484
187313 187317 1262
36
194566
194567
194552
194586
197477
194588
194590
194701
194592
194703
194708
194712
197481
186314
187317
189405
189409
186315
52536
52540
52542
52581
52541
52555
52381
52557
52561
52564
52372
52493
52490
52498
52499
187319
189642
189670
