22
51421 51425 713
51425 51421 713
140562 140797 1380
140797 140562 1380
140797 140807 2849
140807 140797 2849
186425 186426 278
186425 186447 476
186426 186425 278
186447 186425 476
186450 186451 368
186451 186450 368
186469 186670 2368
186670 186469 2368
186670 186667 735
186667 186670 735
186756 187112 2229
187112 186756 2229
187124 187134 1619
187134 187124 1619
187160 187159 337
187159 187160 337
37
51420
51429
51431
54841
54860
55481
50650
54836
51421
51425
51488
151806
195029
195034
140562
140797
140807
140832
140816
186249
186284
186411
186425
186426
186447
186451
186469
186667
186739
186745
186756
187112
187124
187160
187086
187088
187159
