16
167495 167504 1101
167504 167495 1101
165502 167435 1182
167435 165502 1182
165871 165872 276
165872 165871 276
165872 165897 1028
165968 165481 697
165897 165872 1028
165481 165968 697
165485 165483 810
165483 165485 810
211314 211315 912
211229 211227 369
211227 211229 369
211315 211314 912
33
165564
167688
167690
167491
167495
167504
167555
165502
167435
165497
165500
165508
167438
167466
167469
167539
165871
165879
165874
165968
165897
165481
165485
165483
165486
165446
167460
164834
211311
211306
211314
211227
211315
