26
199088 199093 867
199093 199088 867
205463 206056 419
206056 205463 419
200830 200834 748
200834 200830 748
200834 200850 773
200850 200834 773
206099 206101 237
206101 206099 237
206289 206321 1295
206323 206321 734
206407 206409 715
206321 206289 1295
206321 206323 734
206327 206337 347
206337 206327 347
206401 206400 1257
206400 206401 1257
206409 206407 715
206413 208840 562
208840 206413 562
208840 208843 1936
208843 208840 1936
208843 208845 567
208845 208843 567
37
199088
199093
199095
199107
199425
215109
200451
205458
205462
205463
206056
200830
200833
200834
200850
200855
206099
206101
206105
206106
206307
206323
206407
206321
206327
206337
206401
206406
206413
208840
208843
208845
208900
208914
215072
208910
208982
