608
140547 140548 911
140547 140666 1240
140547 140679 888
140548 140547 911
140548 140681 794
140548 144190 1050
140666 140547 1240
140666 140665 997
140666 140668 861
140666 140678 893
140679 140547 888
140679 140678 878
140679 144190 802
140681 140548 794
140681 140682 968
140681 141657 789
144190 140548 1050
144190 140679 802
144190 140682 884
140665 140664 942
140665 140666 997
140665 140667 898
140668 140666 861
140678 140666 893
140678 140667 722
140678 140679 878
140678 140680 1017
140682 140681 968
140682 140683 686
140682 140746 1583
140682 144190 884
141657 140681 789
141657 140683 957
141657 151610 709
140664 140662 890
140664 140665 942
140667 140665 898
140667 140671 779
140667 140676 1121
140667 140678 722
140680 140676 312
140680 140678 1017
140680 140684 1075
140683 140682 686
140683 141657 957
140683 141660 853
140746 140682 1583
140746 140742 1363
140746 140745 852
151610 141657 709
151610 151611 145
140662 140633 807
140662 140664 890
140671 140667 779
140671 140669 798
140671 140673 1099
140676 140667 1121
140676 140673 812
140676 140680 312
140684 140680 1075
140684 140685 570
140684 140734 444
141660 140683 853
141660 141661 65
140742 140685 879
140742 140741 1865
140742 140746 1363
140742 140747 816
140745 140685 1244
140745 140746 852
151611 141658 932
151611 141661 859
151611 151610 145
140633 140634 862
140633 140662 807
140633 140663 1428
140669 140663 924
140669 140671 798
140669 140672 1125
140673 140671 1099
140673 140672 746
140673 140676 812
140673 140677 1418
140685 140684 570
140685 140734 517
140685 140742 879
140685 140745 1244
140734 140677 571
140734 140684 444
140734 140685 517
140734 140739 1393
141661 140751 907
141661 141660 65
141661 151611 859
140741 140739 573
140741 140742 1865
140741 140743 853
140747 140686 2053
140747 140742 816
140747 140743 1882
140747 140748 852
141658 140751 881
141658 141659 931
141658 151611 932
140634 140633 862
140634 140635 844
140634 140636 1287
140663 140633 1428
140663 140655 944
140663 140669 924
140663 140670 1101
140672 140669 1125
140672 140670 958
140672 140673 746
140672 140675 1377
140677 140673 1418
140677 140675 776
140677 140734 571
140739 140734 1393
140739 140741 573
140751 140750 2825
140751 141658 881
140751 141661 907
140751 141662 1004
140743 140741 853
140743 140747 1882
140743 140749 803
140686 140687 842
140686 140747 2053
140748 140687 1976
140748 140747 852
140748 140749 1969
140748 140750 775
141659 141658 931
141659 141662 1141
141659 141696 676
140635 140634 844
140635 140637 1024
140635 140655 771
140636 140629 371
140636 140634 1287
140636 140637 742
140636 151936 695
140655 140635 771
140655 140651 851
140655 140658 1104
140655 140663 944
140670 140658 927
140670 140663 1101
140670 140672 958
140670 140674 1364
140675 140672 1377
140675 140674 919
140675 140677 776
140750 140748 775
140750 140751 2825
140750 140752 840
140750 140767 1947
141662 140751 1004
141662 141659 1141
141662 141699 773
141662 151928 1543
140749 140743 803
140749 140748 1969
140749 140767 828
140687 140686 842
140687 140748 1976
141696 141659 676
141696 141697 956
141696 141699 1555
140637 140635 1024
140637 140636 742
140637 140651 756
140629 140628 1291
140629 140631 469
140629 140636 371
151936 140636 695
140651 140637 756
140651 140652 394
140651 140654 1004
140651 140655 851
140658 140654 538
140658 140655 1104
140658 140670 927
140658 140729 1398
140674 140670 1364
140674 140675 919
140674 140729 951
140752 140750 840
140752 140769 1859
140752 141723 783
140767 140749 828
140767 140750 1947
140767 140769 859
141699 141662 773
141699 141696 1555
141699 141700 998
151928 141662 1543
141697 141696 956
141697 141698 840
141697 141700 1520
140628 140629 1291
140628 187088 5998
140631 140629 469
140631 140630 630
140631 140632 1488
140631 140649 809
140652 140632 421
140652 140651 394
140654 140651 1004
140654 140658 538
140654 140659 1406
140654 140660 468
140729 140658 1398
140729 140659 166
140729 140674 951
140729 140730 421
140769 140752 1859
140769 140767 859
140769 140772 377
140769 140775 209
141723 140752 783
141723 140776 679
141723 141724 607
141700 141697 1520
141700 141699 998
141700 141701 379
141698 141697 840
141698 141702 816
141698 141703 556
187088 140628 5998
187088 187087 1133
140630 140631 630
140632 140631 1488
140632 140650 926
140632 140652 421
140632 140653 1143
140649 140627 777
140649 140631 809
140649 140650 1482
140659 140654 1406
140659 140702 499
140659 140729 166
140659 140730 465
140660 140653 352
140660 140654 468
140730 140659 465
140730 140729 421
140730 140732 997
140772 140769 377
140772 140775 435
140775 140769 209
140775 140772 435
140775 140773 181
140775 140776 1334
140776 140775 1334
140776 141723 679
140776 141724 851
141724 140776 851
141724 140778 274
141724 141701 2120
141724 141723 607
141701 140778 2102
141701 141700 379
141701 141702 833
141701 141704 414
141701 141724 2120
141702 141698 816
141702 141701 833
141702 141703 941
141703 141698 556
141703 141702 941
141703 141705 426
141703 141709 2339
187087 187086 378
187087 187088 1133
187087 187159 261
187087 190728 1470
140650 140632 926
140650 140649 1482
140653 140632 1143
140653 140660 352
140627 140625 925
140627 140626 1298
140627 140649 777
140702 140659 499
140732 140730 997
140773 140775 181
140773 140777 365
140773 140778 2171
140778 140773 2171
140778 141701 2102
140778 141704 2200
140778 141724 274
140778 141726 259
141704 140778 2200
141704 141701 414
141704 141705 1766
141704 141706 401
141705 141703 426
141705 141704 1766
141705 141711 213
141705 141714 1145
141709 141703 2339
141709 141707 1009
141709 141710 58
141709 141720 332
187086 187085 886
187086 187087 378
187086 187136 231
187159 187087 261
187159 187136 404
187159 187144 441
187159 187160 337
190728 187087 1470
190728 187158 3035
190728 190743 1268
140625 140624 1332
140625 140627 925
140625 140641 892
140625 140644 1534
140626 140627 1298
140777 140773 365
140777 140779 1855
140777 140780 853
140777 141065 1816
140777 141066 2168
141726 140778 259
141726 140779 271
141726 141727 1292
141726 141728 614
141706 141704 401
141706 141712 851
141706 141727 1030
141706 141729 377
141711 141705 213
141711 141712 787
141711 141713 477
141714 141705 1145
141714 141717 323
141714 141720 856
141707 141664 801
141707 141708 1514
141707 141709 1009
141710 141708 1774
141710 141709 58
141710 141748 2083
141720 141709 332
141720 141714 856
141720 141721 354
141720 141750 1602
187085 186931 869
187085 187086 886
187085 187135 874
187136 187086 231
187136 187135 1716
187136 187142 502
187136 187159 404
187144 187142 490
187144 187145 289
187144 187146 973
187144 187159 441
187160 187145 376
187160 187159 337
187160 190729 2835
187158 187133 190
187158 187157 112
187158 190728 3035
187158 190744 132
190743 190728 1268
190743 190744 1860
140624 140625 1332
140641 140625 892
140641 140640 846
140641 140643 1548
140644 140625 1534
140644 140643 800
140779 140777 1855
140779 140780 1578
140779 141726 271
140780 140777 853
140780 140779 1578
140780 141067 2128
140780 141070 777
141065 140774 504
141065 140777 1816
141066 140774 790
141066 140777 2168
141066 141067 843
141727 141706 1030
141727 141726 1292
141727 141728 1088
141728 141070 1887
141728 141726 614
141728 141727 1088
141728 141730 829
141712 141706 851
141712 141711 787
141712 141729 723
141729 141706 377
141729 141712 723
141729 141730 2065
141729 141732 893
141713 141711 477
141713 141717 742
141713 141718 613
141713 141732 1284
141717 141713 742
141717 141714 323
141717 141718 973
141717 141721 862
141664 141663 846
141664 141665 1902
141664 141707 801
141708 141665 912
141708 141707 1514
141708 141710 1774
141708 141748 315
141748 141685 861
141748 141708 315
141748 141710 2083
141748 141749 312
141748 141750 911
141721 141717 862
141721 141720 354
141721 141722 1866
141721 141736 814
141721 141750 1767
141750 141720 1602
141750 141721 1767
141750 141748 911
141750 141749 1123
141750 141751 661
186931 187085 869
186931 187135 228
187135 186931 228
187135 187085 874
187135 187136 1716
187135 187137 1518
187142 187136 502
187142 187141 1152
187142 187144 490
187145 187127 1078
187145 187144 289
187145 187160 376
187146 187127 303
187146 187144 973
187146 187161 248
190729 187133 1204
190729 187160 2835
187133 187122 276
187133 187123 361
187133 187158 190
187133 190729 1204
187157 187122 198
187157 187155 2610
187157 187158 112
187157 190744 131
190744 187157 131
190744 187158 132
190744 190743 1860
190744 190745 2187
140640 140580 1063
140640 140639 371
140640 140641 846
140640 140642 1559
140643 140641 1548
140643 140642 869
140643 140644 800
140643 140646 1478
141067 140780 2128
141067 141066 843
141067 141069 751
141067 141082 2173
141070 140780 777
141070 141069 2125
141070 141728 1887
141070 142139 815
140774 141065 504
140774 141066 790
141730 141728 829
141730 141729 2065
141730 141731 819
141730 142139 1899
141732 141713 1284
141732 141729 893
141732 141731 2032
141732 141734 777
141718 141713 613
141718 141717 973
141718 141735 730
141718 141738 534
141663 141655 730
141663 141664 846
141663 141680 1939
141665 141664 1902
141665 141680 851
141665 141685 226
141665 141708 912
141685 141665 226
141685 141682 797
141685 141684 792
141685 141686 187
141685 141748 861
141685 141749 726
141749 141685 726
141749 141686 751
141749 141748 312
141749 141750 1123
141749 141751 851
141749 141753 169
141722 141721 1866
141722 141754 368
141736 141721 814
141736 141735 708
141736 141737 909
141751 141749 851
141751 141750 661
141751 141752 2512
141751 141753 861
141751 141754 880
187137 186907 1367
187137 187135 1518
187137 187138 441
187141 187140 490
187141 187142 1152
187141 187161 463
187127 187125 3953
187127 187128 230
187127 187145 1078
187127 187146 303
187161 187128 307
187161 187141 463
187161 187146 248
187161 187162 468
187122 187121 1255
187122 187123 292
187122 187133 276
187122 187157 198
187123 187122 292
187123 187124 776
187123 187133 361
187123 187134 1539
187155 187120 823
187155 187156 199
187155 187157 2610
190745 187153 734
190745 190744 2187
140580 140640 1063
140639 140640 371
140642 140640 1559
140642 140643 869
140646 140643 1478
141069 141067 751
141069 141070 2125
141082 141067 2173
142139 141070 815
142139 141730 1899
141731 141730 819
141731 141732 2032
141734 141732 777
141734 141738 712
141735 141718 730
141735 141736 708
141738 141718 534
141738 141734 712
141655 141663 730
141680 141663 1939
141680 141665 851
141680 141682 219
141682 141680 219
141682 141684 58
141682 141685 797
141684 141682 58
141684 141685 792
141684 141686 803
141686 141684 803
141686 141685 187
141686 141749 751
141753 141749 169
141753 141751 861
141754 141722 368
141754 141751 880
141737 141736 909
141752 141751 2512
186907 187137 1367
187138 187137 441
187140 187141 490
187140 187162 411
187125 187124 820
187125 187127 3953
187128 187127 230
187128 187161 307
187162 187140 411
187162 187161 468
187121 187120 455
187121 187122 1255
187124 187123 776
187124 187125 820
187124 187134 1619
187134 187123 1539
187134 187124 1619
187120 187121 455
187120 187155 823
187156 187153 39
187156 187155 199
187153 187156 39
187153 190745 734
104
140741
140739
140743
140675
140749
140674
140767
140729
140769
140659
140730
140772
140775
140776
141724
141701
141702
141703
140650
140653
140627
140702
140732
140773
140778
141704
141705
141709
140625
140626
140777
141726
141706
141711
141714
141707
141710
141720
140624
140641
140644
140779
140780
141065
141066
141727
141728
141712
141729
141713
141717
141664
141708
141748
141721
141750
186931
187135
140640
140643
141067
141070
140774
141730
141732
141718
141663
141665
141685
141749
141722
141736
141751
187137
140580
140639
140642
140646
141069
141082
142139
141731
141734
141735
141738
141655
141680
141682
141684
141686
141753
141754
141737
141752
186907
187138
187140
187125
187128
187162
187124
187134
187120
187153
