18
55779 55781 790
55781 55779 790
56486 56488 288
56488 56486 288
190167 190158 1386
190167 190172 329
190158 189787 784
190158 190167 1386
189781 189783 1349
189787 190158 784
189783 189781 1349
190172 190167 329
195073 214900 73
214774 214813 560
195066 195241 773
214900 195073 73
214813 214774 560
195241 195066 773
35
55749
55779
55781
55786
56481
56486
56480
56487
56488
56494
56504
56507
56522
56523
52918
190167
190158
189781
189787
189783
186247
186248
189730
190172
190189
195072
214810
195065
214774
195066
195075
195239
195241
195719
195281
