20
40347 40348 836
40348 40347 836
40712 40710 1426
40710 40712 1426
40710 40716 2401
39009 40764 1392
40716 40710 2401
40764 39009 1392
39024 39026 1221
39026 39024 1221
41592 47660 2454
47812 47814 281
47814 47812 281
47664 47660 2511
47722 47731 849
47733 47731 849
47731 47722 849
47731 47733 849
47660 41592 2454
47660 47664 2511
37
38587
40347
40348
40352
38595
40670
40669
40679
40681
45049
40703
40708
40712
40710
56329
39005
39006
39020
39009
40716
40764
38981
39026
41565
41579
41572
41592
47776
47784
47789
47812
47664
47668
47722
47733
47731
47660
