20
194918 194915 865
194915 194918 865
194938 194946 837
194945 194946 798
194946 194938 837
194946 194945 798
195585 198514 2210
198516 198133 665
198514 195585 2210
198514 198133 1527
198514 198518 883
198226 198228 2365
198233 198236 674
198236 198233 674
198228 198226 2365
198256 198255 1119
198255 198256 1119
198133 198514 1527
198133 198516 665
198518 198514 883
35
194805
194918
194923
194915
194929
194930
194932
194938
194945
194946
194955
194956
194882
195133
195135
195136
195182
195179
195188
195585
198219
198226
198233
198236
198228
202002
214289
214835
198252
198264
198256
198255
198518
198521
198532
