24
215605 215645 2295
215645 215605 2295
215806 218140 655
218140 215806 655
215562 215564 774
215568 215566 745
215564 215562 774
215566 215568 745
215902 215916 766
215870 215880 360
215880 215870 360
215844 215925 1463
215845 215925 774
215916 215902 766
215917 215921 727
215925 215844 1463
215925 215845 774
215939 215941 730
215941 215939 730
215957 215960 874
215921 215917 727
215921 217282 753
217282 215921 753
215960 215957 874
38
216395
216413
215605
215645
215785
215806
215834
218140
215562
215568
215564
215566
215689
215687
215902
215870
215879
215880
215812
215844
215845
215916
215917
215925
215939
215941
215954
215957
215921
217295
217296
217282
215960
217306
217307
217304
217309
217336
