14
249531 249532 778
249532 249531 778
250287 250291 681
250291 250287 681
250293 250302 3482
250301 250302 1929
249688 249689 3310
249689 249688 3310
249673 249690 550
249675 249676 201
249690 249673 550
249676 249675 201
250302 250293 3482
250302 250301 1929
36
249367
249383
249415
249420
249421
249531
249532
249535
241990
249555
249715
249713
249732
250287
250288
249987
250019
250030
250032
250041
250045
250049
250001
250016
241992
250021
250291
250293
249688
249689
249673
249675
249602
249690
249676
250627
