16
137700 137699 893
137672 137673 1558
137699 137700 893
137673 137672 1558
138155 138154 1565
138154 137777 1124
138154 138155 1565
138158 138164 672
137777 138154 1124
137777 138164 474
138164 137777 474
138164 138158 672
139062 139063 836
139063 139062 836
138473 137909 1944
137909 138473 1944
29
136803
137494
137505
137512
137700
137672
137699
137673
137678
137692
137720
137698
137745
139619
138154
137771
137780
137777
137764
138480
139062
139063
138487
138473
138476
138488
137909
137914
137915
