584
134187 134188 838
134187 134227 84
134187 134236 15
134187 134697 719
134188 134187 838
134188 134212 626
134188 134227 855
134188 134796 1967
134188 134880 462
134227 134187 84
134227 134188 855
134227 134703 802
134227 134878 151
134236 134187 15
134697 134187 719
134697 134693 931
134697 134702 238
134697 134703 238
134212 134188 626
134212 134213 345
134796 134188 1967
134796 134794 983
134796 134797 1672
134880 134188 462
134880 134879 889
134703 134227 802
134703 134695 2128
134703 134697 238
134703 134704 983
134878 134227 151
134878 134794 1453
134693 134681 1182
134693 134692 1098
134693 134697 931
134693 134699 1426
134702 134697 238
134702 134701 975
134213 134212 345
134213 134889 1045
134213 134892 463
134213 134893 331
134794 134704 737
134794 134795 1533
134794 134796 983
134794 134878 1453
134797 134795 751
134797 134796 1672
134797 134798 2279
134879 134876 870
134879 134880 889
134879 134890 1015
134695 134681 562
134695 134682 551
134695 134703 2128
134695 134779 581
134704 134703 983
134704 134782 2832
134704 134792 951
134704 134794 737
134681 134677 1529
134681 134692 238
134681 134693 1182
134681 134695 562
134692 134677 1597
134692 134681 238
134692 134693 1098
134692 134694 202
134699 134693 1426
134699 134696 789
134699 134700 554
134701 134700 489
134701 134702 975
134701 134876 354
134701 134881 1533
134889 134213 1045
134889 134218 1398
134889 134997 877
134892 134213 463
134892 134890 1004
134893 134213 331
134893 134883 111
134893 134887 1140
134893 134894 877
134795 134793 1768
134795 134794 1533
134795 134797 751
134798 134787 848
134798 134793 884
134798 134797 2279
134798 134799 344
134876 134701 354
134876 134877 796
134876 134879 870
134890 134879 1015
134890 134892 1004
134890 134905 1299
134890 134906 1417
134682 134677 1079
134682 134680 504
134682 134695 551
134682 134778 511
134779 134695 581
134779 134778 676
134779 134780 1447
134782 134704 2832
134782 134780 1055
134782 134786 1257
134782 134793 983
134792 134704 951
134792 134780 2103
134677 134673 877
134677 134676 1182
134677 134678 511
134677 134681 1529
134677 134682 1079
134677 134683 511
134677 134692 1597
134694 134692 202
134694 134696 1115
134696 134691 1115
134696 134694 1115
134696 134699 789
134700 134699 554
134700 134701 489
134881 134701 1533
134881 134875 1223
134881 134905 1962
134218 134217 762
134218 134803 2790
134218 134889 1398
134997 134889 877
134997 134894 1205
134997 134994 1867
134997 134998 951
134883 134882 1633
134883 134893 111
134887 134888 878
134887 134891 159
134887 134893 1140
134894 134893 877
134894 134911 951
134894 134997 1205
134793 134782 983
134793 134787 788
134793 134795 1768
134793 134798 884
134787 134786 737
134787 134788 1344
134787 134793 788
134787 134798 848
134799 134798 344
134799 134800 1248
134799 134803 1627
134877 134876 796
134905 134881 1962
134905 134890 1299
134905 134901 344
134906 134890 1417
134906 134904 884
134680 134678 682
134680 134682 504
134778 134682 511
134778 134774 557
134778 134777 2153
134778 134779 676
134780 134779 1447
134780 134781 2004
134780 134782 1055
134780 134792 2103
134786 134781 751
134786 134782 1257
134786 134785 1299
134786 134787 737
134673 134652 403
134673 134675 782
134673 134676 536
134673 134677 877
134676 134648 757
134676 134649 475
134676 134673 536
134676 134677 1182
134678 134653 420
134678 134677 511
134678 134679 373
134678 134680 682
134683 134677 511
134683 134846 2348
134691 134688 751
134691 134696 1115
134691 134698 751
134875 134874 1085
134875 134881 1223
134875 134897 1835
134217 134218 762
134217 134993 463
134217 134994 285
134803 134198 3187
134803 134218 2790
134803 134799 1627
134803 134804 682
134994 134217 285
134994 134993 511
134994 134997 1867
134994 134999 1261
134998 134911 1205
134998 134997 951
134998 134999 1293
134882 134883 1633
134882 134908 877
134888 134887 878
134888 134908 373
134888 134911 983
134888 134912 588
134891 134887 159
134911 134888 983
134911 134894 951
134911 134915 806
134911 134998 1205
134788 134785 1280
134788 134787 1344
134788 134790 747
134788 134800 904
134800 134788 904
134800 134799 1248
134800 134802 511
134901 134899 893
134901 134904 1033
134901 134905 344
134904 134901 1033
134904 134906 884
134774 134679 1008
134774 134772 737
134774 134778 557
134777 134775 605
134777 134776 1257
134777 134778 2153
134781 134776 827
134781 134780 2004
134781 134784 1299
134781 134786 751
134785 134739 1867
134785 134784 751
134785 134786 1299
134785 134788 1280
134652 134651 354
134652 134673 403
134675 134667 4780
134675 134673 782
134648 134645 373
134648 134647 252
134648 134651 836
134648 134676 757
134649 134645 765
134649 134653 682
134649 134654 610
134649 134676 475
134653 134649 682
134653 134678 420
134679 134678 373
134679 134771 697
134679 134774 1008
134846 134683 2348
134846 134845 6769
134688 134684 1640
134688 134690 789
134688 134691 751
134698 134689 1022
134698 134691 751
134698 134873 1501
134874 134872 1362
134874 134873 473
134874 134875 1085
134897 134875 1835
134897 134895 222
134897 134899 667
134993 134217 463
134993 134804 1533
134993 134994 511
134993 134996 443
134198 134197 1966
134198 134802 738
134198 134803 3187
134198 134805 279
134804 134803 682
134804 134806 2305
134804 134993 1533
134804 135000 483
134999 134994 1261
134999 134998 1293
134999 135009 1257
134999 135013 751
134908 134882 877
134908 134888 373
134908 134912 536
134908 134913 1084
134912 134888 588
134912 134908 536
134912 134914 354
134912 134957 1262
134915 134911 806
134915 134914 1395
134915 135013 2377
134915 135015 751
134790 134788 747
134790 134789 750
134790 134791 581
134802 134198 738
134802 134800 511
134802 134801 610
134899 134897 667
134899 134901 893
134772 134729 2003
134772 134773 465
134772 134774 737
134772 134775 889
134775 134728 1257
134775 134772 889
134775 134777 605
134776 134728 605
134776 134777 1257
134776 134781 827
134776 134783 1375
134784 134781 1299
134784 134783 435
134784 134785 751
134739 134737 1033
134739 134760 2142
134739 134785 1867
134739 134789 1115
134651 134640 475
134651 134648 836
134651 134652 354
134651 134672 511
134667 134665 354
134667 134668 582
134667 134675 4780
134645 134644 202
134645 134648 373
134645 134649 765
134645 134650 344
134647 134640 950
134647 134642 252
134647 134644 238
134647 134648 252
134654 134649 610
134654 134725 562
134771 134679 697
134771 134723 2251
134845 134664 1475
134845 134844 516
134845 134846 6769
134684 134685 877
134684 134687 1762
134684 134688 1640
134684 134689 827
134690 134685 1811
134690 134688 789
134689 134684 827
134689 134698 1022
134689 134871 649
134873 134698 1501
134873 134871 373
134873 134874 473
134872 134866 869
134872 134867 2081
134872 134874 1362
134895 134867 1635
134895 134897 222
134996 134993 443
134996 134995 777
134996 135007 160
134197 134198 1966
134197 134816 443
134805 134198 279
134805 134806 1283
134805 134823 738
134806 134194 889
134806 134804 2305
134806 134805 1283
135000 134804 483
135000 135001 1871
135000 135002 687
135000 135007 1017
135009 134995 612
135009 134999 1257
135009 135010 751
135013 134915 2377
135013 134999 751
135013 135010 1257
135013 135014 806
134913 134908 1084
134914 134912 354
134914 134915 1395
134914 134916 709
134957 134912 1262
134957 134916 418
134957 134956 983
134957 134965 757
135015 134915 751
135015 134916 1494
135015 135016 983
135015 135017 1152
134789 134739 1115
134789 134763 2365
134789 134790 750
134789 134791 336
134791 134789 336
134791 134790 581
134791 134801 848
134791 134808 889
134801 134791 848
134801 134802 610
134801 134816 2113
134729 134728 806
134729 134733 3947
134729 134772 2003
134773 134772 465
134728 134729 806
134728 134736 1967
134728 134775 1257
134728 134776 605
134783 134735 1085
134783 134736 1015
134783 134776 1375
134783 134784 435
134737 134733 765
134737 134735 950
134737 134738 1967
134737 134739 1033
134760 134738 904
134760 134739 2142
134760 134759 1594
134760 134763 904
134640 134638 202
134640 134647 950
134640 134651 475
134640 134671 1585
134672 134651 511
134672 134671 1055
134672 134674 336
134665 134666 566
134665 134667 354
134665 134669 435
134665 134671 3942
134668 134664 2205
134668 134667 582
134644 134641 276
134644 134643 238
134644 134645 202
134644 134647 238
134650 134645 344
134650 134722 713
134642 134635 276
134642 134647 252
134725 134654 562
134725 134724 847
134723 134719 610
134723 134724 847
134723 134726 333
134723 134771 2251
134664 134658 336
134664 134663 1533
134664 134668 2205
134664 134845 1475
134844 134663 1079
134844 134839 612
134844 134845 516
134685 134684 877
134685 134686 1576
134685 134690 1811
134687 134684 1762
134687 134686 983
134687 134849 2508
134687 134866 672
134871 134689 649
134871 134866 1357
134871 134873 373
134866 134687 672
134866 134864 2841
134866 134871 1357
134866 134872 869
134867 134864 983
134867 134872 2081
134867 134895 1635
134995 134996 777
134995 135002 818
134995 135009 612
135007 134996 160
135007 135000 1017
134816 134197 443
134816 134801 2113
134816 134809 1745
134816 134814 1873
134816 134819 1079
134816 134821 511
134823 134805 738
134823 134821 1785
134823 134826 336
134194 134193 72
134194 134806 889
134194 135005 336
135001 135000 1871
135001 135003 884
135001 135005 649
135001 135006 1501
135002 134995 818
135002 135000 687
135002 135003 747
135002 135008 751
135010 135008 1395
135010 135009 751
135010 135013 1257
135010 135021 878
135014 135013 806
135014 135021 1220
134916 134914 709
134916 134957 418
134916 135015 1494
134956 134957 983
134965 134957 757
135016 135015 983
135017 135015 1152
134763 134760 904
134763 134789 2365
134808 134791 889
134808 134809 2515
134733 134729 3947
134733 134737 765
134736 134728 1967
134736 134735 1066
134736 134783 1015
134735 134736 1066
134735 134737 950
134735 134783 1085
134738 134737 1967
134738 134760 904
134759 134760 1594
134638 134640 202
134671 134640 1585
134671 134665 3942
134671 134672 1055
134674 134672 336
134666 134658 2360
134666 134665 566
134669 134665 435
134641 134635 168
134641 134644 276
134643 134644 238
134722 134650 713
134635 134641 168
134635 134642 276
134724 134723 847
134724 134725 847
134719 134723 610
134719 134726 336
134726 134719 336
134726 134723 333
134658 134664 336
134658 134666 2360
134663 134664 1533
134663 134844 1079
134839 134844 612
134686 134685 1576
134686 134687 983
134849 134687 2508
134864 134866 2841
134864 134867 983
134809 134808 2515
134809 134816 1745
134814 134816 1873
134819 134816 1079
134821 134816 511
134821 134823 1785
134826 134823 336
134193 134194 72
135005 134194 336
135005 135001 649
135003 135001 884
135003 135002 747
135006 135001 1501
135008 135002 751
135008 135010 1395
135021 135010 878
135021 135014 1220
45
134906
134882
134904
134908
134912
134899
134895
134913
134914
134957
134867
135014
134916
134956
134965
135016
135017
134763
134808
134733
134738
134759
134638
134669
134643
134722
134635
134719
134726
134658
134663
134839
134686
134849
134864
134809
134814
134819
134826
134193
135005
135003
135006
135008
135021
