18
187127 187146 303
186931 187135 228
187135 186931 228
187146 187127 303
55715 55729 751
55729 55715 751
55766 55773 850
55773 55766 850
55774 55790 871
55790 55774 871
53533 56560 790
56560 53533 790
190154 190160 335
190160 189799 722
190160 190154 335
189797 189798 1370
189799 190160 722
189798 189797 1370
39
186692
186748
186794
187113
187127
186931
187135
187142
140629
187146
52840
55711
55715
55729
55734
55806
55754
55757
55766
55773
55774
55790
55885
55890
55897
56535
56543
56546
56554
56557
52587
53533
56560
190154
190160
189797
189799
189798
186255
