482
226785 226786 2920
226785 226789 1794
226786 226785 2920
226786 229084 1327
226789 226785 1794
226789 226788 1768
226789 226790 1160
229084 226786 1327
229084 229122 1877
229084 229122 1877
226788 226787 4987
226788 226789 1768
226788 234466 2312
226790 226789 1160
229122 229084 1877
229122 229084 1877
229122 231633 549
226787 226788 4987
226787 231326 2845
226787 231328 1225
234466 226788 2312
231633 229122 549
231326 226787 2845
231326 231327 1270
231326 234684 1868
231328 226787 1225
231328 231331 603
231328 231334 1012
231327 231326 1270
234684 231326 1868
234684 234683 891
234684 234826 1625
231331 231328 603
231331 231329 344
231331 234327 456
231334 231328 1012
231334 231333 988
231334 235259 357
234683 234684 891
234826 234684 1625
231329 231330 1004
231329 231331 344
231329 234631 1099
234327 231331 456
231333 231334 988
231333 231336 767
235259 231334 357
235259 235452 1750
235259 235452 1750
231330 231329 1004
234631 231329 1099
234631 234622 972
234631 234632 856
231336 231333 767
231336 231335 2789
231336 234577 1202
235452 235259 1750
235452 235259 1750
235452 235453 309
234622 234623 635
234622 234631 972
234622 234633 601
234632 234631 856
234632 234634 3900
234632 234635 784
231335 231336 2789
231335 231337 1920
231335 231339 1420
231335 234685 618
234577 231336 1202
235453 235452 309
234623 234622 635
234633 234622 601
234634 231341 1250
234634 232946 972
234634 234632 3900
234635 234632 784
231337 231335 1920
231337 234469 1161
231337 234470 3404
231339 231335 1420
231339 231338 3025
231339 234364 609
234685 231335 618
234685 234692 106
234685 234694 1582
231341 231340 4508
231341 234634 1250
231341 234686 103
231341 234692 703
232946 232944 1010
232946 232947 3348
232946 234634 972
234469 226802 1289
234469 231337 1161
234469 232817 66
234470 231337 3404
231338 231339 3025
231338 231340 596
231338 231368 1796
231338 234688 399
234364 231339 609
234364 231362 558
234364 234365 868
234692 231341 703
234692 234685 106
234692 234693 617
234694 234685 1582
231340 231338 596
231340 231341 4508
231340 231368 1700
234686 231341 103
232944 232543 994
232944 232941 4686
232944 232946 1010
232947 232940 1544
232947 232946 3348
226802 226801 328
226802 234332 357
226802 234469 1289
232817 231362 746
232817 232816 361
232817 234469 66
231368 231338 1796
231368 231340 1700
231368 231366 927
231368 231369 712
234688 231338 399
234688 231364 386
234688 234893 1087
231362 231170 2797
231362 232817 746
231362 234364 558
231362 235405 925
234365 234364 868
234693 234692 617
232543 232544 496
232543 232944 994
232543 234236 692
232941 232940 1343
232941 232943 667
232941 232944 4686
232940 232941 1343
232940 232942 181
232940 232947 1544
226801 226802 328
234332 226802 357
234332 232816 1311
232816 232817 361
232816 234332 1311
232816 234468 715
231366 231365 331
231366 231367 1221
231366 231368 927
231369 231368 712
231369 231370 580
231364 231170 758
231364 234688 386
231364 234689 993
234893 234688 1087
231170 231171 474
231170 231362 2797
231170 231363 1344
231170 231364 758
235405 231362 925
232544 232543 496
232544 232945 7416
232544 232948 1863
234236 232543 692
234236 234731 206
234236 234733 716
232943 232941 667
232942 232940 181
232942 234838 491
234468 232816 715
231365 231363 1011
231365 231366 331
231367 231366 1221
231367 231370 549
231370 231367 549
231370 231369 580
231370 231371 870
231370 231372 2986
234689 231364 993
231171 231170 474
231363 231170 1344
231363 231365 1011
231363 234335 935
232945 232544 7416
232945 234336 588
232948 232544 1863
232948 232950 521
232948 232951 598
234731 234236 206
234733 234236 716
234838 232942 491
231371 231370 870
231371 231373 194
231371 231374 2665
231372 231370 2986
231372 231374 705
231372 231380 344
234335 231363 935
234335 235407 593
234336 232945 588
234336 234334 5965
232950 232948 521
232950 232949 738
232950 232961 1054
232950 234298 132
232951 232948 598
232951 232990 307
232951 232996 700
231373 231371 194
231373 231375 355
231373 234690 1133
231374 231371 2665
231374 231372 705
231374 231376 669
231374 231381 3262
231380 231372 344
231380 231377 3118
231380 231378 3029
235407 234335 593
235407 235406 934
235407 235409 1311
234334 234336 5965
234334 234957 4882
232949 232950 738
232949 232961 316
232949 232965 1546
232961 232949 316
232961 232950 1054
232961 232960 1240
234298 232950 132
234298 234299 190
234298 234300 153
232990 232951 307
232990 234328 5693
232996 232951 700
232996 234299 239
231375 231373 355
231375 231376 2406
231375 232952 251
234690 231373 1133
231376 231374 669
231376 231375 2406
231376 231382 596
231376 231383 3385
231381 231374 3262
231381 231378 679
231381 231383 596
231381 231387 2605
231377 231378 761
231377 231379 3673
231377 231380 3118
231378 231377 761
231378 231380 3029
231378 231381 679
231378 231386 3744
235406 235407 934
235406 235408 1861
235409 235407 1311
234957 234334 4882
232965 232949 1546
232965 234344 2984
232960 232956 3025
232960 232961 1240
232960 232964 1574
234299 232996 239
234299 234298 190
234299 234301 131
234300 234298 153
234328 232990 5693
234328 234329 9972
234328 234347 418
232952 231375 251
232952 231382 2458
232952 232953 844
232952 232954 1530
231382 231376 596
231382 231384 1111
231382 231385 761
231382 232952 2458
231383 231376 3385
231383 231381 596
231383 231388 562
231383 231389 2604
231387 231381 2605
231379 231377 3673
231379 231386 947
231379 231543 761
231379 231552 3388
231386 231378 3744
231386 231379 947
231386 231391 1385
231386 231539 573
235408 235406 1861
234344 232965 2984
234344 234345 1248
232956 232954 1137
232956 232955 2237
232956 232957 866
232956 232960 3025
232964 232960 1574
232964 232963 988
234301 234299 131
234329 232987 15601
234329 234328 9972
234329 234353 830
234347 234328 418
234347 234345 252
234347 234346 832
232953 231385 2468
232953 232952 844
232953 232954 1336
232953 232955 785
232954 232952 1530
232954 232953 1336
232954 232956 1137
231384 231382 1111
231385 231382 761
231385 231389 1181
231385 232953 2468
231385 232959 837
231388 231383 562
231388 231390 1406
231388 231391 2176
231389 231383 2604
231389 231385 1181
231543 231379 761
231543 231536 4174
231543 231551 1344
231552 231379 3388
231552 231555 393
231391 231386 1385
231391 231388 2176
231539 231386 573
231539 231538 1179
231539 231544 1268
231539 231550 82
234345 234344 1248
234345 234347 252
232955 232953 785
232955 232956 2237
232955 232958 927
232955 232959 2237
232957 232956 866
232957 232958 2118
232957 232962 512
232963 232962 408
232963 232964 988
232963 232967 689
232963 232968 2118
232987 232985 1466
232987 232986 974
232987 234329 15601
234353 234329 830
234353 234636 3266
234353 235196 2827
234346 232979 186
234346 234347 832
232959 231385 837
232959 231393 4812
232959 232955 2237
232959 232972 927
231390 231388 1406
231390 231392 3429
231390 231393 549
231536 231535 610
231536 231537 1357
231536 231543 4174
231551 231543 1344
231555 231552 393
231555 231556 1511
231555 233008 333
231555 234896 2507
231538 231392 919
231538 231539 1179
231538 231546 1753
231544 231539 1268
231544 231547 360
231550 231539 82
232958 232955 927
232958 232957 2118
232958 232972 2237
232962 232957 512
232962 232963 408
232962 232980 2115
232967 232963 689
232967 232969 661
232967 232970 467
232968 232963 2118
232968 232974 2450
232985 232986 1592
232985 232987 1466
232985 232989 37
232986 232985 1592
232986 232987 974
232986 234350 992
232986 234351 974
234636 234353 3266
234636 234637 2056
234636 234638 900
235196 234353 2827
232979 232977 409
232979 234346 186
231393 231390 549
231393 231563 3245
231393 232959 4812
231393 232973 804
232972 232958 2237
232972 232959 927
232972 232973 5199
231392 231390 3429
231392 231538 919
231392 231553 1238
231392 231563 761
231535 231536 610
231535 231540 1739
231535 231542 1405
231537 231536 1357
231537 231540 1267
231537 231545 596
231556 231555 1511
231556 231561 4652
231556 234431 84
233008 231555 333
233008 231560 4116
234896 231555 2507
234896 231558 4319
234896 234898 685
231546 231538 1753
231547 231544 360
231547 231548 944
231547 234431 1298
232980 232962 2115
232980 232981 274
232969 232967 661
232969 232970 462
232969 232977 2776
232970 232967 467
232970 232969 462
232970 232971 2890
232970 232978 836
232974 232968 2450
232974 232976 3571
232989 232984 2165
232989 232985 37
234350 232986 992
234350 233001 1241
234351 232986 974
234637 234636 2056
234638 234636 900
232977 232969 2776
232977 232978 2516
232977 232979 409
231563 231392 761
231563 231393 3245
232973 231393 804
232973 232972 5199
231553 231392 1238
231540 231535 1739
231540 231537 1267
231542 231535 1405
231545 231537 596
231561 231556 4652
234431 231547 1298
234431 231556 84
231560 233008 4116
231558 234896 4319
234898 234896 685
231548 231547 944
232981 232980 274
232971 232970 2890
232971 232978 3378
232978 232970 836
232978 232971 3378
232978 232977 2516
232976 232974 3571
232984 232989 2165
233001 234350 1241
41
226786
229084
229122
231633
231337
234469
234470
226802
232817
231362
226801
234332
232816
231170
235405
234468
231171
231363
234335
235407
234334
235406
235409
234957
235408
234351
234638
231563
232973
231553
231540
231542
231561
231560
231558
234898
232971
232978
232976
232984
233001
