62
3643 3645 845
3643 3748 1005
3645 3643 845
3645 3646 1014
3748 3643 1005
3748 3747 2513
3748 3750 1178
3646 3645 1014
3646 3647 924
3646 3753 2348
3747 3746 1672
3747 3748 2513
3747 3749 1071
3750 3748 1178
3750 3749 3161
3750 3757 419
3647 3646 924
3647 3703 671
3647 3754 2097
3753 3646 2348
3753 3754 889
3753 3758 928
3746 3747 1672
3746 3749 603
3749 3746 603
3749 3747 1071
3749 3750 3161
3757 3750 419
3757 3752 586
3757 3758 1000
3703 3647 671
3754 3647 2097
3754 3753 889
3754 3772 562
3758 3753 928
3758 3757 1000
3758 3759 1357
3752 3755 1089
3752 3757 586
3772 3754 562
3759 3758 1357
3755 3752 1089
3755 3756 2986
3755 3760 1095
3756 3755 2986
3760 3755 1095
3760 3764 1686
3760 3771 275
3764 3760 1686
3764 3762 1322
3764 3770 867
3771 3760 275
3762 3763 238
3762 3764 1322
3762 3768 1089
3770 3764 867
3770 3769 1176
3763 3762 238
3768 3762 1089
3768 3769 2316
3769 3768 2316
3769 3770 1176
27
3643
3645
3748
3646
3747
3750
3647
3753
3746
3749
3757
3703
3754
3758
3752
3772
3759
3755
3756
3760
3764
3771
3762
3770
3763
3768
3769
