28
202653 202689 815
202653 202712 749
202689 202653 815
202689 202688 608
202689 202690 847
202712 202653 749
202712 202669 707
202712 202713 1355
202688 202689 608
202688 202690 549
202688 202694 336
202690 202688 549
202690 202689 847
202690 202713 843
202669 202712 707
202669 202714 1677
202713 202690 843
202713 202712 1355
202713 202714 791
202694 202688 336
202714 202669 1677
202714 202713 791
202714 202715 143
202715 202670 787
202715 202714 143
202715 202726 401
202670 202715 787
202726 202715 401
12
202653
202689
202712
202688
202690
202669
202713
202694
202714
202715
202670
202726
