18
38542 38485 1533
38485 38542 1533
38885 38884 1379
38886 38888 952
38884 38885 1379
38888 38886 952
40684 40685 1670
38917 38995 2468
40685 40684 1670
38995 38917 2468
38947 38945 3120
38945 38947 3120
38968 38969 475
38969 38968 475
41551 41548 2780
41548 41551 2780
47652 47599 668
47599 47652 668
38
38385
38399
38439
38542
38485
38503
38494
38533
38538
38539
38867
38885
38886
38884
40649
38888
38909
40684
38917
40685
38985
38996
38988
38995
38947
38945
38966
38968
38807
38969
41551
41548
41556
47531
47652
47599
47601
47609
