30
202688 202689 608
202689 202688 608
196132 196552 248
196552 196132 248
197124 197083 763
197083 197124 763
202503 202504 702
202504 202503 702
205850 205852 860
205851 205848 824
205851 205852 918
205852 205850 860
205852 205851 918
205848 205851 824
205890 205892 867
205892 205890 867
205892 205896 1439
204803 205693 1332
205697 205743 915
205743 205697 915
205743 205751 1692
205693 204803 1332
205749 205751 1089
205750 205922 1440
205751 205743 1692
205751 205749 1089
205922 205750 1440
205896 205892 1439
205909 206575 1094
206575 205909 1094
34
202688
202689
197044
197045
196130
196132
197085
196552
197120
197124
197083
197104
197123
197131
202503
202504
205850
205937
205982
205848
205890
205892
205699
205743
205693
205749
205750
205751
205922
214377
205902
205896
205909
206575
