16
251078 251079 950
251079 251078 950
251955 252055 3762
251042 251040 818
251043 251058 1181
251040 251042 818
251058 251043 1181
251058 251052 1557
251052 251058 1557
252055 251955 3762
252055 252061 238
252061 252055 238
252061 252062 588
252062 252061 588
252059 252096 1248
252096 252059 1248
35
249638
249642
249634
249564
251913
250768
250774
250764
251030
250965
250956
250942
250974
252165
252175
252188
253389
252398
251078
251079
251955
251041
251042
251043
251040
251055
251052
251072
251073
251036
252055
252061
252062
252059
252096
