40
99356 99357 3089
99356 99358 788
99357 99356 3089
99357 99371 475
99357 99372 475
99358 99356 788
99358 99381 2335
99358 99384 708
99371 99357 475
99372 99357 475
99372 99373 1529
99372 99374 747
99381 99358 2335
99381 99374 1008
99381 99382 1304
99384 99358 708
99384 99382 2103
99384 99385 1183
99373 99372 1529
99374 99372 747
99374 99375 1577
99374 99381 1008
99382 99381 1304
99382 99383 1338
99382 99384 2103
99385 99384 1183
99385 99387 1334
99375 99374 1577
99383 99382 1338
99383 99387 1224
99383 99390 2578
99387 99383 1224
99387 99385 1334
99387 99388 1426
99390 99383 2578
99390 99388 1454
99390 99393 893
99388 99387 1426
99388 99390 1454
99393 99390 893
17
99356
99357
99358
99371
99372
99381
99384
99373
99374
99382
99385
99375
99383
99387
99390
99388
99393
