16
142316 142318 774
142318 142288 752
142318 142316 774
141645 141917 552
141917 141645 552
142010 142012 1005
142012 142010 1005
142012 142020 962
142020 142012 962
142560 142568 552
142568 142560 552
142288 142292 661
142288 142318 752
142290 142292 1992
142292 142288 661
142292 142290 1992
37
145283
150678
140183
140185
140200
140264
140267
141574
141576
142316
142322
142490
142486
142514
142517
142524
142318
141591
141645
141917
141918
142010
142020
142027
142030
142040
142049
142559
142560
142568
142572
142602
142288
142330
142606
55457
56102
