476
105210 105211 2813
105210 106800 946
105211 105210 2813
105211 105212 750
105211 106801 1065
106800 105210 946
106800 106799 871
106800 106803 1815
105212 105211 750
106801 105211 1065
106801 106797 805
106801 106799 2151
106801 106806 1027
106799 106800 871
106799 106801 2151
106799 106805 1007
106803 106800 1815
106803 106804 805
106803 106810 473
106797 106790 1077
106797 106798 3114
106797 106801 805
106797 106827 2001
106806 106801 1027
106806 106805 2288
106806 106808 511
106805 106799 1007
106805 106804 736
106805 106806 2288
106804 106803 805
106804 106805 736
106804 106809 1353
106804 113740 611
106810 106803 473
106790 106657 2001
106790 106791 1498
106790 106796 3759
106790 106797 1077
106798 106795 835
106798 106797 3114
106798 106807 1096
106827 106797 2001
106808 106806 511
106808 106807 2279
106809 106804 1353
113740 106804 611
106657 106656 649
106657 106790 2001
106791 106790 1498
106791 106792 2154
106791 106796 4295
106791 106852 1752
106796 106790 3759
106796 106791 4295
106796 106794 475
106795 106794 946
106795 106798 835
106795 106807 808
106807 106795 808
106807 106798 1096
106807 106808 2279
106807 106816 946
106656 106657 649
106656 106658 2901
106656 106659 1334
106792 106791 2154
106852 106791 1752
106852 106851 876
106852 106858 1617
106794 106795 946
106794 106796 475
106794 106905 1383
106816 106807 946
106816 106824 611
106658 106656 2901
106659 106656 1334
106659 106660 937
106659 106661 671
106851 106847 1220
106851 106848 675
106851 106852 876
106851 106859 1084
106858 106852 1617
106858 106857 473
106858 106874 1006
106858 113739 1160
106905 106794 1383
106905 106875 1875
106905 113737 983
106824 106816 611
106824 106825 712
106660 106659 937
106661 106659 671
106661 106662 562
106661 106696 611
106847 106685 2409
106847 106846 649
106847 106851 1220
106847 106853 1149
106848 106685 1375
106848 106849 1000
106848 106851 675
106859 106851 1084
106859 106857 1174
106859 106860 562
106857 106858 473
106857 106859 1174
106857 106876 667
106874 106858 1006
106874 106875 746
106874 113738 1065
113739 106858 1160
106875 106873 1805
106875 106874 746
106875 106905 1875
113737 106905 983
106825 106817 1095
106825 106824 712
106825 106826 1064
106662 106369 922
106662 106661 562
106662 106663 1014
106696 106370 680
106696 106661 611
106696 106695 902
106685 106684 1077
106685 106847 2409
106685 106848 1375
106846 106847 649
106853 106847 1149
106849 106848 1000
106849 106850 1336
106860 106859 562
106860 106863 1114
106876 106857 667
113738 106874 1065
106873 106863 1012
106873 106875 1805
106817 106818 1139
106817 106825 1095
106817 106833 580
106826 106825 1064
106369 106368 1225
106369 106370 893
106369 106662 922
106663 106368 1030
106663 106662 1014
106663 106664 511
106370 106369 893
106370 106371 763
106370 106695 475
106370 106696 680
106695 106370 475
106695 106672 1166
106695 106696 902
106684 106685 1077
106684 106686 1334
106684 106693 949
106850 106849 1336
106850 106863 922
106863 106850 922
106863 106860 1114
106863 106873 1012
106818 106817 1139
106818 106819 3454
106818 106904 1593
106833 106817 580
106833 106832 3586
106833 106904 2039
106368 106367 688
106368 106369 1225
106368 106663 1030
106664 106367 1177
106664 106663 511
106371 106370 763
106371 106385 434
106672 106667 1031
106672 106695 1166
106672 106761 511
106686 106684 1334
106686 106687 353
106686 113735 419
106693 106684 949
106693 106694 400
106693 113628 735
106819 106818 3454
106819 106820 348
106904 106818 1593
106904 106833 2039
106904 106987 1077
106832 106833 3586
106832 106988 975
106367 106366 2322
106367 106368 688
106367 106664 1177
106385 106371 434
106385 106372 4017
106385 106666 511
106667 106666 1022
106667 106668 4228
106667 106672 1031
106761 106672 511
106687 106686 353
113735 106686 419
106694 106688 1303
106694 106693 400
106694 113630 1107
106694 113631 450
113628 106693 735
113628 113629 599
113628 113736 260
106820 106194 1213
106820 106819 348
106820 106941 839
106987 106904 1077
106987 106988 4125
106987 106991 1361
106987 106992 1006
106988 106832 975
106988 106987 4125
106988 106992 4559
106366 106367 2322
106366 106372 1473
106366 106665 9665
106372 106366 1473
106372 106385 4017
106666 106385 511
106666 106667 1022
106668 106581 736
106668 106667 4228
106668 106671 222
106688 106689 877
106688 106694 1303
113630 106694 1107
113631 106694 450
113629 113628 599
113736 113628 260
106194 106195 688
106194 106820 1213
106941 106820 839
106941 106942 1669
106941 106943 1096
106991 106987 1361
106992 106987 1006
106992 106988 4559
106992 106993 805
106665 106366 9665
106581 106668 736
106671 106668 222
106671 106689 429
106689 106671 429
106689 106688 877
106689 113632 371
106195 106194 688
106195 106821 2363
106195 106940 680
106942 106941 1669
106943 106941 1096
106943 106944 2714
106943 106990 1248
106993 106992 805
106993 106999 835
113632 106689 371
106821 106195 2363
106821 106822 3000
106821 106939 755
106940 106195 680
106944 106943 2714
106944 106945 628
106990 106943 1248
106999 106993 835
106822 106813 2306
106822 106821 3000
106822 106823 139
106822 106997 3272
106939 106821 755
106939 106938 1980
106939 106995 2441
106945 106944 628
106813 106812 1881
106813 106822 2306
106813 107001 2154
106823 106822 139
106997 106822 3272
106997 106994 1685
106997 107012 707
106938 106936 949
106938 106939 1980
106938 106995 1188
106995 106938 1188
106995 106939 2441
106995 106994 2334
106812 106813 1881
106812 106814 2226
106812 107002 4616
107001 106813 2154
107001 107002 1339
107001 107015 1124
106994 106995 2334
106994 106996 923
106994 106997 1685
107012 106936 4890
107012 106937 5358
107012 106997 707
107012 107013 3990
106936 106937 671
106936 106938 949
106936 107012 4890
106814 106812 2226
106814 106815 1065
106814 106949 4947
107002 106812 4616
107002 107001 1339
107002 107014 3891
107015 107001 1124
106996 106994 923
106937 106936 671
106937 107012 5358
107013 107012 3990
107013 107014 2976
107013 107018 6682
107013 113634 905
106815 106814 1065
106815 106894 1962
106815 106901 278
106949 106814 4947
106949 106950 1947
106949 113875 1036
107014 107002 3891
107014 107013 2976
107014 107016 238
107018 107013 6682
107018 107311 2124
113634 107013 905
106894 106815 1962
106894 106895 903
106901 106815 278
106901 106899 975
106901 106948 707
106950 106930 1598
106950 106949 1947
106950 106953 2086
113875 106949 1036
113875 113876 1376
113875 113877 917
107016 107014 238
107016 107017 5835
107016 107172 3395
107311 107018 2124
107311 107310 587
107311 107312 2239
106895 106894 903
106899 106900 1100
106899 106901 975
106948 106887 3011
106948 106901 707
106948 106947 1224
106930 106929 755
106930 106950 1598
106953 106950 2086
106953 106952 4312
106953 106972 2089
106953 107161 1031
113876 113875 1376
113877 113875 917
107017 107016 5835
107017 107021 1565
107172 107016 3395
107172 107173 605
107172 107174 1290
107310 107308 353
107310 107311 587
107310 107362 511
107312 107309 884
107312 107311 2239
107312 113635 937
106900 106899 1100
106887 106885 926
106887 106888 3432
106887 106948 3011
106947 106886 3445
106947 106948 1224
106929 106930 755
106929 106931 2920
106929 106951 598
106929 106985 2039
106952 106953 4312
106972 106953 2089
106972 106973 562
106972 107114 511
107161 106953 1031
107161 107156 2659
107161 107160 3326
107021 107017 1565
107021 107020 2026
107021 107148 1124
107173 107160 3616
107173 107172 605
107174 107172 1290
107308 107309 3065
107308 107310 353
107362 107310 511
107362 107363 511
107362 107363 511
107309 107005 1084
107309 107308 3065
107309 107312 884
113635 107312 937
113635 113636 884
106885 106886 402
106885 106887 926
106888 106887 3432
106886 106885 402
106886 106947 3445
106931 106929 2920
106931 106932 680
106951 106926 1031
106951 106929 598
106951 106932 2933
106985 106929 2039
106985 106934 201
106985 107028 983
106973 106972 562
106973 106974 835
106973 107114 353
107114 106972 511
107114 106973 353
107114 107046 1160
107156 107155 3554
107156 107161 2659
107160 107161 3326
107160 107171 1947
107160 107173 3616
107020 107019 1592
107020 107021 2026
107020 107149 580
107148 107021 1124
107148 107144 1687
107148 107154 4241
107363 107362 511
107363 107362 511
107005 107006 713
107005 107309 1084
113636 113635 884
106932 106925 949
106932 106931 680
106932 106951 2933
106926 106925 2920
106926 106927 929
106926 106934 1466
106926 106951 1031
106934 106926 1466
106934 106933 1007
106934 106985 201
107028 106855 929
107028 106985 983
106974 106973 835
107046 107114 1160
107155 107154 43
107155 107156 3554
107171 107160 1947
107019 107020 1592
107149 107020 580
107144 107148 1687
107154 107148 4241
107154 107155 43
107006 107005 713
106925 106926 2920
106925 106932 949
106927 106926 929
106927 106933 1344
106933 106855 905
106933 106927 1344
106933 106934 1007
106855 106933 905
106855 107028 929
200
105210
105211
106800
105212
106801
106799
106803
106797
106806
106805
106804
106810
106790
106798
106827
106808
106809
113740
106657
106791
106796
106795
106807
106656
106792
106852
106794
106816
106658
106659
106851
106858
106905
106824
106660
106661
106847
106848
106859
106857
106874
113739
106875
113737
106825
106662
106696
106685
106846
106853
106849
106860
106876
113738
106873
106817
106826
106369
106663
106370
106695
106684
106850
106863
106818
106833
106368
106664
106371
106672
106686
106693
106819
106904
106832
106367
106385
106667
106761
106687
113735
106694
113628
106820
106987
106988
106366
106372
106666
106668
106688
113630
113631
113629
113736
106194
106941
106991
106992
106665
106581
106671
106689
106195
106942
106943
106993
113632
106821
106940
106944
106990
106999
106822
106939
106945
106813
106823
106997
106938
106995
106812
107001
106994
107012
106936
106814
107002
107015
106996
106937
107013
106815
106949
107014
107018
113634
106894
106901
106950
113875
107016
107311
106895
106899
106948
106930
106953
113876
113877
107017
107172
107310
107312
106900
106887
106947
106929
106952
106972
107161
107021
107173
107174
107308
107362
107309
113635
106885
106888
106886
106931
106951
106985
106973
107114
107156
107160
107020
107148
107363
107005
113636
106932
106926
106934
107028
106974
107046
107155
107171
107019
107149
107144
107154
107006
106925
106927
106933
106855
