572
152024 152025 673
152024 152046 890
152025 152024 673
152025 152026 403
152025 155522 600
152046 152024 890
152046 152045 2197
152046 155515 948
152026 152025 403
152026 152027 790
152026 175376 871
152026 175384 3482
155522 152025 600
155522 155516 336
155522 175375 976
152045 152044 95
152045 152046 2197
152045 155517 940
155515 152046 948
155515 155511 673
155515 155516 1919
155515 155517 2058
152027 152026 790
152027 152028 709
152027 175381 3351
175376 152026 871
175376 175373 3152
175376 175375 709
175384 152026 3482
175384 174751 2126
175384 175373 850
175384 175381 933
155516 155512 871
155516 155515 1919
155516 155522 336
175375 155522 976
175375 175369 1339
175375 175372 276
175375 175376 709
152044 152042 1327
152044 152045 95
152044 172798 1090
155517 152045 940
155517 155514 673
155517 155515 2058
155517 155526 1641
155511 155504 873
155511 155512 2310
155511 155514 2058
155511 155515 673
152028 152027 709
175381 152027 3351
175381 175383 1248
175381 175384 933
175373 175370 673
175373 175374 1897
175373 175376 3152
175373 175384 850
174751 174750 445
174751 175384 2126
155512 155511 2310
155512 155513 552
155512 155516 871
175369 155513 1032
175369 175366 893
175369 175368 683
175369 175375 1339
175372 175367 709
175372 175370 2790
175372 175375 276
152042 152043 1042
152042 152044 1327
152042 155526 1029
172798 152044 1090
155514 155508 890
155514 155511 2058
155514 155517 673
155514 155527 1726
155526 152042 1029
155526 155517 1641
155526 155527 751
155526 155529 2114
155504 155483 810
155504 155505 2587
155504 155508 2197
155504 155511 873
175383 175381 1248
175370 175364 683
175370 175371 1675
175370 175372 2790
175370 175373 673
175374 175373 1897
174750 174749 3112
174750 174751 445
174750 175302 672
174750 175355 871
155513 155505 355
155513 155512 552
155513 175369 1032
175366 175328 421
175366 175367 435
175366 175369 893
175368 155506 1140
175368 175327 1161
175368 175331 683
175368 175369 683
175367 175364 2458
175367 175366 435
175367 175372 709
152043 152042 1042
155508 155504 2197
155508 155507 810
155508 155510 1641
155508 155514 890
155527 155510 811
155527 155514 1726
155527 155526 751
155527 155528 1975
155529 155526 2114
155529 155528 738
155529 155568 2058
155483 155482 605
155483 155489 2843
155483 155504 810
155483 155507 2197
155505 155504 2587
155505 155506 355
155505 155513 355
175364 175325 933
175364 175365 1576
175364 175367 2458
175364 175370 683
175371 175370 1675
174749 174286 1248
174749 174750 3112
174749 175324 709
175302 174750 672
175302 175301 766
175302 175347 3240
175302 175352 766
175355 174750 871
175355 175352 581
175355 175356 595
175328 175325 2248
175328 175327 517
175328 175366 421
155506 155489 605
155506 155505 355
155506 175368 1140
175327 175328 517
175327 175329 355
175327 175368 1161
175331 155489 1398
175331 175330 1592
175331 175332 709
175331 175368 683
155507 155483 2197
155507 155508 810
155507 155509 1673
155507 172641 810
155510 155508 1641
155510 155509 948
155510 155519 1976
155510 155527 811
155528 155519 810
155528 155527 1975
155528 155529 738
155528 155549 1975
155568 155529 2058
155568 155550 336
155568 155569 1009
155482 155483 605
155482 155484 810
155482 155495 418
155489 155483 2843
155489 155488 905
155489 155506 605
155489 175331 1398
175325 174679 600
175325 175326 1454
175325 175328 2248
175325 175364 933
175365 175364 1576
174286 174287 3227
174286 174288 673
174286 174749 1248
174286 175297 789
175324 174288 1467
175324 174749 709
175324 175323 828
175301 175300 683
175301 175302 766
175301 175342 3250
175347 175302 3240
175347 175339 1565
175347 175342 849
175347 175351 849
175352 175302 766
175352 175351 3233
175352 175354 682
175352 175355 581
175356 175354 496
175356 175355 595
175356 175360 740
175329 174679 1891
175329 175327 355
175329 175330 403
175330 174680 435
175330 175329 403
175330 175331 1592
175332 155488 1467
175332 175331 709
175332 175333 1848
175332 176464 871
155509 155507 1673
155509 155510 948
155509 155521 552
172641 155507 810
155519 155510 1976
155519 155518 751
155519 155528 810
155519 155548 1837
155549 155528 1975
155549 155548 807
155549 155550 355
155550 155538 511
155550 155549 355
155550 155568 336
155569 155568 1009
155484 155482 810
155484 155485 403
155484 155492 2887
155495 155482 418
155495 155494 605
155495 155496 3027
155488 155487 807
155488 155489 905
155488 175332 1467
174679 174678 758
174679 174687 1357
174679 175325 600
174679 175329 1891
175326 175325 1454
174287 174286 3227
174287 174289 842
174287 175285 1796
174287 175298 630
174288 174286 673
174288 174289 3240
174288 175299 600
174288 175324 1467
175297 174286 789
175297 175298 3240
175297 175300 926
175323 175299 1669
175323 175322 630
175323 175324 828
175300 175297 926
175300 175301 683
175300 175343 3250
175342 175301 3250
175342 175341 1565
175342 175343 682
175342 175347 849
175339 175338 766
175339 175340 581
175339 175341 849
175339 175347 1565
175351 175338 1576
175351 175347 849
175351 175352 3233
175351 175353 517
175354 175352 682
175354 175353 3250
175354 175356 496
175360 175356 740
174680 174678 1558
174680 174681 1282
174680 175330 435
174680 175333 435
175333 174680 435
175333 175321 709
175333 175332 1848
176464 155487 1719
176464 175316 790
176464 175321 1810
176464 175332 871
155521 155509 552
155521 155520 558
155521 155535 1045
155518 155481 1819
155518 155519 751
155518 155520 948
155518 155536 698
155548 155519 1837
155548 155547 807
155548 155549 807
155538 155537 1140
155538 155550 511
155538 155590 2017
155485 155484 403
155485 155486 673
155485 155490 2782
155492 155484 2887
155492 155490 697
155492 155493 836
155494 155493 2455
155494 155495 605
155494 155497 818
155496 155491 810
155496 155495 3027
155487 153030 517
155487 155488 807
155487 176464 1719
174678 174679 758
174678 174680 1558
174687 174679 1357
174289 174287 842
174289 174288 3240
174289 175284 1686
174289 175290 766
175285 174287 1796
175285 175284 849
175285 175288 782
175285 175294 673
175298 174287 630
175298 175294 1565
175298 175297 3240
175298 175343 843
175299 174288 600
175299 175282 849
175299 175296 1592
175299 175323 1669
175322 175282 1810
175322 175305 871
175322 175323 630
175343 175298 843
175343 175300 3250
175343 175342 682
175343 175344 1004
175341 175339 849
175341 175342 1565
175338 175337 505
175338 175339 766
175338 175351 1576
175340 175339 581
175353 175337 1467
175353 175351 517
175353 175354 3250
175353 175357 849
174681 174680 1282
174681 174682 766
174681 175321 581
175321 174681 581
175321 175315 766
175321 175333 709
175321 176464 1810
175316 153029 1719
175316 175315 1919
175316 175317 709
175316 176464 790
155520 155480 1758
155520 155518 948
155520 155521 558
155535 155479 637
155535 155521 1045
155481 155474 673
155481 155480 890
155481 155518 1819
155536 155474 1683
155536 155518 698
155536 155547 948
155547 155473 1880
155547 155536 948
155547 155548 807
155537 155538 1140
155537 155539 1426
155537 155594 677
155590 155538 2017
155590 155592 818
155486 153022 1968
155486 155485 673
155490 153021 927
155490 155485 2782
155490 155492 697
155493 155491 948
155493 155492 836
155493 155494 2455
155497 155494 818
155491 153045 738
155491 155493 948
155491 155496 810
153030 153022 924
153030 153029 276
153030 155487 517
175284 174289 1686
175284 175273 1398
175284 175285 849
175284 175289 682
175290 174289 766
175290 175276 682
175290 175289 1675
175290 175296 1675
175288 175215 3247
175288 175285 782
175288 186167 252
175294 175266 3421
175294 175285 673
175294 175295 233
175294 175298 1565
175282 175279 766
175282 175281 1686
175282 175299 849
175282 175322 1810
175296 175281 758
175296 175290 1675
175296 175299 1592
175305 175279 1906
175305 175304 790
175305 175322 871
175344 175343 1004
175337 175336 932
175337 175338 505
175337 175353 1467
175357 175336 1454
175357 175353 849
174682 174681 766
174682 174683 871
174682 175315 796
175315 174682 796
175315 175310 790
175315 175316 1919
175315 175321 766
153029 153028 751
153029 153030 276
153029 175316 1719
175317 153028 1827
175317 175310 1935
175317 175316 709
175317 175318 709
155480 155479 650
155480 155481 890
155480 155520 1758
155479 155478 474
155479 155480 650
155479 155535 637
155474 155473 789
155474 155481 673
155474 155536 1683
155473 155474 789
155473 155475 738
155473 155547 1880
155539 155537 1426
155539 155540 673
155539 155596 873
155539 155597 1698
155594 155537 677
155594 155593 940
155594 155596 2262
155592 155590 818
155592 155593 1009
155592 155600 1124
153022 153021 677
153022 153030 924
153022 155486 1968
153021 153022 677
153021 153023 984
153021 155490 927
153045 153031 1641
153045 153041 782
153045 155491 738
175273 175271 952
175273 175272 1902
175273 175283 612
175273 175284 1398
175289 175284 682
175289 175290 1675
175276 175272 1701
175276 175275 766
175276 175281 1558
175276 175290 682
175215 175201 807
175215 175216 890
175215 175267 738
175215 175288 3247
186167 175288 252
175266 175265 1698
175266 175267 738
175266 175294 3421
175295 175267 3239
175295 175294 233
175279 175277 1675
175279 175278 849
175279 175282 766
175279 175305 1906
175281 175276 1558
175281 175277 682
175281 175282 1686
175281 175296 758
175304 175278 2028
175304 175303 790
175304 175305 790
175336 175335 766
175336 175337 932
175336 175357 1454
174683 174682 871
174683 174684 849
174683 175310 1248
175310 174683 1248
175310 175309 790
175310 175315 790
175310 175317 1935
153028 153027 709
153028 153029 751
153028 175317 1827
175318 175308 701
175318 175317 709
175318 175319 903
155478 155479 474
155478 172307 244
155475 155473 738
155475 155476 2507
155475 155534 738
155540 155539 673
155540 155541 752
155540 155589 4125
155596 155539 873
155596 155594 2262
155596 155595 807
155597 155539 1698
155593 155592 1009
155593 155594 940
155593 155595 3262
155600 155592 1124
153023 153021 984
153023 153031 2058
153031 153023 2058
153031 153045 1641
153041 153045 782
175271 175273 952
175272 175273 1902
175272 175276 1701
175283 175273 612
175275 175276 766
175275 175277 1565
175201 175215 807
175216 175215 890
175267 175215 738
175267 175266 738
175267 175295 3239
175265 175266 1698
175277 175275 1565
175277 175279 1675
175277 175281 682
175278 175279 849
175278 175304 2028
175303 175304 790
175335 175336 766
174684 174683 849
175309 175310 790
153027 153028 709
153027 175308 1126
175308 153027 1126
175308 175318 701
175319 175318 903
172307 155478 244
155476 155475 2507
155534 155475 738
155541 155540 752
155589 155540 4125
155595 155593 3262
155595 155596 807
200
152024
152025
152046
152026
155522
152045
155515
152027
175376
175384
155516
175375
152044
155517
155511
152028
175381
175373
174751
155512
175369
175372
152042
172798
155514
155526
155504
175383
175370
175374
174750
155513
175366
175368
175367
152043
155508
155527
155529
155483
155505
175364
175371
174749
175302
175355
175328
155506
175327
175331
155507
155510
155528
155568
155482
155489
175325
175365
174286
175324
175301
175347
175352
175356
175329
175330
175332
155509
172641
155519
155549
155550
155569
155484
155495
155488
174679
175326
174287
174288
175297
175323
175300
175342
175339
175351
175354
175360
174680
175333
176464
155521
155518
155548
155538
155485
155492
155494
155496
155487
174678
174687
174289
175285
175298
175299
175322
175343
175341
175338
175340
175353
174681
175321
175316
155520
155535
155481
155536
155547
155537
155590
155486
155490
155493
155497
155491
153030
175284
175290
175288
175294
175282
175296
175305
175344
175337
175357
174682
175315
153029
175317
155480
155479
155474
155473
155539
155594
155592
153022
153021
153045
175273
175289
175276
175215
186167
175266
175295
175279
175281
175304
175336
174683
175310
153028
175318
155478
155475
155540
155596
155597
155593
155600
153023
153031
153041
175271
175272
175283
175275
175201
175216
175267
175265
175277
175278
175303
175335
174684
175309
153027
175308
175319
172307
155476
155534
155541
155589
155595
