20
195354 195353 756
195353 195354 756
196296 196298 683
196298 196296 683
196195 196193 755
196193 196195 755
196199 196205 864
196199 196213 329
196205 196199 864
196207 196210 663
196213 196199 329
196210 196207 663
141327 141328 453
141328 141327 453
141397 141401 337
141401 141397 337
141118 141132 1416
141132 141118 1416
189844 189843 772
189843 189844 772
38
195343
144216
144260
195478
195479
195354
195353
195520
195534
196296
196289
196298
196299
196195
195526
196191
196193
196205
196270
196213
196210
141327
141328
141381
141382
141397
141401
144193
141040
141118
141131
141310
141132
189895
189844
189843
189930
189934
