22
28250 28301 276
28301 28250 276
28306 28317 1142
28317 28306 1142
28317 28332 1385
28332 28317 1385
28332 28337 1458
28337 28332 1458
28338 28421 1496
28421 28338 1496
28578 28579 629
28579 28578 629
28685 28683 747
24422 24421 475
24422 24423 1008
28683 28685 747
28824 28860 1124
28860 28729 1533
28860 28824 1124
28729 28860 1533
24421 24422 475
24423 24422 1008
35
28250
28301
28303
28306
28317
28332
28337
28338
28421
28605
28606
28550
28551
28578
28579
28628
28596
28649
28650
28685
28870
28880
28882
28896
28943
28681
28683
28698
28822
28831
28824
28729
28862
28863
24408
