14
184531 184530 1848
184556 184555 552
184530 184531 1848
184555 184556 552
183113 183114 747
183114 183113 747
184640 184659 848
184659 184640 848
184637 184629 511
184637 184685 605
184685 184637 605
184629 184637 511
184629 184650 1410
184650 184629 1410
36
184524
184531
184556
184530
184396
184555
163074
163083
163080
163097
163125
163109
183100
183114
183117
183139
183127
184617
184638
184666
184623
184658
184640
184659
184642
184685
184479
184505
184508
184519
184650
184653
184648
185730
183111
183157
