20
74393 74394 2720
74394 74393 2720
74299 74302 1975
74302 74299 1975
74522 74523 1718
74523 74522 1718
74523 74527 2507
74704 75014 4312
74527 74523 2507
74527 74649 1718
74649 74527 1718
75014 74704 4312
75014 75017 5906
75017 75014 5906
217108 215191 481
217108 217112 1603
215191 217108 481
217112 217108 1603
171785 171760 337
171760 171785 337
37
74393
74394
74392
74831
74884
74828
74299
74302
74364
74087
74182
74522
74523
74426
74429
74689
74699
74704
74527
74649
75014
75017
75037
74705
74657
74662
215191
217112
171011
171012
171020
171095
171786
171785
171760
171110
171795
