20
189268 190774 782
190774 189268 782
135561 135560 848
135560 135561 848
135553 135500 537
135542 135545 747
135500 135553 537
135554 135584 907
135545 135542 747
135555 135584 2273
135555 135586 1103
135583 135584 1426
135584 135554 907
135584 135555 2273
135584 135583 1426
135586 135555 1103
135586 135587 751
135587 135586 751
135607 135605 1031
135605 135607 1031
34
188512
190528
188510
189086
189091
189094
190633
188492
190635
188549
188599
188563
187056
189268
190774
190725
189259
135358
135564
135561
135335
135560
135542
135556
135554
135545
135555
135501
135583
135587
135597
135600
135607
135605
