22
149477 149475 908
149475 149477 908
146569 149851 587
149851 146569 587
148784 148780 797
148780 148782 1011
148780 148784 797
148782 148780 1011
148792 148793 725
148822 148826 764
148826 148822 764
148793 148792 725
146287 149306 183
146290 146576 180
146576 146290 180
149306 146287 183
146331 146330 764
146326 146334 650
146330 146331 764
146330 146334 414
146334 146326 650
146334 146330 414
35
149477
149475
149414
149416
149422
149443
147313
146277
146278
146569
148727
149851
148784
148798
148797
148780
148782
148792
148822
148826
148835
146287
146576
146578
149306
146331
146327
146326
146334
146497
146341
146342
146320
151056
151074
