16
145167 145168 523
145168 145167 523
145168 145171 827
145171 145168 827
146612 146613 405
146613 146612 405
146613 146617 2202
146617 146613 2202
146620 146621 1338
146621 146620 1338
146689 146690 858
146676 146677 854
146690 146689 858
146677 146676 854
146684 146823 2321
146823 146684 2321
36
144986
204787
204965
207727
144979
145167
145168
145171
145184
145188
145189
145229
145250
145264
145270
145272
146441
146445
146446
146612
146617
146620
146621
146689
146676
146690
146696
146677
146684
146820
146821
146867
146823
146825
146839
146833
