454
56856 56857 1279
56856 57503 556
56857 56856 1279
56857 57494 944
56857 57495 1284
57503 56856 556
57503 57504 534
57503 57505 643
57494 56857 944
57495 56857 1284
57495 57506 820
57495 57508 287
57504 57503 534
57505 57503 643
57505 57506 520
57505 57509 568
57506 57495 820
57506 57505 520
57506 57507 558
57508 57495 287
57508 57516 1025
57508 57520 520
57509 57491 1029
57509 57505 568
57509 57511 587
57507 57506 558
57507 57515 745
57507 57516 796
57516 57507 796
57516 57508 1025
57516 57517 498
57520 57508 520
57520 57523 1371
57520 57525 314
57491 57488 809
57491 57509 1029
57491 57510 666
57511 57509 587
57515 57507 745
57515 57512 737
57515 57536 1365
57517 57516 498
57517 57527 409
57517 57536 723
57523 57518 64
57523 57520 1371
57525 57520 314
57525 57524 485
57488 57486 1091
57488 57490 464
57488 57491 809
57510 57491 666
57510 57513 706
57510 57514 760
57512 57513 329
57512 57514 864
57512 57515 737
57536 57515 1365
57536 57517 723
57527 57517 409
57527 57524 407
57527 77406 762
57518 57497 1827
57518 57519 982
57518 57523 64
57524 57525 485
57524 57526 528
57524 57527 407
57486 57487 1599
57486 57488 1091
57486 57489 862
57490 57488 464
57513 57510 706
57513 57512 329
57514 57492 1143
57514 57510 760
57514 57512 864
77406 57527 762
57497 57496 908
57497 57518 1827
57497 57522 1577
57519 57518 982
57519 57521 669
57519 57522 237
57526 57524 528
57526 57528 1178
57526 76492 240
57487 56945 311
57487 57486 1599
57487 77407 1670
57489 57486 862
57489 57492 926
57489 57493 1604
57492 57489 926
57492 57514 1143
57496 57497 908
57496 57500 729
57496 57532 986
57522 57497 1577
57522 57519 237
57522 57528 1298
57521 57519 669
57528 57522 1298
57528 57526 1178
57528 57531 870
57528 57534 663
76492 57526 240
76492 57530 296
76492 78317 303
56945 56944 313
56945 57487 311
56945 57493 846
77407 57487 1670
77407 77408 1101
77407 77409 665
57493 56945 846
57493 57097 2962
57493 57489 1604
57500 57496 729
57500 57501 196
57532 57496 986
57532 57531 1146
57532 57555 624
57531 57528 870
57531 57532 1146
57531 57533 800
57534 57528 663
57534 57535 915
57534 57540 810
57530 57529 454
57530 76492 296
78317 76492 303
56944 56945 313
56944 76524 482
56944 77405 572
77408 57097 581
77408 77407 1101
77408 78670 526
77409 77407 665
57097 56955 466
57097 57493 2962
57097 77405 1417
57097 77408 581
57501 57499 324
57501 57500 196
57501 57502 4520
57555 57532 624
57555 57533 1432
57533 57531 800
57533 57555 1432
57535 57534 915
57535 57541 664
57535 57542 716
57540 57534 810
57529 57530 454
57529 57537 1063
57529 57545 832
76524 56944 482
77405 56944 572
77405 57097 1417
78670 76692 568
78670 77408 526
78670 78671 175
56955 56956 513
56955 56962 1013
56955 57097 466
57499 57498 490
57499 57501 324
57502 57501 4520
57502 57556 277
57541 57535 664
57542 57535 716
57542 57543 535
57542 57557 435
57537 57529 1063
57537 57538 539
57537 57539 585
57545 57529 832
57545 57544 751
57545 57546 723
76692 57103 292
76692 78669 361
76692 78670 568
78671 78670 175
56956 56955 513
56962 56955 1013
56962 57103 604
56962 57474 158
57498 57451 3069
57498 57499 490
57556 57502 277
57556 57560 468
57556 57561 11663
57543 57542 535
57543 57550 666
57557 57542 435
57557 57552 419
57557 57558 747
57538 57537 539
57539 57537 585
57544 57545 751
57544 57547 788
57544 57621 587
57546 57545 723
57546 57548 317
57546 57551 356
57103 56962 604
57103 57104 296
57103 76692 292
78669 76692 361
57474 56962 158
57474 57472 1077
57451 57449 2272
57451 57498 3069
57560 57556 468
57560 57562 443
57560 76750 3429
57561 57556 11663
57561 57563 6443
57561 57566 10687
57561 57575 254
57550 57543 666
57550 57549 476
57552 57549 184
57552 57557 419
57552 57558 932
57558 57552 932
57558 57557 747
57558 57559 2432
57547 57544 788
57547 57553 803
57621 57544 587
57621 57625 375
57621 57698 1319
57548 57546 317
57551 57546 356
57104 57103 296
57472 57462 818
57472 57471 781
57472 57473 453
57472 57474 1077
57449 57448 9419
57449 57450 3829
57449 57451 2272
57562 57560 443
57562 57563 9160
57562 57564 4955
57562 57705 3058
76750 57560 3429
57563 57561 6443
57563 57562 9160
57563 57576 2378
57563 57577 438
57566 57561 10687
57566 57567 5623
57575 57452 7893
57575 57561 254
57549 57550 476
57549 57552 184
57549 57553 400
57559 57558 2432
57553 57547 803
57553 57549 400
57553 57554 318
57625 57621 375
57698 57621 1319
57698 57696 626
57462 57460 558
57462 57472 818
57462 57473 365
57471 57468 749
57471 57472 781
57471 57477 883
57473 57462 365
57473 57472 453
57473 77426 341
57448 56890 3932
57448 57445 7878
57448 57449 9419
57450 57449 3829
57450 57452 9688
57564 57562 4955
57564 57708 977
57564 57709 8731
57705 57562 3058
57705 57697 3780
57576 57563 2378
57576 57587 404
57577 57563 438
57577 57840 629
57567 57566 5623
57567 57572 1450
57567 57573 339
57567 57574 586
57452 57450 9688
57452 57565 8554
57452 57575 7893
57452 76884 4566
57554 57553 318
57696 57697 647
57696 57698 626
57696 57700 1465
57460 57458 1056
57460 57461 324
57460 57462 558
57468 57458 545
57468 57469 617
57468 57470 522
57468 57471 749
57477 57471 883
77426 57473 341
56890 57438 699
56890 57448 3932
57445 57444 5723
57445 57448 7878
57445 76883 1748
57708 57564 977
57708 76751 1894
57708 76754 1697
57709 57564 8731
57709 57710 939
57697 57696 647
57697 57705 3780
57587 57576 404
57587 57588 248
57587 57593 2783
57840 57577 629
57840 76493 1010
57572 57567 1450
57573 57567 339
57573 57569 277
57574 57567 586
57574 57601 13944
57574 76753 5085
57565 56895 4357
57565 57452 8554
76884 57452 4566
76884 78672 3115
57700 57696 1465
57700 57699 1043
57700 57702 622
57458 57459 610
57458 57460 1056
57458 57468 545
57461 57460 324
57469 57468 617
57470 57468 522
57438 56890 699
57444 57442 2162
57444 57445 5723
57444 57446 438
76883 57445 1748
76751 57708 1894
76751 76752 3246
76754 57708 1697
57710 57709 939
57588 57587 248
57588 57589 1508
57588 57590 5129
57593 57587 2783
57593 57785 369
57593 57786 129
76493 57840 1010
76493 76502 2527
57569 56895 2741
57569 57573 277
57601 57574 13944
57601 57598 3560
57601 57909 8113
76753 57574 5085
56895 57565 4357
56895 57568 1849
56895 57569 2741
78672 76884 3115
78672 78673 3230
57699 57641 1100
57699 57681 520
57699 57700 1043
57702 57700 622
57702 57703 414
57702 57704 330
57459 57458 610
57442 57023 4476
57442 57439 4844
57442 57443 946
57442 57444 2162
57446 57444 438
57446 57447 3808
76752 76751 3246
57589 57588 1508
57589 76494 650
57590 57588 5129
57590 57598 4023
57785 57592 175
57785 57593 369
57786 57593 129
57786 57787 556
57786 76494 665
76502 57842 2724
76502 76493 2527
57598 57590 4023
57598 57601 3560
57909 57601 8113
57909 57912 593
57568 56895 1849
78673 78672 3230
57641 57639 1437
57641 57699 1100
57681 57642 1169
57681 57699 520
57681 57701 397
57703 57702 414
57704 57702 330
57023 57022 1920
57023 57442 4476
57023 57453 1975
57439 57440 3324
57439 57441 533
57439 57442 4844
57443 57442 946
57443 57454 4971
57447 57446 3808
76494 57589 650
76494 57786 665
57592 57584 1834
57592 57749 680
57592 57785 175
57787 57786 556
57787 57793 688
57787 57797 734
57842 57841 2609
57842 57843 150
57842 76502 2724
57912 57909 593
57912 57985 1078
57639 57641 1437
57642 57681 1169
57701 57681 397
57022 57023 1920
57453 57023 1975
57453 57454 796
57440 57439 3324
57441 57439 533
57454 57443 4971
57454 57453 796
57584 57592 1834
57749 57592 680
57793 57787 688
57793 57797 972
57797 57787 734
57797 57793 972
57841 57842 2609
57843 57842 150
57985 57912 1078
55
57474
57472
57449
57462
57471
57473
57448
57450
57452
57460
57468
57477
77426
56890
57445
57709
57697
57565
76884
57458
57461
57469
57470
57438
57444
76883
76751
57710
56895
78672
57459
57442
57446
76752
57568
78673
57023
57439
57443
57447
57639
57642
57701
57022
57453
57440
57441
57454
57584
57749
57793
57797
57841
57843
57985
