486
94581 94582 3499
94582 94581 3499
94582 94583 108
94583 94582 108
94583 94586 1032
94586 94583 1032
94586 94587 1686
94587 94586 1686
94587 100242 599
100242 94587 599
100242 100235 629
100242 100243 716
100235 100222 1394
100235 100240 354
100235 100242 629
100243 100242 716
100243 100263 1233
100243 102729 504
100222 100217 4283
100222 100221 4359
100222 100235 1394
100240 100235 354
100240 100238 878
100240 100241 2281
100263 100241 672
100263 100243 1233
100263 100264 2113
102729 100243 504
100217 100214 1957
100217 100221 809
100217 100222 4283
100221 100217 809
100221 100218 1640
100221 100222 4359
100238 100236 676
100238 100239 2508
100238 100240 878
100241 100239 947
100241 100240 2281
100241 100262 2113
100241 100263 672
100264 100262 672
100264 100263 2113
100214 100215 551
100214 100216 2044
100214 100217 1957
100218 100116 1438
100218 100219 5033
100218 100221 1640
100236 100219 474
100236 100237 2598
100236 100238 676
100239 100237 738
100239 100238 2508
100239 100241 947
100239 100254 2057
100262 100241 2113
100262 100254 1009
100262 100264 672
100262 102257 536
100215 100214 551
100216 100214 2044
100116 100117 1336
100116 100218 1438
100219 100218 5033
100219 100230 1283
100219 100236 474
100237 100236 2598
100237 100239 738
100237 100252 720
100237 100253 418
100254 94589 1354
100254 100239 2057
100254 100262 1009
100254 100265 1344
102257 100262 536
100117 100116 1336
100117 103045 149
100230 100219 1283
100230 100220 1224
100230 100231 2644
100252 94589 2150
100252 100231 642
100252 100237 720
100252 102282 1818
100253 100237 418
94589 94590 344
94589 100252 2150
94589 100254 1354
94589 100566 1555
100265 100254 1344
100265 100566 1035
100265 103033 461
103045 100117 149
100220 94597 3226
100220 100223 1168
100220 100230 1224
100231 100230 2644
100231 100252 642
100231 102256 373
102282 100252 1818
94590 94589 344
94590 100259 557
100566 94589 1555
100566 100265 1035
100566 100266 775
103033 100265 461
103033 103034 692
103033 103035 531
94597 94598 805
94597 100220 3226
100223 94595 3362
100223 100220 1168
100223 100225 975
102256 100231 373
102256 100259 1868
100259 94590 557
100259 100255 932
100259 102256 1868
100266 100255 2438
100266 100261 1168
100266 100268 672
100266 100566 775
103034 103033 692
103035 103033 531
94598 94597 805
94595 94596 479
94595 100223 3362
100225 100223 975
100225 100224 697
100225 100226 809
100255 100256 1482
100255 100257 1619
100255 100259 932
100255 100266 2438
100261 100260 476
100261 100266 1168
100261 100267 709
100268 100266 672
100268 100269 1827
100268 100270 1879
94596 94595 479
100224 100119 2146
100224 100225 697
100224 100227 1745
100226 100225 809
100226 100232 1780
100226 100234 3016
100256 100255 1482
100257 100234 1140
100257 100255 1619
100257 100258 1085
100260 100261 476
100267 100261 709
100269 100268 1827
100269 100331 150
100269 102714 369
100270 100268 1879
100270 100330 139
100270 100331 557
100119 100114 1946
100119 100120 623
100119 100224 2146
100227 100103 4733
100227 100224 1745
100227 100228 1831
100232 100226 1780
100232 100233 947
100232 100234 1809
100234 100226 3016
100234 100232 1809
100234 100257 1140
100258 100257 1085
100331 100269 150
100331 100270 557
100331 100333 1015
102714 100269 369
100330 100270 139
100330 100332 2817
100114 100115 1063
100114 100118 1636
100114 100119 1946
100120 100118 440
100120 100119 623
100120 103246 1318
100103 100101 9754
100103 100227 4733
100228 100227 1831
100228 100229 3310
100233 100232 947
100333 100331 1015
100332 100330 2817
100332 100355 809
100332 100357 3290
100115 100113 1663
100115 100114 1063
100118 95647 223
100118 100114 1636
100118 100120 440
103246 100120 1318
100101 100102 14054
100101 100103 9754
100101 102307 578
100229 100228 3310
100229 100271 2520
100229 100272 3563
100355 100332 809
100355 100356 1152
100355 100361 5633
100357 100293 3090
100357 100332 3290
100357 100358 1224
100113 95648 599
100113 100112 1180
100113 100115 1663
95647 95648 180
95647 100118 223
100102 100101 14054
100102 100124 629
100102 100126 8213
102307 100101 578
102307 102308 1654
102307 103088 1095
100271 100229 2520
100271 100278 2340
100271 102313 1657
100272 100229 3563
100356 100355 1152
100361 100355 5633
100293 100291 873
100293 100294 1446
100293 100357 3090
100358 100297 605
100358 100357 1224
100358 100362 3604
95648 95647 180
95648 95706 1867
95648 100113 599
100112 95867 502
100112 100113 1180
100124 100102 629
100124 100122 1338
100126 100102 8213
100126 100601 1949
100126 100603 4498
100126 100604 857
102308 102307 1654
103088 101858 1853
103088 102307 1095
103088 103089 968
100278 100271 2340
100278 100275 1254
100278 100279 1085
102313 100271 1657
100291 100289 810
100291 100292 1501
100291 100293 873
100294 100292 810
100294 100293 1446
100294 100295 810
100297 100296 2694
100297 100358 605
100297 100359 1545
100362 100358 3604
100362 100359 3920
100362 100363 1640
95706 95648 1867
95867 95868 60
95867 100112 502
100122 100121 2480
100122 100124 1338
100601 100126 1949
100601 100483 2710
100601 100602 524
100603 100126 4498
100604 100126 857
100604 100286 2348
100604 102314 304
101858 100100 2067
101858 101857 1473
101858 103088 1853
103089 101857 246
103089 103088 968
100275 100274 2361
100275 100277 688
100275 100278 1254
100279 100278 1085
100279 100280 1762
100279 100281 1152
100289 100288 810
100289 100290 1640
100289 100291 810
100292 100290 836
100292 100291 1501
100292 100294 810
100292 103087 318
100295 100294 810
100295 100306 1831
100295 100309 1210
100296 100297 2694
100296 100360 1411
100296 100365 1205
100359 100297 1545
100359 100360 1456
100359 100362 3920
100363 100360 3256
100363 100362 1640
100363 100364 403
95868 95842 307
95868 95867 60
100121 100104 1361
100121 100122 2480
100121 100123 2551
100483 100481 1022
100483 100601 2710
100483 102728 591
100602 95817 3123
100602 100601 524
100602 103090 1168
100286 100282 889
100286 100287 617
100286 100604 2348
102314 94593 2566
102314 100604 304
102314 102315 1925
100100 100097 1302
100100 101857 1367
100100 101858 2067
101857 100100 1367
101857 101858 1473
101857 103089 246
100274 100127 884
100274 100275 2361
100274 100277 2031
100277 100274 2031
100277 100275 688
100277 100280 873
100280 100277 873
100280 100279 1762
100281 100279 1152
100281 100283 1873
100281 100298 1681
100281 100299 841
100288 100289 810
100288 100299 915
100288 100300 1697
100290 100289 1640
100290 100292 836
100290 100300 751
100290 100306 1362
103087 100292 318
100306 100290 1362
100306 100295 1831
100306 100305 788
100309 100295 1210
100309 100312 1161
100309 100365 870
100360 100296 1411
100360 100359 1456
100360 100363 3256
100365 100296 1205
100365 100309 870
100365 100366 1281
100364 100363 403
95842 95835 50
95842 95868 307
100104 100099 5557
100104 100121 1361
100104 102469 5806
100123 100121 2551
100123 100125 3756
100481 100125 2551
100481 100482 1488
100481 100483 1022
102728 100483 591
95817 95819 259
95817 100602 3123
103090 100602 1168
100282 95822 813
100282 100283 3571
100282 100284 1554
100282 100286 889
100287 100285 664
100287 100286 617
94593 94592 1055
94593 94594 2287
94593 102314 2566
102315 94592 1448
102315 94594 2743
102315 102314 1925
100097 99558 4432
100097 100098 3669
100097 100100 1302
100127 100128 1210
100127 100273 344
100127 100274 884
100283 95820 307
100283 100281 1873
100283 100282 3571
100298 100281 1681
100298 100301 713
100298 100302 2016
100298 100304 756
100299 100281 841
100299 100288 915
100300 100288 1697
100300 100290 751
100300 100304 863
100300 100305 1501
100305 100300 1501
100305 100306 788
100305 100307 848
100312 100309 1161
100312 100310 1299
100312 100313 2046
100366 100313 976
100366 100365 1281
100366 100369 551
95835 95836 591
95835 95842 50
100099 100098 1984
100099 100104 5557
100099 100105 4613
102469 100104 5806
102469 102470 1585
100125 100123 3756
100125 100480 2041
100125 100481 2551
100482 100481 1488
100482 102725 595
100482 102726 1715
95819 95817 259
95822 95820 3506
95822 95823 884
95822 100282 813
100284 100282 1554
100285 97337 1532
100285 100276 2952
100285 100287 664
94592 94593 1055
94592 94594 2161
94592 102315 1448
94594 94592 2161
94594 94593 2287
94594 102315 2743
99558 99556 18
99558 99559 6878
99558 100097 4432
99558 100098 5401
100098 99558 5401
100098 100097 3669
100098 100099 1984
100128 100127 1210
100273 100127 344
95820 95821 575
95820 95822 3506
95820 100283 307
100301 100298 713
100301 100303 1946
100302 100298 2016
100302 100303 747
100302 100307 373
100304 100298 756
100304 100300 863
100307 100302 373
100307 100305 848
100310 100312 1299
100313 100312 2046
100313 100366 976
100369 100366 551
95836 95835 591
100105 100099 4613
102470 102469 1585
100480 100125 2041
102725 100482 595
102726 100482 1715
95823 95821 3092
95823 95822 884
97337 100285 1532
100276 100285 2952
99556 99558 18
99559 99558 6878
95821 95820 575
95821 95823 3092
100303 100301 1946
100303 100302 747
196
94587
100242
100235
100243
100222
100240
100263
102729
100217
100221
100238
100241
100264
100214
100218
100236
100239
100262
100215
100216
100116
100219
100237
100254
102257
100117
100230
100252
100253
94589
100265
103045
100220
100231
102282
94590
100566
103033
94597
100223
102256
100259
100266
103034
103035
94598
94595
100225
100255
100261
100268
94596
100224
100226
100256
100257
100260
100267
100269
100270
100119
100227
100232
100234
100258
100331
102714
100330
100114
100120
100103
100228
100233
100333
100332
100115
100118
103246
100101
100229
100355
100357
100113
95647
100102
102307
100271
100272
100356
100361
100293
100358
95648
100112
100124
100126
102308
103088
100278
102313
100291
100294
100297
100362
95706
95867
100122
100601
100603
100604
101858
103089
100275
100279
100289
100292
100295
100296
100359
100363
95868
100121
100483
100602
100286
102314
100100
101857
100274
100277
100280
100281
100288
100290
103087
100306
100309
100360
100365
100364
95842
100104
100123
100481
102728
95817
103090
100282
100287
94593
102315
100097
100127
100283
100298
100299
100300
100305
100312
100366
95835
100099
102469
100125
100482
95819
95822
100284
100285
94592
94594
99558
100098
100128
100273
95820
100301
100302
100304
100307
100310
100313
100369
95836
100105
102470
100480
102725
102726
95823
97337
100276
99556
99559
95821
100303
