102
155902 155903 630
155903 155902 630
155903 157004 581
157004 155903 581
157004 157005 1742
157004 157015 630
157005 157004 1742
157005 157006 600
157005 157011 558
157015 157004 630
157015 157014 666
157015 157075 2240
157006 157005 600
157006 172785 1100
157011 157005 558
157011 157074 871
157011 157088 1719
157014 157013 1144
157014 157015 666
157075 157015 2240
172785 157006 1100
157074 157011 871
157088 157011 1719
157088 157089 1226
157013 155937 612
157013 157014 1144
157013 157077 713
157089 157088 1226
155937 155936 511
155937 157013 612
157077 157013 713
157077 157076 436
157077 157078 1111
155936 155935 837
155936 155937 511
155936 157079 807
157076 157077 436
157078 157072 713
157078 157077 1111
157078 157079 2083
155935 155926 1357
155935 155936 837
155935 155961 766
157079 155936 807
157079 155963 1210
157079 157078 2083
157072 157078 713
157072 157082 1612
155926 155927 1678
155926 155928 697
155926 155935 1357
155961 155935 766
155961 155953 2115
155961 155963 558
155963 155961 558
155963 155962 1620
155963 157079 1210
157082 157072 1612
155927 155926 1678
155927 155930 688
155927 155953 610
155928 155926 697
155928 155929 672
155928 155931 1225
155953 155927 610
155953 155952 404
155953 155961 2115
155962 155952 713
155962 155963 1620
155962 157115 1029
155930 155927 688
155930 155929 1580
155930 155932 172
155929 155928 672
155929 155930 1580
155931 155928 1225
155952 155950 2209
155952 155953 404
155952 155962 713
157115 155962 1029
155932 155930 172
155950 155949 713
155950 155951 1161
155950 155952 2209
155949 155950 713
155949 157111 1743
155951 155950 1161
157111 155949 1743
157111 157112 276
157111 157119 713
157112 157111 276
157112 157113 537
157112 157114 1123
157119 157111 713
157119 157117 688
157119 157309 828
157113 157112 537
157114 157112 1123
157117 157105 936
157117 157119 688
157309 157119 828
157105 157117 936
47
155902
155903
157004
157005
157015
157006
157011
157014
157075
172785
157074
157088
157013
157089
155937
157077
155936
157076
157078
155935
157079
157072
155926
155961
155963
157082
155927
155928
155953
155962
155930
155929
155931
155952
157115
155932
155950
155949
155951
157111
157112
157119
157113
157114
157117
157309
157105
