18
249427 249487 805
249487 249427 805
249652 249649 1114
249662 249932 452
249649 249652 1114
249932 249662 452
249933 249934 1560
249934 249933 1560
249934 249942 884
249942 249934 884
249942 249940 1395
249940 249942 1395
249969 249970 628
249970 249969 628
249365 250057 872
250057 249365 872
250057 250061 2241
250061 250057 2241
33
249425
249427
249487
249489
249493
249652
249654
249662
249648
249649
249932
249933
249934
249957
249961
249965
249967
249977
249983
249905
249918
249914
250098
250101
249938
249940
249969
249970
249365
250690
250106
250104
250061
