20
205400 205401 684
205401 205400 684
200430 200441 771
200434 200435 221
200435 200434 221
200435 200436 681
200436 200435 681
214332 215095 1647
199085 214338 863
214338 199085 863
215095 214332 1647
200441 200430 771
200826 200829 779
200829 200826 779
200829 200836 1793
200836 200829 1793
200845 200843 1119
200843 200845 1119
200844 200847 893
200847 200844 893
36
205268
205263
205267
205392
205398
205400
205390
205401
205403
205406
205413
205416
200430
200429
200438
200392
200436
199327
214332
199085
214338
214345
214356
200441
200448
200454
200821
200825
200826
200829
200836
200845
200843
200844
200847
200854
