106
5734 5738 7112
5734 6233 4083
5738 5734 7112
5738 5772 3115
5738 5774 1952
6233 5734 4083
6233 5736 475
6233 5774 4008
5772 5738 3115
5772 5769 1343
5772 5773 3083
5774 5738 1952
5774 6233 4008
5774 6234 3666
5736 6214 1205
5736 6233 475
5769 5767 2094
5769 5772 1343
5773 5772 3083
5773 5777 1643
5773 5778 1241
6234 5774 3666
6234 5778 2851
6214 5736 1205
6214 6212 1847
6214 6236 10618
5767 5769 2094
5767 5770 3379
5777 5773 1643
5778 5773 1241
5778 5779 2088
5778 6234 2851
6212 6213 3689
6212 6214 1847
6212 6215 6632
6236 6214 10618
6236 6249 2357
6236 6250 2221
5770 5767 3379
5779 5778 2088
6213 6212 3689
6215 6212 6632
6215 6216 1198
6215 6217 1147
6249 6236 2357
6250 6228 2352
6250 6236 2221
6250 6251 3612
6216 6215 1198
6216 6222 3033
6216 6223 1426
6217 6215 1147
6217 6221 739
6217 6221 739
6228 6225 7200
6228 6250 2352
6228 6254 1548
6228 6255 3799
6251 6250 3612
6251 6252 4556
6251 6256 6198
6222 6216 3033
6222 6218 3474
6222 6220 2223
6223 6216 1426
6221 6217 739
6221 6217 739
6221 6359 1113
6221 6359 1113
6225 6224 10979
6225 6228 7200
6225 6229 1585
6254 6228 1548
6254 6232 5070
6254 6255 3770
6255 6228 3799
6255 6254 3770
6255 6256 796
6252 6251 4556
6252 6253 2279
6256 6251 6198
6256 6255 796
6218 6219 1376
6218 6219 1376
6218 6222 3474
6218 6359 1179
6218 6359 1179
6220 6219 2283
6220 6222 2223
6359 6218 1179
6359 6218 1179
6359 6221 1113
6359 6221 1113
6224 6219 648
6224 6219 648
6224 6225 10979
6224 261042 103
6229 6225 1585
6232 6254 5070
6253 6252 2279
6219 6218 1376
6219 6218 1376
6219 6220 2283
6219 6224 648
6219 6224 648
261042 6224 103
42
5734
5738
6233
5772
5774
5736
5769
5773
6234
6214
5767
5777
5778
6212
6236
5770
5779
6213
6215
6249
6250
6216
6217
6228
6251
6222
6223
6221
6225
6254
6255
6252
6256
6218
6220
6359
6224
6229
6232
6253
6219
261042
