16
197708 197706 730
197708 198454 892
197706 197708 730
198454 197708 892
198011 198012 880
197948 197945 3248
197915 197920 670
197920 197915 670
197924 197925 649
197925 197924 649
197945 197948 3248
198012 198011 880
198013 198014 930
198014 198013 930
202310 202311 938
202311 202310 938
39
197696
197708
197706
197739
198454
198011
198004
197996
197948
198079
197744
197745
197752
197915
197920
197924
197925
197940
197945
198456
198012
198013
198014
198108
198089
198091
214869
199424
202310
202317
202316
202855
202311
202862
202869
202968
203014
203044
203045
