410
228969 228970 819
228969 229158 1138
228970 228969 819
228970 229254 182
228970 234418 1820
229158 228969 1138
229254 228970 182
229254 229253 2742
234418 228970 1820
234418 235263 549
229253 229254 2742
229253 229264 1231
229253 229271 872
235263 234418 549
235263 235264 865
229264 229253 1231
229271 229253 872
229271 229269 1205
235264 235263 865
229269 229255 4321
229269 229270 3794
229269 229271 1205
229255 229256 937
229255 229257 1423
229255 229269 4321
229270 229269 3794
229270 229296 785
229270 229297 1529
229256 229255 937
229257 229255 1423
229296 229270 785
229297 229270 1529
229297 229321 1339
229297 229356 1219
229321 229297 1339
229321 229322 333
229321 229323 2007
229356 229297 1219
229356 229355 893
229322 229321 333
229323 229321 2007
229323 229325 1088
229355 229325 837
229355 229327 1004
229355 229356 893
229325 229323 1088
229325 229354 1114
229325 229355 837
229327 229355 1004
229327 229358 1031
229354 229325 1114
229358 229327 1031
229358 229359 596
229359 229358 596
229359 229368 3105
229368 229359 3105
229368 229372 473
229372 229368 473
229372 229373 2006
229373 229372 2006
229373 229384 1466
229373 229743 782
229384 229364 3774
229384 229373 1466
229384 229760 222
229743 229371 1083
229743 229373 782
229743 229742 905
229364 229365 717
229364 229384 3774
229760 229384 222
229760 229761 1767
229760 229764 2676
229371 229370 1541
229371 229743 1083
229742 229741 1016
229742 229743 905
229742 229749 549
229365 229364 717
229365 229374 834
229761 229399 1021
229761 229760 1767
229761 229762 1261
229764 229760 2676
229764 229762 1689
229764 229765 1031
229370 229371 1541
229370 234331 5265
229741 229740 1794
229741 229742 1016
229741 229744 664
229749 229742 549
229749 229748 398
229374 229365 834
229374 229375 870
229374 229375 870
229399 229398 452
229399 229400 674
229399 229761 1021
229762 229761 1261
229762 229763 373
229762 229764 1689
229765 229764 1031
229765 229766 1462
229765 229775 672
234331 229370 5265
234331 234330 895
229740 229738 1004
229740 229741 1794
229740 229754 1339
229744 229741 664
229744 229745 673
229744 229758 1371
229744 235164 799
229748 229749 398
229748 229750 835
229375 229374 870
229375 229374 870
229398 229397 1005
229398 229399 452
229398 229401 1483
229400 229399 674
229400 229405 2338
229400 229767 1606
229763 229762 373
229766 229765 1462
229775 229765 672
229775 229776 514
229775 229777 1336
234330 234331 895
229738 229361 2450
229738 229739 475
229738 229740 1004
229754 229740 1339
229745 229744 673
229758 229744 1371
235164 229744 799
235164 234381 1160
235164 235163 1450
235164 235225 630
229750 229748 835
229750 229757 921
229397 229381 2263
229397 229387 2370
229397 229398 1005
229401 229398 1483
229401 229402 1862
229401 229403 333
229405 229400 2338
229405 229403 2022
229405 229768 433
229767 229400 1606
229776 229775 514
229777 229768 1678
229777 229775 1336
229777 229778 502
229361 229362 2917
229361 229363 1740
229361 229738 2450
229739 229721 679
229739 229738 475
229739 229746 572
234381 235164 1160
235163 235164 1450
235225 235164 630
229757 229750 921
229757 229756 325
229757 229780 2225
229381 229382 936
229381 229385 1425
229381 229397 2263
229387 229388 921
229387 229393 445
229387 229397 2370
229402 229393 903
229402 229401 1862
229402 235399 530
229403 229401 333
229403 229404 712
229403 229405 2022
229768 229405 433
229768 229769 1234
229768 229777 1678
229778 229777 502
229362 229361 2917
229363 229361 1740
229721 229739 679
229721 229753 452
229746 229689 1470
229746 229739 572
229746 229747 1910
229756 229757 325
229756 229759 587
229756 229783 1187
229780 229757 2225
229780 229779 2206
229780 229783 1447
229382 229350 845
229382 229381 936
229385 229381 1425
229385 229386 1161
229385 229394 1261
229388 229387 921
229393 229387 445
229393 229389 762
229393 229391 1124
229393 229402 903
235399 229402 530
229404 229391 2355
229404 229403 712
229404 230114 1014
229769 229768 1234
229769 229770 1261
229769 229771 883
229753 229721 452
229689 229690 1656
229689 229746 1470
229689 235402 847
229747 229746 1910
229759 229756 587
229783 229756 1187
229783 229780 1447
229779 229722 1669
229779 229780 2206
229350 229348 502
229350 229353 1529
229350 229382 845
229386 229385 1161
229394 229385 1261
229394 229395 787
229394 229396 1358
229389 229377 1004
229389 229390 614
229389 229393 762
229391 229377 837
229391 229393 1124
229391 229404 2355
230114 229404 1014
230114 230109 580
230114 230111 864
230114 230115 754
229770 229769 1261
229770 230115 1029
229770 230422 1388
229771 229769 883
229771 230424 936
229771 230432 1855
229690 229689 1656
235402 229689 847
229722 229720 2138
229722 229755 1938
229722 229779 1669
229348 229343 1373
229348 229349 778
229348 229350 502
229353 229350 1529
229353 229351 1428
229353 229352 1188
229395 229394 787
229396 229394 1358
229377 229376 1014
229377 229389 1004
229377 229391 837
229390 229389 614
229390 234377 909
230109 230099 1088
230109 230110 778
230109 230114 580
230111 229376 2109
230111 230114 864
230115 229770 1029
230115 230112 3005
230115 230114 754
230422 229770 1388
230422 230421 1283
230424 229771 936
230432 229771 1855
230432 230434 1111
230432 234421 372
230432 234982 668
229720 229722 2138
229720 229729 2285
229755 229722 1938
229343 229344 1375
229343 229348 1373
229343 229351 1014
229349 229348 778
229349 229383 2077
229349 234473 569
229351 229343 1014
229351 229352 1481
229351 229353 1428
229352 229351 1481
229352 229353 1188
229376 229377 1014
229376 229392 322
229376 230111 2109
229376 230118 140
234377 229390 909
230099 229392 1674
230099 230108 687
230099 230109 1088
230110 230108 1261
230110 230109 778
230110 230113 1669
230112 230113 837
230112 230115 3005
230112 230116 1786
230421 230120 1005
230421 230422 1283
230421 230423 746
230421 230427 1111
230434 230432 1111
230434 230433 514
230434 230435 2858
234421 230432 372
234982 230432 668
234982 235265 161
234982 235266 297
229729 229720 2285
229729 229789 875
229344 229343 1375
229383 229349 2077
229383 229380 672
234473 229349 569
229392 229376 322
229392 230099 1674
230118 229376 140
230108 230099 687
230108 230101 1358
230108 230110 1261
230113 230103 1357
230113 230110 1669
230113 230112 837
230116 230112 1786
230116 230117 1005
230116 230120 2169
230120 230116 2169
230120 230421 1005
230423 230421 746
230423 230425 856
230423 230426 2318
230427 230421 1111
230427 230428 2331
230427 230433 1275
230433 230427 1275
230433 230428 2016
230433 230434 514
230435 230434 2858
230435 230437 845
235265 234982 161
235266 234982 297
229789 229729 875
229380 229383 672
230101 230102 2007
230101 230108 1358
230103 230102 2586
230103 230113 1357
230103 230117 452
230117 229407 672
230117 230103 452
230117 230116 1005
230425 230423 856
230426 230423 2318
230426 230436 1220
230426 230437 1219
230428 230427 2331
230428 230433 2016
230428 230437 782
230437 230426 1219
230437 230428 782
230437 230435 845
230102 230101 2007
230102 230103 2586
230102 230104 1700
229407 229406 1443
229407 230107 786
229407 230117 672
230436 230426 1220
230436 230439 479
230436 230440 474
230104 230102 1700
230104 230105 1556
230104 230107 1297
229406 229407 1443
229406 229410 1477
229406 230119 61
230107 229407 786
230107 230104 1297
230107 230105 1541
230439 230430 270
230439 230436 479
230440 230436 474
230440 230441 1786
230440 230443 786
230105 230104 1556
230105 230106 1069
230105 230107 1541
229410 229406 1477
230119 229406 61
230119 230121 645
230430 230439 270
230441 230440 1786
230443 230440 786
230106 230105 1069
230121 230119 645
230121 230132 493
230121 235188 564
230132 230121 493
235188 230121 564
181
228969
228970
229158
229254
234418
229253
235263
229264
229271
235264
229269
229255
229270
229256
229257
229296
229297
229321
229356
229322
229323
229355
229325
229327
229354
229358
229359
229368
229372
229373
229384
229743
229364
229760
229371
229742
229365
229761
229764
229370
229741
229749
229374
229399
229762
229765
234331
229740
229744
229748
229375
229398
229400
229763
229766
229775
234330
229738
229754
229745
229758
235164
229750
229397
229401
229405
229767
229776
229777
229361
229739
234381
235163
235225
229757
229381
229387
229402
229403
229768
229778
229362
229363
229721
229746
229756
229780
229382
229385
229388
229393
235399
229404
229769
229753
229689
229747
229759
229783
229779
229350
229386
229394
229389
229391
230114
229770
229771
229690
235402
229722
229348
229353
229395
229396
229377
229390
230109
230111
230115
230422
230424
230432
229720
229755
229343
229349
229351
229352
229376
234377
230099
230110
230112
230421
230434
234421
234982
229729
229344
229383
234473
229392
230118
230108
230113
230116
230120
230423
230427
230433
230435
235265
235266
229789
229380
230101
230103
230117
230425
230426
230428
230437
230102
229407
230436
230104
229406
230107
230439
230440
230105
229410
230119
230430
230441
230443
230106
230121
230132
235188
