20
117221 117226 1686
117226 117221 1686
117244 117253 1951
117253 117244 1951
61158 61160 713
61160 61158 713
61160 61162 607
61162 61160 607
61162 61164 558
61164 61162 558
61165 61177 942
61177 61165 942
61177 61703 1784
61703 61177 1784
61762 61777 356
61777 61762 356
61772 61780 1358
61780 61772 1358
61550 61564 2372
61564 61550 2372
33
59354
58189
77531
58201
58279
58280
58273
58275
58320
58322
77515
77516
58896
117203
117205
117185
117221
117226
117244
117253
117268
61104
61158
61160
61164
61165
61177
61703
56875
61762
61777
61780
61564
