194
12287 12288 416
12287 12289 1070
12287 23650 943
12288 12287 416
12288 12290 610
12288 34163 688
12289 12287 1070
23650 12287 943
23650 23651 356
23650 23667 606
23650 34164 373
12290 12288 610
12290 12291 675
12290 12297 1269
34163 12288 688
34163 34593 366
34163 34593 366
23651 23650 356
23651 23652 893
23651 23653 768
23667 13945 308
23667 23650 606
34164 23650 373
12291 12290 675
12291 12298 186
12291 34814 1051
12297 12290 1269
34593 34163 366
34593 34163 366
23652 23651 893
23653 23651 768
13945 13946 981
13945 23667 308
13945 23894 591
12298 12291 186
12298 34153 889
12298 34154 473
34814 12291 1051
13946 13943 3165
13946 13945 981
13946 23663 577
23894 13945 591
23894 23952 106
34153 12298 889
34154 12298 473
34154 34155 872
34154 34156 1297
13943 13942 672
13943 13946 3165
23663 13922 350
23663 13946 577
23663 23664 842
23952 23894 106
34155 34154 872
34155 34157 395
34155 34815 563
34156 34154 1297
13942 13943 672
13922 13920 4423
13922 13939 1022
13922 23663 350
13922 34162 764
23664 23663 842
23664 23665 1612
34157 23669 153
34157 34155 395
34157 34158 524
34815 34155 563
13920 12309 947
13920 13922 4423
13939 13922 1022
13939 13927 2481
13939 13940 747
13939 13947 1556
34162 13922 764
23665 23664 1612
23665 23668 849
23669 23670 3089
23669 23676 1179
23669 34157 153
34158 34157 524
12309 13920 947
12309 13925 279
12309 13927 1676
13927 12309 1676
13927 13939 2481
13940 13935 2279
13940 13938 747
13940 13939 747
13940 13964 2346
13947 13939 1556
13947 13965 582
13947 23668 310
23668 13947 310
23668 23665 849
23670 23669 3089
23676 23669 1179
23676 23673 847
13925 12309 279
13925 13924 473
13935 13926 1073
13935 13940 2279
13938 13937 2891
13938 13940 747
13938 13955 4369
13938 13956 557
13964 13940 2346
13964 13966 1730
13965 13947 582
23673 23671 1021
23673 23676 847
13924 13923 403
13924 13925 473
13924 13926 604
13924 13934 604
13926 13924 604
13926 13935 1073
13937 13938 2891
13955 13938 4369
13955 23672 403
13956 13938 557
13956 13957 4495
13956 13959 1257
13966 13964 1730
13966 23671 931
23671 13966 931
23671 23673 1021
23671 23674 1459
23671 23675 346
13923 13919 604
13923 13924 403
13934 13924 604
23672 13955 403
23672 13967 616
23672 23675 639
13957 13956 4495
13957 13967 469
13957 13968 260
13957 13972 2458
13959 13956 1257
13959 13960 2549
23674 23671 1459
23674 23675 1748
23674 23679 222
23675 23671 346
23675 23672 639
23675 23674 1748
13919 13923 604
13967 13957 469
13967 23672 616
13968 13957 260
13968 13969 680
13972 13957 2458
13972 13973 1008
13960 13959 2549
23679 23674 222
13969 13968 680
13969 13973 2368
13969 13979 1008
13973 13969 2368
13973 13972 1008
13973 13976 809
13979 13969 1008
13979 13976 2364
13979 13981 672
13979 23807 1220
13976 13973 809
13976 13979 2364
13976 13980 826
13981 13979 672
13981 13980 2597
13981 13983 676
13981 23808 1188
23807 13979 1220
23807 23808 737
13980 13976 826
13980 13981 2597
13980 13982 737
13983 13981 676
13983 13982 2508
13983 13985 435
13983 23810 3744
23808 13981 1188
23808 23807 737
23808 23809 3729
13982 13980 737
13982 13983 2508
13985 13983 435
23810 13983 3744
23810 23809 649
23810 23811 473
23809 23808 3729
23809 23810 649
23811 23810 473
60
13945
13946
23894
13943
23663
23952
13942
13922
23664
13920
13939
34162
23665
12309
13927
13940
13947
23668
23670
23676
13925
13935
13938
13964
13965
23673
13924
13926
13937
13955
13956
13966
23671
13923
13934
23672
13957
13959
23674
23675
13919
13967
13968
13972
13960
23679
13969
13973
13979
13976
13981
23807
13980
13983
23808
13982
13985
23810
23809
23811
