18
141324 141319 1466
141342 141344 758
141344 141342 758
141391 141405 1644
141405 141391 1644
141319 141324 1466
189926 189925 604
189925 189926 604
189938 189949 463
189949 189938 463
140057 140059 626
140059 140051 147
140059 140057 626
140051 140059 147
140052 140079 839
140079 140052 839
141449 141451 420
141451 141449 420
33
196319
196315
196277
196313
141324
141342
141344
141391
141405
141408
141139
141319
189833
189926
189906
189911
189938
189949
189957
190023
190348
190375
190382
140057
140059
140051
140052
140080
141447
141449
190377
190027
190037
