22
86900 86901 143
86878 86879 390
86878 87919 766
87920 85184 942
87920 91650 450
86896 86892 985
86896 87834 372
90348 86884 2560
84628 84668 1783
84668 84628 1783
85186 91650 382
86901 86900 143
86901 91650 523
86879 86878 390
87919 86878 766
85184 87920 942
91650 85186 382
91650 86901 523
91650 87920 450
86892 86896 985
87834 86896 372
86884 90348 2560
31
86900
86878
87920
86896
90348
82734
82747
91685
84672
81003
80998
84776
84811
83846
84297
84628
84660
82764
84668
84793
84799
84797
84805
84353
90773
86879
87919
85184
86892
87834
86884
