18
20995 20990 1205
20990 20995 1205
20990 21139 1085
21139 20990 1085
16365 21149 1426
21149 16365 1426
21058 21060 1066
21060 21058 1066
21198 21204 275
21204 21198 275
21233 21242 1455
21242 21233 1455
21242 21253 475
21253 21242 475
25931 25929 1055
21401 21400 889
21400 21401 889
25929 25931 1055
36
21897
20240
20278
20246
20242
20251
20248
20041
20299
21123
22661
20995
20990
21139
21140
16365
21149
20992
21058
21060
21198
21206
21210
21233
21253
21255
21256
25931
25936
21378
21401
21400
25929
25937
25914
25980
