556
195220 195221 256
195220 213120 1367
195220 213121 2398
195221 195220 256
195221 213088 819
195221 213089 843
213120 195220 1367
213120 213107 1805
213120 213124 1003
213121 195220 2398
213121 213107 1218
213121 213109 1488
213121 213127 1205
213088 195221 819
213088 213074 1444
213088 213113 759
213089 195221 843
213089 213086 522
213089 213119 1577
213107 213106 1600
213107 213120 1805
213107 213121 1218
213107 213134 1230
213124 213117 363
213124 213120 1003
213124 213123 996
213109 213095 2377
213109 213106 1171
213109 213121 1488
213109 213128 809
213127 213094 1172
213127 213121 1205
213074 213072 1403
213074 213075 1496
213074 213086 700
213074 213088 1444
213113 213088 759
213113 213110 801
213113 213123 1093
213086 213074 700
213086 213083 930
213086 213089 522
213119 213087 1322
213119 213089 1577
213119 213122 571
213106 213107 1600
213106 213109 1171
213106 213129 1161
213134 213107 1230
213134 213132 330
213134 213136 556
213117 213115 3689
213117 213124 363
213117 213132 1019
213117 213133 1116
213123 213113 1093
213123 213124 996
213123 213131 929
213095 213094 1488
213095 213099 491
213095 213100 761
213095 213109 2377
213128 213100 2190
213128 213109 809
213128 213129 1263
213128 213130 1465
213094 213090 165
213094 213095 1488
213094 213127 1172
213072 213067 814
213072 213070 736
213072 213074 1403
213075 213065 1023
213075 213074 1496
213075 213110 1017
213075 213111 2285
213110 213075 1017
213110 213111 2396
213110 213113 801
213083 213081 563
213083 213086 930
213083 213087 2039
213087 213083 2039
213087 213084 1115
213087 213090 1239
213087 213119 1322
213122 213119 571
213129 213106 1161
213129 213128 1263
213129 213140 755
213132 213117 1019
213132 213134 330
213132 213135 1478
213136 213134 556
213136 213137 678
213136 213138 710
213115 213116 1270
213115 213117 3689
213115 213118 433
213133 213117 1116
213133 213139 522
213133 213153 3689
213131 213123 929
213099 213095 491
213099 213096 381
213099 213097 704
213100 213095 761
213100 213125 553
213100 213128 2190
213130 213128 1465
213130 213141 1751
213130 213496 1878
213130 213498 898
213090 213085 986
213090 213087 1239
213090 213094 165
213067 213063 745
213067 213072 814
213067 213073 801
213070 213071 1044
213070 213072 736
213070 213081 706
213065 213066 940
213065 213075 1023
213065 213105 559
213111 213075 2285
213111 213108 706
213111 213110 2396
213081 213070 706
213081 213077 766
213081 213083 563
213084 213082 165
213084 213085 1380
213084 213087 1115
213140 213129 755
213140 213137 1892
213140 213143 549
213140 213144 774
213135 213132 1478
213135 213139 1007
213135 214565 888
213137 213136 678
213137 213140 1892
213137 213142 611
213138 213136 710
213116 213115 1270
213118 213115 433
213118 213152 1288
213118 213153 684
213139 213133 522
213139 213135 1007
213139 213162 346
213153 213118 684
213153 213133 3689
213153 213154 1256
213153 213155 797
213096 213097 323
213096 213098 1565
213096 213099 381
213097 213091 664
213097 213096 323
213097 213099 704
213125 213098 801
213125 213100 553
213125 213126 744
213141 213130 1751
213141 213143 255
213141 213145 469
213496 213126 760
213496 213130 1878
213496 213453 2153
213496 213497 876
213498 213130 898
213498 213145 1610
213498 213497 1619
213498 213522 796
213085 213078 1073
213085 213084 1380
213085 213090 986
213063 213057 329
213063 213067 745
213063 213069 1354
213073 213067 801
213071 213070 1044
213066 213064 659
213066 213065 940
213105 213065 559
213105 213104 2250
213105 213104 2250
213108 213104 883
213108 213111 706
213108 213114 930
213077 213068 591
213077 213081 766
213077 213082 2491
213082 213076 866
213082 213077 2491
213082 213084 165
213143 213140 549
213143 213141 255
213143 213146 473
213144 213140 774
213144 213147 549
213144 213148 612
213144 213182 1797
214565 213135 888
214565 213182 563
213142 213137 611
213152 213118 1288
213162 213139 346
213162 213174 684
213154 213153 1256
213155 213153 797
213155 213156 1342
213098 213093 555
213098 213096 1565
213098 213125 801
213091 213092 256
213091 213093 1681
213091 213097 664
213126 213125 744
213126 213452 2232
213126 213496 760
213145 213141 469
213145 213146 815
213145 213498 1610
213453 213452 939
213453 213454 876
213453 213496 2153
213497 213454 2152
213497 213496 876
213497 213498 1619
213497 213499 760
213522 213150 376
213522 213498 796
213522 213499 1681
213522 213523 143
213078 213076 1482
213078 213079 866
213078 213085 1073
213057 213056 1150
213057 213063 329
213057 213064 1218
213069 213063 1354
213069 213068 1001
213064 213057 1218
213064 213062 534
213064 213066 659
213104 213105 2250
213104 213105 2250
213104 213108 883
213114 213108 930
213068 213069 1001
213068 213076 2770
213068 213077 591
213076 213068 2770
213076 213078 1482
213076 213082 866
213146 213143 473
213146 213145 815
213146 213147 346
213147 213144 549
213147 213146 346
213147 213148 744
213147 213149 285
213148 213144 612
213148 213147 744
213148 213184 1384
213148 213186 237
213182 213144 1797
213182 214565 563
213174 213162 684
213174 213176 278
213174 213177 1208
213156 213155 1342
213093 213091 1681
213093 213098 555
213093 213450 1029
213092 213091 256
213092 213103 1010
213452 213126 2232
213452 213450 833
213452 213453 939
213454 213453 876
213454 213455 1556
213454 213456 891
213454 213497 2152
213499 213456 2159
213499 213497 760
213499 213522 1681
213150 213149 2247
213150 213522 376
213150 213523 402
213150 213526 237
213523 213150 402
213523 213522 143
213523 213524 3592
213523 213525 417
213079 213078 866
213079 213080 679
213056 213054 368
213056 213057 1150
213062 213053 942
213062 213064 534
213062 213102 2684
213149 213147 285
213149 213150 2247
213149 213151 520
213149 213186 1158
213184 213148 1384
213184 213177 1647
213184 213185 741
213186 213148 237
213186 213149 1158
213186 213189 1346
213186 213190 440
213186 213192 255
213176 213174 278
213177 213174 1208
213177 213183 787
213177 213184 1647
213450 213093 1029
213450 213451 718
213450 213452 833
213103 213092 1010
213103 213112 796
213103 213451 92
213455 213454 1556
213455 213471 530
213456 213454 891
213456 213471 1742
213456 213499 2159
213456 213500 1017
213526 213150 237
213526 213151 1611
213526 213527 749
213524 213500 443
213524 213523 3592
213525 213523 417
213525 213528 989
213525 213529 132
213080 213079 679
213054 213053 691
213054 213055 883
213054 213056 368
213053 213052 1359
213053 213054 691
213053 213059 1751
213053 213062 942
213102 213062 2684
213151 213149 520
213151 213189 846
213151 213526 1611
213185 213183 1577
213185 213184 741
213185 213190 243
213185 213195 1066
213189 213151 846
213189 213186 1346
213189 213565 612
213190 213185 243
213190 213186 440
213190 213192 331
213192 213186 255
213192 213190 331
213192 213191 452
213183 213177 787
213183 213180 774
213183 213185 1577
213451 213103 92
213451 213450 718
213112 213103 796
213471 213455 530
213471 213456 1742
213471 213459 342
213500 213456 1017
213500 213460 1520
213500 213524 443
213527 213526 749
213527 213529 686
213527 213533 1962
213527 213534 834
213528 213505 573
213528 213514 869
213528 213525 989
213529 213525 132
213529 213527 686
213529 213530 834
213055 213054 883
213052 213049 261
213052 213053 1359
213052 213058 1965
213059 213053 1751
213059 213058 1453
213059 213061 1151
213195 213180 808
213195 213185 1066
213565 213189 612
213565 213194 486
213565 213533 743
213191 213192 452
213191 213193 1148
213191 213194 883
213191 213197 1541
213180 213183 774
213180 213195 808
213459 213457 690
213459 213460 973
213459 213471 342
213460 213459 973
213460 213465 232
213460 213472 272
213460 213500 1520
213533 213527 1962
213533 213534 1474
213533 213565 743
213533 213566 883
213534 213527 834
213534 213533 1474
213534 213537 28
213505 198785 368
213505 212349 683
213505 213528 573
213514 213510 894
213514 213515 1129
213514 213528 869
213530 213506 950
213530 213529 834
213530 213532 573
213049 213046 745
213049 213051 687
213049 213052 261
213058 213052 1965
213058 213059 1453
213058 213060 1197
213061 213059 1151
213061 213060 1484
213061 213101 1321
213194 213191 883
213194 213208 2071
213194 213565 486
213193 213191 1148
213193 213197 1007
213193 213206 1040
213197 213191 1541
213197 213193 1007
213197 213205 1190
213457 213447 849
213457 213458 1455
213457 213459 690
213457 213462 238
213457 213466 277
213465 213460 232
213465 213463 1061
213465 213466 867
213465 213472 271
213472 213460 272
213472 213465 271
213472 213473 715
213472 213474 615
213566 213533 883
213566 213567 1804
213566 213569 1276
213537 213506 103
213537 213534 28
213537 213536 1181
198785 198786 705
198785 213505 368
198785 213538 642
212349 198786 352
212349 213505 683
212349 213532 522
213510 213511 884
213510 213512 554
213510 213514 894
213515 213512 684
213515 213514 1129
213515 213516 1359
213515 213538 773
213506 213507 1073
213506 213530 950
213506 213537 103
213532 212349 522
213532 213507 936
213532 213530 573
213532 213535 1148
213046 213044 691
213046 213047 1218
213046 213049 745
213051 213049 687
213051 213050 393
213060 213058 1197
213060 213061 1484
213101 213061 1321
213208 213194 2071
213208 213206 1360
213208 213569 1220
213206 213193 1040
213206 213205 1110
213206 213208 1360
213205 213197 1190
213205 213206 1110
213447 213445 936
213447 213448 1920
213447 213457 849
213447 213461 663
213458 213457 1455
213462 213457 238
213462 213461 1027
213462 213463 332
213466 213457 277
213466 213465 867
213463 213462 332
213463 213465 1061
213463 213467 461
213463 213468 2892
213473 213467 1009
213473 213472 715
213473 213475 3262
213473 213501 776
213474 213472 615
213474 213501 439
213474 213502 666
213567 213536 299
213567 213566 1804
213569 213208 1220
213569 213566 1276
213536 213507 212
213536 213537 1181
213536 213567 299
198786 198785 705
198786 212349 352
213538 198785 642
213538 213515 773
213511 213510 884
213512 213510 554
213512 213515 684
213516 213515 1359
213507 213506 1073
213507 213532 936
213507 213536 212
213535 213532 1148
213044 213046 691
213047 213046 1218
213050 213051 393
213445 213447 936
213448 213447 1920
213461 213447 663
213461 213462 1027
213467 213463 461
213467 213473 1009
213468 213463 2892
213475 213473 3262
213501 213473 776
213501 213474 439
213502 213474 666
35
213162
213155
213174
213156
213176
213177
213190
213192
213183
213195
213191
213180
213194
213193
213197
213208
213206
213205
213567
213569
213536
198786
213538
213512
213516
213507
213535
213044
213445
213461
213467
213468
213475
213501
213502
