20
223126 223123 1542
223126 223200 1435
223146 223136 2423
223200 223126 1435
223136 223146 2423
223123 223126 1542
150843 150845 1989
150845 150843 1989
151083 151084 572
151083 151086 2483
151084 151083 572
149175 151845 1629
151845 149175 1629
149270 149287 471
149287 149270 471
149292 149297 275
149297 149292 275
151086 151083 2483
147371 147394 2321
147394 147371 2321
38
223095
223134
223126
223146
223200
223136
223123
223190
150843
150845
151083
151084
150938
149165
149175
151845
151639
149264
149270
149287
149292
149298
149509
149510
149514
149543
151086
151109
151113
147276
151206
151187
147368
151185
151172
147371
151169
147394
