490
11777 11778 418
11777 15235 1651
11777 24642 1073
11778 11777 418
11778 15231 1285
11778 15236 2088
15235 11777 1651
15235 17656 952
15235 17657 2279
24642 11777 1073
15231 11778 1285
15231 15228 1141
15231 15232 672
15231 15234 1473
15236 11778 2088
17656 15235 952
17656 17658 961
17657 15235 2279
17657 17670 418
17657 34543 556
15228 15112 3484
15228 15231 1141
15232 15211 599
15232 15231 672
15232 15233 1575
15234 15231 1473
15234 15233 1188
15234 15269 2211
17658 17656 961
17658 17659 1351
17658 17663 5067
17670 17657 418
17670 17659 927
17670 17675 3115
34543 17657 556
15112 15098 2750
15112 15113 949
15112 15228 3484
15211 15212 498
15211 15230 2850
15211 15232 599
15233 15232 1575
15233 15234 1188
15233 15267 1124
15269 15234 2211
15269 15276 1340
15269 15277 975
17659 17658 1351
17659 17670 927
17659 17675 2951
17663 17658 5067
17663 17664 1507
17675 17659 2951
17675 17670 3115
17675 17682 871
15098 15091 1003
15098 15093 680
15098 15112 2750
15113 15101 809
15113 15111 1361
15113 15112 949
15212 15211 498
15212 15213 1076
15212 15213 1076
15230 15211 2850
15230 15225 981
15230 15244 688
15267 15233 1124
15267 15265 905
15267 15268 2238
15276 15269 1340
15276 15281 2227
15276 17676 473
15277 15269 975
15277 15278 1816
15277 15279 1532
17664 17663 1507
17664 17665 1617
17664 17666 4452
17682 17675 871
17682 17680 1253
17682 17683 4286
15091 15089 1876
15091 15090 796
15091 15098 1003
15091 15099 763
15093 15080 1414
15093 15098 680
15093 15110 1055
15101 15092 2771
15101 15110 1066
15101 15113 809
15111 15106 1139
15111 15113 1361
15111 15117 835
15213 15212 1076
15213 15212 1076
15213 19070 493
15225 15221 1123
15225 15229 796
15225 15230 981
15244 15226 671
15244 15230 688
15244 15248 1031
15265 15264 1161
15265 15267 905
15265 15268 2550
15268 15265 2550
15268 15267 2238
15268 15279 975
15281 15276 2227
15281 15554 2001
15281 15555 1943
17676 15276 473
17676 17671 2248
17676 17681 2479
15278 15277 1816
15278 15279 420
15278 15280 336
15279 15268 975
15279 15277 1532
15279 15278 420
17665 17664 1617
17666 17664 4452
17666 17668 1444
17666 17669 6941
17680 17673 369
17680 17679 4285
17680 17682 1253
17680 17686 1445
17683 17682 4286
17683 19053 557
17683 19054 1608
15089 15080 818
15089 15087 818
15089 15091 1876
15090 15087 1793
15090 15091 796
15090 15095 905
15090 15097 1444
15099 15091 763
15099 15209 1443
15099 15210 1013
15080 15077 1302
15080 15089 818
15080 15092 2278
15080 15093 1414
15110 15093 1055
15110 15101 1066
15110 15109 1196
15092 15080 2278
15092 15100 2044
15092 15101 2771
15106 15100 2174
15106 15107 3706
15106 15111 1139
15117 15111 835
15117 15114 2039
15117 15118 750
19070 15213 493
15221 15219 1876
15221 15225 1123
15221 15226 1013
15221 15227 950
15229 15225 796
15226 15221 1013
15226 15242 1248
15226 15244 671
15248 15244 1031
15248 15246 1030
15248 15263 2043
15248 15264 1483
15264 15248 1483
15264 15265 1161
15264 15266 981
15554 15281 2001
15555 15281 1943
15555 19040 884
15555 19044 557
17671 17672 763
17671 17676 2248
17671 17677 722
17671 17678 758
17681 17676 2479
17681 19040 1253
17681 19041 750
17681 19043 3216
15280 15278 336
15280 15551 671
17668 15523 678
17668 17666 1444
17668 17667 3013
17669 17666 6941
17669 17693 509
17673 17674 838
17673 17680 369
17673 17684 670
17679 17680 4285
17679 17685 470
17686 17680 1445
17686 17687 3416
17686 19041 788
19053 17683 557
19054 17683 1608
15087 15079 556
15087 15089 818
15087 15090 1793
15095 15088 893
15095 15090 905
15095 15094 763
15095 19045 562
15097 15090 1444
15209 15099 1443
15210 15099 1013
15077 15062 787
15077 15074 2153
15077 15080 1302
15109 15110 1196
15100 15092 2044
15100 15105 2153
15100 15106 2174
15107 15105 336
15107 15106 3706
15107 15108 1150
15114 15108 713
15114 15115 1424
15114 15117 2039
15118 15115 1827
15118 15117 750
15118 15119 3057
15219 15217 1234
15219 15221 1876
15219 15222 1113
15227 15221 950
15242 15223 796
15242 15226 1248
15242 15243 1466
15246 15243 927
15246 15248 1030
15246 15249 2238
15263 15248 2043
15263 15249 983
15263 15266 905
15266 15263 905
15266 15264 981
15266 15270 1101
19040 15555 884
19040 17681 1253
19040 19039 1208
19044 15555 557
17672 17671 763
17677 17671 722
17678 17671 758
19041 17681 750
19041 17686 788
19041 19042 3349
19043 17681 3216
19043 19042 649
19043 19048 547
15551 15280 671
15551 15553 1533
15551 15557 1091
15523 15524 1388
15523 17667 2339
15523 17668 678
17667 15523 2339
17667 17668 3013
17667 17689 1270
17693 17669 509
17693 17692 489
17693 17712 1128
17693 17713 3745
17674 17673 838
17684 17673 670
17685 17679 470
17685 19046 884
17685 19051 1282
17687 17686 3416
17687 19042 884
17687 19046 1257
15079 15074 1383
15079 15083 1248
15079 15087 556
15088 15083 1793
15088 15095 893
15088 15096 680
15094 15095 763
19045 15095 562
15062 15061 930
15062 15076 2044
15062 15077 787
15062 15078 1247
15074 15073 1234
15074 15076 763
15074 15077 2153
15074 15079 1383
15105 15100 2153
15105 15103 688
15105 15107 336
15108 15107 1150
15108 15114 713
15108 15116 2798
15115 15114 1424
15115 15118 1827
15115 15120 1457
15119 15118 3057
15119 15120 434
15119 17516 3558
15217 15218 805
15217 15219 1234
15217 15220 1688
15222 15219 1113
15223 15215 1234
15223 15220 1527
15223 15242 796
15243 15242 1466
15243 15245 1060
15243 15246 927
15243 15247 787
15249 15246 2238
15249 15262 868
15249 15263 983
15270 15262 2044
15270 15266 1101
15270 15271 707
19039 19040 1208
19042 17687 884
19042 19041 3349
19042 19043 649
19048 19043 547
19048 19047 525
19048 34516 1423
15553 15551 1533
15553 15556 750
15553 15557 1375
15557 15551 1091
15557 15553 1375
15557 15560 1175
15524 15523 1388
17689 17667 1270
17689 17688 1114
17692 17691 6055
17692 17693 489
17712 17693 1128
17712 17716 14875
17713 17693 3745
17713 17717 905
17713 17718 2750
19046 17685 884
19046 17687 1257
19046 19047 2043
19051 17685 1282
19051 19052 1768
19051 19055 750
15083 15079 1248
15083 15081 1700
15083 15088 1793
15096 15086 782
15096 15088 680
15096 15208 763
15061 15059 873
15061 15062 930
15061 15075 1357
15076 15058 978
15076 15062 2044
15076 15074 763
15078 15060 1762
15078 15062 1247
15078 15070 1114
15073 15039 2514
15073 15051 1278
15073 15074 1234
15103 15102 787
15103 15105 688
15116 15108 2798
15116 15120 2279
15116 17516 927
15120 15115 1457
15120 15116 2279
15120 15119 434
17516 15116 927
17516 15119 3558
17516 17517 475
15218 15217 805
15220 15217 1688
15220 15223 1527
15220 15224 580
15215 15216 1077
15215 15223 1234
15215 15237 475
15245 15243 1060
15247 15243 787
15247 15256 1248
15247 15259 903
15262 15249 868
15262 15260 847
15262 15270 2044
15271 15270 707
15271 15272 516
19047 19046 2043
19047 19048 525
19047 35072 875
34516 19048 1423
34516 34517 952
34516 34518 1680
15556 15553 750
15560 15550 893
15560 15557 1175
17688 17610 1651
17688 17689 1114
17688 17690 671
17691 17690 170
17691 17692 6055
17716 17712 14875
17716 19255 737
17717 17713 905
17717 17719 3378
17717 18039 10532
17718 17713 2750
19052 19051 1768
19055 19051 750
15081 15040 893
15081 15083 1700
15081 15084 2414
15086 15084 796
15086 15085 1302
15086 15096 782
15208 15096 763
15208 15206 1483
15059 15057 76
15059 15060 1556
15059 15061 873
15075 15061 1357
15058 15050 1144
15058 15076 978
15060 15056 763
15060 15059 1556
15060 15067 688
15060 15078 1762
15070 15068 826
15070 15071 4667
15070 15078 1114
15039 15030 1383
15039 15040 1278
15039 15073 2514
15051 15030 2605
15051 15073 1278
15102 15071 344
15102 15103 787
17517 17516 475
15224 15220 580
15216 15215 1077
15237 15215 475
15256 15247 1248
15259 15247 903
15259 15260 1256
15260 15259 1256
15260 15262 847
15272 15271 516
35072 19047 875
34517 34516 952
34518 34516 1680
15550 15560 893
17610 17688 1651
17690 17688 671
17690 17691 170
19255 17716 737
17719 17717 3378
18039 17717 10532
15040 15039 1278
15040 15081 893
15084 15081 2414
15084 15086 796
15084 15206 868
15085 15086 1302
15206 15084 868
15206 15208 1483
15057 15050 2347
15057 15059 76
15050 15057 2347
15050 15058 1144
15056 15060 763
15067 15060 688
15067 15068 1096
15068 15067 1096
15068 15070 826
15071 15070 4667
15071 15102 344
15030 15039 1383
15030 15051 2605
23
15039
15051
15102
15237
15256
15259
15260
15272
35072
34517
15550
17610
19255
17719
18039
15040
15057
15050
15056
15067
15068
15071
15030
