18
52507 52508 1449
52508 52507 1449
52508 54891 873
54891 52508 873
54934 54935 871
54935 54934 871
54935 54939 253
54939 54935 253
55605 55626 610
55626 55605 610
55626 55629 1594
55629 55626 1594
53505 53509 589
53509 53505 589
49734 49732 2262
49727 49732 1565
49732 49727 1565
49732 49734 2262
34
53321
53260
53077
53081
52921
52928
52934
52914
54788
54874
54800
54797
52507
54891
54921
54927
54934
54935
54939
54999
55018
55023
55602
55605
53505
53509
53561
49736
49737
49727
49730
49732
49740
49775
