52
84242 84239 818
84242 84241 3166
84241 84237 893
84241 84242 3166
84391 84390 1186
84446 84459 1110
84463 84466 921
90634 90635 718
90634 90636 723
85068 85089 1162
85086 85089 279
85086 85091 337
85026 85027 480
84920 84921 603
84920 85089 770
85116 85117 1401
85116 85126 501
85091 85086 337
85091 85089 452
82706 82707 1355
82706 82724 333
82706 85147 339
85137 85132 562
85137 85142 1022
84546 84545 1228
84546 84554 2649
84554 84546 2649
84545 84546 1228
84459 84446 1110
84486 84485 1634
84485 84486 1634
84239 84237 2816
84239 84242 818
84237 84239 2816
84237 84241 893
84390 84391 1186
84466 84463 921
90635 90634 718
90636 90634 723
85089 84920 770
85089 85068 1162
85089 85086 279
85089 85091 452
85027 85026 480
84921 84920 603
85117 85116 1401
85126 85116 501
82707 82706 1355
82724 82706 333
85147 82706 339
85132 85137 562
85142 85137 1022
31
84242
84241
84391
84446
84463
90634
85068
85086
85026
84920
85116
85091
82706
85137
85139
84546
84545
84459
84486
84485
84496
84239
84237
84390
85117
85126
82707
82724
85147
85132
85142
