488
94747 94748 1409
94747 94750 2713
94748 94747 1409
94748 94749 1208
94748 95235 4123
94750 94747 2713
94750 94751 1415
94749 94748 1208
94749 94751 3173
94749 95239 1740
95235 94748 4123
95235 95236 1501
95235 95237 2032
94751 94749 3173
94751 94750 1415
94751 94753 1280
95239 94749 1740
95239 95236 2378
95239 95240 1971
95236 95235 1501
95236 95238 1756
95236 95239 2378
95237 95235 2032
94753 94751 1280
94753 94752 1362
94753 95240 2736
95240 94753 2736
95240 95239 1971
95240 95241 1117
95238 95236 1756
94752 94753 1362
94752 103243 1288
95241 95240 1117
103243 94752 1288
103243 95286 3103
103243 103244 1119
103243 103245 696
95286 95245 2160
95286 103102 1119
95286 103243 3103
103244 103243 1119
103245 103243 696
95245 95244 1718
95245 95286 2160
95245 95287 3093
103102 94756 4172
103102 95286 1119
95244 95242 2114
95244 95245 1718
95244 95246 2979
95287 95245 3093
95287 95246 1299
95287 95299 252
94756 94755 907
94756 103101 1732
94756 103102 4172
95242 95243 103
95242 95244 2114
95242 95256 559
95246 95244 2979
95246 95264 1299
95246 95287 1299
95299 95287 252
95299 95300 429
95299 95302 2337
94755 94756 907
94755 94760 1073
103101 94756 1732
103101 94760 385
95243 95242 103
95243 95259 1362
95243 95261 676
95256 95242 559
95264 95246 1299
95264 95262 1501
95264 95265 747
95264 95266 676
95300 95299 429
95300 102863 41
95302 95299 2337
95302 95301 1341
95302 102112 622
94760 94755 1073
94760 94758 418
94760 103101 385
95259 95243 1362
95259 95257 475
95261 95243 676
95261 95262 847
95261 95263 750
95261 95268 3247
95262 95261 847
95262 95264 1501
95265 95263 806
95265 95264 747
95265 95275 1768
95266 95264 676
95266 95274 2461
95266 95278 475
102863 95300 41
95301 95302 1341
102112 95302 622
94758 94754 1653
94758 94759 1884
94758 94760 418
95257 95258 672
95257 95259 475
95257 95260 697
95263 95261 750
95263 95265 806
95263 95272 1818
95268 95260 877
95268 95261 3247
95268 95269 504
95275 95265 1768
95275 95274 688
95275 95276 367
95274 95266 2461
95274 95273 2335
95274 95275 688
95274 95277 775
95278 95266 475
95278 95280 403
94754 94758 1653
94759 94758 1884
94759 94761 779
95258 95250 3073
95258 95257 672
95260 95257 697
95260 95268 877
95272 95263 1818
95272 95270 1732
95272 95276 292
95269 95267 511
95269 95268 504
95269 95270 168
95276 95272 292
95276 95275 367
95276 103192 868
95273 95255 1622
95273 95271 678
95273 95274 2335
95277 95274 775
95277 95279 905
95277 95280 2459
95280 95277 2459
95280 95278 403
95280 103173 459
94761 94759 779
94761 95292 4932
95250 95249 952
95250 95258 3073
95270 95269 168
95270 95271 588
95270 95272 1732
95267 95254 2184
95267 95269 511
95267 95271 672
103192 95276 868
95255 95253 1483
95255 95273 1622
95255 95327 4590
95255 95341 201
95271 95267 672
95271 95270 588
95271 95273 678
95279 95277 905
95279 95283 418
103173 95280 459
95292 94761 4932
95292 95294 2382
95292 95295 957
95249 95250 952
95249 95251 1854
95249 95252 490
95254 95253 187
95254 95267 2184
95253 95254 187
95253 95255 1483
95327 95255 4590
95327 95334 110
95341 95255 201
95341 95342 1576
95283 95279 418
95294 95292 2382
95295 95292 957
95295 95296 84
95251 95249 1854
95252 95249 490
95334 95327 110
95334 95333 672
95334 95338 417
95342 95336 475
95342 95341 1576
95342 95345 931
95342 95346 1248
95296 95295 84
95296 95298 3408
95296 95320 1730
95333 95332 778
95333 95334 672
95333 95335 106
95338 95334 417
95336 95335 5463
95336 95342 475
95336 95344 959
95345 95342 931
95345 95349 279
95345 95376 336
95346 95342 1248
95346 95350 634
95346 95351 782
95346 102531 554
95298 95296 3408
95298 95928 909
95298 95935 4179
95320 95296 1730
95320 95318 3729
95320 95322 3154
95332 95191 2973
95332 95333 778
95332 95414 3765
95335 95333 106
95335 95336 5463
95335 95337 2404
95344 95336 959
95349 95345 279
95349 95380 252
95376 95345 336
95376 95374 473
95376 95379 84
95350 95346 634
95350 102532 47
95351 95346 782
95351 95352 580
102531 95346 554
102531 95348 707
95928 95298 909
95928 95936 1845
95935 95298 4179
95935 95466 3581
95935 96010 2162
95318 95282 1226
95318 95319 612
95318 95320 3729
95318 95321 2287
95322 95320 3154
95322 95325 2477
95322 95328 2437
95191 95190 361
95191 95332 2973
95191 102113 1758
95414 95332 3765
95414 95413 947
95414 102114 989
95337 95335 2404
95337 95339 2446
95337 95340 394
95380 95349 252
95380 95377 201
95380 95381 557
95374 95375 336
95374 95376 473
95374 95433 2607
95379 95376 84
95379 95377 201
102532 95350 47
95352 95351 580
95352 95353 604
95352 95354 649
95348 95347 610
95348 95360 511
95348 95362 1115
95348 95381 806
95348 102531 707
95936 95928 1845
95936 95933 1295
95936 95937 476
95466 95328 1810
95466 95473 1337
95466 95935 3581
96010 95935 2162
96010 96009 983
96010 101815 836
95282 95281 1206
95282 95293 2428
95282 95318 1226
95319 95318 612
95319 95323 599
95319 95464 7186
95321 95318 2287
95321 95324 1349
95321 95325 1810
95325 95321 1810
95325 95322 2477
95325 95329 1577
95328 95322 2437
95328 95465 2334
95328 95466 1810
95190 95186 1684
95190 95191 361
102113 95191 1758
102113 103193 168
102113 103194 1452
95413 95414 947
102114 95414 989
95339 95337 2446
95340 95337 394
95340 95418 476
95340 95420 1550
95377 95375 403
95377 95379 201
95377 95380 201
95377 95382 473
95381 95348 806
95381 95380 557
95381 95382 279
95381 95383 1022
95375 95374 336
95375 95377 403
95375 95378 418
95375 95388 1576
95433 95374 2607
95433 95388 877
95433 95434 279
95353 95352 604
95353 95355 1344
95354 95352 649
95354 95359 279
95354 95366 373
95347 95348 610
95360 95348 511
95360 95357 275
95360 95361 737
95362 95348 1115
95362 95361 336
95362 95383 672
95362 95395 84
95933 95931 1119
95933 95932 574
95933 95936 1295
95933 101975 1643
95937 95936 476
95937 101929 1044
95473 95466 1337
95473 95467 3351
95473 95472 2017
96009 96010 983
96009 96011 713
96009 96013 1526
101815 96010 836
95281 95282 1206
95281 95290 1594
95281 95293 2268
95281 95308 2
95293 95281 2268
95293 95282 2428
95293 95284 1494
95323 95306 3204
95323 95319 599
95323 95326 3511
95464 95319 7186
95464 95468 344
95464 95469 222
95324 95321 1349
95329 95325 1577
95329 95463 1945
95329 95465 1268
95465 95328 2334
95465 95329 1268
95465 95463 3030
95186 95184 139
95186 95190 1684
103193 102113 168
103194 102113 1452
95418 95340 476
95418 95415 1780
95418 95421 708
95420 95340 1550
95382 95377 473
95382 95378 336
95382 95381 279
95382 95384 975
95383 95362 672
95383 95381 1022
95383 95384 418
95383 95398 201
95378 95375 418
95378 95382 336
95378 95385 336
95378 95389 1455
95388 95375 1576
95388 95389 238
95388 95433 877
95434 95389 951
95434 95433 279
95434 95435 373
95434 95436 847
95355 95353 1344
95355 95368 403
95355 95442 708
95359 95354 279
95359 95356 452
95359 95363 872
95359 95367 373
95366 95354 373
95366 95368 1007
95366 95369 927
95357 95356 713
95357 95358 418
95357 95360 275
95361 95360 737
95361 95362 336
95361 95364 279
95395 95362 84
95395 95396 139
95395 95398 676
95931 95921 1120
95931 95930 1126
95931 95933 1119
95932 95921 929
95932 95933 574
95932 102562 1888
101975 95933 1643
101975 101929 300
101929 95937 1044
101929 101975 300
95467 95463 1115
95467 95470 1115
95467 95473 3351
95472 95471 1447
95472 95473 2017
96011 96009 713
96013 96009 1526
95290 95281 1594
95290 95306 1265
95308 95281 2
95284 95293 1494
95306 95290 1265
95306 95323 3204
95326 95323 3511
95468 95464 344
95469 95464 222
95469 95470 445
95463 95329 1945
95463 95465 3030
95463 95467 1115
95184 95186 139
95415 95418 1780
95421 95418 708
95384 95382 975
95384 95383 418
95398 95383 201
95398 95395 676
95385 95378 336
95389 95378 1455
95389 95388 238
95389 95434 951
95435 95434 373
95435 95436 475
95436 95434 847
95436 95435 475
95368 95355 403
95368 95366 1007
95442 95355 708
95356 95357 713
95356 95358 604
95356 95359 452
95363 95358 336
95363 95359 872
95363 95364 168
95367 95359 373
95369 95366 927
95358 95356 604
95358 95357 418
95358 95363 336
95364 95361 279
95364 95363 168
95396 95395 139
95921 95931 1120
95921 95932 929
95930 95931 1126
102562 95932 1888
95470 95467 1115
95470 95469 445
95470 95471 796
95471 95470 796
95471 95472 1447
65
95295
95296
95298
95320
95928
95935
95318
95322
95936
95466
96010
95282
95319
95321
95325
95328
95190
95933
95937
95473
96009
101815
95281
95293
95323
95464
95324
95329
95465
95186
95931
95932
101975
101929
95467
95472
96011
96013
95290
95308
95284
95306
95326
95468
95469
95463
95184
95415
95421
95384
95398
95385
95389
95435
95436
95368
95367
95369
95364
95396
95921
95930
102562
95470
95471
