18
51628 51635 139
51635 51628 139
51640 51661 939
51661 51640 939
51661 51665 827
50613 50616 2080
51665 51661 827
50616 50613 2080
50616 50638 1268
50638 50616 1268
50638 56687 320
56687 50638 320
187580 187579 3077
188693 188737 623
188737 188693 623
188991 189388 1352
189388 188991 1352
187579 187580 3077
39
27997
28029
28503
28124
56742
28740
28747
51623
51626
51628
51635
51640
51661
50613
52624
51665
51670
51676
50616
56692
56687
187580
188685
188693
188736
188737
188742
188754
188922
188929
188928
188980
188991
189391
188984
189388
189007
187579
187380
