514
152890 152905 851
152905 152890 851
152905 152902 1179
152905 152912 7058
152905 176443 333
152902 152903 1000
152902 152905 1179
152912 152905 7058
152912 152913 924
152912 153008 1552
152912 176442 2371
176443 152905 333
152903 152892 953
152903 152902 1000
152903 170470 475
152913 152912 924
152913 152914 796
152913 153007 1469
153008 152912 1552
153008 153007 905
153008 153015 683
176442 152912 2371
176442 176450 581
176442 176454 2095
152892 152903 953
170470 152903 475
152914 152913 796
152914 152915 713
152914 153009 1552
153007 152913 1469
153007 153008 905
153007 153009 818
153015 153008 683
153015 153016 253
153015 176456 688
176450 176442 581
176450 176449 796
176450 176453 2095
176454 176442 2095
176454 176453 581
176454 176455 1014
176454 176459 2233
152915 152914 713
152915 152916 3984
152915 153013 1470
153009 152914 1552
153009 153007 818
153009 153013 688
153016 153015 253
153016 153017 688
153016 153040 2151
176456 153015 688
176456 176455 818
176456 176455 818
176449 174693 796
176449 176450 796
176449 176451 2095
176453 176450 2095
176453 176451 796
176453 176454 581
176453 176458 2340
176455 176454 1014
176455 176456 818
176455 176456 818
176455 176460 2369
176459 176454 2233
176459 176458 672
176459 176460 818
176459 185485 2422
152916 152915 3984
152916 152917 3377
152916 153012 552
153013 152915 1470
153013 153009 688
153013 153014 344
153017 153016 688
153017 153018 581
153017 153039 1412
153040 153016 2151
153040 175306 951
174693 174655 1014
174693 174692 5878
174693 176449 796
174693 176452 2095
176451 176449 2095
176451 176452 796
176451 176453 796
176451 176457 2340
176458 176453 2340
176458 176457 796
176458 176459 672
176458 185484 2340
176460 175306 796
176460 176455 2369
176460 176459 818
176460 185486 2340
185485 176459 2422
152917 152916 3377
152917 152918 610
153012 152916 552
153012 153010 474
153012 153048 605
153014 153013 344
153018 153017 581
153018 153019 796
153018 153039 1034
153039 153017 1412
153039 153018 1034
153039 153019 1009
175306 153040 951
175306 175307 2340
175306 176460 796
174655 174654 1140
174655 174693 1014
174692 174554 778
174692 174693 5878
174692 176431 445
176452 174693 2095
176452 175313 1199
176452 176451 796
176457 175314 818
176457 176451 2340
176457 176458 796
176457 185483 2316
185484 176458 2340
185486 176460 2340
152918 152917 610
152918 152919 2883
152918 153046 873
153010 153011 2231
153010 153012 474
153010 153054 1690
153048 153012 605
153048 153049 818
153048 153090 906
153019 153018 796
153019 153020 1074
153019 153039 1009
175307 175306 2340
174654 174651 344
174654 174655 1140
174654 174658 709
174554 174555 2873
174554 174556 1111
174554 174692 778
176431 174692 445
175313 174690 818
175313 175314 1064
175313 176452 1199
175314 174689 688
175314 175313 1064
175314 176457 818
175314 185482 2358
185483 176457 2316
152919 152918 2883
152919 152920 1959
152919 153109 650
153046 152918 873
153046 153047 612
153046 153111 1594
153011 153010 2231
153011 153020 1592
153011 153053 976
153054 153010 1690
153054 153053 490
153049 153048 818
153049 153050 1494
153049 153089 435
153090 153048 906
153090 153088 1357
153090 172264 976
153020 153011 1592
153020 153019 1074
153020 153038 2019
174651 174648 951
174651 174650 2018
174651 174654 344
174651 174688 612
174658 174654 709
174658 174659 1009
174658 174661 1339
174658 174688 650
174555 174553 1357
174555 174554 2873
174555 174650 1210
174556 174535 562
174556 174554 1111
174556 176416 1799
174690 174689 1117
174690 174691 600
174690 175313 818
174689 174690 1117
174689 175314 688
185482 175314 2358
152920 152919 1959
152920 152921 3467
152920 153113 1879
153109 152919 650
153109 153110 697
153109 153116 807
153047 153046 612
153047 153050 697
153047 153124 1074
153111 153046 1594
153111 153110 837
153111 153123 677
153053 153011 976
153053 153052 738
153053 153054 490
153050 153047 697
153050 153049 1494
153050 153088 1323
153089 153049 435
153088 153050 1323
153088 153090 1357
153088 172306 517
172264 153090 976
153038 153020 2019
153038 153025 1153
153038 153037 747
174648 174647 818
174648 174649 1551
174648 174651 951
174648 174676 1178
174650 174555 1210
174650 174651 2018
174650 174652 1085
174688 174651 612
174688 174658 650
174688 174676 612
174659 174658 1009
174659 174660 1144
174661 174658 1339
174661 174660 976
174661 174662 1307
174553 174536 2451
174553 174550 1114
174553 174555 1357
174535 174536 452
174535 174556 562
176416 174556 1799
174691 174690 600
152921 152920 3467
152921 152922 4042
152921 153130 1307
153113 152920 1879
153113 153114 1074
153113 153115 445
153110 153109 697
153110 153111 837
153110 153121 1620
153116 153109 807
153116 153117 1620
153116 153117 1620
153124 153047 1074
153124 153125 1124
153124 153126 612
153123 153111 677
153052 153051 848
153052 153053 738
153052 153063 389
172306 153088 517
153025 153035 2551
153025 153038 1153
153037 153036 1258
153037 153038 747
153037 153051 1901
174647 174551 2398
174647 174645 796
174647 174648 818
174647 174672 1117
174649 174550 1016
174649 174648 1551
174649 174653 562
174676 174648 1178
174676 174662 558
174676 174672 1055
174676 174688 612
174652 174650 1085
174660 174659 1144
174660 174661 976
174662 174661 1307
174662 174663 1255
174662 174676 558
174536 174531 893
174536 174535 452
174536 174553 2451
174550 174531 2481
174550 174551 782
174550 174553 1114
174550 174649 1016
152922 152921 4042
152922 152923 4132
152922 155501 782
153130 152921 1307
153130 153129 2620
153130 155502 1117
153114 153113 1074
153114 153118 1161
153114 153131 1009
153115 153113 445
153121 153110 1620
153121 153119 1104
153121 153122 697
153121 153127 373
153117 153116 1620
153117 153116 1620
153117 153118 1380
153125 153124 1124
153126 153120 2819
153126 153124 612
153126 155498 277
153051 153037 1901
153051 153052 848
153051 153066 1074
153063 153052 389
153063 153064 489
153035 153025 2551
153035 153034 1210
153035 153044 650
153036 153034 741
153036 153037 1258
174551 174548 1515
174551 174550 782
174551 174552 782
174551 174647 2398
174645 174552 2316
174645 174644 688
174645 174647 796
174645 174671 1199
174672 174647 1117
174672 174671 782
174672 174676 1055
174653 174649 562
174663 174662 1255
174663 174664 1168
174663 174675 673
174531 174530 1268
174531 174532 778
174531 174536 893
174531 174550 2481
152923 152922 4132
152923 152924 3960
152923 155562 778
155501 152922 782
155501 155503 435
155501 155557 766
153129 153073 677
153129 153130 2620
153129 155552 1410
155502 153130 1117
155502 155503 1772
155502 155555 3292
153118 153114 1161
153118 153117 1380
153118 153119 1023
153131 153114 1009
153131 153128 940
153131 155499 1906
153119 153118 1023
153119 153120 738
153119 153121 1104
153122 153121 697
153127 153121 373
153120 153084 1009
153120 153119 738
153120 153126 2819
155498 153087 797
155498 153126 277
155498 172305 862
153066 153051 1074
153064 153034 873
153064 153063 489
153064 153065 683
153034 153035 1210
153034 153036 741
153034 153064 873
153044 153035 650
153044 153055 581
174548 174533 842
174548 174549 672
174548 174551 1515
174552 174546 796
174552 174549 1519
174552 174551 782
174552 174645 2316
174644 174546 2297
174644 174643 713
174644 174645 688
174644 174670 1282
174671 174645 1199
174671 174670 672
174671 174672 782
174664 174663 1168
174664 174665 673
174664 174674 1678
174664 174677 1168
174675 174663 673
174530 174527 222
174530 174531 1268
174532 174528 1263
174532 174531 778
174532 174533 445
152924 152907 600
152924 152923 3960
152924 155566 951
155562 152923 778
155562 155563 556
155562 155566 3621
155503 155501 435
155503 155502 1772
155503 155554 1865
155557 155501 766
155557 155558 2058
155557 155561 849
153073 153072 818
153073 153074 738
153073 153129 677
153073 155551 2283
155552 153129 1410
155552 155545 2685
155552 155555 837
155555 155502 3292
155555 155552 837
155555 155554 697
153128 153076 673
153128 153077 796
153128 153131 940
155499 153084 650
155499 153131 1906
155499 155500 373
153084 153078 612
153084 153085 1354
153084 153120 1009
153084 155499 650
153087 153060 537
153087 153085 1422
153087 155498 797
172305 155498 862
153065 153064 683
153055 153044 581
153055 153056 751
174533 174532 445
174533 174534 344
174533 174548 842
174549 174547 672
174549 174548 672
174549 174552 1519
174546 174545 778
174546 174547 1448
174546 174552 796
174546 174644 2297
174643 174545 2032
174643 174641 713
174643 174644 713
174643 174669 1365
174670 174644 1282
174670 174669 688
174670 174671 672
174665 174664 673
174665 174666 1402
174665 174737 709
174674 174640 939
174674 174664 1678
174674 174673 1267
174677 174664 1168
174677 174673 871
174677 174737 1188
174677 174742 1029
174527 174471 1100
174527 174528 667
174527 174530 222
174528 174527 667
174528 174532 1263
152907 152924 600
155566 152924 951
155566 155562 3621
155563 155562 556
155554 155503 1865
155554 155555 697
155558 155557 2058
155561 155557 849
153072 153073 818
153074 153073 738
153074 153076 605
155551 153073 2283
155545 155552 2685
153076 153074 605
153076 153128 673
153077 153078 1902
153077 153128 796
155500 155499 373
153078 153077 1902
153078 153084 612
153085 153084 1354
153085 153087 1422
153060 153087 537
153056 153055 751
174534 174533 344
174547 174546 1448
174547 174549 672
174545 174546 778
174545 174643 2032
174641 174643 713
174669 174643 1365
174669 174670 688
174666 174665 1402
174737 174665 709
174737 174677 1188
174640 174674 939
174673 174674 1267
174673 174677 871
174742 174677 1029
174471 174527 1100
200
152890
152905
152902
152912
176443
152903
152913
153008
176442
152892
170470
152914
153007
153015
176450
176454
152915
153009
153016
176456
176449
176453
176455
176459
152916
153013
153017
153040
174693
176451
176458
176460
185485
152917
153012
153014
153018
153039
175306
174655
174692
176452
176457
185484
185486
152918
153010
153048
153019
175307
174654
174554
176431
175313
175314
185483
152919
153046
153011
153054
153049
153090
153020
174651
174658
174555
174556
174690
174689
185482
152920
153109
153047
153111
153053
153050
153089
153088
172264
153038
174648
174650
174688
174659
174661
174553
174535
176416
174691
152921
153113
153110
153116
153124
153123
153052
172306
153025
153037
174647
174649
174676
174652
174660
174662
174536
174550
152922
153130
153114
153115
153121
153117
153125
153126
153051
153063
153035
153036
174551
174645
174672
174653
174663
174531
152923
155501
153129
155502
153118
153131
153119
153122
153127
153120
155498
153066
153064
153034
153044
174548
174552
174644
174671
174664
174675
174530
174532
152924
155562
155503
155557
153073
155552
155555
153128
155499
153084
153087
172305
153065
153055
174533
174549
174546
174643
174670
174665
174674
174677
174527
174528
152907
155566
155563
155554
155558
155561
153072
153074
155551
155545
153076
153077
155500
153078
153085
153060
153056
174534
174547
174545
174641
174669
174666
174737
174640
174673
174742
174471
