18
36799 36800 4037
36800 36799 4037
36620 36590 1161
36590 36589 1675
36590 36620 1161
36582 36592 511
36589 36590 1675
36592 36582 511
36555 36553 1532
36555 36556 3014
36598 36576 1161
36576 36598 1161
36553 36555 1532
36593 36599 650
36599 36593 650
36556 36555 3014
37583 37582 1188
37582 37583 1188
37
36788
36799
36796
36800
36620
36590
36582
36589
36592
37541
37548
36555
36598
36576
36603
36553
36593
36599
36550
36556
36916
37570
37583
37585
37589
37556
37582
36919
36924
36925
37658
37663
37668
37669
38229
38239
38244
