24
215902 215916 766
215870 215880 360
215880 215870 360
215844 215925 1463
215845 215925 774
215916 215902 766
215917 215921 727
215925 215844 1463
215925 215845 774
215939 215941 730
215941 215939 730
215957 215960 874
215921 215917 727
215921 217282 753
217282 215921 753
215960 215957 874
217981 222419 810
222419 217981 810
216096 216099 745
216096 216128 559
216089 216090 2526
216128 216096 559
216090 216089 2526
216099 216096 745
36
215902
215870
215879
215880
215812
215844
215845
215916
215917
215925
215939
215941
215954
215957
215921
217295
217296
217282
215960
217306
217307
217304
217309
217336
217340
215491
215536
215547
215539
217981
222419
222423
216089
216128
216098
216099
