14
216717 216743 666
216743 216717 666
216795 216804 730
216804 216795 730
216806 216822 945
216822 216806 945
216763 216782 760
216782 216763 760
216559 216519 219
216519 216559 219
217152 217154 898
217154 217152 898
217168 217169 671
217169 217168 671
37
221474
221385
216717
216741
216743
216535
216537
216587
216792
216795
216804
216806
216822
216882
216763
216745
216749
216762
216782
216896
216889
216086
216549
216554
216541
216546
216559
216519
216529
215722
217152
217154
217168
217169
217171
217227
217235
