210
66939 66940 630
66939 66941 2625
66940 66939 630
66940 77040 578
66941 66939 2625
66941 66942 2270
66941 66958 2026
77040 66940 578
77040 66943 1503
66942 66941 2270
66942 66945 1551
66942 66953 1126
66958 66941 2026
66958 66959 2365
66958 66961 252
66943 66944 1509
66943 66945 1603
66943 77040 1503
66945 66942 1551
66945 66943 1603
66945 66948 562
66953 66942 1126
66953 66952 1723
66953 78801 1375
66959 66958 2365
66959 66961 2114
66961 66958 252
66961 66959 2114
66961 66960 321
66944 66943 1509
66944 66946 1060
66944 77759 3120
66948 66945 562
66948 66949 1114
66948 66949 1114
66952 66953 1723
66952 66957 455
66952 66972 511
78801 66953 1375
78801 78802 1129
78801 78803 474
66960 66961 321
66960 66962 1796
66960 66990 3033
66946 66944 1060
66946 66947 1427
66946 66950 1523
66946 77760 3272
77759 66944 3120
66949 66948 1114
66949 66948 1114
66949 66950 778
66957 66952 455
66957 66956 864
66957 78802 407
66972 66952 511
66972 66975 1103
66972 66979 747
78802 66957 407
78802 78801 1129
78802 78804 555
78803 78801 474
66962 66960 1796
66962 66973 1803
66962 66974 1246
66990 66960 3033
66990 66963 292
66990 66991 1068
66947 66946 1427
66947 77761 327
66947 77762 3143
66950 66946 1523
66950 66949 778
66950 66951 923
77760 66946 3272
66956 66957 864
66956 66980 541
66956 77018 1400
66956 77731 397
66975 66972 1103
66975 66976 751
66979 66972 747
66979 66985 1121
78804 78802 555
66973 66962 1803
66973 66977 1631
66973 66978 1521
66974 66962 1246
66974 66963 531
66974 66989 761
66963 66964 1815
66963 66974 531
66963 66990 292
66991 66989 837
66991 66990 1068
66991 66993 2578
77761 66947 327
77761 77763 463
77762 66947 3143
66951 66950 923
66951 77731 1195
66951 77732 885
66980 66956 541
66980 66983 1161
66980 66984 1818
77018 66956 1400
77018 77017 414
77018 77728 2410
77731 66951 1195
77731 66956 397
77731 77732 1336
66976 66975 751
66976 66985 138
66985 66976 138
66985 66979 1121
66985 66983 595
66977 66973 1631
66977 66986 441
66977 66987 869
66978 66973 1521
66978 66989 981
66978 66992 1104
66989 66974 761
66989 66978 981
66989 66991 837
66964 66963 1815
66993 66984 1704
66993 66991 2578
66993 66992 938
77763 77761 463
77763 77764 2615
77763 77765 721
77732 66951 885
77732 77731 1336
77732 77733 934
66983 66980 1161
66983 66985 595
66983 66988 473
66984 66980 1818
66984 66988 822
66984 66993 1704
77017 66982 932
77017 77018 414
77017 77019 1384
77728 77018 2410
77728 77729 1172
77728 77730 1354
66986 66977 441
66987 66977 869
66987 66988 476
66987 66992 482
66992 66978 1104
66992 66987 482
66992 66993 938
77764 77763 2615
77765 77763 721
77765 78168 1343
77733 77732 934
66988 66983 473
66988 66984 822
66988 66987 476
66982 66981 1227
66982 77017 932
66982 77730 2563
77019 66996 1727
77019 66996 1727
77019 77017 1384
77729 77728 1172
77730 66982 2563
77730 77728 1354
78168 77765 1343
66981 66982 1227
66981 67024 1877
66996 66994 1779
66996 77019 1727
66996 77019 1727
67024 66981 1877
66994 66995 1161
66994 66996 1779
66994 67075 3061
66995 66994 1161
66995 67069 1351
66995 67074 909
67075 66994 3061
67075 67076 874
67069 66995 1351
67069 67070 840
67069 77720 1059
67074 66995 909
67074 67076 1132
67076 67074 1132
67076 67075 874
67076 67081 399
67070 67069 840
67070 67071 481
67070 67072 409
67070 67073 976
77720 67069 1059
67081 67076 399
67081 67083 9
67071 67070 481
67072 67070 409
67073 67070 976
67073 67082 743
67083 67081 9
67083 67082 517
67082 67073 743
67082 67083 517
67082 67084 1532
67084 67082 1532
49
66940
77040
66943
66945
66959
66961
66944
66948
66960
66946
77759
66949
66962
66990
66947
66950
77760
66973
66974
66963
66991
77761
77762
66951
77731
66977
66978
66989
66964
66993
77763
77732
66984
66986
66987
66992
77764
77765
77733
66988
78168
66981
67024
67075
67076
67081
67083
67082
67084
