18
22793 22797 818
22780 22783 818
22797 22793 818
22783 22780 818
23120 28164 1741
28258 28310 924
28258 28314 1549
23126 28164 1258
28164 23120 1741
28164 23126 1258
28310 28258 924
28314 28258 1549
28314 28321 1301
28318 28321 782
28321 28314 1301
28321 28318 782
28542 28545 1416
28545 28542 1416
34
22177
21982
21969
21972
21971
22006
22017
22676
21273
22755
22770
22788
22787
22793
22780
22797
22783
23131
23135
23106
23114
23120
23116
26062
24794
28257
28258
23104
28162
23126
28314
28321
28520
28542
