502
9834 9835 896
9834 10419 824
9835 9834 896
9835 34173 857
10419 9834 824
10419 10418 1026
34173 9835 857
34173 10416 1925
34173 34567 1292
10418 10419 1026
10418 10420 855
10418 10422 2866
10418 10437 678
10416 10415 283
10416 10417 1676
10416 34173 1925
34567 34173 1292
10420 10417 3921
10420 10418 855
10420 10440 439
10422 10418 2866
10422 10423 959
10422 10424 1649
10437 10418 678
10437 10439 818
10437 10441 1473
10415 10416 283
10417 10416 1676
10417 10420 3921
10417 10421 1300
10440 10420 439
10440 10441 922
10440 10590 456
10423 10422 959
10424 10399 393
10424 10422 1649
10439 10437 818
10439 10438 1361
10441 10437 1473
10441 10440 922
10441 10596 731
10421 10417 1300
10421 10590 2691
10421 10592 1686
10590 10421 2691
10590 10440 456
10590 10595 243
10399 10403 1222
10399 10424 393
10438 10439 1361
10438 10444 781
10438 10445 1919
10438 10447 973
10596 10441 731
10596 10595 972
10596 10598 780
10592 10421 1686
10592 10591 1179
10592 10597 1269
10595 10590 243
10595 10596 972
10595 10597 787
10403 10399 1222
10403 10412 1203
10444 10429 208
10444 10436 1815
10444 10438 781
10445 10436 633
10445 10438 1919
10445 10446 1283
10445 10449 795
10447 10438 973
10447 10448 1829
10447 10599 1128
10598 10596 780
10598 10597 1071
10598 10600 1085
10591 10592 1179
10591 10597 904
10591 10601 2260
10597 10591 904
10597 10592 1269
10597 10595 787
10597 10598 1071
10412 10403 1203
10429 10430 723
10429 10431 490
10429 10444 208
10436 10434 217
10436 10444 1815
10436 10445 633
10446 10445 1283
10446 10450 884
10446 10540 451
10449 10445 795
10449 10448 247
10449 10450 1289
10448 10447 1829
10448 10449 247
10448 10451 538
10599 10443 1127
10599 10447 1128
10599 10602 1564
10599 10604 989
10600 10443 1267
10600 10598 1085
10600 10602 1264
10601 10591 2260
10430 10429 723
10431 10427 438
10431 10429 490
10431 10432 1808
10434 10432 537
10434 10435 1714
10434 10436 217
10450 10446 884
10450 10449 1289
10450 10452 820
10540 10435 781
10540 10446 451
10451 10448 538
10451 10452 1347
10451 10603 730
10443 10442 1515
10443 10599 1127
10443 10600 1267
10602 10599 1564
10602 10600 1264
10602 10609 592
10604 10599 989
10604 10603 888
10604 34174 1245
10427 10426 1371
10427 10428 925
10427 10431 438
10432 10405 270
10432 10431 1808
10432 10434 537
10435 10433 730
10435 10434 1714
10435 10528 1395
10435 10540 781
10452 10450 820
10452 10451 1347
10452 10545 1358
10452 10605 691
10603 10451 730
10603 10604 888
10603 10605 1330
10603 10606 780
10442 10443 1515
10609 10602 592
34174 10604 1245
10426 10407 703
10426 10425 1764
10426 10427 1371
10428 10427 925
10405 10404 408
10405 10432 270
10405 10433 1611
10433 10405 1611
10433 10435 730
10433 10527 609
10528 10435 1395
10545 10452 1358
10545 10544 672
10605 10452 691
10605 10544 1568
10605 10603 1330
10605 10608 833
10606 10603 780
10606 10607 846
10606 10608 1381
10407 10426 703
10407 34095 303
10425 10404 1006
10425 10426 1764
10425 34793 1664
10404 10405 408
10404 10425 1006
10404 10527 1632
10527 10404 1632
10527 10433 609
10527 10526 1921
10527 34793 907
10544 10545 672
10544 10605 1568
10544 10653 921
10608 10605 833
10608 10606 1381
10608 10612 732
10608 10653 1521
10607 10606 846
10607 10611 680
10607 10612 1179
34095 10407 303
34793 10425 1664
34793 10527 907
34793 34794 630
34793 34795 635
10526 10527 1921
10653 10544 921
10653 10608 1521
10653 10655 557
10612 10607 1179
10612 10608 732
10612 10655 1427
10611 10607 680
10611 10613 1809
34794 34793 630
34795 34793 635
34795 34796 485
10655 10612 1427
10655 10653 557
10613 10611 1809
10613 10622 1522
10613 10662 2158
10613 10663 2656
34796 34795 485
34796 34797 820
10622 10613 1522
10622 10623 2544
10662 10613 2158
10662 10663 2991
10662 10664 295
10663 10613 2656
10663 10623 1517
10663 10662 2991
10663 10665 1537
34797 34796 820
10623 10622 2544
10623 10644 1699
10623 10663 1517
10623 10672 1232
10664 10659 1279
10664 10661 2666
10664 10662 295
10665 10663 1537
10665 10666 409
10665 34460 1112
10644 10623 1699
10644 10643 286
10644 10645 307
10672 10623 1232
10672 10673 977
10659 10660 2128
10659 10664 1279
10661 10660 1029
10661 10664 2666
10666 10665 409
10666 10674 358
34460 10665 1112
10643 10617 1666
10643 10644 286
10645 10644 307
10673 10672 977
10673 10674 1555
10673 10677 1042
10660 10656 1133
10660 10659 2128
10660 10661 1029
10674 10666 358
10674 10673 1555
10674 10680 1681
10617 10643 1666
10677 10673 1042
10677 10676 1057
10677 10679 311
10677 10680 1387
10656 10538 302
10656 10660 1133
10680 10674 1681
10680 10677 1387
10680 10683 2012
10680 10684 898
10676 10677 1057
10676 10678 685
10679 10677 311
10679 10681 1775
10538 10539 1424
10538 10656 302
10538 10657 667
10683 10680 2012
10684 10680 898
10684 10685 595
10684 10686 1763
10678 10676 685
10678 10682 1859
10681 10679 1775
10681 10682 910
10681 10685 1195
10681 10926 867
10539 10538 1424
10657 10538 667
10657 10576 1111
10657 10658 2723
10685 10681 1195
10685 10684 595
10685 10687 311
10686 10684 1763
10686 10687 1352
10686 10696 403
10682 10678 1859
10682 10681 910
10682 10933 3641
10926 10681 867
10926 10688 1134
10926 10927 1538
10926 34778 392
10576 10548 1096
10576 10657 1111
10576 10658 2436
10576 10667 1111
10658 10576 2436
10658 10657 2723
10658 10669 1000
10687 10685 311
10687 10686 1352
10687 10688 491
10696 10686 403
10696 10695 444
10696 10697 880
10933 10682 3641
10933 10930 1022
10933 10935 2082
10688 10687 491
10688 10926 1134
10688 10928 660
10927 10926 1538
10927 10929 1140
10927 10930 1491
34778 10926 392
10548 10547 1013
10548 10549 1675
10548 10575 1558
10548 10576 1096
10667 10576 1111
10667 10668 644
10667 10669 2433
10669 10658 1000
10669 10667 2433
10695 10693 1188
10695 10696 444
10697 10696 880
10697 10928 1584
10930 10927 1491
10930 10933 1022
10930 10947 614
10935 10933 2082
10935 10934 409
10935 10937 417
10935 10938 225
10928 10688 660
10928 10697 1584
10928 10929 1022
10929 10927 1140
10929 10928 1022
10929 10941 1648
10929 10945 720
10547 10548 1013
10547 10574 1558
10549 10548 1675
10575 10548 1558
10668 10587 4815
10668 10667 644
10693 10692 907
10693 10694 2746
10693 10695 1188
10947 10930 614
10947 10945 784
10947 10946 629
10947 10955 2346
10934 10935 409
10934 10936 879
10937 10935 417
10937 10969 1940
10938 10935 225
10938 10939 1375
10941 10929 1648
10941 10940 869
10941 10952 278
10945 10929 720
10945 10940 1654
10945 10946 552
10945 10947 784
10574 10547 1558
10587 10584 763
10587 10668 4815
10587 12550 1334
10587 12551 839
10692 10691 2656
10692 10693 907
10692 34463 1268
10694 10693 2746
10694 10943 1120
10694 10944 649
10946 10942 1459
10946 10945 552
10946 10947 629
10946 10948 1585
10955 10947 2346
10955 10957 1088
10955 10958 1491
10936 10934 879
10936 34096 796
10969 10937 1940
10969 10967 696
10969 10971 567
10939 10938 1375
10939 10973 1118
10939 10981 1649
10940 10941 869
10940 10942 603
10940 10945 1654
10952 10941 278
10584 10580 755
10584 10585 1558
10584 10586 2783
10584 10587 763
12550 10587 1334
12550 12393 1454
12551 10587 839
12551 12552 1447
12551 12553 847
10691 10692 2656
10691 10698 528
10691 10699 1409
34463 10692 1268
10943 10694 1120
10943 10942 493
10944 10694 649
10944 10700 649
10944 10951 7186
10942 10940 603
10942 10943 493
10942 10946 1459
10948 10946 1585
10948 10949 1337
10948 10957 843
10957 10948 843
10957 10955 1088
10957 10956 1386
10957 10958 1053
10958 10955 1491
10958 10957 1053
10958 10988 936
34096 10936 796
10967 10968 467
10967 10969 696
10971 10969 567
10971 10970 1014
10971 10972 1957
10973 10939 1118
10973 10974 1281
10973 10981 1338
10981 10939 1649
10981 10973 1338
10981 10982 846
10580 10578 763
10580 10582 1558
10580 10583 2783
10580 10584 755
10585 10584 1558
10586 10583 755
10586 10584 2783
10586 12392 1780
10586 12393 763
12393 10586 763
12393 12550 1454
12393 12555 1796
12393 12557 561
12552 12551 1447
12552 12554 1336
12553 12551 847
12553 12560 1336
12553 12575 655
10698 10691 528
10699 10691 1409
10700 10944 649
10951 10944 7186
10949 10948 1337
10949 10956 880
10956 10949 880
10956 10957 1386
10988 10958 936
10968 10967 467
10970 10971 1014
10972 10971 1957
10974 10973 1281
10982 10981 846
10578 10580 763
10582 10580 1558
10583 10580 2783
10583 10586 755
12392 10586 1780
12555 12393 1796
12557 12393 561
12557 12554 301
12554 12552 1336
12554 12557 301
12560 12553 1336
12575 12553 655
135
10415
10399
10403
10591
10597
10412
10601
10540
10435
10609
10433
10528
10407
10425
10404
10527
10544
34095
34793
10526
10653
34794
34795
10655
34796
10622
34797
10623
10644
10672
10659
10643
10645
10673
10660
10674
10617
10677
10656
10680
10676
10679
10538
10683
10684
10678
10681
10539
10657
10685
10686
10682
10926
10576
10658
10687
10696
10933
10688
10927
34778
10548
10667
10669
10695
10697
10930
10935
10928
10929
10547
10549
10575
10668
10693
10947
10934
10937
10938
10941
10945
10574
10587
10692
10694
10946
10955
10936
10969
10939
10940
10952
10584
12550
12551
10691
34463
10943
10944
10942
10948
10957
10958
34096
10967
10971
10973
10981
10580
10585
10586
12393
12552
12553
10698
10699
10700
10951
10949
10956
10988
10968
10970
10972
10974
10982
10578
10582
10583
12392
12555
12557
12554
12560
12575
