14
163079 163084 355
163084 163079 355
184391 184390 517
184390 184391 517
184616 184613 650
184613 184616 650
184635 173433 738
173433 184635 738
183036 183170 1719
183170 183036 1719
183040 183041 4004
183041 183040 4004
181724 182665 1812
182665 181724 1812
35
163076
163079
163084
163093
184391
163102
163115
163117
184390
185673
183102
183106
183119
183130
184616
184613
184621
184625
184635
184644
173433
184517
184631
184646
183089
176682
183059
183110
183036
183154
183170
183041
181498
182665
182668
