18
145492 145493 446
145493 145492 446
145547 145548 867
145548 145547 867
145604 145617 699
145617 145604 699
145617 145618 786
145618 145617 786
145776 145778 815
145786 145785 805
145785 145786 805
145778 145776 815
145869 145870 779
145870 145869 779
146103 146104 718
146104 146103 718
151489 151493 808
151493 151489 808
39
145115
145492
145493
145496
145501
145540
145541
145547
145548
145600
145604
145617
145618
145776
145794
145786
145785
145790
145789
145623
145880
145778
145798
145847
145853
145869
145870
145878
146084
146098
146103
146104
151482
151489
151551
151586
151730
148407
151930
