20
136139 136193 751
136193 136139 751
136195 136199 827
136199 136195 827
136805 136814 757
136814 136805 757
137676 137682 757
137682 137676 757
137758 137778 710
137761 137759 835
137759 137761 835
137779 137778 2317
137778 137758 710
137778 137779 2317
138484 138485 354
138484 138486 905
138485 138484 354
138486 138484 905
137907 137905 237
137905 137907 237
36
136139
136193
136195
136199
136203
136201
136790
136795
136805
136814
137504
137714
137702
137676
137682
137719
137722
137724
137697
137742
137744
137746
137758
137761
137759
137779
137765
138468
138484
139099
138486
137907
137905
138475
137913
137923
