20
207496 207499 1032
207499 207496 1032
207669 207659 867
207659 207669 867
196865 196869 973
196869 196865 973
145435 145436 390
145436 145435 390
145436 145439 672
145439 145436 672
145439 145462 1382
145462 145439 1382
145462 145983 349
145983 145462 349
145986 145987 951
145987 145986 951
151361 151360 751
146002 146003 369
146003 146002 369
151360 151361 751
37
207475
207496
207499
207507
207667
207511
207668
207669
207659
196871
196872
196865
196869
196883
196890
196821
145347
145432
145435
145439
145462
145983
145986
145987
139963
151361
151411
146002
146003
151355
151360
151363
151366
151337
151338
151330
151340
