16
128766 128767 553
128767 128766 553
128769 128771 1029
128771 128769 1029
128861 128860 698
120560 120561 639
120561 120560 639
128860 128861 698
120695 120698 752
120695 120701 202
120701 120695 202
120723 120737 1534
120737 120723 1534
120737 120740 1346
120740 120737 1346
120698 120695 752
34
128530
128542
128579
128604
128606
128610
128619
128621
128766
128767
128769
128771
128783
128792
128824
128736
128847
128861
120560
120555
120561
128866
128860
120586
120595
120599
120613
120614
120618
120701
120703
120740
120697
120698
