14
198423 198417 2446
198417 198423 2446
196937 196935 863
195970 195941 462
195941 195970 462
196935 196937 863
194821 197020 556
194821 197084 779
197020 194821 556
197084 194821 779
202153 202363 1371
202363 202153 1371
203387 203388 2252
203388 203387 2252
38
195900
195688
198563
195885
198423
198424
198415
198417
198579
196937
195968
195970
195941
195943
196935
196953
196962
196990
194821
197017
197020
197084
202129
202128
202146
202153
202363
202368
203137
203172
203175
203173
203184
203340
203345
203382
201679
203388
