14
180423 180424 1363
180424 180423 1363
173602 173603 551
173603 173602 551
182173 181998 924
181998 182173 924
181929 181944 599
181944 181929 599
182134 182133 848
182133 182134 848
182133 182138 435
182138 182133 435
182151 182155 452
182155 182151 452
35
162549
162740
180650
180783
180683
180492
180644
180385
180400
180405
180445
179693
179699
180436
180439
180423
180424
180481
180478
180428
185268
173602
173603
185270
181987
182173
181998
181921
181929
181944
182134
182138
182151
182158
182204
