18
112463 112464 516
112463 112467 788
112464 112463 516
112467 112463 788
113447 112454 1565
112454 113447 1565
113118 113115 931
112958 113113 681
113113 112958 681
113113 113115 756
113115 113113 756
113115 113118 931
103429 113253 475
113253 103429 475
112664 112666 2719
112666 112664 2719
113425 113489 562
113489 113425 562
37
33622
33627
113429
113439
112429
113444
112463
112464
113175
112466
112467
112468
113447
112454
113118
113120
113122
112905
112924
112953
112958
113113
113115
112937
112960
112992
113162
113171
113250
113269
113308
113508
112664
112666
113424
113425
113489
