18
58658 58667 1285
58658 58679 2358
58667 58658 1285
58679 58658 2358
116606 116607 1023
116606 116700 2759
116700 116606 2759
116607 116606 1023
116609 119511 3484
119511 116609 3484
119558 119563 1578
119563 119558 1578
119577 119578 893
119578 119577 893
119600 119608 1951
119608 119600 1951
119608 119640 1148
119640 119608 1148
33
100685
100746
116735
116427
116739
116724
58333
58340
58357
116810
58358
58660
58658
58666
58667
58679
116807
119511
119520
119558
119563
119568
119577
119578
119579
119580
120092
120093
119591
119599
119600
119608
119640
