452
225184 225185 2537
225184 232026 687
225185 225184 2537
225185 235463 998
232026 225184 687
232026 232003 1029
232026 232034 1733
232026 232036 817
235463 225185 998
232003 231999 778
232003 232004 2329
232003 232012 778
232003 232026 1029
232034 232026 1733
232034 232033 139
232034 232039 1530
232036 232012 1276
232036 232026 817
232036 232037 475
232036 232038 980
231999 231990 1778
231999 232002 921
231999 232003 778
232004 231997 597
232004 232003 2329
232004 232005 344
232012 232003 778
232012 232007 627
232012 232013 556
232012 232036 1276
232033 232032 333
232033 232034 139
232033 232035 1685
232039 230738 804
232039 232034 1530
232039 232037 786
232037 232013 1462
232037 232036 475
232037 232039 786
232038 232036 980
231990 231986 1011
231990 231989 2113
231990 231999 1778
232002 231994 2204
232002 231999 921
232002 232001 452
231997 231992 1607
231997 231998 307
231997 232004 597
232005 232004 344
232005 232006 687
232007 232008 754
232007 232012 627
232013 232012 556
232013 232014 275
232013 232037 1462
232013 234118 662
232032 232033 333
232032 232040 179
232035 232033 1685
232035 232046 924
230738 230737 1671
230738 232039 804
230738 234118 1964
231986 231984 1889
231986 231990 1011
231986 232000 704
231989 231958 685
231989 231987 275
231989 231990 2113
231994 231992 2087
231994 231995 511
231994 231998 833
231994 232002 2204
232001 231995 2369
232001 232002 452
231992 231991 2578
231992 231994 2087
231992 231997 1607
231998 231994 833
231998 231997 307
231998 234698 575
232006 232005 687
232006 232009 433
232006 232010 238
232008 232007 754
232014 232010 1708
232014 232013 275
234118 230738 1964
234118 232013 662
234118 234303 108
232040 232031 99
232040 232032 179
232040 235424 1495
232046 232035 924
230737 230738 1671
231984 231985 2208
231984 231986 1889
231984 231987 706
232000 231986 704
232000 231993 1477
232000 231996 1632
231958 231959 1275
231958 231989 685
231958 232015 775
231987 231984 706
231987 231988 2560
231987 231989 275
231995 231994 511
231995 231996 713
231995 232001 2369
231991 231949 202
231991 231992 2578
231991 231996 948
234698 231998 575
232009 232006 433
232010 232006 238
232010 232011 672
232010 232014 1708
234303 232011 1787
234303 234118 108
232031 232030 1425
232031 232040 99
232031 232041 238
235424 232040 1495
231985 231942 1477
231985 231984 2208
231985 231993 787
231993 231950 786
231993 231985 787
231993 232000 1477
231996 231991 948
231996 231995 713
231996 232000 1632
231959 231958 1275
231959 231983 856
231959 232016 739
231959 234387 205
231959 234435 562
232015 231958 775
231988 231987 2560
231988 234394 806
231988 234435 1707
231949 231934 1065
231949 231950 580
231949 231991 202
232011 232010 672
232011 232107 713
232011 234303 1787
232030 232031 1425
232041 232031 238
232041 232044 712
231942 231920 2258
231942 231985 1477
231950 231945 631
231950 231949 580
231950 231993 786
231983 231959 856
232016 231959 739
232016 232017 505
234387 231959 205
234387 231972 590
234387 234389 358
234435 231959 562
234435 231988 1707
234394 231979 538
234394 231988 806
231934 231933 972
231934 231949 1065
232107 232011 713
232107 232108 1004
232107 232110 931
232044 232041 712
232044 234302 892
231920 231919 1791
231920 231937 642
231920 231942 2258
231945 231943 1884
231945 231950 631
232017 232016 505
231972 231961 1475
231972 231962 1227
231972 234387 590
234389 234387 358
231979 231907 5605
231979 234394 538
231933 231934 972
231933 231944 418
231933 234390 563
232108 232107 1004
232108 232109 7892
232110 232107 931
232110 235423 872
234302 232044 892
231919 231916 2548
231919 231920 1791
231919 231921 864
231937 231920 642
231937 231936 613
231937 231941 645
231943 231941 656
231943 231944 556
231943 231945 1884
231961 231960 1272
231961 231971 112
231961 231972 1475
231962 231963 371
231962 231972 1227
231962 235474 334
231907 231908 379
231907 231979 5605
231907 234393 566
231944 231933 418
231944 231943 556
234390 231933 563
232109 232108 7892
232109 232111 3413
232109 232112 3501
235423 232110 872
231916 231915 1005
231916 231917 1151
231916 231919 2548
231921 231919 864
231921 231922 549
231921 231976 1003
231936 231928 251
231936 231937 613
231941 231937 645
231941 231939 323
231941 231943 656
231960 231961 1272
231960 231968 2750
231971 231961 112
231971 232020 515
231963 231962 371
235474 231962 334
231908 231907 379
231908 235303 573
234393 231903 471
234393 231907 566
232111 232070 698
232111 232109 3413
232111 234699 630
232112 232109 3501
232112 232113 3636
231915 231916 1005
231915 231925 475
231917 231910 1766
231917 231916 1151
231917 231918 3791
231922 231921 549
231976 231921 1003
231976 231977 411
231928 231925 515
231928 231936 251
231939 231938 535
231939 231940 905
231939 231941 323
231968 231960 2750
231968 231967 1768
231968 234934 2642
232020 231971 515
232020 232022 1159
235303 231882 580
235303 231908 573
231903 231884 1512
231903 234393 471
232070 232067 4453
232070 232111 698
234699 232111 630
232113 232112 3636
232113 232114 3506
232113 232116 4589
231925 231915 475
231925 231923 1300
231925 231928 515
231910 231898 1477
231910 231917 1766
231910 231975 4428
231918 231917 3791
231977 231976 411
231977 231978 766
231977 231980 613
231938 231939 535
231940 231939 905
231967 231964 1333
231967 231968 1768
231967 231969 1852
234934 231968 2642
234934 234935 240
234934 234936 163
234934 234937 447
232022 232020 1159
232022 232024 1549
231882 231883 329
231882 231893 642
231882 231906 491
231882 235303 580
231884 231881 2242
231884 231901 1336
231884 231902 847
231884 231903 1512
232067 232061 3979
232067 232065 1524
232067 232070 4453
232067 232119 592
232114 232113 3506
232114 232115 562
232114 233331 344
232116 232113 4589
232116 233341 128
231923 231897 335
231923 231912 452
231923 231924 1669
231923 231925 1300
231898 231899 583
231898 231910 1477
231975 231910 4428
231975 231981 935
231978 231977 766
231980 231977 613
231980 231981 434
231980 231982 1448
231964 231956 2525
231964 231967 1333
231964 235278 3926
231969 231965 1227
231969 231967 1852
231969 231970 1498
231969 231970 1498
234935 234934 240
234935 235128 1623
234936 234934 163
234937 234934 447
232024 232022 1549
231883 231880 2963
231883 231882 329
231893 231882 642
231893 231894 1012
231893 231895 280
231906 231882 491
231881 231880 452
231881 231884 2242
231901 231884 1336
231902 231884 847
231902 231905 847
232061 232062 5021
232061 232067 3979
232065 232063 1422
232065 232066 1124
232065 232067 1524
232119 232067 592
232119 232069 2672
232119 232069 2672
232115 232114 562
232115 233330 217
233331 232114 344
233331 233332 410
233331 233333 197
233341 232116 128
233341 233342 948
231897 231887 1219
231897 231923 335
231912 231888 1889
231912 231923 452
231924 231923 1669
231924 231926 445
231899 231898 583
231981 231975 935
231981 231980 434
231982 231980 1448
231956 231954 2023
231956 231964 2525
235278 231964 3926
231965 231966 1373
231965 231969 1227
231965 231970 1143
231970 231965 1143
231970 231969 1498
231970 231969 1498
235128 234935 1623
231880 231879 445
231880 231881 452
231880 231883 2963
231894 231893 1012
231894 234386 1587
231895 231893 280
231895 235302 1104
231905 231888 2672
231905 231902 847
232062 232061 5021
232062 235304 1997
232062 235471 635
232063 231837 5403
232063 232059 2172
232063 232064 3334
232063 232065 1422
232066 232065 1124
232069 232068 714
232069 232119 2672
232069 232119 2672
233330 232115 217
233332 233331 410
233332 233342 5753
233333 233331 197
233333 233335 3820
233342 233332 5753
233342 233341 948
233342 233343 1161
231887 231886 947
231887 231897 1219
231888 231886 3140
231888 231905 2672
231888 231912 1889
231926 231924 445
231926 231927 4062
231954 231953 2215
231954 231955 449
231954 231956 2023
231966 231965 1373
231879 231733 222
231879 231880 445
234386 231894 1587
234386 231948 278
235302 231895 1104
235304 231946 2069
235304 232062 1997
235471 232062 635
231837 231838 4553
231837 232060 428
231837 232063 5403
232059 232058 1125
232059 232063 2172
232059 235335 1772
232064 232063 3334
232064 232068 1931
232068 232064 1931
232068 232069 714
233335 233333 3820
233343 233342 1161
231886 231887 947
231886 231888 3140
231927 231926 4062
231953 231954 2215
231955 231954 449
231733 231879 222
231948 234386 278
231946 235304 2069
231838 231837 4553
232060 231837 428
232058 232059 1125
235335 232059 1772
34
225185
235463
232035
232046
232015
232030
232044
232017
234302
231971
232020
232022
231884
232024
231881
231901
231902
231880
231905
233330
231888
231879
232064
232068
233335
233343
231886
231927
231953
231955
231733
231948
231946
232060
