20
159759 159760 767
159760 159759 767
159760 159761 851
159761 159760 851
159992 159991 850
159991 159992 850
159998 159997 850
159997 159998 850
160088 160099 844
158778 158731 3852
158731 158778 3852
158733 160039 613
160039 158733 613
160039 160040 2734
160040 160039 2734
159009 160052 1221
160052 159009 1221
161267 161266 393
161266 161267 393
160099 160088 844
33
159617
159642
159666
159669
159673
159759
159760
159761
159766
157713
157716
159816
159938
159956
159992
159991
159998
159950
159997
160088
172650
158731
158733
160040
159009
159017
160052
161267
161266
160099
160095
213089
213074
