20
180107 180100 1258
180107 180106 2281
185998 186000 652
186000 185998 652
180106 180107 2281
179592 178626 3054
180100 180107 1258
178626 179592 3054
180044 180088 581
180088 180044 581
180088 180089 1124
180089 180088 1124
180089 180090 2458
180090 180089 2458
180090 180093 2347
180093 180090 2347
180140 180141 747
180141 180140 747
152532 152707 330
152707 152532 330
33
167662
167802
152501
152524
180107
177685
185998
186000
186001
180101
180106
179592
179599
179648
180100
179601
179666
178626
180089
180090
180093
180143
180191
179856
179877
179841
179979
179845
179965
182294
152530
152532
152711
