46
217555 217556 2243
217555 217560 663
217555 217563 1352
217556 217555 2243
217560 217555 663
217560 217564 1412
217563 217555 1352
217563 217564 699
217564 217560 1412
217564 217563 699
217564 217565 633
217565 217564 633
217565 217566 1091
217566 217565 1091
217566 217585 1043
217566 217977 214
217585 217566 1043
217585 217591 375
217977 217566 214
217591 217585 375
217591 217590 561
217591 217593 1189
217591 217594 1416
217590 217591 561
217593 217591 1189
217594 217591 1416
217594 217860 391
217860 217594 391
217860 217598 1365
217860 217845 1519
217598 217597 457
217598 217860 1365
217598 217861 844
217845 217848 817
217845 217860 1519
217845 217864 692
217597 217598 457
217861 217598 844
217861 217865 702
217861 217866 872
217848 217845 817
217864 217845 692
217865 217861 702
217866 217604 2193
217866 217861 872
217604 217866 2193
20
217560
217564
217565
217566
217585
217977
217591
217590
217593
217594
217860
217598
217845
217597
217861
217848
217864
217865
217866
217604
