454
91961 91962 310
91961 92053 956
91962 91961 310
91962 91965 750
91962 92371 159
91962 103024 1895
92053 91961 956
92053 91974 1118
92053 103021 2567
91965 91962 750
91965 91966 1330
91965 91997 1194
92371 91962 159
92371 101661 1184
103024 91962 1895
103024 92847 5479
91974 91973 1229
91974 92053 1118
103021 92053 2567
103021 103022 140
91966 91965 1330
91997 91965 1194
91997 92347 259
101661 92371 1184
101661 122630 926
92847 92107 1105
92847 103024 5479
91973 91974 1229
91973 91985 226
103022 103021 140
103022 103023 24
92347 91997 259
92347 92348 593
92347 101381 440
122630 101655 6112
122630 101661 926
122630 122631 355
92107 92093 769
92107 92113 268
92107 92847 1105
91985 91973 226
91985 91984 161
103023 92051 7
103023 103022 24
92348 92019 685
92348 92347 593
101381 91964 54
101381 92347 440
101655 101654 650
101655 122630 6112
122631 122630 355
122631 122632 926
92093 92079 464
92093 92107 769
92093 92110 1183
92113 92107 268
92113 92114 226
92113 92120 387
91984 91985 161
91984 92023 137
92051 92026 430
92051 92031 792
92051 103023 7
92019 91995 579
92019 92348 685
91964 91963 359
91964 91996 744
91964 101381 54
101654 101652 1363
101654 101655 650
101654 101656 2613
122632 122631 926
122632 122633 1255
122632 122634 1774
92079 92031 331
92079 92093 464
92110 92093 1183
92114 92113 226
92114 92130 252
92120 92113 387
92120 92131 506
92023 91984 137
92023 92026 669
92023 101377 450
92026 92023 669
92026 92031 613
92026 92051 430
92031 92026 613
92031 92051 792
92031 92079 331
92031 92089 1471
91995 91996 413
91995 92019 579
91963 91964 359
91963 91968 359
91963 92351 935
91996 91964 744
91996 91995 413
101652 101653 6266
101652 101654 1363
101656 101569 2253
101656 101654 2613
101656 101660 404
122633 122632 1255
122633 122635 612
122633 122641 2483
122634 122632 1774
122634 122639 1284
122634 122644 1532
92130 92114 252
92130 92131 209
92130 92132 248
92131 92120 506
92131 92130 209
92131 92143 460
101377 91982 498
101377 92023 450
101377 101378 1246
92089 92031 1471
91968 91963 359
91968 91967 142
91968 101961 352
92351 91963 935
92351 101380 386
92351 101737 351
101653 92299 1140
101653 101378 1292
101653 101652 6266
101569 100160 612
101569 101570 146
101569 101656 2253
101660 101656 404
101660 101662 1027
122635 122633 612
122641 122633 2483
122641 122642 3746
122641 122643 672
122639 122634 1284
122639 122638 677
122639 122640 3079
122644 122634 1532
122644 122640 2063
122644 122643 1114
122644 122718 4737
92132 92130 248
92132 92140 111
92143 92131 460
92143 92144 455
92143 92210 270
92143 92217 540
91982 91983 385
91982 91992 183
91982 91993 253
91982 92299 325
91982 101377 498
101378 92292 1656
101378 101377 1246
101378 101653 1292
91967 91968 142
91967 91969 630
91967 102116 376
101961 91968 352
101961 103018 199
101380 92351 386
101380 101379 789
101380 101722 378
101737 92351 351
101737 101722 142
101737 101738 434
92299 91982 325
92299 101379 121
92299 101653 1140
100160 100161 3480
100160 101569 612
100160 101572 1074
100160 101659 1023
101570 101569 146
101662 101660 1027
101662 101663 837
101662 101664 673
122642 122641 3746
122642 122705 5768
122643 122641 672
122643 122644 1114
122643 122647 1950
122638 122636 948
122638 122639 677
122640 122639 3079
122640 122644 2063
122640 122645 4833
122640 122646 1558
122718 122644 4737
122718 122645 1979
122718 122721 3050
92140 92132 111
92140 92141 302
92140 103027 376
92140 103028 215
92144 92143 455
92144 92220 337
92144 92290 683
92144 103025 715
92210 92143 270
92210 103026 342
92217 92143 540
92217 92218 419
92217 92219 464
91983 91982 385
91983 102116 1771
91992 91982 183
91992 91994 104
91993 91982 253
92292 92288 182
92292 101373 1694
92292 101375 6932
92292 101378 1656
91969 91967 630
102116 91967 376
102116 91983 1771
102116 103019 449
103018 101961 199
101379 92299 121
101379 101380 789
101722 101380 378
101722 101737 142
101738 101737 434
100161 100160 3480
101572 100160 1074
101572 101560 873
101572 101562 4248
101659 100160 1023
101659 101657 2219
101659 101658 2564
101663 101662 837
101664 101662 673
101664 101665 810
101664 101666 377
122705 101576 355
122705 122599 1742
122705 122642 5768
122647 122643 1950
122636 122637 2686
122636 122638 948
122645 122640 4833
122645 122718 1979
122645 122724 2215
122646 122640 1558
122646 122678 333
122721 122718 3050
122721 122719 2028
122721 122723 1307
92141 92140 302
103027 92140 376
103028 92140 215
92220 92144 337
92220 92221 547
92220 92222 204
92220 92224 602
92290 92144 683
103025 92144 715
103026 92210 342
92218 92217 419
92219 92217 464
91994 91992 104
92288 92287 297
92288 92292 182
92288 92293 973
101373 92292 1694
101373 101358 8214
101373 101371 1641
101375 92292 6932
101375 101376 1010
103019 102116 449
103019 103020 254
101560 101526 2283
101560 101572 873
101560 101657 947
101562 101561 673
101562 101571 612
101562 101572 4248
101657 101560 947
101657 101658 1011
101657 101659 2219
101658 101376 4433
101658 101657 1011
101658 101659 2564
101665 101664 810
101666 101575 433
101666 101664 377
101576 101574 1412
101576 122705 355
122599 122598 1255
122599 122705 1742
122599 122706 2551
122637 122636 2686
122637 122651 697
122637 122652 3289
122724 122645 2215
122678 122646 333
122678 122679 782
122719 122714 818
122719 122720 3231
122719 122721 2028
122719 122722 1352
122723 122721 1307
122723 122722 2458
122723 122744 1813
122723 122746 3609
92221 92220 547
92221 92287 316
92222 92220 204
92224 92220 602
92287 92221 316
92287 92288 297
92293 92288 973
101358 101359 21688
101358 101360 1188
101358 101373 8214
101371 101370 336
101371 101372 4775
101371 101373 1641
101376 101375 1010
101376 101651 2595
101376 101658 4433
103020 103019 254
101526 101525 1629
101526 101528 928
101526 101560 2283
101561 101562 673
101571 101562 612
101571 101573 1363
101575 101574 3965
101575 101666 433
101575 101667 890
101574 101573 806
101574 101575 3965
101574 101576 1412
122598 122599 1255
122598 122600 2615
122706 122599 2551
122706 122600 1502
122706 122707 612
122651 122637 697
122652 122637 3289
122652 122659 678
122652 122677 2883
122679 122677 1029
122679 122678 782
122679 122680 1234
122714 122713 452
122714 122717 1824
122714 122719 818
122720 122719 3231
122722 122719 1352
122722 122723 2458
122722 122730 766
122744 122723 1813
122746 122723 3609
122746 122750 1028
122746 122754 3707
101359 101047 1300
101359 101358 21688
101359 101417 7079
101359 101421 949
101360 101358 1188
101360 121800 445
101370 101340 1883
101370 101350 1303
101370 101364 2910
101370 101371 336
101372 101371 4775
101651 101376 2595
101525 101526 1629
101525 101527 984
101525 101960 559
101528 101526 928
101528 101527 1757
101573 101571 1363
101573 101574 806
101573 101644 1763
101667 101575 890
122600 122598 2615
122600 122601 2985
122600 122706 1502
122707 122706 612
122707 122708 537
122707 122709 1704
122659 122652 678
122659 122681 1618
122677 122652 2883
122677 122679 1029
122677 122681 2092
122680 122679 1234
122680 122683 782
122713 122712 452
122713 122714 452
122717 122714 1824
122717 122716 885
122717 122730 1161
122717 122731 2430
122730 122717 1161
122730 122722 766
122730 122732 2809
122730 122743 1258
122750 122746 1028
122750 122749 1225
122754 122746 3707
122754 122873 2306
122754 122880 837
122754 122881 2587
101047 101046 2216
101047 101359 1300
101047 101415 3715
101417 101359 7079
101417 101413 1346
101417 101418 984
101421 101359 949
101421 121993 4229
121800 101360 445
121800 121801 1558
101340 101364 3964
101340 101370 1883
101350 101370 1303
101364 101340 3964
101364 101370 2910
101527 101525 984
101527 101528 1757
101960 101525 559
101644 101573 1763
122601 122600 2985
122708 122707 537
122709 122707 1704
122681 122659 1618
122681 122677 2092
122683 122680 782
122712 122713 452
122712 122716 1552
122716 122712 1552
122716 122717 885
122731 122717 2430
122731 122732 873
122732 122730 2809
122732 122731 873
122743 122730 1258
122749 122750 1225
122873 122754 2306
122880 122754 837
122881 122754 2587
101046 101047 2216
101415 101047 3715
101413 101417 1346
101418 101417 984
121993 101421 4229
121801 121800 1558
28
101561
122598
101528
122600
121800
101340
101350
101364
101527
122601
122708
122709
122681
122683
122712
122716
122731
122732
122749
122873
122880
122881
101046
101415
101413
101418
121993
121801
