18
17232 17233 847
17233 17232 847
33936 33945 1964
33945 33936 1964
17389 17438 904
17438 17389 904
17438 17440 1258
17440 17438 1258
17440 17444 510
17444 17440 510
16855 33980 211
18176 18324 1406
33980 16855 211
18324 18176 1406
18389 18406 2044
18266 18325 713
18325 18266 713
18406 18389 2044
33
17228
17232
17233
17239
17341
17411
33933
33936
33955
33929
33920
33930
17380
33945
17379
17389
17444
17452
16855
18322
18176
33980
18166
18174
18324
33993
18346
18388
33972
33982
18266
18325
18406
