18
189066 189068 801
189231 189245 2319
189245 189231 2319
189285 189286 385
189286 189285 385
188597 188596 777
189068 189066 801
188596 188597 777
188596 189063 772
189063 188596 772
189114 189116 794
190747 189302 2576
189302 190747 2576
189116 189114 794
189335 189337 848
189342 189337 715
189337 189335 848
189337 189342 715
40
24763
24767
189066
189228
189231
189245
189277
189285
189286
188597
189068
188596
189063
189065
189149
189160
189169
189297
189300
189114
189125
189133
189176
189185
190747
189302
189116
189123
189138
189333
189335
188842
188848
189329
189342
189337
188776
188778
188834
188846
