456
7439 7440 460
7439 7450 327
7439 7476 440
7440 7439 460
7440 7452 367
7440 7467 239
7450 7439 327
7476 7439 440
7476 7475 1453
7476 7647 282
7452 7440 367
7452 28467 373
7452 28478 124
7467 7440 239
7475 7476 1453
7475 7724 2309
7647 7476 282
7647 7637 805
7647 7721 205
28467 7452 373
28467 23485 244
28467 28484 369
28478 7452 124
28478 28479 489
7724 7468 438
7724 7475 2309
7724 28372 2756
7724 28469 2595
7637 7638 140
7637 7643 248
7637 7647 805
7721 7647 205
23485 23486 117
23485 28467 244
28484 28467 369
28479 28478 489
7468 7469 791
7468 7483 360
7468 7724 438
28372 7724 2756
28372 28460 871
28469 7724 2595
28469 28456 818
28469 28470 1085
7638 7637 140
7638 28461 443
7643 7637 248
23486 23485 117
23486 23487 517
7469 7468 791
7469 35310 273
7469 35311 312
7483 7468 360
7483 7484 88
7483 24361 326
28460 28372 871
28460 28485 2080
28456 28455 645
28456 28468 847
28456 28469 818
28456 28472 1274
28470 28469 1085
28461 7638 443
28461 28471 590
23487 23486 517
35310 7469 273
35310 35312 494
35310 35313 274
35311 7469 312
7484 7483 88
7484 24758 198
7484 35309 267
24361 7483 326
28485 28460 2080
28485 28489 201
28455 28456 645
28468 23519 1652
28468 28456 847
28468 28463 580
28472 28456 1274
28471 28461 590
28471 28473 409
35312 35310 494
35312 35314 461
35312 35315 297
35313 35310 274
24758 7484 198
24758 24759 240
24758 33454 352
35309 7484 267
28489 28480 1481
28489 28485 201
28489 28488 947
28489 28490 1352
23519 23481 789
23519 28468 1652
28463 7642 713
28463 23481 1727
28463 28462 636
28463 28468 580
28473 23478 950
28473 28465 950
28473 28471 409
28473 28474 750
35314 35312 461
35314 35316 228
35314 35317 250
35315 35312 297
24759 24758 240
24759 34290 360
24759 35304 367
33454 24758 352
28480 23521 2016
28480 28489 1481
28488 28486 604
28488 28489 947
28490 23512 1976
28490 28489 1352
23481 23482 613
23481 23519 789
23481 28463 1727
7642 7641 724
7642 23482 1701
7642 28463 713
7642 28466 238
28462 28463 636
23478 23470 1004
23478 23479 826
23478 28473 950
28465 28464 275
28465 28466 750
28465 28473 950
28474 23479 983
28474 28473 750
28474 28475 713
28474 28477 1730
35316 35314 228
35316 35318 257
35317 35314 250
34290 24759 360
34290 35305 188
34290 35306 342
35304 24759 367
23521 23520 6176
23521 28480 2016
28486 28487 1073
28486 28488 604
23512 23511 475
23512 28490 1976
23482 7642 1701
23482 23481 613
7641 7642 724
28466 7642 238
28466 28465 750
28466 28475 238
23470 12282 1102
23470 23457 778
23470 23478 1004
23479 12282 950
23479 23478 826
23479 23480 1576
23479 28474 983
28464 28465 275
28475 28466 238
28475 28474 713
28475 28476 1576
28477 28474 1730
35318 35316 257
35305 34290 188
35305 35307 269
35305 35308 320
35306 34290 342
23520 23521 6176
23520 23522 475
28487 28482 1543
28487 28486 1073
23511 23512 475
23511 23513 475
12282 12281 1033
12282 23470 1102
12282 23471 713
12282 23479 950
23457 23455 826
23457 23469 676
23457 23470 778
23480 23479 1576
28476 28475 1576
35307 35305 269
35308 35305 320
23522 23520 475
23522 23523 275
28482 28483 325
28482 28487 1543
23513 23511 475
23513 23514 435
12281 12270 666
12281 12270 666
12281 12282 1033
23471 12282 713
23471 23469 708
23471 23475 1160
23471 23477 826
23455 23453 475
23455 23457 826
23455 23463 3223
23469 23457 676
23469 23471 708
23469 23474 1120
23523 12312 4730
23523 23522 275
28483 28481 352
28483 28482 325
23514 23513 435
23514 23515 3454
12270 12269 267
12270 12281 666
12270 12281 666
23475 12284 2068
23475 23471 1160
23475 23474 788
23477 12269 708
23477 12286 2004
23477 23471 826
23453 23452 435
23453 23455 475
23453 23456 1741
23463 23449 750
23463 23455 3223
23463 23462 2243
23463 23464 904
23474 23469 1120
23474 23475 788
12312 12313 2594
12312 23523 4730
28481 28450 812
28481 28483 352
23515 23514 3454
23515 23544 629
12269 12270 267
12269 12286 2016
12269 23477 708
12284 12277 279
12284 23472 629
12284 23475 2068
12286 12269 2016
12286 23477 2004
23452 23448 676
23452 23449 3288
23452 23453 435
23452 23454 1695
23456 23453 1741
23456 23454 629
23449 23447 708
23449 23452 3288
23449 23461 2170
23449 23463 750
23462 23421 950
23462 23461 629
23462 23463 2243
23462 23465 604
23464 23463 904
23464 23468 1120
23464 23472 951
12313 12312 2594
12313 12316 336
12313 23526 279
12313 23536 2244
28450 28451 1164
28450 28481 812
23544 23515 629
23544 23545 201
23544 23546 2598
12277 12278 1470
12277 12284 279
12277 12285 750
23472 12284 629
23472 23464 951
23472 23473 373
23472 23476 1085
23448 23434 629
23448 23437 1299
23448 23447 3152
23448 23452 676
23454 23452 1695
23454 23456 629
23454 23460 924
23447 23442 826
23447 23445 2272
23447 23448 3152
23447 23449 708
23461 23445 750
23461 23449 2170
23461 23462 629
23421 23396 2005
23421 23420 818
23421 23462 950
23465 12271 1225
23465 23462 604
23465 23466 476
23468 23464 1120
12316 12313 336
12316 12314 1085
23526 12313 279
23526 23527 1653
23526 23534 1055
23526 23535 2346
23536 12313 2244
23536 23659 1510
28451 28448 1577
28451 28450 1164
28451 28452 2110
23545 23544 201
23545 23547 877
23545 23549 3223
23546 23503 900
23546 23544 2598
23546 23557 435
23546 23558 737
12278 12277 1470
12285 12277 750
23473 23472 373
23476 23472 1085
23434 23433 869
23434 23448 629
23434 23451 1188
23437 23436 354
23437 23448 1299
23437 23459 1556
23460 23454 924
23460 23459 354
23442 23440 708
23442 23444 2203
23442 23446 950
23442 23447 826
23445 23444 708
23445 23447 2272
23445 23461 750
23396 23371 1257
23396 23419 747
23396 23421 2005
23420 12024 1223
23420 23419 1886
23420 23421 818
23420 23423 889
12271 12272 1188
12271 12273 847
12271 23465 1225
23466 12273 371
23466 23465 476
23466 23467 382
12314 12307 2124
12314 12310 788
12314 12316 1085
12314 12317 1576
23527 23526 1653
23534 23526 1055
23534 23537 1322
23534 23539 1810
23535 23526 2346
23535 23539 1008
23535 23654 238
23535 23655 809
23659 23536 1510
23659 23658 947
28448 27630 3530
28448 28451 1577
28452 28451 2110
28452 28457 1000
23547 23545 877
23547 23553 516
23547 23554 1724
23549 23545 3223
23549 23550 2488
23503 23504 558
23503 23546 900
23503 23560 865
23557 23546 435
23558 23546 737
23558 23554 975
23558 23559 672
23433 23430 750
23433 23434 869
23433 23450 1322
23451 23434 1188
23436 23435 1113
23436 23437 354
23436 23438 1560
23459 23437 1556
23459 23438 951
23459 23460 354
23440 23391 826
23440 23441 1055
23440 23442 708
23440 23443 2305
23444 23442 2203
23444 23443 750
23444 23445 708
23446 23442 950
23371 23367 2281
23371 23392 924
23371 23394 1293
23371 23396 1257
23419 23395 747
23419 23396 747
23419 23418 435
23419 23420 1886
12024 12022 1544
12024 12023 889
12024 23420 1223
23423 23420 889
12272 12271 1188
12273 12271 847
12273 23466 371
23467 23466 382
12307 12314 2124
12310 12314 788
12317 12314 1576
23537 23534 1322
23539 23534 1810
23539 23535 1008
23654 23535 238
23655 23535 809
23658 23659 947
27630 28448 3530
28457 28452 1000
23553 23547 516
23553 23550 2876
23554 23547 1724
23554 23558 975
23550 23549 2488
23550 23553 2876
23504 23503 558
23560 23503 865
23560 23559 750
23559 23558 672
23559 23560 750
23430 23433 750
23450 23433 1322
23435 23436 1113
23438 23436 1560
23438 23459 951
23391 23440 826
23441 23440 1055
23443 23392 354
23443 23440 2305
23443 23444 750
23367 23371 2281
23392 23371 924
23392 23443 354
23394 23371 1293
23394 23395 1467
23395 23394 1467
23395 23419 747
23418 23419 435
12022 12024 1544
12023 12024 889
72
28372
28460
28485
28489
28480
28488
28490
23521
28486
23512
23520
28487
23511
23522
28482
23513
23523
28483
23514
12312
28481
23515
12313
28450
23544
12316
23526
23536
28451
23545
23546
12314
23527
23534
23535
23659
28448
28452
23547
23549
23503
23557
23558
23423
12272
12273
12307
12310
12317
23537
23539
23654
23655
23658
27630
28457
23553
23554
23550
23504
23560
23559
23430
23435
23438
23391
23367
23392
23394
23395
12022
12023
