484
202276 202277 822
202276 202356 2689
202276 214303 810
202277 202276 822
202277 202877 2239
202277 202880 649
202356 202276 2689
202356 202352 867
202356 202354 810
202356 202431 3017
202356 202877 955
202356 202878 860
214303 202276 810
214303 202354 2688
214303 202876 761
202877 202277 2239
202877 202356 955
202877 202878 347
202877 202879 508
202880 202277 649
202880 202882 1528
202880 202883 808
202352 202338 805
202352 202351 1477
202352 202354 592
202352 202356 867
202354 202352 592
202354 202353 724
202354 202356 810
202354 214303 2688
202431 202356 3017
202431 202430 204
202431 202432 524
202878 202356 860
202878 202877 347
202878 202886 395
202878 202888 736
202876 202353 2602
202876 202875 810
202876 214303 761
202879 202877 508
202879 202881 274
202879 202888 416
202882 202880 1528
202882 202881 685
202882 202896 648
202883 202880 808
202883 202900 1518
202883 202927 876
202338 202337 1782
202338 202352 805
202338 202355 1954
202351 202335 839
202351 202350 255
202351 202352 1477
202353 202348 804
202353 202350 1575
202353 202354 724
202353 202876 2602
202430 202355 562
202430 202417 1066
202430 202431 204
202432 202418 1010
202432 202431 524
202432 202433 336
202886 202440 882
202886 202878 395
202886 202887 680
202888 202878 736
202888 202879 416
202888 202887 278
202888 202890 1274
202875 202348 2585
202875 202874 761
202875 202876 810
202881 202879 274
202881 202882 685
202881 202896 548
202896 202881 548
202896 202882 648
202896 202897 169
202896 202902 859
202900 202883 1518
202900 202897 289
202900 202901 363
202927 202883 876
202927 202925 833
202927 202926 932
202337 202331 839
202337 202335 574
202337 202336 685
202337 202338 1782
202355 202338 1954
202355 202339 275
202355 202430 562
202335 202330 1008
202335 202334 469
202335 202337 574
202335 202351 839
202350 202349 1010
202350 202351 255
202350 202353 1575
202348 202346 761
202348 202349 1196
202348 202353 804
202348 202875 2585
202417 202412 823
202417 202414 730
202417 202418 749
202417 202430 1066
202418 202417 749
202418 202419 742
202418 202432 1010
202418 202435 848
202433 202432 336
202433 202434 548
202433 202438 743
202440 202438 814
202440 202886 882
202440 214304 880
202887 202886 680
202887 202888 278
202887 202889 720
202890 202888 1274
202890 202892 707
202890 202902 275
202890 202903 258
202874 202346 2585
202874 202875 761
202874 214302 856
202897 202896 169
202897 202900 289
202902 202890 275
202902 202896 859
202902 202898 152
202901 202899 933
202901 202900 363
202901 202925 751
202925 202901 751
202925 202926 1168
202925 202927 833
202926 202925 1168
202926 202927 932
202926 202928 261
202331 202292 1607
202331 202330 658
202331 202336 564
202331 202337 839
202336 202331 564
202336 202332 1066
202336 202337 685
202336 202339 833
202339 202336 833
202339 202355 275
202339 202412 1077
202330 202331 658
202330 202335 1008
202334 202335 469
202334 202349 1446
202349 202334 1446
202349 202348 1196
202349 202350 1010
202346 202333 2603
202346 202345 810
202346 202348 761
202346 202874 2585
202412 202332 847
202412 202339 1077
202412 202410 745
202412 202417 823
202414 202410 833
202414 202413 1100
202414 202417 730
202414 202419 763
202414 214510 360
202419 202414 763
202419 202418 742
202419 202420 942
202419 202422 1813
202435 202418 848
202435 202434 1077
202435 202436 833
202434 202433 548
202434 202435 1077
202434 202441 691
202438 202433 743
202438 202439 1022
202438 202440 814
214304 202439 705
214304 202440 880
214304 202889 80
214304 215003 377
202889 202887 720
202889 214304 80
202892 202439 1502
202892 202890 707
202892 202891 523
202892 202893 710
202903 202890 258
202903 202893 716
214302 202347 1351
214302 202873 804
214302 202874 856
202898 202899 795
202898 202902 152
202899 202898 795
202899 202901 933
202899 202904 865
202899 202906 2164
202928 202906 679
202928 202926 261
202928 202929 1862
202292 202331 1607
202292 202332 1643
202332 202292 1643
202332 202294 730
202332 202336 1066
202332 202412 847
202333 202346 2603
202345 202346 810
202345 202347 1213
202410 202294 838
202410 202412 745
202410 202413 801
202410 202414 833
202413 202407 833
202413 202410 801
202413 202414 1100
214510 202414 360
202420 202415 539
202420 202419 942
202420 202421 1628
202422 202419 1813
202422 202427 325
202422 202437 491
202436 202435 833
202436 202437 274
202436 202442 533
202441 202434 691
202441 202442 563
202441 202443 337
202439 202438 1022
202439 202443 607
202439 202892 1502
202439 214304 705
215003 214304 377
202891 202443 1658
202891 202892 523
202891 202894 836
202891 202895 1299
202893 202892 710
202893 202903 716
202893 202904 424
202893 202905 776
202347 202344 769
202347 202345 1213
202347 214302 1351
202873 202344 1446
202873 214302 804
202904 202893 424
202904 202899 865
202904 202905 596
202904 202907 2114
202906 202899 2164
202906 202907 1060
202906 202928 679
202929 202928 1862
202294 202291 1928
202294 202332 730
202294 202407 827
202294 202410 838
202407 202294 827
202407 202295 220
202407 202413 833
202415 202411 1457
202415 202416 1558
202415 202420 539
202415 214306 960
202421 202416 901
202421 202420 1628
202421 202427 716
202421 202450 673
202427 202421 716
202427 202422 325
202427 202449 2575
202437 202422 491
202437 202436 274
202437 202451 2280
202442 202436 533
202442 202441 563
202442 202894 1928
202443 202439 607
202443 202441 337
202443 202891 1658
202894 202442 1928
202894 202451 723
202894 202891 836
202894 202909 1306
202895 202891 1299
202895 202905 285
202895 202908 211
202895 202909 606
202905 202893 776
202905 202895 285
202905 202904 596
202905 202908 297
202344 202347 769
202344 202873 1446
202907 202904 2114
202907 202906 1060
202907 202921 556
202907 202938 1422
202291 202294 1928
202295 202407 220
202295 202411 751
202411 202295 751
202411 202415 1457
202416 202415 1558
202416 202421 901
202416 202424 1179
202416 202426 573
214306 202381 865
214306 202415 960
202450 202421 673
202450 202426 1263
202450 202452 1003
202449 202427 2575
202449 202451 737
202449 202453 809
202449 202910 1289
202451 202437 2280
202451 202449 737
202451 202894 723
202451 202911 1306
202909 202894 1306
202909 202895 606
202909 202911 683
202908 202895 211
202908 202905 297
202908 202920 1079
202908 202921 1977
202921 202907 556
202921 202908 1977
202921 202931 746
202921 202932 751
202938 202907 1422
202938 202932 800
202424 202416 1179
202424 202423 914
202424 202425 709
202426 202416 573
202426 202428 860
202426 202450 1263
202381 202378 780
202381 202425 1516
202381 214306 865
202452 202428 1808
202452 202450 1003
202452 202453 1541
202453 202429 3034
202453 202449 809
202453 202452 1541
202453 202456 892
202453 202458 1191
202910 202449 1289
202910 202458 524
202910 202911 744
202910 202913 637
202911 202451 1306
202911 202909 683
202911 202910 744
202911 202919 874
202920 202908 1079
202920 202922 1143
202920 202923 843
202931 202921 746
202931 202922 213
202931 202932 972
202932 202921 751
202932 202931 972
202932 202938 800
202423 202424 914
202425 202380 824
202425 202381 1516
202425 202424 709
202428 202426 860
202428 202429 915
202428 202452 1808
202378 202380 1637
202378 202381 780
202429 202428 915
202429 202453 3034
202429 202471 761
202456 202453 892
202456 202455 376
202456 202471 2281
202456 202914 992
202458 202453 1191
202458 202910 524
202458 202913 836
202458 202914 687
202913 202458 836
202913 202910 637
202913 202924 436
202913 202933 964
202919 202911 874
202922 202920 1143
202922 202923 752
202922 202931 213
202923 202920 843
202923 202922 752
202923 202933 306
202380 202378 1637
202380 202379 834
202380 202425 824
202471 202429 761
202471 202456 2281
202471 202472 327
202455 202456 376
202455 202472 1933
202455 202924 2821
202914 202456 992
202914 202458 687
202924 202455 2821
202924 202913 436
202933 202913 964
202933 202923 306
202379 202373 709
202379 202380 834
202472 202455 1933
202472 202471 327
202472 202473 406
202472 214311 358
202373 202374 976
202373 202379 709
202473 202472 406
202473 202474 493
202473 202480 400
202473 214308 343
214311 202472 358
214311 214312 1449
202374 202370 1263
202374 202372 834
202374 202373 976
202374 202375 938
202474 202473 493
202474 202475 255
202474 202476 700
202474 202482 2087
202480 202473 400
202480 202481 1719
214308 202473 343
214312 202463 126
214312 214311 1449
202370 202369 860
202370 202371 1065
202370 202374 1263
202372 202369 1332
202372 202374 834
202375 202371 1297
202375 202374 938
202375 202387 723
202475 202474 255
202476 202474 700
202476 202477 346
202482 202474 2087
202482 202481 422
202481 202480 1719
202481 202482 422
202481 202912 1951
202463 214312 126
202369 202370 860
202369 202372 1332
202371 202370 1065
202371 202375 1297
202371 202382 567
202387 202375 723
202387 202382 1349
202477 202476 346
202912 202481 1951
202382 202371 567
202382 202386 745
202382 202387 1349
202386 202382 745
55
202330
202334
202349
202292
202332
202333
202345
202347
202873
202906
202294
202407
202344
202907
202291
202295
202411
202921
202938
202381
202931
202932
202425
202378
202922
202923
202380
202471
202924
202933
202379
202472
202373
202473
214311
202374
202474
202480
214308
214312
202370
202372
202375
202475
202476
202482
202481
202463
202369
202371
202387
202477
202912
202382
202386
