26
135387 135447 629
135447 135387 629
135450 135451 1028
135451 135450 1028
135468 135469 827
136295 136298 682
135921 136298 238
135469 135468 827
135469 135857 1258
135858 136229 476
135857 135469 1258
136229 135858 476
136298 135921 238
136298 136295 682
136417 136416 1556
136416 136417 1556
136448 136450 757
136448 136469 2223
136450 136448 757
136469 136448 2223
136503 136504 848
136503 136505 765
136504 136503 848
136505 136503 765
136530 136821 848
136821 136530 848
38
135369
135387
135385
135447
135450
135451
135466
135468
136274
136295
136281
135921
135469
135858
135857
136229
136234
136298
136417
136416
136423
136427
136454
136442
136448
136463
136464
136508
136469
136468
136514
136503
136504
136505
136530
136828
136830
136827
