472
174594 174595 976
174594 174596 505
174594 175217 884
174594 175241 1519
174595 174594 976
174595 174604 552
174595 175144 1022
174595 175241 1283
174596 174594 505
174596 174597 1032
175217 174594 884
175217 175197 139
175241 174594 1519
175241 174595 1283
175241 175143 1306
175241 175230 279
174604 174595 552
174604 174603 1387
175144 174595 1022
174597 174596 1032
174597 174598 1060
174597 175194 526
175197 175196 985
175197 175200 1022
175197 175205 709
175197 175217 139
175143 175141 8247
175143 175241 1306
175230 175229 1438
175230 175231 610
175230 175241 279
174603 174602 1168
174603 174604 1387
174598 174597 1060
174598 174599 1405
174598 175194 804
175194 174597 526
175194 174598 804
175194 175205 558
175194 175214 653
175196 175197 985
175196 175198 641
175200 174702 612
175200 175197 1022
175200 175199 2816
175200 175214 844
175205 175194 558
175205 175197 709
175141 175143 8247
175141 175244 203
175141 175408 898
175229 175230 1438
175231 175230 610
175231 175232 373
175231 175242 1342
174602 174601 989
174602 174603 1168
174599 174598 1405
175214 175194 653
175214 175200 844
175198 175196 641
175198 175199 1296
174702 174701 373
174702 175200 612
175199 175198 1296
175199 175200 2816
175199 175222 398
175244 175141 203
175408 175141 898
175408 175406 10440
175232 175231 373
175232 175233 650
175232 175234 475
175242 175212 1259
175242 175231 1342
174601 174600 1034
174601 174602 989
174701 174702 373
174701 174703 2047
174701 175195 1066
175222 175199 398
175222 186027 805
175406 175407 4309
175406 175408 10440
175233 175232 650
175234 175232 475
175234 175240 605
175212 175211 474
175212 175213 1379
175212 175242 1259
174600 174601 1034
174600 175177 985
174703 174701 2047
174703 174704 1086
174703 175195 1365
175195 174701 1066
175195 174703 1365
175195 174704 810
186027 175222 805
186027 186026 700
175407 175406 4309
175407 175718 673
175240 175234 605
175240 175238 1502
175240 175243 807
175211 175209 1520
175211 175212 474
175213 175210 1283
175213 175212 1379
175213 175396 1338
175177 174600 985
175177 175178 336
175177 175179 836
174704 174703 1086
174704 175195 810
186026 186025 853
186026 186027 700
175718 175407 673
175718 175708 1074
175238 175239 1533
175238 175240 1502
175243 175240 807
175243 175388 1746
175243 175389 720
175209 175210 1115
175209 175211 1520
175209 175388 1446
175210 175209 1115
175210 175213 1283
175210 175391 605
175396 175213 1338
175396 175402 849
175178 175177 336
175179 174611 2791
175179 175177 836
186025 186026 853
175708 175707 605
175708 175718 1074
175239 175238 1533
175388 175209 1446
175388 175243 1746
175389 175243 720
175391 175210 605
175391 175392 1716
175402 175396 849
175402 175423 1178
174611 174612 788
174611 175179 2791
175707 175705 738
175707 175708 605
175392 175391 1716
175392 175393 836
175423 175402 1178
175423 185330 599
174612 174611 788
175705 175421 796
175705 175706 952
175705 175707 738
175705 175720 713
175393 175392 836
185330 175423 599
175421 175420 511
175421 175705 796
175706 175705 952
175706 175724 827
175720 175705 713
175720 175719 1357
175720 175722 677
175420 175419 1144
175420 175421 511
175420 175587 713
175724 175702 1732
175724 175706 827
175719 175720 1357
175719 175721 1031
175719 175723 605
175722 175720 677
175722 175723 1323
175722 175739 878
175419 175090 435
175419 175418 1336
175419 175420 1144
175587 175420 713
175587 175701 344
175702 175703 2401
175702 175724 1732
175721 175709 475
175721 175719 1031
175721 175744 765
175723 175719 605
175723 175722 1323
175723 175742 932
175723 175744 1323
175739 175722 878
175739 175738 807
175739 175742 1695
175090 175089 3633
175090 175419 435
175418 175417 2827
175418 175419 1336
175418 175586 1387
175701 175161 418
175701 175587 344
175701 175699 765
175703 175694 5770
175703 175702 2401
175709 175603 924
175709 175710 870
175709 175721 475
175744 175721 765
175744 175723 1323
175744 175743 709
175744 185708 1168
175742 175723 932
175742 175739 1695
175742 175741 751
175742 175743 1140
175738 175737 984
175738 175739 807
175738 175741 1798
175089 175090 3633
175089 175091 3661
175089 175569 1114
175417 175416 2171
175417 175418 2827
175417 175583 1781
175586 175418 1387
175586 175569 2546
175586 175585 3423
175161 175160 688
175161 175701 418
175699 175700 1659
175699 175701 765
175694 175695 3086
175694 175703 5770
175603 175592 1933
175603 175601 789
175603 175709 924
175603 176024 845
175710 175601 951
175710 175709 870
175710 175711 629
175743 175742 1140
175743 175744 709
175743 175754 789
175743 177724 984
185708 175744 1168
185708 185712 125
175741 175738 1798
175741 175742 751
175741 175754 1268
175741 175755 905
175737 175736 628
175737 175738 984
175737 175755 1768
175091 174806 849
175091 175089 3661
175091 175567 893
175569 175089 1114
175569 175570 841
175569 175586 2546
175416 175415 3179
175416 175417 2171
175416 175584 1168
175583 175417 1781
175583 175584 673
175583 175585 1395
175585 175570 905
175585 175583 1395
175585 175586 3423
175160 175159 344
175160 175161 688
175700 175699 1659
175700 175704 6024
175695 175694 3086
175695 175740 2082
175592 175593 878
175592 175603 1933
175592 175758 1695
175601 175600 709
175601 175602 558
175601 175603 789
175601 175710 951
176024 175603 845
176024 176025 2382
176024 185710 493
175711 175710 629
175711 175712 882
175711 176013 122
175754 175741 1268
175754 175743 789
175754 175756 984
175754 177721 747
177724 175743 984
185712 185708 125
175755 175737 1768
175755 175741 905
175755 175749 552
175755 175756 1293
175736 175735 478
175736 175737 628
175736 175749 1818
174806 174805 667
174806 174811 4126
174806 175091 849
175567 175091 893
175567 175568 1000
175567 175571 1965
175570 175569 841
175570 175571 841
175570 175585 905
175415 175414 836
175415 175416 3179
175415 175559 1848
175584 175416 1168
175584 175574 537
175584 175583 673
175159 175158 2552
175159 175160 344
175159 175575 2035
175159 175581 682
175704 175700 6024
175704 175762 537
175740 175695 2082
175740 176908 674
175593 175592 878
175593 175594 709
175593 175751 1560
175758 175592 1695
175758 175751 905
175758 175759 2747
175758 176021 2362
175600 175599 3225
175600 175601 709
175600 176012 751
175600 176013 848
175602 175601 558
176025 175785 807
176025 176021 1141
176025 176024 2382
185710 176024 493
185710 185711 837
175712 175711 882
175712 175713 789
175712 176012 1085
175712 176013 765
176013 175600 848
176013 175711 122
176013 175712 765
175756 175748 630
175756 175754 984
175756 175755 1293
175756 177722 344
177721 175754 747
175749 175736 1818
175749 175748 1323
175749 175750 870
175749 175755 552
175735 175734 1259
175735 175736 478
175735 175768 3337
174805 174806 667
174805 174807 849
174805 175558 3005
174811 174806 4126
174811 174810 281
175568 175566 1004
175568 175567 1000
175568 175572 2032
175571 175567 1965
175571 175570 841
175571 175572 1114
175414 175413 1009
175414 175415 836
175414 175560 2511
175559 175415 1848
175559 175560 932
175559 175565 889
175574 175565 1603
175574 175573 1120
175574 175584 537
175158 175159 2552
175158 175580 1086
175575 175159 2035
175575 175521 1464
175575 175576 1338
175581 175159 682
175581 175582 1398
175581 175693 4677
175762 175704 537
175762 175763 3101
176908 175740 674
176908 176907 2181
176908 176919 8003
176908 176979 1375
175594 175593 709
175594 175595 751
175594 175753 1664
175751 175593 1560
175751 175752 390
175751 175757 489
175751 175758 905
175759 175758 2747
175759 176020 719
176021 175758 2362
176021 176022 2833
176021 176025 1141
176021 176026 1153
175599 175589 1199
175599 175600 3225
175599 175837 688
176012 175600 751
176012 175712 1085
176012 176011 905
175785 175784 403
175785 175786 836
175785 176025 807
185711 185710 837
175713 175712 789
175713 175714 630
175713 176011 1161
175748 175747 757
175748 175749 1323
175748 175756 630
177722 175756 344
175750 175746 1560
175750 175749 870
175734 175735 1259
175768 175735 3337
174807 174805 849
175558 174805 3005
174810 174811 281
175566 175568 1004
175566 175573 2151
175572 175568 2032
175572 175571 1114
175572 175573 796
175413 175414 1009
175560 175414 2511
175560 175559 932
175565 175559 889
175565 175574 1603
175573 175566 2151
175573 175572 796
175573 175574 1120
175580 175158 1086
175521 175575 1464
175576 175575 1338
175582 175581 1398
175693 175581 4677
175763 175762 3101
176907 176908 2181
176919 176908 8003
176979 176908 1375
175595 175594 751
175753 175594 1664
175753 175752 361
175752 175751 390
175752 175753 361
175757 175751 489
176020 175759 719
176022 176021 2833
176026 176021 1153
175589 175599 1199
175837 175599 688
176011 175713 1161
176011 176012 905
175784 175785 403
175786 175785 836
175714 175713 630
175747 175748 757
175746 175750 1560
171
174604
175144
174603
174598
175194
175205
175141
174602
174599
175214
175244
175408
174601
175406
175234
174600
175195
175407
175240
175177
174704
175718
175238
175243
175396
175178
175179
186025
175708
175239
175388
175389
175391
175402
174611
175707
175392
175423
174612
175705
175393
185330
175421
175706
175720
175420
175724
175719
175722
175419
175587
175702
175721
175723
175739
175090
175418
175701
175703
175709
175744
175742
175738
175089
175417
175586
175161
175699
175694
175603
175710
175743
185708
175741
175737
175091
175569
175416
175583
175585
175160
175700
175695
175592
175601
176024
175711
175754
177724
185712
175755
175736
174806
175567
175570
175415
175584
175159
175704
175740
175593
175758
175600
175602
176025
185710
175712
176013
175756
177721
175749
175735
174805
174811
175568
175571
175414
175559
175574
175158
175575
175581
175762
176908
175594
175751
175759
176021
175599
176012
175785
185711
175713
175748
177722
175750
175734
175768
174807
175558
174810
175566
175572
175413
175560
175565
175573
175580
175521
175576
175582
175693
175763
176907
176919
176979
175595
175753
175752
175757
176020
176022
176026
175589
175837
176011
175784
175786
175714
175747
175746
