16
151214 151213 816
151213 151214 816
143159 139766 363
139766 143159 363
147586 147616 2352
147616 147586 2352
148166 148224 2428
148281 148284 816
148224 148166 2428
148224 148264 1247
148264 148224 1247
148264 148269 498
148269 148264 498
148284 148281 816
148424 148425 1370
148425 148424 1370
36
146298
146300
146309
151214
151213
151224
151237
151239
142944
142950
142957
142963
142973
143082
143087
143091
143159
147583
147586
147616
147637
147645
148154
148166
148281
148224
148269
148278
148284
148418
148450
148424
148425
148447
148452
197184
