16
132754 132755 1234
132748 132755 927
132755 132748 927
132755 132754 1234
248947 248405 796
248405 248947 796
248402 248399 580
248399 248402 580
134230 134232 2731
132888 132891 640
132891 132888 640
134232 134230 2731
134323 134332 708
134332 134323 708
134341 134384 354
134384 134341 354
37
132735
132743
132754
132805
132673
132748
132750
132758
132755
132761
132763
132807
132766
132861
132817
248947
248405
248402
248950
248399
248953
187017
187013
187185
134216
134238
132888
134232
134252
134254
134321
134323
134332
134339
134341
134365
134384
