14
111674 112578 344
112578 111674 344
112603 112604 975
112604 112603 975
112717 112716 836
112717 112721 2010
112721 112717 2010
113007 113006 354
113006 113007 354
103329 103328 737
103328 103329 737
103322 112769 1167
112769 103322 1167
112716 112717 836
36
111735
111674
112578
111675
112586
112603
111736
111744
112604
111771
112170
112161
112187
112189
112606
112695
112705
112721
112771
112893
113334
113339
113341
104305
105718
104316
104329
112782
112786
103329
103328
103322
112769
112715
112716
112723
