18
206113 206114 846
206114 206113 846
206114 206127 846
206127 206114 846
206127 206129 773
206129 206127 773
206137 206315 901
206315 206137 901
206418 206419 1171
206418 206497 2074
206419 206418 1171
206497 206418 2074
208955 208957 2782
208957 208955 2782
208962 208963 628
209034 209020 908
209020 209034 908
208963 208962 628
38
198978
198979
198991
198370
198930
214494
199052
199055
206073
206113
206114
206127
206129
206137
206315
206424
206418
206441
206493
206497
206499
208933
208934
208955
198901
208957
208965
208962
209034
209038
209039
209020
209022
208963
209094
209095
213746
213734
