20
148550 148659 767
148666 148667 861
144165 144125 439
144125 144165 439
144166 144167 278
144167 144166 278
148667 148666 861
148659 148550 767
148659 148660 831
148660 148659 831
146236 146237 1044
146237 146236 1044
146216 146291 1625
146291 146216 1625
146230 146377 1809
146377 146230 1809
142942 142940 789
142942 143048 790
143048 142942 790
142940 142942 789
37
148468
148573
148579
148589
148413
144042
144105
144104
144119
144120
144124
148548
148550
148553
144078
148666
144165
144125
144166
144167
148667
148659
148660
146236
146237
146241
146252
146291
146230
146377
151218
151243
142924
142929
142936
142942
142940
