28
36405 36407 1033
36407 36405 1033
37497 37773 1412
37773 37497 1412
37780 37779 2142
37786 37788 788
37779 37780 2142
37788 37786 788
37811 37795 1534
37811 37818 1153
37818 37811 1153
46655 46657 630
46657 46655 630
37749 37740 344
37740 37749 344
37758 37845 1978
37795 37811 1534
37845 37758 1978
37895 37896 673
37967 37826 562
37826 37967 562
37896 37895 673
37899 37905 2227
37905 37899 2227
37911 37918 511
37918 37911 511
37918 37916 807
37916 37918 807
36
36400
36405
36407
37495
37497
37773
37777
37613
37780
37786
37778
37779
37788
37811
37818
46655
46657
46808
46811
37749
37792
37740
37752
37796
37758
37795
37845
37880
37895
37967
37826
37899
37905
37911
37916
37921
