14
209044 201567 329
201567 209044 329
209686 209702 867
209702 209686 867
209702 209700 751
209700 209702 751
201712 201718 327
201718 201712 327
201718 201803 1517
201803 201718 1517
201805 201759 936
201821 201812 1143
201759 201805 936
201812 201821 1143
38
201984
201981
201993
202000
202022
209044
209058
209675
201567
209062
209686
209702
209700
209710
209687
198913
201976
209857
209862
205427
209853
209873
209891
209859
209900
201712
201718
201803
201805
201820
201821
201817
201759
201818
201812
193815
193817
193387
