16
210034 210035 845
210035 210034 845
210363 210362 709
210362 210363 709
162614 162607 1279
162614 162617 1820
162617 162614 1820
162576 162579 1151
162594 162593 774
162579 162576 1151
162593 162594 774
162588 162611 713
162611 162588 713
162607 162614 1279
214155 214245 1020
214245 214155 1020
36
209409
209410
209505
210017
210018
210034
210035
210040
210077
210081
210093
210080
210363
214216
210346
210362
162614
162617
162629
162636
161324
162576
162579
162585
162595
162588
162603
162611
162612
214130
214155
214157
214150
214161
214245
179181
