18
105474 105476 881
103669 103679 782
103679 103669 782
103681 103686 601
103686 103681 601
105476 105474 881
40133 40030 1188
40152 40030 1026
40030 40133 1188
40030 40152 1026
41279 41290 354
41290 41279 354
41293 41295 1027
41295 41293 1027
41295 41299 599
41298 41299 2139
41299 41295 599
41299 41298 2139
36
40104
40111
40103
105152
105156
105239
105169
105198
103691
105469
105474
105479
103763
103669
103680
103679
103681
103758
103686
103757
40004
40133
40010
40030
40035
40160
40169
40172
41275
41279
41290
41293
41295
41298
41301
41323
