46
79103 83972 71
83972 79103 71
83972 83971 1180
83971 80127 363
83971 80429 63
83971 83972 1180
80127 80128 540
80127 80129 397
80127 83971 363
80429 83971 63
80128 79291 134
80128 80127 540
80128 80129 144
80129 80127 397
80129 80128 144
80129 83882 294
79291 79292 448
79291 79293 303
79291 80128 134
83882 80129 294
79292 79291 448
79292 79293 337
79293 79291 303
79293 79292 337
79293 90621 68
90621 79293 68
90621 90622 172
90622 84897 166
90622 90621 172
90622 90623 109
84897 90622 166
90623 84713 244
90623 84713 244
90623 90622 109
84713 84714 191
84713 84714 191
84713 90623 244
84713 90623 244
84714 84713 191
84714 84713 191
84714 90624 285
90624 79287 245
90624 84714 285
90624 84896 227
79287 90624 245
84896 90624 227
19
83972
83971
80127
80429
80128
80129
79291
83882
79292
79293
90621
90622
84897
90623
84713
84714
90624
79287
84896
