68
255619 255620 354
255620 255619 354
255620 255621 1437
255620 255650 737
255620 261762 257
255621 255620 1437
255621 255622 201
255621 255623 805
255621 255647 1480
255650 255620 737
255650 255623 1483
255650 255853 373
261762 255620 257
255622 255621 201
255623 255621 805
255623 255649 737
255623 255650 1483
255647 255621 1480
255647 255648 511
255647 255657 1729
255853 255650 373
255649 255623 737
255648 255647 511
255657 255647 1729
255657 255659 610
255659 255653 610
255659 255657 610
255653 255654 1768
255653 255655 344
255653 255659 610
255654 255653 1768
255655 255644 475
255655 255653 344
255655 255656 2320
255644 255645 1220
255644 255655 475
255644 255666 373
255656 255655 2320
255656 255676 750
255645 255644 1220
255666 255644 373
255666 255667 847
255666 255676 2597
255676 255656 750
255676 255666 2597
255676 255677 696
255667 255666 847
255667 255670 418
255667 261440 118
255677 255676 696
255670 255667 418
255670 255671 193
261440 255667 118
261440 255669 419
261440 261441 232
255671 255670 193
255669 255668 66
255669 261440 419
255669 262286 339
261441 261440 232
255668 255669 66
262286 255669 339
262286 262287 1266
262287 262286 1266
262287 262288 837
262287 262289 569
262288 262287 837
262289 262287 569
33
255619
255620
255621
255650
261762
255622
255623
255647
255853
255649
255648
255657
255659
255653
255654
255655
255644
255656
255645
255666
255676
255667
255677
255670
261440
255671
255669
261441
255668
262286
262287
262288
262289
