20
196548 196549 781
196549 196548 781
196564 196570 1577
196570 196564 1577
205979 205992 1481
205992 205979 1481
206011 206659 1418
206659 206011 1418
206641 206644 860
206644 206641 860
206748 206749 410
206749 206748 410
206749 206750 469
206750 206749 469
206753 206900 1787
206900 206753 1787
206900 206901 1193
206901 206900 1193
206909 206920 805
206920 206909 805
37
196065
196047
196465
196469
214365
215121
215124
196536
196548
196549
196564
196570
197109
197138
197148
205979
205992
206006
206012
206011
206659
205770
205944
205793
205936
206662
206637
206726
206638
206644
206748
206750
206753
206901
206909
206920
206926
