18
142175 142168 756
141651 141667 164
141667 141651 164
141687 141688 1770
142172 142171 756
142171 142172 756
142171 142173 846
141688 141687 1770
142168 142175 756
142173 142171 846
56023 56025 713
56023 56034 1064
56025 56023 713
56034 56023 1064
56034 56048 674
56048 56034 674
56048 56051 810
56051 56048 810
37
141426
141433
142175
142179
142227
142201
142221
142225
142219
141511
141651
146923
151903
151905
151961
151907
141667
151821
141687
142172
142171
141832
141688
141693
142168
142170
142173
55948
56024
56025
56034
56051
56082
56185
56192
56207
56208
