16
140318 140317 646
140317 140318 646
140407 140408 441
140408 140407 441
140495 140512 2365
140512 140495 2365
141747 141746 2493
141746 141747 2493
143274 143300 899
143300 143274 899
143458 143504 377
143504 143458 377
142827 142828 1592
142828 142827 1592
143786 143785 753
143785 143786 753
39
140316
150746
140308
140310
140318
140317
140407
140408
140492
140485
140495
140512
140520
140537
141747
141746
141981
143274
143298
143300
143409
143434
143411
143423
143425
143457
143504
143507
143514
143515
143513
142827
142834
142836
142828
143786
143780
143785
143768
