18
140960 140962 671
140961 140962 391
140962 140960 671
140962 140961 391
140990 140992 376
140992 140987 1106
140992 140990 376
140987 140992 1106
190324 189712 790
189712 190324 790
190358 189707 820
186562 186561 799
189707 190358 820
186582 186563 711
186563 186582 711
186561 186562 799
186561 186570 490
186570 186561 490
38
195422
195419
195435
195406
195405
141270
141304
140611
140607
140614
140621
140909
140920
140925
140960
140961
140980
140990
140992
140987
190312
190324
189710
189712
190358
186562
189707
186582
186588
186695
186563
186561
186570
186697
186704
186706
186721
186729
