680
194773 194774 742
194773 197481 866
194773 197488 1627
194774 194773 742
194774 194776 278
194774 197490 1627
197481 194773 866
197481 197480 821
197481 197482 1670
197488 194773 1627
197488 197482 805
197488 197487 1612
197488 197490 741
194776 194774 278
194776 194777 295
194776 194778 841
197490 194774 1627
197490 194778 1101
197490 197488 741
197490 197491 991
197480 197476 670
197480 197477 1681
197480 197481 821
197482 197477 805
197482 197481 1670
197482 197484 1628
197482 197488 805
197487 197484 815
197487 197486 1775
197487 197488 1612
197487 197489 730
194777 194776 295
194778 194776 841
194778 194779 545
194778 197490 1101
197491 194781 1408
197491 197489 640
197491 197490 991
197476 197474 1719
197476 197480 670
197477 197474 805
197477 197480 1681
197477 197482 805
197477 197483 1671
197484 197482 1628
197484 197483 746
197484 197485 1759
197484 197487 815
197486 197421 1436
197486 197485 805
197486 197487 1775
197486 197492 816
197489 197487 730
197489 197491 640
197489 197492 1812
197489 197497 817
194779 194775 1333
194779 194778 545
194779 194780 670
194779 194781 1916
194781 194779 1916
194781 197491 1408
194781 197498 956
197474 197473 741
197474 197475 1671
197474 197476 1719
197474 197477 805
197483 197410 1719
197483 197475 805
197483 197477 1671
197483 197484 746
197485 197410 804
197485 197411 1431
197485 197484 1759
197485 197486 805
197421 197411 780
197421 197419 1430
197421 197422 770
197421 197486 1436
197492 197422 1409
197492 197486 816
197492 197489 1812
197492 197493 744
197497 197489 817
197497 197493 1639
197497 197498 833
194775 194779 1333
194775 194782 555
194775 194784 828
194780 194779 670
197498 194781 956
197498 197496 1399
197498 197497 833
197498 198451 1419
197473 197404 1618
197473 197474 741
197475 197404 814
197475 197405 1719
197475 197474 1671
197475 197483 805
197410 197405 805
197410 197409 1396
197410 197483 1719
197410 197485 804
197411 197409 695
197411 197417 1485
197411 197421 780
197411 197485 1431
197419 197417 731
197419 197418 2039
197419 197420 734
197419 197421 1430
197422 197420 1452
197422 197421 770
197422 197423 1508
197422 197492 1409
197422 197494 790
197493 197492 744
197493 197494 1436
197493 197496 661
197493 197497 1639
194782 194775 555
194782 194783 752
194784 194775 828
194784 194787 2126
197496 197493 661
197496 197495 1471
197496 197498 1399
197496 197499 946
198451 197498 1419
198451 197499 385
198451 198452 419
197404 197366 1770
197404 197367 870
197404 197473 1618
197404 197475 814
197405 197366 742
197405 197406 1485
197405 197410 805
197405 197475 1719
197409 197406 870
197409 197410 1396
197409 197411 695
197409 197416 1627
197417 197411 1485
197417 197416 685
197417 197419 731
197418 197414 1211
197418 197419 2039
197418 197687 2008
197418 197689 750
197420 197419 734
197420 197422 1452
197420 197423 537
197420 197689 2154
197423 197420 537
197423 197422 1508
197423 197694 343
197494 197422 790
197494 197493 1436
197494 197495 742
197494 197694 1486
194783 194782 752
194787 194784 2126
197495 197494 742
197495 197496 1471
197495 197697 1445
197495 198445 804
197499 197496 946
197499 198445 1383
197499 198451 385
197499 198452 431
198452 197499 431
198452 198448 434
198452 198451 419
198452 198453 1065
197366 197365 805
197366 197403 1470
197366 197404 1770
197366 197405 742
197367 197365 1681
197367 197404 870
197406 197403 729
197406 197405 1485
197406 197408 1496
197406 197409 870
197416 197408 867
197416 197409 1627
197416 197414 1902
197416 197417 685
197414 197413 882
197414 197415 1945
197414 197416 1902
197414 197418 1211
197687 197415 1079
197687 197418 2008
197687 197682 1953
197687 197688 759
197689 197418 750
197689 197420 2154
197689 197688 1993
197689 197691 805
197694 197423 343
197694 197494 1486
197694 197691 2135
197694 197697 686
197697 197495 1445
197697 197694 686
197697 197695 2291
197697 197704 790
198445 197495 804
198445 197499 1383
198445 197704 1436
198445 198446 805
198448 198446 1211
198448 198449 929
198448 198452 434
198453 194913 1206
198453 198452 1065
197365 197363 1002
197365 197364 1343
197365 197366 805
197365 197367 1681
197403 197364 841
197403 197366 1470
197403 197406 729
197403 197407 1485
197408 197406 1496
197408 197407 745
197408 197413 1891
197408 197416 867
197413 197402 751
197413 197408 1891
197413 197412 2044
197413 197414 882
197415 197412 927
197415 197414 1945
197415 197674 2043
197415 197687 1079
197682 197674 942
197682 197679 2180
197682 197684 743
197682 197687 1953
197688 197684 1944
197688 197687 759
197688 197689 1993
197688 197690 805
197691 197689 805
197691 197690 1993
197691 197694 2135
197691 197695 686
197695 197691 686
197695 197693 1993
197695 197696 877
197695 197697 2291
197704 197696 2320
197704 197697 790
197704 197706 745
197704 198445 1436
198446 197706 1399
198446 198445 805
198446 198447 746
198446 198448 1211
198449 198447 665
198449 198448 929
198449 198460 724
194913 194914 1461
194913 198453 1206
197363 197362 1436
197363 197365 1002
197364 197362 1067
197364 197365 1343
197364 197401 1612
197364 197403 841
197407 197401 805
197407 197402 1760
197407 197403 1485
197407 197408 745
197402 197400 805
197402 197407 1760
197402 197413 751
197412 197380 2429
197412 197396 1901
197412 197413 2044
197412 197415 927
197674 197396 947
197674 197415 2043
197674 197672 1265
197674 197682 942
197679 197671 745
197679 197681 805
197679 197682 2180
197684 197681 2110
197684 197682 743
197684 197685 767
197684 197688 1944
197690 197685 2047
197690 197688 805
197690 197691 1993
197690 197693 686
197693 197690 686
197693 197695 1993
197693 197698 1944
197693 197700 805
197696 197695 877
197696 197700 1969
197696 197703 804
197696 197704 2320
197706 197703 2358
197706 197704 745
197706 197708 730
197706 198446 1399
198447 197708 1391
198447 198446 746
198447 198449 665
198447 198450 813
198460 198449 724
198460 198450 205
198460 198461 599
194914 194913 1461
194914 214447 1099
197362 197359 709
197362 197360 1595
197362 197363 1436
197362 197364 1067
197362 197398 1596
197401 197364 1612
197401 197398 938
197401 197400 1760
197401 197407 805
197400 197399 876
197400 197401 1760
197400 197402 805
197380 197341 2642
197380 197393 1982
197380 197399 2044
197380 197412 2429
197396 197393 2502
197396 197412 1901
197396 197674 947
197672 197395 1962
197672 197671 913
197672 197674 1265
197671 197670 1954
197671 197672 913
197671 197673 763
197671 197679 745
197681 197679 805
197681 197680 912
197681 197684 2110
197685 197683 2920
197685 197684 767
197685 197690 2047
197685 197698 730
197698 197685 730
197698 197686 3022
197698 197693 1944
197698 197699 805
197700 197693 805
197700 197696 1969
197700 197699 1944
197700 197702 742
197703 197696 804
197703 197702 2039
197703 197705 805
197703 197706 2358
197708 197705 2407
197708 197706 730
197708 198447 1391
197708 198454 892
198450 198447 813
198450 198454 1578
198450 198460 205
198450 198461 394
198461 198450 394
198461 198457 617
198461 198460 599
214447 194914 1099
197359 197357 1696
197359 197362 709
197360 197357 750
197360 197362 1595
197360 197397 1595
197360 197398 411
197398 197360 411
197398 197362 1596
197398 197399 1670
197398 197401 938
197399 197380 2044
197399 197397 751
197399 197398 1670
197399 197400 876
197341 197338 796
197341 197355 2181
197341 197379 1963
197341 197380 2642
197393 197380 1982
197393 197382 1340
197393 197394 1265
197393 197396 2502
197395 197394 1484
197395 197670 1070
197395 197672 1962
197670 197395 1070
197670 197664 1397
197670 197665 791
197670 197671 1954
197673 197665 2067
197673 197669 1108
197673 197671 763
197673 197680 1429
197680 197673 1429
197680 197678 2976
197680 197681 912
197680 197683 805
197683 197680 805
197683 197685 2920
197683 197686 686
197683 197717 3054
197686 197683 686
197686 197698 3022
197686 197718 3142
197686 197719 800
197699 197698 805
197699 197700 1944
197699 197701 759
197699 197719 2997
197702 197700 742
197702 197701 1954
197702 197703 2039
197702 197707 820
197705 197703 805
197705 197707 2048
197705 197708 2407
197705 197709 751
198454 197708 892
198454 197709 2468
198454 198450 1578
198454 198455 802
198457 198455 781
198457 198458 1021
198457 198461 617
197357 197354 671
197357 197356 1636
197357 197359 1696
197357 197360 750
197397 197356 670
197397 197360 1595
197397 197399 751
197338 197337 670
197338 197340 2080
197338 197341 796
197338 197378 2144
197355 197340 834
197355 197341 2181
197355 197354 1595
197355 197356 751
197379 197341 1963
197379 197377 1963
197379 197378 670
197379 197381 815
197382 197381 751
197382 197387 1318
197382 197393 1340
197394 197388 1646
197394 197393 1265
197394 197395 1484
197394 197664 1107
197664 197394 1107
197664 197663 838
197664 197670 1397
197664 214627 486
197665 197663 1363
197665 197666 1163
197665 197670 791
197665 197673 2067
197669 197666 2215
197669 197673 1108
197669 197677 796
197678 197675 1412
197678 197680 2976
197678 197712 1163
197678 197717 865
197717 197678 865
197717 197683 3054
197717 197715 1219
197717 197718 664
197718 197686 3142
197718 197716 1132
197718 197717 664
197718 197720 795
197719 197686 800
197719 197699 2997
197719 197720 3182
197719 197730 751
197701 197699 759
197701 197702 1954
197701 197730 3014
197701 197735 805
197707 197702 820
197707 197705 2048
197707 197710 790
197707 197735 1944
197709 197705 751
197709 197710 1943
197709 197739 816
197709 198454 2468
198455 197739 2593
198455 198454 802
198455 198456 805
198455 198457 781
198458 198456 231
198458 198457 1021
198458 198462 93
197354 197353 840
197354 197355 1595
197354 197357 671
197356 197355 751
197356 197357 1636
197356 197397 670
197337 197335 797
197337 197336 2164
197337 197338 670
197337 197339 2102
197340 197338 2080
197340 197339 758
197340 197353 1579
197340 197355 834
197378 197336 884
197378 197338 2144
197378 197371 1927
197378 197379 670
197377 197371 751
197377 197375 691
197377 197379 1963
197381 197379 815
197381 197382 751
197381 197385 2577
197387 197382 1318
197387 197388 66
197388 197386 1202
197388 197387 66
197388 197394 1646
197663 197391 1054
197663 197392 587
197663 197664 838
197663 197665 1363
214627 197386 1395
214627 197392 838
214627 197664 486
197666 197391 1293
197666 197665 1163
197666 197667 781
197666 197669 2215
197677 197667 2205
197677 197669 796
197677 197675 1203
197675 197668 2035
197675 197676 1098
197675 197677 1203
197675 197678 1412
197712 197676 1536
197712 197678 1163
197712 197711 1513
197712 197715 777
197715 197712 777
197715 197716 767
197715 197717 1219
197715 197721 2215
197716 197715 767
197716 197718 1132
197716 197722 2186
197720 197718 795
197720 197719 3182
197720 197723 3327
197720 197727 786
197730 197701 3014
197730 197719 751
197730 197727 3120
197730 197732 883
197735 197701 805
197735 197707 1944
197735 197732 3062
197735 197736 868
197710 197707 790
197710 197709 1943
197710 197736 1993
197710 197737 892
197739 197709 816
197739 197737 1992
197739 197743 882
197739 198455 2593
198456 197743 2642
198456 198455 805
198456 198458 231
198456 198459 277
198462 198458 93
198462 198459 254
197353 197340 1579
197353 197354 840
197335 197326 882
197335 197328 1996
197335 197334 2301
197335 197337 797
197336 197334 750
197336 197337 2164
197336 197369 1825
197336 197378 884
197339 197328 817
197339 197337 2102
197339 197340 758
197371 197369 833
197371 197374 761
197371 197377 751
197371 197378 1927
197375 197374 876
197375 197376 891
197375 197377 691
197375 197385 661
197385 197375 661
197385 197381 2577
197385 197386 767
197386 197383 836
197386 197385 767
197386 197388 1202
197386 214627 1395
197391 197384 2005
197391 197390 938
197391 197663 1054
197391 197666 1293
197392 197383 1480
197392 197663 587
197392 214627 838
197667 197390 1290
197667 197666 781
197667 197668 929
197667 197677 2205
197668 197667 929
197668 197675 2035
197676 197675 1098
197676 197712 1536
197711 197712 1513
197721 197715 2215
197721 197722 613
197722 197716 2186
197722 197721 613
197722 197723 811
197723 197720 3327
197723 197722 811
197727 197720 786
197727 197730 3120
197732 197730 883
197732 197735 3062
197736 197710 1993
197736 197735 868
197737 197710 892
197737 197739 1992
197743 197739 882
197743 198456 2642
198459 198456 277
198459 198462 254
197326 197335 882
197328 197335 1996
197328 197339 817
197334 197335 2301
197334 197336 750
197369 197336 1825
197369 197371 833
197374 197371 761
197374 197375 876
197376 197375 891
197376 197383 1347
197383 197376 1347
197383 197384 1122
197383 197386 836
197383 197392 1480
197384 197383 1122
197384 197391 2005
197390 197391 938
197390 197667 1290
124
197481
197480
197482
194777
197476
197477
197484
197474
197483
197485
194775
197473
197475
197410
197411
194782
194784
197404
197405
197409
197417
194783
194787
197366
197367
197406
197416
197414
197365
197403
197408
197413
197415
197363
197364
197407
197402
197412
197674
197362
197401
197400
197380
197396
197672
197671
214447
197359
197360
197398
197399
197341
197393
197395
197670
197673
197680
197683
197686
197357
197397
197338
197355
197379
197382
197394
197664
197665
197669
197678
197717
197718
197719
197354
197356
197337
197340
197378
197377
197381
197387
197388
197663
214627
197666
197677
197675
197712
197715
197716
197720
197730
197353
197335
197336
197339
197371
197375
197385
197386
197391
197392
197667
197668
197676
197711
197721
197722
197723
197727
197732
197736
197737
197743
198459
197326
197328
197334
197369
197374
197376
197383
197384
197390
