18
63583 63584 2880
63584 63583 2880
66278 66283 853
64980 66297 1021
66283 66278 853
66283 66285 686
66285 66283 686
66297 64980 1021
64978 64979 809
64979 64978 809
62210 63859 1118
63859 62210 1118
62209 62205 2698
62205 62209 2698
63574 63562 838
63562 63574 838
61886 61884 891
61884 61886 891
34
63583
63584
63595
63597
78657
63571
63577
66102
66166
66167
66185
66187
66278
64980
66283
66285
66297
64978
64979
64985
62166
62209
62175
62200
62205
63574
63562
61818
61830
61886
61868
61871
61884
61877
