458
56872 56873 1760
56872 56918 771
56872 76698 3152
56873 56872 1760
56873 58065 1341
56873 68352 847
56918 56872 771
56918 56923 2139
76698 56872 3152
76698 56919 3536
76698 79021 986
58065 56873 1341
58065 78792 907
58065 78949 500
68352 56873 847
56923 56916 3793
56923 56918 2139
56923 56924 1232
56923 69146 4428
56919 56920 790
56919 76698 3536
79021 76698 986
79021 79022 411
79021 79023 1982
78792 58065 907
78792 79018 1241
78792 79020 442
78792 79029 830
78949 58065 500
56916 56913 8582
56916 56917 2380
56916 56923 3793
56924 56923 1232
56924 56925 7283
69146 56923 4428
69146 64379 2047
69146 78410 712
56920 56919 790
56920 56921 2810
56920 56922 4619
79022 79021 411
79022 79024 633
79022 79026 448
79023 79021 1982
79023 79029 656
79023 79029 656
79018 78792 1241
79018 79008 722
79018 79019 424
79018 79024 2005
79020 78792 442
79029 78792 830
79029 79023 656
79029 79023 656
56913 56912 3182
56913 56915 4738
56913 56916 8582
56917 56916 2380
56925 56924 7283
56925 56948 4922
56925 76875 3621
64379 56910 4075
64379 69146 2047
64379 78398 2628
64379 78409 773
78410 69146 712
78410 78409 1924
78410 78412 656
56921 56920 2810
56922 56920 4619
56922 56926 13067
56922 56929 778
79024 79018 2005
79024 79022 633
79024 79025 594
79026 79022 448
79008 77492 466
79008 79017 430
79008 79018 722
79008 79027 1322
79019 79018 424
56912 56909 562
56912 56913 3182
56912 56914 15631
56915 56913 4738
56948 56925 4922
56948 56949 1543
76875 56925 3621
76875 77306 1010
76875 77809 1552
56910 56907 741
56910 64379 4075
78398 64379 2628
78398 78402 880
78398 78405 782
78409 64379 773
78409 78410 1924
78409 78411 720
78409 78413 528
78412 78410 656
78412 78411 1315
78412 78415 798
56926 56922 13067
56926 58126 5661
56929 56922 778
56929 56930 2481
56929 56940 2805
79025 79024 594
79025 79027 224
79025 79030 761
77492 77491 2062
77492 79008 466
79017 79008 430
79027 79008 1322
79027 79025 224
79027 79028 362
56909 56908 4804
56909 56911 6097
56909 56912 562
56914 56912 15631
56914 56947 17759
56949 56948 1543
56949 56951 9101
77306 76875 1010
77306 77491 883
77306 78200 1409
77809 76875 1552
77809 78200 1115
56907 56903 1109
56907 56910 741
78402 78398 880
78402 78401 1291
78402 78403 1566
78405 78398 782
78405 78399 925
78405 78400 1469
78411 78409 720
78411 78412 1315
78411 78414 2954
78413 78409 528
78413 78422 1625
78413 78423 1567
78415 78412 798
78415 78414 3140
78415 78420 875
58126 56926 5661
58126 58125 881
56930 56929 2481
56930 56931 16941
56930 56932 11297
56940 56929 2805
56940 56941 8239
79030 79025 761
77491 77306 883
77491 77492 2062
77491 78201 1369
79028 79027 362
56908 56909 4804
56908 56942 18673
56908 74005 5046
56911 56909 6097
56947 56914 17759
56947 56943 13543
56947 56950 978
56951 56949 9101
56951 56950 8913
78200 77306 1409
78200 77809 1115
78200 78201 939
56903 56902 11316
56903 56907 1109
56903 65836 79
78401 78399 739
78401 78402 1291
78401 78403 675
78403 78401 675
78403 78402 1566
78403 78404 1074
78399 78400 890
78399 78401 739
78399 78405 925
78400 78399 890
78400 78405 1469
78400 78406 1130
78414 78411 2954
78414 78415 3140
78414 78417 606
78422 78413 1625
78423 78413 1567
78420 78415 875
78420 78418 2086
78420 78421 669
58125 58126 881
58125 78509 3138
56931 56930 16941
56931 77599 1237
56932 56930 11297
56932 56935 2810
56941 56940 8239
78201 77491 1369
78201 78200 939
56942 56908 18673
56942 56943 10452
74005 56908 5046
74005 74002 6141
74005 76424 3265
56943 56942 10452
56943 56946 2308
56943 56947 13543
56950 56947 978
56950 56951 8913
56950 56952 6413
56950 56974 9063
56902 56903 11316
65836 56903 79
65836 57437 2233
65836 65979 4353
78404 78403 1074
78404 78406 1467
78404 78407 1109
78406 78400 1130
78406 78404 1467
78406 78407 1126
78417 78414 606
78417 78416 555
78417 78418 1274
78418 78417 1274
78418 78419 1091
78418 78420 2086
78421 78420 669
78509 58125 3138
77599 56931 1237
77599 79095 2949
56935 56932 2810
56935 56936 3042
56935 56936 3042
74002 73992 1796
74002 74005 6141
76424 73943 10882
76424 74005 3265
56946 56943 2308
56946 56957 4065
56946 75786 2717
56952 56950 6413
56952 79248 1203
56974 56950 9063
56974 56975 1150
57437 57409 1919
57437 57435 5115
57437 65836 2233
65979 65836 4353
78407 78404 1109
78407 78406 1126
78407 78408 315
78416 78417 555
78419 78418 1091
78419 78424 1291
78419 78425 674
79095 77599 2949
79095 79096 2256
79095 79109 1484
79095 84844 2013
56936 56935 3042
56936 56935 3042
56936 56937 2468
73992 73988 1114
73992 73993 1287
73992 74002 1796
73943 66494 1935
73943 66762 1880
73943 76424 10882
56957 56946 4065
56957 75791 812
75786 56946 2717
75786 75782 672
75786 75790 554
79248 56952 1203
79248 79249 2098
79248 79250 1905
56975 56973 633
56975 56974 1150
57409 57410 3927
57409 57437 1919
57435 57434 957
57435 57436 2260
57435 57437 5115
78408 78407 315
78424 78419 1291
78425 78419 674
79096 79095 2256
79096 79097 387
79096 79112 1324
79109 79095 1484
79109 79110 603
79109 79143 4307
84844 79095 2013
84844 84843 1093
84844 84843 1093
56937 56927 2401
56937 56936 2468
56937 56938 1703
73988 73987 2358
73988 73989 918
73988 73992 1114
73993 73992 1287
73993 73994 577
73993 74001 1086
66494 66495 4315
66494 73943 1935
66494 77401 4694
66762 66692 2096
66762 73943 1880
75791 56957 812
75791 56958 1702
75791 56960 1752
75791 75790 3575
75782 75780 4925
75782 75786 672
75782 75787 376
75790 75786 554
75790 75787 372
75790 75791 3575
79249 79248 2098
79250 79236 2706
79250 79248 1905
79250 79251 5799
56973 56971 1558
56973 56975 633
56973 56976 893
56973 56977 794
57410 57409 3927
57410 57420 962
57410 78508 1379
57434 57394 8486
57434 57430 731
57434 57435 957
57436 57435 2260
79097 79096 387
79097 79098 485
79097 91536 410
79112 79096 1324
79112 79111 713
79112 91541 1487
79110 79109 603
79110 79111 1709
79110 79111 1709
79143 79109 4307
79143 79142 2
79143 79144 1006
84843 84841 2159
84843 84844 1093
84843 84844 1093
56927 56928 819
56927 56937 2401
56927 78594 6468
56938 56937 1703
56938 56939 2851
73987 73961 686
73987 73963 344
73987 73988 2358
73989 73986 641
73989 73988 918
73989 73990 1909
73994 73993 577
73994 74001 1392
73994 74003 497
73994 74004 1385
74001 73991 374
74001 73993 1086
74001 73994 1392
66495 66494 4315
66495 77401 910
66495 77403 2213
77401 66494 4694
77401 66495 910
77401 73942 1474
66692 66691 5577
66692 66762 2096
66692 73936 4496
56958 56959 4074
56958 75791 1702
56960 56961 3974
56960 75791 1752
75780 75778 2427
75780 75782 4925
75787 75782 376
75787 75789 1768
75787 75790 372
79236 56978 10020
79236 79237 6270
79236 79250 2706
79236 79302 3383
79251 79250 5799
56971 56964 3482
56971 56973 1558
56976 56973 893
56976 56978 1399
56977 56973 794
56977 56980 2418
57420 57410 962
78508 57410 1379
57394 57393 2118
57394 57434 8486
57430 57427 3840
57430 57429 1846
57430 57434 731
79098 79097 485
79098 79099 386
79098 79102 783
91536 79097 410
91536 79102 239
91536 91540 236
79111 79110 1709
79111 79110 1709
79111 79112 713
91541 79112 1487
91541 91542 1159
91541 91543 1427
79142 79143 2
79144 79143 1006
84841 84843 2159
56928 56927 819
78594 56927 6468
56939 56938 2851
56939 79102 577
73961 73987 686
73963 73987 344
73986 73989 641
73990 73989 1909
74003 73994 497
74004 73994 1385
73991 74001 374
77403 66495 2213
73942 77401 1474
66691 66692 5577
73936 66692 4496
56959 56958 4074
56961 56960 3974
56961 56964 5817
75778 75780 2427
75789 75787 1768
56978 56976 1399
56978 79236 10020
79237 79236 6270
79302 79236 3383
56964 56961 5817
56964 56971 3482
56980 56977 2418
57393 57394 2118
57427 57430 3840
57429 57430 1846
79099 79098 386
79102 56939 577
79102 79098 783
79102 91536 239
91540 91536 236
91542 91541 1159
91543 91541 1427
37
58126
58125
78509
56935
56936
56937
56927
56938
57394
79142
79144
84841
56928
78594
56939
73961
73963
73986
74003
74004
73991
73942
66691
73936
56959
75778
75789
79237
79302
56964
56980
57393
57427
57429
79099
79102
91540
