20
133590 133589 847
133590 133594 924
133594 133590 924
133586 133597 713
136952 136951 848
136951 136952 848
133597 133586 713
133604 133606 818
133606 133604 818
133589 133590 847
133925 133927 475
133927 133925 475
133961 133962 2273
133962 133961 2273
133962 133965 818
133965 133962 818
137220 137233 504
137233 137220 504
137233 137227 2557
137227 137233 2557
37
136979
136980
136895
136894
133590
133580
133594
133586
136938
136982
136939
136936
136952
136962
136942
136951
136941
133597
133604
133606
133589
133915
133925
133927
133931
133950
133961
133962
133965
137135
137138
137136
137119
137133
137233
137227
137226
