666
143930 144155 2723
144155 143930 2723
144155 144154 737
144155 144156 691
144155 148541 2620
144154 144155 737
144154 148544 2681
144156 144155 691
144156 148542 2717
148541 144155 2620
148541 148542 731
148541 148544 694
148541 148547 2683
148544 144154 2681
148544 148541 694
148544 148543 792
148544 148546 2668
148542 144156 2717
148542 148541 731
148542 148548 870
148542 148551 2637
148547 148541 2683
148547 148546 819
148547 148551 662
148547 148556 2790
148543 148544 792
148543 148545 2710
148546 148544 2668
148546 148545 744
148546 148547 819
148546 148557 2786
148548 148542 870
148548 148552 2624
148551 148542 2637
148551 148547 662
148551 148552 908
148551 148561 2765
148556 148547 2790
148556 148557 726
148556 148561 740
148556 148564 2920
148545 148513 842
148545 148543 2710
148545 148546 744
148545 148555 2741
148557 148546 2786
148557 148555 792
148557 148556 726
148557 148560 2954
148552 148548 2624
148552 148551 908
148552 148553 870
148552 148562 2772
148561 148551 2765
148561 148556 740
148561 148562 833
148561 148565 2386
148564 148556 2920
148564 148560 752
148564 148565 943
148564 148628 880
148564 148630 2865
148513 148545 842
148513 148554 2797
148555 148545 2741
148555 148554 830
148555 148557 792
148555 148559 2961
148560 148557 2954
148560 148559 737
148560 148564 752
148560 148628 410
148553 148552 870
148553 148563 2808
148553 148662 825
148562 148552 2772
148562 148561 833
148562 148563 864
148562 148566 1866
148565 148561 2386
148565 148564 943
148565 148566 983
148565 148567 3422
148628 148560 410
148628 148564 880
148628 148620 881
148628 148629 2378
148630 148564 2865
148630 148567 773
148630 148629 773
148630 148631 2435
148554 148513 2797
148554 148530 848
148554 148538 2234
148554 148555 830
148559 148555 2961
148559 148558 887
148559 148560 737
148559 148620 869
148563 148515 1189
148563 148553 2808
148563 148562 864
148563 148674 831
148662 148550 2683
148662 148553 825
148662 148663 769
148662 148674 2772
148566 148515 1124
148566 148562 1866
148566 148565 983
148566 148568 3944
148567 148565 3422
148567 148568 852
148567 148630 773
148567 148632 2407
148620 148559 869
148620 148615 1182
148620 148621 1944
148620 148628 881
148629 148621 687
148629 148628 2378
148629 148630 773
148631 148630 2435
148631 148632 723
148631 148634 789
148631 148637 2773
148530 148537 1160
148530 148554 848
148538 148537 1370
148538 148554 2234
148538 148558 738
148558 148538 738
148558 148559 887
148558 148613 829
148558 148615 1649
148515 148516 168
148515 148563 1189
148515 148566 1124
148515 148679 1383
148674 148563 831
148674 148662 2772
148674 148677 515
148674 148681 650
148550 148659 767
148550 148662 2683
148663 148659 2647
148663 148662 769
148663 148665 819
148663 148675 2394
148568 148566 3944
148568 148567 852
148568 148768 2408
148632 148567 2407
148632 148631 723
148632 148636 2780
148632 148768 851
148615 148558 1649
148615 148614 1165
148615 148617 1126
148615 148620 1182
148621 148617 900
148621 148620 1944
148621 148623 2389
148621 148629 687
148634 148623 720
148634 148631 789
148634 148635 2756
148637 148631 2773
148637 148635 788
148637 148636 758
148637 148650 2531
148537 148530 1160
148537 148536 1239
148537 148538 1370
148537 148539 1164
148613 148539 632
148613 148540 866
148613 148558 829
148613 148614 2417
148516 148515 168
148516 148680 3296
148516 148682 636
148679 148515 1383
148679 148684 1667
148679 148685 2162
148677 148674 515
148677 148675 543
148677 148681 819
148677 148686 390
148681 148674 650
148681 148677 819
148681 148682 183
148659 148550 767
148659 148663 2647
148665 148663 819
148665 148676 1649
148675 148663 2394
148675 148676 1044
148675 148677 543
148768 148568 2408
148768 148632 851
148768 148775 2756
148636 148632 2780
148636 148637 758
148636 148651 2573
148636 148775 819
148614 148585 813
148614 148613 2417
148614 148615 1165
148614 148618 400
148617 148615 1126
148617 148618 816
148617 148621 900
148617 148622 2398
148623 148621 2389
148623 148622 845
148623 148633 2751
148623 148634 720
148635 148633 756
148635 148634 2756
148635 148637 788
148635 148649 2568
148650 148637 2531
148650 148649 792
148650 148651 790
148650 148652 2651
148536 148534 1122
148536 148537 1239
148539 148534 1304
148539 148537 1164
148539 148613 632
148540 148534 1659
148540 148535 715
148540 148585 2575
148540 148613 866
148680 148516 3296
148680 148683 716
148680 148685 854
148680 148773 2242
148682 148516 636
148682 148681 183
148682 148683 3316
148684 148679 1667
148684 148765 724
148684 148766 813
148685 148679 2162
148685 148680 854
148685 148765 819
148685 148772 2290
148686 148677 390
148686 148678 705
148686 148687 3387
148676 148665 1649
148676 148675 1044
148676 148678 1089
148676 148689 1308
148775 148636 819
148775 148768 2756
148775 148795 2607
148651 148636 2573
148651 148650 790
148651 148795 794
148651 148796 2609
148585 148540 2575
148585 148584 784
148585 148614 813
148585 148616 203
148618 148614 400
148618 148616 862
148618 148617 816
148618 148619 2368
148622 148617 2398
148622 148619 884
148622 148623 845
148622 148627 2733
148633 148623 2751
148633 148627 843
148633 148635 756
148633 148648 2573
148649 148635 2568
148649 148648 719
148649 148650 792
148649 148656 2693
148652 148650 2651
148652 148656 761
148652 148658 2564
148652 148796 759
148534 148536 1122
148534 148539 1304
148534 148540 1659
148535 148540 715
148535 148584 2867
148683 148680 716
148683 148682 3316
148683 148687 865
148683 148786 2263
148773 148680 2242
148773 148772 801
148773 148786 796
148773 148788 2459
148765 148684 724
148765 148685 819
148765 148766 521
148766 148684 813
148766 148765 521
148772 148685 2290
148772 148773 801
148678 148676 1089
148678 148686 705
148678 148688 3100
148678 148690 666
148687 148683 865
148687 148686 3387
148687 148688 774
148689 146983 843
148689 148676 1308
148689 148690 2070
148795 148651 794
148795 148775 2607
148795 148797 2650
148795 148798 833
148796 148651 2609
148796 148652 759
148796 148797 826
148796 148801 2549
148584 148535 2867
148584 148583 862
148584 148585 784
148584 148587 857
148584 148590 2386
148584 148616 729
148616 148584 729
148616 148585 203
148616 148618 862
148616 148624 2412
148619 148618 2368
148619 148622 884
148619 148624 813
148619 148626 2796
148627 148622 2733
148627 148626 840
148627 148633 843
148627 148640 2588
148648 148633 2573
148648 148640 864
148648 148649 719
148648 148653 2683
148656 148649 2693
148656 148652 761
148656 148653 773
148656 148657 2477
148658 148652 2564
148658 148657 731
148658 148801 779
148658 149643 1044
148786 148683 2263
148786 148773 796
148788 148773 2459
148688 148678 3100
148688 148687 774
148688 148702 879
148688 148704 2251
148690 148678 666
148690 148689 2070
148690 148692 232
148690 148693 190
146983 148689 843
148797 148795 2650
148797 148796 826
148798 148795 833
148801 148658 779
148801 148796 2549
148583 148584 862
148583 148587 307
148587 148580 1119
148587 148583 307
148587 148584 857
148587 148588 2094
148590 148584 2386
148590 148588 789
148590 148592 2741
148590 148624 779
148624 148590 779
148624 148616 2412
148624 148619 813
148624 148625 2723
148626 148619 2796
148626 148625 804
148626 148627 840
148626 148639 2521
148640 148627 2588
148640 148639 792
148640 148645 2609
148640 148648 864
148653 148645 876
148653 148648 2683
148653 148655 2495
148653 148656 773
148657 148655 776
148657 148656 2477
148657 148658 731
148657 149464 1400
149643 148658 1044
149643 149464 874
148702 148688 879
148702 148692 2472
148702 148695 847
148702 148705 2293
148704 148688 2251
148704 148705 842
148692 148690 232
148692 148693 220
148692 148702 2472
148693 148690 190
148693 148692 220
148693 148694 711
148580 148578 898
148580 148586 1748
148580 148587 1119
148588 148586 1045
148588 148587 2094
148588 148590 789
148588 148591 2752
148592 148590 2741
148592 148591 845
148592 148606 2554
148592 148625 784
148625 148592 784
148625 148624 2723
148625 148626 804
148625 148638 2617
148639 148626 2521
148639 148638 908
148639 148640 792
148639 148644 2681
148645 148640 2609
148645 148644 805
148645 148653 876
148645 148654 2539
148655 148653 2495
148655 148654 824
148655 148657 776
149464 148657 1400
149464 149643 874
148695 148694 2537
148695 148699 802
148695 148702 847
148695 148748 2277
148705 148702 2293
148705 148704 842
148705 148748 884
148705 148821 2417
148694 148691 155
148694 148693 711
148694 148695 2537
148578 148570 883
148578 148573 777
148578 148579 1468
148578 148580 898
148586 148579 855
148586 148580 1748
148586 148588 1045
148586 148589 2770
148591 148588 2752
148591 148589 1048
148591 148592 845
148591 148607 2564
148606 148592 2554
148606 148607 902
148606 148638 699
148606 148641 2624
148638 148606 699
148638 148625 2617
148638 148639 908
148638 148642 2641
148644 148639 2681
148644 148642 809
148644 148645 805
148644 148647 2480
148654 148645 2539
148654 148647 830
148654 148655 824
148654 149462 1956
148699 148695 802
148699 148698 2565
148699 148701 830
148699 148749 2269
148748 148695 2277
148748 148705 884
148748 148749 737
148748 148752 2400
148821 148705 2417
148821 148752 921
148691 148694 155
148691 148698 672
148570 148569 755
148570 148578 883
148573 148569 1164
148573 148572 896
148573 148577 1150
148573 148578 777
148579 148577 751
148579 148578 1468
148579 148582 2777
148579 148586 855
148589 148582 801
148589 148586 2770
148589 148591 1048
148589 148605 2638
148607 148591 2564
148607 148605 930
148607 148606 902
148607 148610 2617
148641 148606 2624
148641 148610 828
148641 148642 807
148641 148643 2506
148642 148638 2641
148642 148641 807
148642 148644 809
148642 148646 2515
148647 148644 2480
148647 148646 816
148647 148654 830
148647 149453 2386
149462 148654 1956
149462 149453 913
148698 148691 672
148698 148699 2565
148701 148699 830
148701 148750 2269
148749 148699 2269
148749 148748 737
148749 148750 830
148749 148753 2424
148752 148748 2400
148752 148753 765
148752 148821 921
148752 148828 2331
148569 148468 792
148569 148524 2865
148569 148570 755
148569 148573 1164
148572 148468 1550
148572 148573 896
148572 148574 407
148572 148575 765
148577 148573 1150
148577 148575 792
148577 148579 751
148577 148581 2834
148582 148579 2777
148582 148581 740
148582 148589 801
148582 148597 2515
148605 148589 2638
148605 148597 876
148605 148607 930
148605 148609 2563
148610 148607 2617
148610 148609 1049
148610 148612 2513
148610 148641 828
148643 148612 902
148643 148641 2506
148643 148646 751
148643 149451 2403
148646 148642 2515
148646 148643 751
148646 148647 816
148646 149452 2317
149453 148647 2386
149453 149459 383
149453 149462 913
148750 148701 2269
148750 148749 830
148750 148751 543
148750 148761 2448
148753 148749 2424
148753 148752 765
148753 148761 858
148753 148829 2287
148828 148752 2331
148828 148829 827
148468 148414 2835
148468 148473 435
148468 148569 792
148468 148572 1550
148524 148414 834
148524 148569 2865
148574 148474 427
148574 148572 407
148575 148572 765
148575 148576 2805
148575 148577 792
148581 148576 862
148581 148577 2834
148581 148582 740
148581 148596 995
148597 148582 2515
148597 148603 741
148597 148605 876
148597 148608 2645
148609 148605 2563
148609 148608 813
148609 148610 1049
148609 148611 2541
148612 148610 2513
148612 148611 980
148612 148643 902
148612 149450 2395
149451 148643 2403
149451 149450 828
149451 149452 801
149451 149456 427
149452 148646 2317
149452 149451 801
149452 149458 202
149452 149459 404
149459 149452 404
149459 149453 383
149459 149458 475
148751 148747 776
148751 148750 543
148751 148759 2399
148761 148750 2448
148761 148753 858
148761 148759 517
148761 148830 2200
148829 148753 2287
148829 148828 827
148829 148830 814
148829 148832 2320
148414 148406 3035
148414 148466 345
148414 148468 2835
148414 148524 834
148473 148467 394
148473 148468 435
148474 148467 1775
148474 148574 427
148576 148575 2805
148576 148581 862
148596 148581 995
148603 148597 741
148608 148597 2645
148608 148609 813
148611 148609 2541
148611 148612 980
149450 148612 2395
149450 149451 828
149456 149451 427
149456 149458 808
149458 149452 202
149458 149456 808
149458 149459 475
148747 148751 776
148759 148751 2399
148759 148761 517
148830 148761 2200
148830 148829 814
148832 148829 2320
148406 148414 3035
148466 148414 345
148467 148473 394
148467 148474 1775
200
143930
144155
144154
144156
148541
148544
148542
148547
148543
148546
148548
148551
148556
148545
148557
148552
148561
148564
148513
148555
148560
148553
148562
148565
148628
148630
148554
148559
148563
148662
148566
148567
148620
148629
148631
148530
148538
148558
148515
148674
148550
148663
148568
148632
148615
148621
148634
148637
148537
148613
148516
148679
148677
148681
148659
148665
148675
148768
148636
148614
148617
148623
148635
148650
148536
148539
148540
148680
148682
148684
148685
148686
148676
148775
148651
148585
148618
148622
148633
148649
148652
148534
148535
148683
148773
148765
148766
148772
148678
148687
148689
148795
148796
148584
148616
148619
148627
148648
148656
148658
148786
148788
148688
148690
146983
148797
148798
148801
148583
148587
148590
148624
148626
148640
148653
148657
149643
148702
148704
148692
148693
148580
148588
148592
148625
148639
148645
148655
149464
148695
148705
148694
148578
148586
148591
148606
148638
148644
148654
148699
148748
148821
148691
148570
148573
148579
148589
148607
148641
148642
148647
149462
148698
148701
148749
148752
148569
148572
148577
148582
148605
148610
148643
148646
149453
148750
148753
148828
148468
148524
148574
148575
148581
148597
148609
148612
149451
149452
149459
148751
148761
148829
148414
148473
148474
148576
148596
148603
148608
148611
149450
149456
149458
148747
148759
148830
148832
148406
148466
148467
