456
80572 80573 1518
80572 89097 735
80573 80572 1518
80573 80574 2186
80573 89094 745
89097 80572 735
89097 89098 670
89097 89099 4995
80574 80573 2186
80574 80708 222
89094 80573 745
89094 89095 347
89094 89096 217
89098 89097 670
89099 89097 4995
89099 89100 2060
89099 89101 1919
80708 80574 222
80708 80640 344
80708 80674 475
89095 89094 347
89096 89094 217
89100 89099 2060
89101 89099 1919
89101 89102 1268
89101 90147 2249
80640 80637 16153
80640 80708 344
80674 80653 7943
80674 80708 475
89102 89101 1268
89102 89103 2029
89102 90146 2691
90147 89101 2249
80637 80640 16153
80637 80673 1016
80653 80652 3638
80653 80654 1446
80653 80674 7943
89103 89102 2029
89103 89104 955
89103 89107 2708
90146 89102 2691
80673 80637 1016
80673 80672 3218
80673 80709 2655
80652 80651 1186
80652 80653 3638
80652 80675 794
80654 80653 1446
80654 80655 1933
80654 80656 2770
89104 89103 955
89104 89105 427
89104 89106 572
89107 89072 1279
89107 89103 2708
89107 90145 1024
80672 80661 2118
80672 80664 4325
80672 80670 2715
80672 80673 3218
80709 80661 1440
80709 80673 2655
80709 80710 782
80651 80650 2325
80651 80652 1186
80651 80678 875
80675 80652 794
80675 80676 2614
80675 80677 1222
80655 80654 1933
80656 80650 2794
80656 80654 2770
80656 89093 3745
89105 89104 427
89106 89104 572
89072 89071 4264
89072 89073 2327
89072 89107 1279
90145 89107 1024
80661 80660 1562
80661 80662 1360
80661 80672 2118
80661 80709 1440
80664 80663 2145
80664 80665 1158
80664 80672 4325
80670 80668 1719
80670 80671 1621
80670 80672 2715
80710 80709 782
80650 80651 2325
80650 80656 2794
80650 89131 2667
80678 80651 875
80678 80679 1040
80676 80675 2614
80677 80675 1222
89093 80656 3745
89093 89092 2715
89093 89131 2883
89071 88958 2037
89071 89072 4264
89071 89108 1360
89073 89072 2327
89073 89074 2177
80660 80659 1270
80660 80661 1562
80660 80711 678
80662 80661 1360
80662 80663 2120
80662 80681 818
80663 80662 2120
80663 80664 2145
80663 80680 790
80665 80664 1158
80665 80666 3534
80668 80666 3414
80668 80669 1485
80668 80670 1719
80671 80670 1621
89131 80650 2667
89131 89093 2883
89131 89798 686
80679 80644 1013
80679 80646 1012
80679 80678 1040
89092 89091 2193
89092 89093 2715
89092 89132 2466
88958 88957 3484
88958 88959 838
88958 89071 2037
89108 89071 1360
89074 89073 2177
80659 80657 1613
80659 80660 1270
80659 80724 5359
80711 80660 678
80711 80714 1234
80681 80662 818
80680 80663 790
80666 80665 3534
80666 80667 1915
80666 80668 3414
80669 80668 1485
89798 89131 686
80644 80645 4229
80644 80646 1334
80644 80679 1013
80646 80644 1334
80646 80647 5972
80646 80679 1012
89091 88957 9904
89091 89060 2189
89091 89092 2193
89132 89092 2466
88957 88947 5234
88957 88958 3484
88957 89091 9904
88959 88958 838
88959 88960 2790
88959 88962 2465
80657 80658 2541
80657 80659 1613
80657 80723 688
80724 80659 5359
80724 80718 2700
80724 81253 1232
80714 80711 1234
80714 80715 4211
80714 80715 4211
80667 80666 1915
80645 80644 4229
80645 80700 680
80647 80646 5972
80647 80648 680
80647 89061 4586
89060 89059 277
89060 89091 2189
88947 88940 4374
88947 88948 2381
88947 88957 5234
88947 91559 810
88960 88959 2790
88960 88961 854
88962 88959 2465
88962 88963 865
88962 89085 1122
80658 80657 2541
80658 80755 1290
80723 80657 688
80723 80722 4183
80723 81254 672
80718 80716 1839
80718 80719 2288
80718 80724 2700
81253 80719 4826
81253 80722 1266
81253 80724 1232
80715 80714 4211
80715 80714 4211
80715 80716 3555
80700 80645 680
80700 80696 3850
80700 80699 4197
80648 80647 680
80648 80649 2626
80648 90116 2837
89061 80647 4586
89061 89059 3159
89061 91751 460
89059 89060 277
89059 89061 3159
89059 90057 2848
88940 88939 1686
88940 88941 957
88940 88947 4374
88948 88947 2381
88948 88949 1440
88948 88950 1231
91559 88947 810
88961 88960 854
88963 88918 5715
88963 88962 865
88963 88964 1992
89085 88962 1122
89085 89080 1952
89085 89086 1440
89085 89109 1359
80755 80658 1290
80755 80754 1935
80722 80720 8348
80722 80723 4183
80722 81253 1266
81254 80723 672
80716 80715 3555
80716 80717 2007
80716 80718 1839
80719 80718 2288
80719 80720 3577
80719 81253 4826
80696 80697 475
80696 80700 3850
80696 80705 356
80696 80706 7610
80699 80698 374
80699 80700 4197
80699 80731 1510
80649 80648 2626
80649 80707 1464
90116 80648 2837
90116 90101 1643
90116 91173 4878
91751 89061 460
91751 91752 1002
91751 91752 1002
90057 89059 2848
90057 90055 4407
90057 91753 1105
88939 88938 3273
88939 88940 1686
88939 91560 876
88941 88940 957
88941 88942 2809
88941 88942 2809
88949 88948 1440
88950 88948 1231
88950 88951 1901
88950 88956 333
88918 88914 1162
88918 88919 2168
88918 88963 5715
88964 88963 1992
89080 89079 1032
89080 89081 882
89080 89085 1952
89086 89085 1440
89109 89079 1259
89109 89085 1359
89109 89110 753
80754 80750 3609
80754 80753 12863
80754 80755 1935
80720 80719 3577
80720 80721 1391
80720 80722 8348
80717 80716 2007
80697 80696 475
80697 80698 4388
80697 80733 651
80705 80696 356
80705 80704 1415
80706 80696 7610
80706 80701 3601
80706 80707 1464
80698 80697 4388
80698 80699 374
80698 80730 1636
80698 80733 3739
80731 80699 1510
80731 80730 338
80731 80743 3972
80707 80649 1464
80707 80706 1464
80707 90108 1324
90101 90100 2594
90101 90116 1643
91173 90102 548
91173 90112 1663
91173 90116 4878
91752 91751 1002
91752 91751 1002
91752 91754 471
90055 90053 3288
90055 90054 1320
90055 90057 4407
90055 90095 18096
91753 90057 1105
91753 91754 2322
91753 91796 693
88938 88939 3273
88938 88968 1467
88938 88969 3431
91560 88939 876
88942 88941 2809
88942 88941 2809
88942 88943 1253
88942 88946 1100
88951 88950 1901
88951 88952 1366
88951 88955 356
88956 88950 333
88914 88913 2617
88914 88918 1162
88919 88918 2168
88919 88920 1220
88919 88921 1395
89079 89080 1032
89079 89109 1259
89081 89080 882
89081 89082 153
89110 89109 753
80750 80749 770
80750 80751 1503
80750 80754 3609
80753 80752 202
80753 80754 12863
80721 80720 1391
80733 80697 651
80733 80698 3739
80733 80732 2265
80704 80703 277
80704 80705 1415
80701 80702 1702
80701 80706 3601
80701 90103 4831
80730 80698 1636
80730 80731 338
80730 80732 3861
80730 80734 4370
80743 80703 3485
80743 80731 3972
80743 80742 6690
90108 80707 1324
90100 90099 1564
90100 90101 2594
90100 90109 3219
90102 90099 1470
90102 91173 548
90112 90113 1310
90112 90115 3012
90112 91173 1663
91754 91752 471
91754 91753 2322
91754 91755 1819
90053 90051 3906
90053 90055 3288
90054 90055 1320
90054 90056 3838
90054 90066 1345
90054 90096 8750
90095 87171 950
90095 90055 18096
91796 91753 693
88968 88938 1467
88968 88966 3172
88968 88971 445
88969 88938 3431
88943 88942 1253
88943 88944 2077
88943 88945 1580
88946 88942 1100
88952 88951 1366
88952 88953 950
88952 88954 790
88955 88951 356
88913 88912 2695
88913 88914 2617
88913 88935 2112
88920 88919 1220
88921 88919 1395
88921 88922 1031
88921 88925 2737
88921 89113 2007
89082 89081 153
89082 89083 448
89082 89084 614
80749 80599 1309
80749 80750 770
80751 80750 1503
80752 80742 8512
80752 80753 202
80732 80730 3861
80732 80733 2265
80732 80734 512
80703 80702 8236
80703 80704 277
80703 80734 344
80703 80743 3485
80702 80701 1702
80702 80703 8236
90103 80701 4831
80734 80703 344
80734 80730 4370
80734 80732 512
80742 80743 6690
80742 80752 8512
90099 90100 1564
90099 90102 1470
90099 90109 2341
90109 90099 2341
90109 90100 3219
90113 90112 1310
90115 90112 3012
91755 91754 1819
90051 90053 3906
90056 90054 3838
90066 90054 1345
90096 90054 8750
87171 90095 950
88966 88968 3172
88971 88968 445
88944 88943 2077
88945 88943 1580
88953 88952 950
88954 88952 790
88912 88913 2695
88935 88913 2112
88922 88921 1031
88925 88921 2737
89113 88921 2007
89083 89082 448
89084 89082 614
80599 80749 1309
200
80572
80573
89097
80574
89094
89098
89099
80708
89095
89096
89100
89101
80640
80674
89102
90147
80637
80653
89103
90146
80673
80652
80654
89104
89107
80672
80709
80651
80675
80655
80656
89105
89106
89072
90145
80661
80664
80670
80710
80650
80678
80676
80677
89093
89071
89073
80660
80662
80663
80665
80668
80671
89131
80679
89092
88958
89108
89074
80659
80711
80681
80680
80666
80669
89798
80644
80646
89091
89132
88957
88959
80657
80724
80714
80667
80645
80647
89060
88947
88960
88962
80658
80723
80718
81253
80715
80700
80648
89061
89059
88940
88948
91559
88961
88963
89085
80755
80722
81254
80716
80719
80696
80699
80649
90116
91751
90057
88939
88941
88949
88950
88918
88964
89080
89086
89109
80754
80720
80717
80697
80705
80706
80698
80731
80707
90101
91173
91752
90055
91753
88938
91560
88942
88951
88956
88914
88919
89079
89081
89110
80750
80753
80721
80733
80704
80701
80730
80743
90108
90100
90102
90112
91754
90053
90054
90095
91796
88968
88969
88943
88946
88952
88955
88913
88920
88921
89082
80749
80751
80752
80732
80703
80702
90103
80734
80742
90099
90109
90113
90115
91755
90051
90056
90066
90096
87171
88966
88971
88944
88945
88953
88954
88912
88935
88922
88925
89113
89083
89084
80599
