14
46220 46221 1423
46221 46220 1423
127843 127840 1023
127840 127843 1023
46499 46485 1534
46485 46499 1534
127375 127369 1718
127369 127375 1718
127965 127969 683
127968 127971 766
127969 127965 683
127995 128007 1831
128007 127995 1831
127971 127968 766
36
46220
46209
46221
127843
127840
46428
46430
46459
46461
46497
46499
46485
46444
50324
127375
127989
127355
127369
127668
127671
127985
127993
127691
127690
127706
127709
127721
128156
127965
127968
127969
127980
127995
128007
127961
127971
