16
246662 246686 1622
246686 246662 1622
248146 248170 434
248170 248146 434
248154 248155 2376
248154 248185 628
248006 248182 893
248190 248182 1825
255365 256399 731
256399 255365 731
256400 256527 229
256527 256400 229
248182 248006 893
248182 248190 1825
248185 248154 628
248155 248154 2376
31
246662
246686
246768
246792
247987
247067
248146
248170
248172
248153
248154
248006
248190
255365
256399
256400
256527
248215
248221
248222
248229
248238
248263
248272
248155
248207
248210
248328
248397
248393
248395
