14
135877 135875 1102
135877 135881 551
135875 135877 1102
135881 135877 551
136140 136141 751
136141 136140 751
136141 136192 827
136192 136141 827
136192 136194 827
136194 136192 827
136194 136198 708
136200 136198 202
136198 136194 708
136198 136200 202
38
134791
134709
134711
134816
134823
134194
135001
135002
135011
135022
135027
135068
135028
135086
136868
135814
135877
135875
135840
135830
135881
135890
136089
136099
136105
136108
136107
136159
136130
136133
136140
136141
136192
136194
136200
136208
136198
136788
