604
198360 198367 2787
198367 198360 2787
198367 198370 358
198367 198371 816
198370 198367 358
198370 198371 736
198370 198372 2879
198370 215112 156
198371 198367 816
198371 198370 736
198371 198374 521
198372 198370 2879
215112 198366 313
215112 198370 156
198374 198371 521
198374 198373 497
198374 198375 2568
198374 198376 419
198366 198365 395
198366 215112 313
198373 198368 798
198373 198374 497
198375 198369 701
198375 198374 2568
198375 198377 1009
198375 198401 1237
198376 198374 419
198376 198377 2488
198376 198935 832
198365 198366 395
198368 198369 2487
198368 198373 798
198369 198364 756
198369 198368 2487
198369 198375 701
198369 198398 2339
198377 198375 1009
198377 198376 2488
198377 198379 756
198377 198404 2347
198401 198375 1237
198401 198402 1110
198401 198403 1112
198935 198376 832
198935 198936 2200
198935 214494 730
198364 198369 756
198364 198381 846
198364 198383 2365
198398 198369 2339
198398 198383 687
198398 198400 2042
198398 198402 773
198379 198377 756
198379 198440 2350
198379 198938 686
198404 198377 2347
198404 198403 656
198404 198406 1585
198404 198440 773
198402 198398 773
198402 198401 1110
198402 198403 363
198402 198405 2024
198403 198401 1112
198403 198402 363
198403 198404 656
198403 198406 1796
198936 198935 2200
214494 198921 2004
214494 198935 730
198381 198364 846
198381 198382 2248
198383 198364 2365
198383 198382 912
198383 198398 687
198383 198399 2013
198400 198398 2042
198400 198399 756
198400 198405 776
198400 198407 1002
198440 198379 2350
198440 198404 773
198440 198939 774
198440 198963 1917
198938 198379 686
198938 198937 1820
198938 198939 2383
198938 198941 774
198406 198403 1796
198406 198404 1585
198406 198441 428
198405 198400 776
198405 198402 2024
198405 198409 1394
198405 198441 936
198921 198930 518
198921 214494 2004
198382 198381 2248
198382 198383 912
198382 198384 197
198399 198383 2013
198399 198394 773
198399 198395 664
198399 198400 756
198407 198395 866
198407 198400 1002
198407 198409 961
198407 198410 1920
198939 198440 774
198939 198938 2383
198939 198944 665
198939 198964 2022
198963 198440 1917
198963 198441 867
198963 198964 747
198963 198966 1448
198937 198938 1820
198941 198938 774
198941 198940 1902
198941 198943 846
198941 198944 2366
198441 198405 936
198441 198406 428
198441 198412 1590
198441 198963 867
198409 198405 1394
198409 198407 961
198409 198411 1894
198409 198412 934
198930 198921 518
198384 198382 197
198384 198385 878
198394 198399 773
198395 198399 664
198395 198407 866
198410 198407 1920
198410 198411 885
198944 198939 665
198944 198941 2366
198944 198965 1917
198964 198939 2022
198964 198963 747
198964 198965 709
198964 198970 2247
198966 198963 1448
198966 198967 665
198966 198968 791
198940 198941 1902
198940 198942 774
198943 198941 846
198943 198942 1914
198412 198409 934
198412 198432 2029
198412 198441 1590
198412 198967 751
198411 198409 1894
198411 198410 885
198411 198431 1110
198411 198432 1026
198385 198384 878
198385 198393 423
198965 198944 1917
198965 198964 709
198965 198971 2691
198970 198964 2247
198970 198968 508
198970 198974 278
198967 198412 751
198967 198966 665
198967 198968 347
198967 198969 1934
198968 198966 791
198968 198967 347
198968 198970 508
198968 198972 787
198942 198940 774
198942 198943 1914
198432 198411 1026
198432 198412 2029
198432 198443 665
198432 198969 797
198431 198411 1110
198431 198443 956
198393 198385 423
198971 198965 2691
198971 198974 504
198971 198985 864
198971 198986 1688
198974 198970 278
198974 198971 504
198974 198972 560
198969 198432 797
198969 198967 1934
198969 198973 779
198969 199001 330
198972 198968 787
198972 198973 1487
198972 198974 560
198443 198431 956
198443 198432 665
198443 198998 1238
198443 199001 683
198985 198971 864
198985 198987 902
198985 198988 1455
198985 198993 939
198986 198971 1688
198986 198973 774
198986 198988 755
198986 199011 2022
198973 198969 779
198973 198972 1487
198973 198986 774
198973 199001 755
198973 199003 774
199001 198443 683
199001 198969 330
199001 198973 755
199001 199002 1019
198998 198443 1238
198998 198999 774
198998 199002 751
198987 198985 902
198987 198993 902
198987 198996 1019
198988 198985 1455
198988 198986 755
198988 198996 846
198988 199012 2134
198993 198985 939
198993 198987 902
198993 198990 439
199011 198986 2022
199011 199006 867
199011 199012 766
199011 199013 2120
199003 198973 774
199003 199002 759
199003 199006 1346
199002 198998 751
199002 199001 1019
199002 199003 759
199002 199004 1002
198999 198998 774
198999 199000 2043
198999 199004 756
198996 198987 1019
198996 198988 846
198996 199014 2134
198996 199051 937
199012 198988 2134
199012 199011 766
199012 199014 846
199012 199015 2024
198990 198993 439
199006 199003 1346
199006 199004 674
199006 199007 2138
199006 199011 867
199013 199007 872
199013 199011 2120
199013 199015 864
199013 199018 2032
199004 198999 756
199004 199002 1002
199004 199005 2151
199004 199006 674
199000 198999 2043
199000 199005 747
199000 199008 611
199014 198996 2134
199014 199012 846
199014 199016 2025
199051 198996 937
199015 199012 2024
199015 199013 864
199015 199016 846
199015 199020 2002
199007 199005 583
199007 199006 2138
199007 199013 872
199007 199019 1905
199018 199013 2032
199018 199019 846
199018 199020 759
199018 202070 1790
199005 199000 747
199005 199004 2151
199005 199007 583
199005 199010 2002
199008 199000 611
199016 199014 2025
199016 199015 846
199016 199021 2001
199020 199015 2002
199020 199018 759
199020 199021 846
199020 202072 1703
199019 199007 1905
199019 199010 701
199019 199018 846
199019 202069 1914
202070 199018 1790
202070 202069 779
202070 202072 797
202070 202074 2002
199010 199005 2002
199010 199019 701
199010 202056 1468
199021 199016 2001
199021 199020 846
199021 199063 936
199021 199064 1576
202072 199020 1703
202072 199064 871
202072 202070 797
202072 202073 1883
202069 199019 1914
202069 202070 779
202069 202071 2105
202074 202070 2002
202074 202071 817
202074 202073 841
202074 202080 2209
202056 199010 1468
202056 202057 434
199063 199021 936
199063 199065 1346
199064 199021 1576
199064 199065 901
199064 202072 871
199064 202204 1892
202073 202072 1883
202073 202074 841
202073 202204 792
202073 202210 2317
202071 202061 866
202071 202069 2105
202071 202074 817
202071 202079 2101
202080 202074 2209
202080 202079 796
202080 202210 779
202080 202211 700
202057 202056 434
199065 199063 1346
199065 199064 901
199065 199068 709
199065 202205 1874
202204 199064 1892
202204 202073 792
202204 202205 908
202204 202206 2164
202210 202073 2317
202210 202080 779
202210 202206 750
202210 202212 667
202061 202066 680
202061 202071 866
202061 202075 2349
202079 202071 2101
202079 202075 892
202079 202080 796
202079 202083 698
202211 202080 700
202211 202083 871
202211 202212 791
202211 202213 621
202211 202215 839
199068 199065 709
199068 202207 1905
202205 199065 1874
202205 202204 908
202205 202207 797
202205 202208 2521
202206 202204 2164
202206 202210 750
202206 202214 232
202212 202210 667
202212 202211 791
202212 202215 272
202212 202226 759
202066 202061 680
202066 202067 2395
202075 202061 2349
202075 202079 892
202075 202081 367
202083 202079 698
202083 202081 774
202083 202084 744
202083 202211 871
202213 202084 817
202213 202211 621
202213 202237 1695
202215 202211 839
202215 202212 272
202215 202216 2051
202215 202227 2231
202207 199068 1905
202207 202205 797
202208 202205 2521
202214 202206 232
202226 202212 759
202226 214509 782
202067 202066 2395
202067 202076 594
202067 202078 744
202067 202081 845
202081 202067 845
202081 202075 367
202081 202082 579
202081 202083 774
202084 202083 744
202084 202108 841
202084 202213 817
202084 202236 1559
202237 202213 1695
202237 202216 710
202237 202238 434
202216 202215 2051
202216 202237 710
202216 202241 706
202216 202261 892
202227 202215 2231
202227 202217 1332
202227 202228 821
214509 202226 782
202076 202065 583
202076 202067 594
202076 202077 605
202078 202067 744
202078 202082 709
202078 202103 630
202078 202105 1358
202082 202078 709
202082 202081 579
202082 202108 384
202108 202082 384
202108 202084 841
202108 202109 944
202236 202084 1559
202236 202111 947
202236 202238 433
202238 202236 433
202238 202237 434
202238 202239 810
202241 202216 706
202241 202239 1179
202241 202244 761
202241 202271 1742
202261 202216 892
202261 202218 605
202261 202229 1142
202217 202218 853
202217 202227 1332
202228 202218 1247
202228 202227 821
202228 202229 684
202065 202068 346
202065 202076 583
202077 202076 605
202077 202090 1120
202077 202103 254
202103 202077 254
202103 202078 630
202103 202104 805
202105 202078 1358
202105 202109 641
202109 202105 641
202109 202108 944
202109 202111 679
202111 202109 679
202111 202236 947
202239 202238 810
202239 202241 1179
202244 202241 761
202244 202262 975
202271 202241 1742
202271 202268 452
202271 202272 356
202218 202217 853
202218 202228 1247
202218 202261 605
202229 202228 684
202229 202261 1142
202229 202268 347
202229 202269 346
202068 202064 328
202068 202065 346
202068 202090 793
202090 202068 793
202090 202077 1120
202090 202087 556
202104 202091 1244
202104 202103 805
202262 202244 975
202262 202263 912
202262 202272 714
202262 202274 885
202268 202229 347
202268 202269 491
202268 202271 452
202268 202273 608
202272 202262 714
202272 202271 356
202272 202273 458
202269 202229 346
202269 202235 239
202269 202268 491
202269 202270 944
202064 202068 328
202064 202086 363
202087 202085 1337
202087 202090 556
202087 202091 342
202091 202087 342
202091 202104 1244
202263 202262 912
202263 202264 177
202263 202275 1389
202274 202262 885
202274 202273 684
202274 202275 622
202274 202323 2002
202273 202268 608
202273 202270 369
202273 202272 458
202273 202274 684
202235 202269 239
202270 202269 944
202270 202273 369
202270 202322 1524
202086 202064 363
202086 202085 515
202085 202086 515
202085 202087 1337
202264 202263 177
202264 202265 269
202275 202263 1389
202275 202274 622
202275 202278 144
202275 202324 2002
202323 202274 2002
202323 202320 2688
202323 202322 605
202323 202324 622
202322 202270 1524
202322 202309 220
202322 202323 605
202265 202254 901
202265 202264 269
202265 202266 513
202278 202275 144
202278 202279 309
202324 202275 2002
202324 202323 622
202324 202325 148
202324 202340 2603
202320 202323 2688
202320 202340 591
202309 202322 220
202254 202265 901
202266 202265 513
202266 202267 507
202266 202279 1105
202279 202266 1105
202279 202278 309
202279 202280 487
202279 202326 1995
202325 202324 148
202325 202326 321
202340 202320 591
202340 202324 2603
202340 202341 154
202340 202864 2642
202267 202266 507
202267 202280 780
202267 202288 1337
202280 202267 780
202280 202279 487
202280 202281 810
202280 202327 1935
202326 202279 1995
202326 202325 321
202326 202327 448
202326 202342 2642
202341 202340 154
202341 202342 215
202864 202340 2642
202864 202865 203
202864 202870 2794
202288 202267 1337
202288 202281 238
202288 202290 677
202281 202280 810
202281 202288 238
202327 202280 1935
202327 202326 448
202342 202326 2642
202342 202341 215
202865 202864 203
202870 202864 2794
202290 202288 677
200
198360
198367
198370
198371
198372
215112
198374
198366
198373
198375
198376
198365
198368
198369
198377
198401
198935
198364
198398
198379
198404
198402
198403
198936
214494
198381
198383
198400
198440
198938
198406
198405
198921
198382
198399
198407
198939
198963
198937
198941
198441
198409
198930
198384
198394
198395
198410
198944
198964
198966
198940
198943
198412
198411
198385
198965
198970
198967
198968
198942
198432
198431
198393
198971
198974
198969
198972
198443
198985
198986
198973
199001
198998
198987
198988
198993
199011
199003
199002
198999
198996
199012
198990
199006
199013
199004
199000
199014
199051
199015
199007
199018
199005
199008
199016
199020
199019
202070
199010
199021
202072
202069
202074
202056
199063
199064
202073
202071
202080
202057
199065
202204
202210
202061
202079
202211
199068
202205
202206
202212
202066
202075
202083
202213
202215
202207
202208
202214
202226
202067
202081
202084
202237
202216
202227
214509
202076
202078
202082
202108
202236
202238
202241
202261
202217
202228
202065
202077
202103
202105
202109
202111
202239
202244
202271
202218
202229
202068
202090
202104
202262
202268
202272
202269
202064
202087
202091
202263
202274
202273
202235
202270
202086
202085
202264
202275
202323
202322
202265
202278
202324
202320
202309
202254
202266
202279
202325
202340
202267
202280
202326
202341
202864
202288
202281
202327
202342
202865
202870
202290
