22
130843 130853 848
130853 130843 848
131259 131189 253
131189 131259 253
131556 131558 778
131558 131556 778
131558 131561 590
131561 131558 590
131615 131632 1705
131632 131615 1705
131632 131633 928
131633 131632 928
131633 131635 848
131635 131633 848
132162 132161 111
132161 132162 111
132215 132223 1748
132223 132215 1748
132223 132231 697
132231 132223 697
132231 132236 890
132236 132231 890
38
130846
130843
130853
130855
131126
131153
131123
131131
131173
131175
131179
131259
131267
131283
131187
131189
131298
131547
131300
131548
131556
131558
131561
131574
131615
131633
131634
131635
132158
132150
132162
132164
132182
132212
132161
132215
132231
132236
