18
36940 36941 983
36941 36610 927
36941 36940 983
36610 36941 927
36968 36966 950
36966 36968 950
36967 36801 1592
36801 36967 1592
38166 38223 1412
38223 38166 1412
38286 38287 677
38287 38286 677
38287 38288 1281
38288 38287 1281
38288 38292 1387
38292 38288 1387
38292 38303 1469
38303 38292 1469
38
36615
36628
36633
36637
37042
37552
38137
38139
38142
36940
36941
36610
36605
36608
36934
37593
38162
38143
36968
36931
36966
36967
36801
37597
38166
38223
38235
38287
38288
38292
38303
38296
38309
38298
38282
38318
38285
38324
