562
142944 142949 1064
142944 151294 873
142949 142944 1064
142949 142945 762
142949 142950 866
142949 142951 1400
151294 142944 873
151294 142950 844
151294 151258 2330
142945 142949 762
142945 142952 1333
142950 142949 866
142950 142960 1546
142950 151261 877
142950 151294 844
142951 142949 1400
142951 142952 725
142951 142960 833
142951 142964 2407
151258 151257 788
151258 151294 2330
142952 142945 1333
142952 142951 725
142952 142954 801
142952 142955 2338
142960 142950 1546
142960 142951 833
142960 142957 757
142960 142961 2455
151261 142950 877
151261 142957 1866
151261 151257 3000
151261 151260 763
142964 142951 2407
142964 142955 695
142964 142961 867
142964 143061 661
151257 151229 2235
151257 151249 808
151257 151258 788
151257 151261 3000
142954 142952 801
142954 142956 2143
142955 142952 2338
142955 142964 695
142955 143058 350
142955 143059 337
142957 142960 757
142957 151261 1866
142961 142960 2455
142961 142964 867
142961 143060 1183
151260 151249 2863
151260 151261 763
143061 142964 661
143061 143058 786
143061 143060 1027
143061 143062 1796
151229 151228 857
151229 151257 2235
151249 151228 2268
151249 151251 831
151249 151257 808
151249 151260 2863
142956 142954 2143
142956 143051 935
142956 143056 340
142956 143059 621
143058 142955 350
143058 143059 479
143058 143061 786
143058 143065 2136
143059 142955 337
143059 142956 621
143059 143056 478
143059 143058 479
143060 142961 1183
143060 143061 1027
143062 143061 1796
143062 143065 717
151228 151081 2296
151228 151229 857
151228 151247 793
151228 151249 2268
151251 151247 2341
151251 151249 831
143051 142956 935
143051 143055 892
143056 142956 340
143056 143055 908
143056 143059 478
143056 143064 2424
143065 143058 2136
143065 143062 717
143065 143064 830
143065 143072 2301
151081 151070 2414
151081 151078 805
151081 151228 2296
151247 151078 2309
151247 151158 779
151247 151228 793
151247 151251 2341
143055 143051 892
143055 143056 908
143055 143057 2359
143064 143056 2424
143064 143057 786
143064 143065 830
143064 143073 2361
143072 143065 2301
143072 143073 787
151070 151061 2455
151070 151069 777
151070 151071 811
151070 151081 2414
151078 151069 2436
151078 151077 665
151078 151081 805
151078 151247 2309
151158 151077 2289
151158 151247 779
143057 143055 2359
143057 143064 786
143057 143069 801
143057 143074 2280
143073 143064 2361
143073 143072 787
143073 143074 754
143073 143124 2452
151061 151021 2421
151061 151027 817
151061 151062 816
151061 151070 2455
151069 151027 2447
151069 151066 698
151069 151070 777
151069 151078 2436
151071 151062 2390
151071 151070 811
151077 151066 2505
151077 151078 665
151077 151155 882
151077 151158 2289
143069 143057 801
143069 143075 2271
143074 143057 2280
143074 143073 754
143074 143075 957
143074 143110 2512
143124 143073 2452
143124 143110 907
151021 151019 874
151021 151020 1917
151021 151024 858
151021 151061 2421
151027 151019 2372
151027 151032 757
151027 151061 817
151027 151069 2447
151062 151024 2457
151062 151061 816
151062 151063 782
151062 151071 2390
151066 151032 2377
151066 151068 780
151066 151069 698
151066 151077 2505
151155 151068 2401
151155 151077 882
151155 151149 820
143075 143069 2271
143075 143074 957
143075 143076 710
143075 143111 2464
143110 143074 2512
143110 143111 780
143110 143124 907
143110 143128 2362
151019 151017 1921
151019 151021 874
151019 151022 845
151019 151027 2372
151020 151017 782
151020 151021 1917
151020 151023 787
151020 151646 222
151024 151021 858
151024 151023 1954
151024 151026 635
151024 151062 2457
151032 151022 2395
151032 151027 757
151032 151031 805
151032 151066 2377
151063 151026 2404
151063 151062 782
151068 151031 2472
151068 151066 780
151068 151067 819
151068 151155 2401
151149 151067 2401
151149 151155 820
143076 143075 710
143076 143112 2443
143111 143075 2464
143111 143110 780
143111 143112 763
143111 143134 2378
143128 143110 2362
143128 143134 817
143128 143138 2651
151017 151018 856
151017 151019 1921
151017 151020 782
151017 151647 249
151022 151004 684
151022 151018 1934
151022 151019 845
151022 151032 2395
151023 151020 787
151023 151024 1954
151023 151025 763
151023 151645 169
151646 150987 188
151646 151020 222
151646 151645 782
151646 151647 763
151026 151024 635
151026 151025 1937
151026 151043 622
151026 151063 2404
151031 151004 2332
151031 151028 779
151031 151032 805
151031 151068 2472
151067 151028 2479
151067 151068 819
151067 151107 808
151067 151149 2401
143112 143076 2443
143112 143111 763
143112 143113 826
143112 143121 2276
143134 143111 2378
143134 143121 776
143134 143128 817
143134 143136 2655
143138 143128 2651
143138 143136 842
143138 143335 870
151018 151002 672
151018 151017 856
151018 151022 1934
151018 151648 246
151647 151001 232
151647 151017 249
151647 151646 763
151647 151648 850
151004 151002 2062
151004 151015 833
151004 151022 684
151004 151031 2332
151025 151023 763
151025 151026 1937
151025 151041 780
151025 151644 201
151645 150986 167
151645 151023 169
151645 151644 764
151645 151646 782
150987 150982 2358
150987 150986 777
150987 151001 750
150987 151646 188
151043 151026 622
151043 151041 1951
151028 151015 2311
151028 151030 848
151028 151031 779
151028 151067 2479
151107 151030 2473
151107 151067 808
143113 143112 826
143113 143120 2363
143121 143112 2276
143121 143120 803
143121 143134 776
143121 143137 2677
143136 143134 2655
143136 143137 746
143136 143138 842
143335 143138 870
151002 151003 840
151002 151004 2062
151002 151018 672
151002 151649 184
151648 150999 221
151648 151018 246
151648 151647 850
151648 151649 688
151001 150839 2259
151001 150987 750
151001 150999 845
151001 151647 232
151015 151003 2153
151015 151004 833
151015 151014 791
151015 151028 2311
151041 151025 780
151041 151039 797
151041 151043 1951
151041 151812 197
151644 150995 184
151644 151025 201
151644 151645 764
151644 151812 783
150986 150985 2381
150986 150987 777
150986 150995 768
150986 151645 167
150982 150839 668
150982 150981 2390
150982 150985 805
150982 150987 2358
151030 151014 2357
151030 151028 848
151030 151029 772
151030 151107 2473
143120 143113 2363
143120 143121 803
143120 143123 834
143120 143331 2627
143137 143121 2677
143137 143136 746
143137 143331 807
143137 143333 2356
151003 151002 840
151003 151013 797
151003 151015 2153
151003 151650 199
151649 150998 226
151649 151002 184
151649 151648 688
151649 151650 854
150999 150837 2247
150999 150998 713
150999 151001 845
150999 151648 221
150839 150837 859
150839 150838 2428
150839 150982 668
150839 151001 2259
151014 151006 892
151014 151013 2101
151014 151015 791
151014 151030 2357
151039 151041 797
151039 151591 153
151812 150994 213
151812 151041 197
151812 151591 815
151812 151644 783
150995 150984 2390
150995 150986 768
150995 150994 782
150995 151644 184
150985 150834 2395
150985 150982 805
150985 150984 808
150985 150986 2381
150981 150834 753
150981 150838 767
150981 150982 2390
151029 151006 2447
151029 151030 772
143123 143120 834
143123 143318 2663
143331 143120 2627
143331 143137 807
143331 143318 817
143333 143137 2356
151013 151003 797
151013 151005 852
151013 151014 2101
151013 151651 225
151650 151000 176
151650 151003 199
151650 151649 854
151650 151651 784
150998 150849 2253
150998 150999 713
150998 151000 855
150998 151649 226
150837 150835 2413
150837 150839 859
150837 150849 765
150837 150999 2247
150838 150835 849
150838 150839 2428
150838 150981 767
151006 151005 2137
151006 151008 889
151006 151014 892
151006 151029 2447
151591 150996 238
151591 151009 834
151591 151039 153
151591 151812 815
150994 150978 2353
150994 150995 782
150994 150996 834
150994 151812 213
150984 150977 2378
150984 150978 765
150984 150985 808
150984 150995 2390
150834 148951 527
150834 150977 846
150834 150981 753
150834 150985 2395
143318 143123 2663
143318 143321 736
143318 143331 817
143318 143343 1971
151005 143888 822
151005 151006 2137
151005 151013 852
151005 151652 178
151651 150854 211
151651 151013 225
151651 151650 784
151651 151652 840
151000 150848 2279
151000 150854 777
151000 150998 855
151000 151650 176
150849 150836 2413
150849 150837 765
150849 150848 944
150849 150998 2253
150835 150836 765
150835 150837 2413
150835 150838 849
151008 143888 2147
151008 151006 889
150996 150980 2415
150996 150994 834
150996 150997 802
150996 151591 238
151009 150997 217
151009 151591 834
150978 150976 2392
150978 150980 857
150978 150984 765
150978 150994 2353
150977 150834 846
150977 150976 753
150977 150983 588
150977 150984 2378
148951 148952 3331
148951 150834 527
143321 143318 736
143321 143345 1018
143343 143318 1971
143343 143345 1203
143888 143889 260
143888 151005 822
143888 151008 2147
143888 151979 509
151652 143889 872
151652 150852 242
151652 151005 178
151652 151651 840
150854 150852 840
150854 150853 2231
150854 151000 777
150854 151651 211
150848 150847 2366
150848 150849 944
150848 150853 716
150848 151000 2279
150836 150835 765
150836 150847 882
150836 150849 2413
150980 150978 857
150980 150979 2370
150980 150992 763
150980 150996 2415
150997 150992 2408
150997 150993 791
150997 150996 802
150997 151009 217
150976 150975 519
150976 150977 753
150976 150978 2392
150976 150979 827
150983 150977 588
148952 148951 3331
143345 143321 1018
143345 143343 1203
143345 143346 845
143889 143888 260
143889 150858 183
143889 151652 872
151979 143888 509
151979 151010 520
150852 150850 2133
150852 150854 840
150852 150858 808
150852 151652 242
150853 150848 716
150853 150850 874
150853 150854 2231
150847 150836 882
150847 150848 2366
150847 151619 5804
150979 150976 827
150979 150980 2370
150979 150989 791
150992 150980 763
150992 150989 2392
150992 150990 782
150992 150997 2408
150993 150990 2447
150993 150997 791
150975 150976 519
143346 143344 214
143346 143345 845
150858 143889 183
150858 150851 2118
150858 150852 808
150858 150859 828
151010 151979 520
150850 150851 796
150850 150852 2133
150850 150853 874
151619 150847 5804
150989 150979 791
150989 150988 807
150989 150992 2392
150990 150988 2389
150990 150991 845
150990 150992 782
150990 150993 2447
143344 143329 497
143344 143346 214
150851 150850 796
150851 150857 842
150851 150858 2118
150859 150857 2264
150859 150858 828
150988 150989 807
150988 150990 2389
150991 150990 845
143329 143344 497
150857 150851 842
150857 150855 633
150857 150859 2264
150855 150843 918
150855 150857 633
150843 150855 918
172
142944
142949
151294
142945
142950
142951
151258
142952
142960
151261
142964
151257
142954
142955
142957
142961
151260
143061
151229
151249
142956
143058
143059
143060
143062
151228
151251
143051
143056
143065
151081
151247
143055
143064
143072
151070
151078
151158
143057
143073
151061
151069
151071
151077
143069
143074
143124
151021
151027
151062
151066
151155
143075
143110
151019
151020
151024
151032
151063
151068
151149
143076
143111
143128
151017
151022
151023
151646
151026
151031
151067
143112
143134
143138
151018
151647
151004
151025
151645
150987
151043
151028
151107
143113
143121
143136
143335
151002
151648
151001
151015
151041
151644
150986
150982
151030
143120
143137
151003
151649
150999
150839
151014
151039
151812
150995
150985
150981
151029
143123
143331
143333
151013
151650
150998
150837
150838
151006
151591
150994
150984
150834
143318
151005
151651
151000
150849
150835
151008
150996
151009
150978
150977
148951
143321
143343
143888
151652
150854
150848
150836
150980
150997
150976
150983
148952
143345
143889
151979
150852
150853
150847
150979
150992
150993
150975
143346
150858
151010
150850
151619
150989
150990
143344
150851
150859
150988
150991
143329
150857
150855
150843
