652
187208 187209 803
187208 187210 539
187208 187813 1288
187209 187208 803
187209 187214 779
187209 187795 758
187209 187804 1367
187210 187208 539
187210 187211 839
187210 187722 1448
187813 187208 1288
187813 187722 930
187813 187804 862
187813 187819 645
187214 187209 779
187214 187213 1309
187795 187209 758
187795 187802 1291
187804 187209 1367
187804 187802 754
187804 187813 862
187804 187818 817
187211 187210 839
187211 187723 1543
187722 187210 1448
187722 187723 808
187722 187813 930
187722 187814 417
187819 187813 645
187819 187814 884
187819 187818 917
187819 187821 1200
187213 187214 1309
187802 187795 1291
187802 187803 839
187802 187804 754
187802 187810 987
187818 187804 817
187818 187810 818
187818 187819 917
187818 187866 1159
187723 187211 1543
187723 187722 808
187723 187797 833
187723 187815 180
187814 187722 417
187814 187815 762
187814 187819 884
187814 187820 1094
187821 187819 1200
187821 187820 878
187821 187866 915
187821 187869 1318
187803 187802 839
187803 187812 157
187810 187802 987
187810 187811 791
187810 187818 818
187810 187859 1242
187866 187818 1159
187866 187821 915
187866 187859 781
187866 187867 1390
187797 187723 833
187797 187799 867
187797 187816 1039
187815 187723 180
187815 187814 762
187815 187817 1155
187820 187814 1094
187820 187817 835
187820 187821 878
187820 187870 1356
187869 187821 1318
187869 187867 934
187869 187870 836
187869 187877 1436
187812 187803 157
187812 187811 1202
187811 187809 336
187811 187810 791
187811 187812 1202
187811 187860 1159
187859 187810 1242
187859 187860 826
187859 187866 781
187859 187868 1356
187867 187866 1390
187867 187868 803
187867 187869 934
187867 187876 1372
187799 187796 1863
187799 187797 867
187799 187907 962
187799 187923 703
187816 187797 1039
187816 187817 777
187816 187923 803
187816 187924 1331
187817 187815 1155
187817 187816 777
187817 187820 835
187817 187871 1299
187870 187820 1356
187870 187869 836
187870 187871 844
187870 187878 1395
187877 187869 1436
187877 187876 859
187877 187878 877
187877 190492 2413
187809 187807 475
187809 187811 336
187809 187857 1159
187860 187811 1159
187860 187857 377
187860 187859 826
187860 187872 1374
187868 187859 1356
187868 187867 803
187868 187872 795
187868 187875 1331
187876 187867 1372
187876 187875 801
187876 187877 859
187796 187798 866
187796 187799 1863
187907 187798 2281
187907 187799 962
187907 187908 807
187907 187914 400
187923 187799 703
187923 187816 803
187923 187914 843
187923 187925 1355
187924 187816 1331
187924 187871 760
187924 187925 769
187924 187994 1397
187871 187817 1299
187871 187870 844
187871 187905 1429
187871 187924 760
187878 187870 1395
187878 187877 877
187878 187905 867
190492 187877 2413
190492 190491 329
190492 190824 204
187807 187805 1094
187807 187808 818
187807 187809 475
187807 187858 1151
187857 187809 1159
187857 187858 449
187857 187860 377
187857 187865 1347
187872 187860 1374
187872 187865 425
187872 187868 795
187872 187874 1356
187875 187868 1331
187875 187873 369
187875 187876 801
187798 187788 998
187798 187796 866
187798 187906 778
187798 187907 2281
187908 187906 2564
187908 187907 807
187908 187909 776
187908 187912 1331
187908 187914 756
187908 187916 815
187914 187907 400
187914 187908 756
187914 187913 1298
187914 187923 843
187925 187913 853
187925 187923 1355
187925 187924 769
187925 187931 1404
187994 187905 778
187994 187924 1397
187994 187931 744
187905 187871 1429
187905 187878 867
187905 187994 778
190491 187874 616
190491 190492 329
190824 190492 204
190824 190775 276
187805 187784 839
187805 187807 1094
187808 187784 841
187808 187807 818
187808 187847 862
187808 187861 1192
187858 187807 1151
187858 187857 449
187858 187861 779
187858 187863 1355
187865 187857 1347
187865 187863 434
187865 187872 425
187865 187883 1385
187865 190597 1387
187865 190600 295
187874 187872 1356
187874 187873 418
187874 190491 616
187874 190599 163
187874 190600 1223
187873 187874 418
187873 187875 369
187788 187789 858
187788 187798 998
187906 187789 882
187906 187798 778
187906 187908 2564
187909 187908 776
187909 187910 1497
187909 187916 244
187912 187908 1331
187912 187913 778
187912 187915 843
187912 187927 1454
187916 187908 815
187916 187909 244
187916 187915 1084
187916 187917 799
187913 187912 778
187913 187914 1298
187913 187925 853
187913 187928 1437
187931 187925 1404
187931 187930 336
187931 187994 744
190775 190599 636
190775 190776 536
190775 190824 276
187784 187785 923
187784 187805 839
187784 187808 841
187847 187785 811
187847 187808 862
187847 187846 810
187847 187862 1142
187861 187808 1192
187861 187858 779
187861 187862 956
187861 187864 1314
187863 187858 1355
187863 187864 817
187863 187865 434
187863 187881 1389
187883 187865 1385
187883 187881 213
187883 190597 139
187883 190832 809
190597 187865 1387
190597 187883 139
190597 190598 147
190597 190602 1290
190600 187865 295
190600 187874 1223
190600 190599 1202
190599 187874 163
190599 190598 173
190599 190600 1202
190599 190775 636
187789 187788 858
187789 187906 882
187910 187909 1497
187910 187918 639
187915 187912 843
187915 187916 1084
187915 187926 680
187915 187929 1411
187927 187912 1454
187927 187928 769
187927 187929 803
187917 187916 799
187917 187918 810
187917 187926 881
187928 187913 1437
187928 187927 769
187928 187930 540
187928 187995 956
187930 187928 540
187930 187931 336
187930 187995 1227
190776 190775 536
187785 187784 923
187785 187786 908
187785 187832 748
187785 187847 811
187846 187832 898
187846 187842 752
187846 187847 810
187846 187849 1161
187862 187847 1142
187862 187849 696
187862 187861 956
187862 187879 1349
187864 187861 1314
187864 187863 817
187864 187879 894
187864 187882 1397
187881 187863 1389
187881 187882 843
187881 187883 213
190832 187883 809
190832 190487 1372
190832 190602 516
190598 190597 147
190598 190599 173
190598 190604 693
190602 190597 1290
190602 190601 291
190602 190832 516
187918 187910 639
187918 187917 810
187918 187920 1246
187918 187932 588
187926 187915 680
187926 187917 881
187926 187932 745
187926 187936 1461
187929 187915 1411
187929 187927 803
187929 187936 695
187929 187945 867
187995 187928 956
187995 187930 1227
187995 187943 2806
187995 187945 1329
187786 187785 908
187786 187822 2249
187832 187785 748
187832 187831 730
187832 187846 898
187842 187831 987
187842 187841 802
187842 187846 752
187842 187848 1209
187849 187846 1161
187849 187848 781
187849 187862 696
187849 187880 1347
187879 187862 1349
187879 187864 894
187879 187880 737
187879 187885 1365
187882 187864 1397
187882 187881 843
187882 187884 351
190487 187884 468
190487 187893 657
190487 190832 1372
190604 190598 693
190604 190603 742
190604 190766 612
190601 190602 291
187920 187918 1246
187920 187919 806
187920 187933 487
187920 187934 1460
187932 187918 588
187932 187926 745
187932 187933 662
187932 187937 1411
187936 187926 1461
187936 187929 695
187936 187937 730
187936 187944 925
187945 187929 867
187945 187944 1040
187945 187995 1329
187943 187941 311
187943 187944 662
187943 187995 2806
187822 187786 2249
187822 187824 692
187822 187826 1369
187822 187830 888
187831 187830 822
187831 187832 730
187831 187842 987
187841 187830 1077
187841 187840 660
187841 187842 802
187841 187845 1211
187848 187842 1209
187848 187845 761
187848 187849 781
187848 187856 1314
187880 187849 1347
187880 187856 803
187880 187879 737
187880 187888 1387
187885 187879 1365
187885 187884 523
187885 187889 442
187885 187893 277
187884 187882 351
187884 187885 523
187884 190487 468
187893 187885 277
187893 187892 909
187893 187892 909
187893 190487 657
190603 190604 742
190766 190604 612
187919 187710 1550
187919 187920 806
187919 187921 902
187919 187935 1086
187933 187920 487
187933 187932 662
187933 187934 1472
187934 187920 1460
187934 187933 1472
187934 187935 802
187934 187938 762
187934 187940 1570
187937 187932 1411
187937 187936 730
187937 187938 360
187944 187936 925
187944 187943 662
187944 187945 1040
187941 187938 1388
187941 187940 805
187941 187943 311
187824 187822 692
187824 187823 1431
187826 187257 1310
187826 187822 1369
187826 187823 1160
187826 187828 882
187830 187822 888
187830 187829 762
187830 187831 822
187830 187841 1077
187840 187829 1196
187840 187839 900
187840 187841 660
187840 187843 1184
187845 187841 1211
187845 187843 787
187845 187848 761
187845 187855 1306
187856 187848 1314
187856 187855 736
187856 187880 803
187856 187886 1412
187888 187880 1387
187888 187886 796
187888 187889 371
187889 187885 442
187889 187888 371
187889 187894 922
187892 187893 909
187892 187893 909
187710 187708 680
187710 187919 1550
187921 187708 1925
187921 187919 902
187921 187922 957
187921 187939 750
187935 187919 1086
187935 187934 802
187935 187939 786
187935 187942 1759
187938 187934 762
187938 187937 360
187938 187941 1388
187940 187934 1570
187940 187941 805
187940 187942 862
187823 187246 1300
187823 187824 1431
187823 187826 1160
187257 187246 1407
187257 187256 1194
187257 187826 1310
187257 187827 808
187828 187826 882
187828 187827 1158
187828 187829 625
187829 187828 625
187829 187830 762
187829 187840 1196
187839 187838 967
187839 187840 900
187839 187844 1176
187843 187840 1184
187843 187844 835
187843 187845 787
187843 187854 1315
187855 187845 1306
187855 187854 771
187855 187856 736
187855 187887 1480
187886 187856 1412
187886 187887 649
187886 187888 796
187894 187889 922
187894 187895 3493
187708 187692 1649
187708 187707 843
187708 187710 680
187708 187921 1925
187922 187707 2451
187922 187921 957
187922 187947 325
187939 187921 750
187939 187935 786
187939 187952 147
187942 187935 1759
187942 187940 862
187942 187959 844
187246 187247 2496
187246 187257 1407
187246 187823 1300
187256 187251 1401
187256 187257 1194
187256 187825 749
187827 187257 808
187827 187825 1336
187827 187828 1158
187827 187838 1452
187838 187827 1452
187838 187837 803
187838 187839 967
187838 187850 1233
187844 187839 1176
187844 187843 835
187844 187850 938
187844 187852 1363
187854 187843 1315
187854 187852 863
187854 187855 771
187854 189603 648
187887 187855 1480
187887 187886 649
187887 189600 755
187895 187894 3493
187895 187896 931
187895 189601 1028
187692 187696 737
187692 187708 1649
187707 187696 1487
187707 187708 843
187707 187709 787
187707 187922 2451
187947 187922 325
187947 187946 523
187947 187952 899
187947 187953 661
187947 187964 1274
187952 187939 147
187952 187947 899
187952 187959 1909
187959 187942 844
187959 187952 1909
187959 187963 1025
187247 187246 2496
187251 187234 244
187251 187250 865
187251 187256 1401
187825 187250 1407
187825 187256 749
187825 187827 1336
187837 187836 768
187837 187838 803
187837 187851 1218
187837 189593 777
187850 187838 1233
187850 187844 938
187850 187851 794
187850 187853 1306
187852 187844 1363
187852 187853 925
187852 187854 863
187852 189602 694
189603 187854 648
189603 189600 842
189600 187887 755
189600 189601 920
189600 189603 842
187896 187895 931
187896 187897 1232
187896 189605 874
189601 187895 1028
189601 189600 920
189601 189602 784
189601 189605 941
187696 187692 737
187696 187697 1698
187696 187705 857
187696 187707 1487
187709 187705 1274
187709 187707 787
187709 187754 803
187709 187946 2702
187946 187709 2702
187946 187947 523
187946 187948 828
187946 187953 370
187953 187946 370
187953 187947 661
187953 187954 262
187964 187947 1274
187964 187963 780
187964 187965 728
187963 187959 1025
187963 187964 780
187963 187966 1333
187234 187233 1355
187234 187251 244
187250 187251 865
187250 187825 1407
187836 187837 768
187851 187837 1218
187851 187850 794
189593 187837 777
187853 187850 1306
187853 187852 925
187853 189605 1469
189602 187852 694
189602 189601 784
187897 187896 1232
187897 189605 842
189605 187853 1469
189605 187896 874
189605 187897 842
189605 189601 941
187697 187696 1698
187705 187696 857
187705 187709 1274
187754 187709 803
187754 187948 2696
187948 187754 2696
187948 187946 828
187954 187953 262
187954 187965 882
187965 187954 882
187965 187964 728
187966 187963 1333
187233 187234 1355
182
187214
187795
187211
187213
187802
187723
187803
187810
187797
187815
187812
187811
187859
187799
187816
187817
187809
187860
187868
187796
187907
187923
187924
187871
190492
187807
187857
187872
187875
187798
187908
187914
187925
187994
187905
190491
190824
187805
187808
187858
187865
187874
187873
187788
187906
187909
187912
187916
187913
187931
190775
187784
187847
187861
187863
187883
190597
190600
190599
187789
187910
187915
187927
187917
187928
187930
190776
187785
187846
187862
187864
187881
190832
190598
190602
187918
187926
187929
187995
187786
187832
187842
187849
187879
187882
190487
190604
190601
187920
187932
187936
187945
187943
187822
187831
187841
187848
187880
187885
187884
187893
190603
190766
187919
187933
187934
187937
187944
187941
187824
187826
187830
187840
187845
187856
187888
187889
187892
187710
187921
187935
187938
187940
187823
187257
187828
187829
187839
187843
187855
187886
187894
187708
187922
187939
187942
187246
187256
187827
187838
187844
187854
187887
187895
187692
187707
187947
187952
187959
187247
187251
187825
187837
187850
187852
189603
189600
187896
189601
187696
187709
187946
187953
187964
187963
187234
187250
187836
187851
189593
187853
189602
187897
189605
187697
187705
187754
187948
187954
187965
187966
187233
