168
131765 131767 110
131765 132262 620
131767 131765 110
131767 131766 1436
131767 131787 830
132262 131765 620
132262 132267 2539
131766 131767 1436
131787 131767 830
131787 131781 810
131787 131788 751
131787 132564 700
132267 132254 815
132267 132262 2539
132267 132263 668
132267 132268 2541
131781 131782 1457
131781 131787 810
131781 131789 856
131788 131787 751
131788 131789 660
131788 132266 1856
132564 131787 700
132254 132265 2413
132254 132267 815
132263 132264 1777
132263 132266 940
132263 132267 668
132263 132269 2600
132268 132265 808
132268 132267 2541
132268 132269 739
132268 132291 1300
131782 131781 1457
131789 131781 856
131789 131788 660
131789 131790 818
132266 131788 1856
132266 132263 940
132266 132285 2600
132266 132286 739
132265 132254 2413
132265 132268 808
132265 132270 811
132265 132273 1439
132264 132263 1777
132269 132263 2600
132269 132268 739
132269 132285 940
132269 132292 1395
132291 132268 1300
132291 132273 811
132291 132292 879
131790 131789 818
131790 131848 1903
132285 132266 2600
132285 132269 940
132285 132287 808
132285 132294 1439
132286 131848 808
132286 132266 739
132286 132287 2650
132270 132265 811
132273 132265 1439
132273 132274 976
132273 132291 811
132273 132293 291
132292 132269 1395
132292 132291 879
132292 132294 808
131848 131790 1903
131848 132286 808
131848 132288 2650
132287 132285 808
132287 132286 2650
132287 132288 808
132287 132290 1346
132294 132285 1439
132294 132290 874
132294 132292 808
132274 132272 751
132274 132273 976
132293 132273 291
132288 131848 2650
132288 132287 808
132288 132295 511
132290 132287 1346
132290 132294 874
132290 132296 1546
132272 132261 1840
132272 132274 751
132272 132276 879
132272 132277 418
132295 132288 511
132296 132290 1546
132296 132298 752
132261 132259 1735
132261 132271 581
132261 132272 1840
132276 132272 879
132276 132275 1395
132277 132272 418
132298 132296 752
132259 132240 3159
132259 132261 1735
132271 132248 4577
132271 132261 581
132275 132244 8537
132275 132276 1395
132240 132238 752
132240 132246 1547
132240 132259 3159
132248 132245 3093
132248 132247 1485
132248 132271 4577
132244 132275 8537
132244 132281 1212
132238 132235 789
132238 132239 1612
132238 132240 752
132238 132256 1882
132246 132239 673
132246 132240 1547
132246 132247 475
132245 132248 3093
132247 132246 475
132247 132248 1485
132281 132244 1212
132235 132217 1679
132235 132234 837
132235 132237 1748
132235 132238 789
132239 132217 837
132239 132238 1612
132239 132241 879
132239 132246 673
132256 132237 751
132256 132238 1882
132217 132216 789
132217 132235 1679
132217 132239 837
132234 132216 1612
132234 132233 789
132234 132235 837
132234 132236 1818
132237 132235 1748
132237 132236 789
132237 132256 751
132237 132257 1478
132241 132239 879
132241 132242 2620
132216 132214 837
132216 132217 789
132216 132234 1612
132233 132214 1679
132233 132231 1679
132233 132234 789
132236 132231 890
132236 132234 1818
132236 132237 789
132257 132237 1478
132242 132241 2620
132214 132213 837
132214 132216 837
132214 132233 1679
132231 132233 1679
132231 132236 890
132213 132214 837
65
131765
131767
132262
131766
131787
132267
131781
131788
132564
132254
132263
132268
131782
131789
132266
132265
132264
132269
132291
131790
132285
132286
132270
132273
132292
131848
132287
132294
132274
132293
132288
132290
132272
132295
132296
132261
132276
132277
132298
132259
132271
132275
132240
132248
132244
132238
132246
132245
132247
132281
132235
132239
132256
132217
132234
132237
132241
132216
132233
132236
132257
132242
132214
132231
132213
