18
147588 147626 2375
147626 147588 2375
148289 148290 808
148271 148274 1677
148274 148271 1677
148290 148289 808
148434 148436 444
148436 148434 444
148436 148437 420
148437 148436 420
212671 212673 772
212673 212671 772
146562 146566 908
146566 146562 908
146579 146575 900
146577 146333 731
146575 146579 900
146333 146577 731
37
143158
147584
147588
147626
147644
147641
148153
147647
148211
148212
148221
148289
148229
148271
148274
148279
148306
148290
148481
148434
148437
148454
148456
212671
195484
212673
146498
146503
146515
146535
146554
146560
146562
146579
146577
146575
146333
