14
198741 198748 720
198748 198741 720
171322 171326 506
171326 171322 506
171477 171469 672
171477 171479 667
171479 171477 667
171469 171477 672
171461 171460 927
171272 171270 673
171270 171272 673
171460 171461 927
171460 171543 675
171543 171460 675
38
150346
150350
150352
198718
198741
198760
198753
198748
205082
205084
205088
205081
171245
171255
171288
171266
171322
171326
171312
171477
171344
171482
171479
171469
171461
171272
171270
154206
159109
159120
171460
162390
162388
154241
154279
154189
154290
154285
