230
31619 31620 482
31619 32982 558
31619 34337 1011
31620 31619 482
31620 32977 1362
31620 32980 488
32982 31619 558
32982 32933 1353
32982 32983 706
34337 31619 1011
32977 31620 1362
32977 32932 1095
32977 32976 1152
32980 31620 488
32980 32981 1863
32933 32932 2220
32933 32982 1353
32933 33090 1238
32983 32981 483
32983 32982 706
32983 32995 796
32983 32996 1483
32932 32931 1334
32932 32933 2220
32932 32977 1095
32976 32977 1152
32981 32980 1863
32981 32983 483
32981 32997 806
33090 32931 1512
33090 32933 1238
33090 33118 613
32995 32983 796
32995 32997 813
32995 32998 706
32995 32999 1628
32996 32983 1483
32996 32999 785
32931 32932 1334
32931 33089 671
32931 33090 1512
32997 32981 806
32997 32995 813
33118 33090 613
33118 33091 796
33118 33119 1516
32998 32995 706
32998 33002 842
32998 33003 1717
32998 33004 770
32999 32995 1628
32999 32996 785
32999 33003 770
32999 33133 1449
33089 32931 671
33089 33087 793
33089 33091 599
33091 33089 599
33091 33118 796
33119 33118 1516
33119 33121 1877
33119 33133 585
33002 32998 842
33002 34051 441
33003 32998 1717
33003 32999 770
33003 33135 1405
33003 33137 793
33004 32998 770
33004 33038 1104
33004 33137 1598
33004 33138 883
33133 32999 1449
33133 33119 585
33133 33134 264
33087 33086 1128
33087 33089 793
33121 33094 842
33121 33119 1877
33121 33122 826
33121 33130 816
34051 33002 441
33135 33003 1405
33135 33134 509
33137 33003 793
33137 33004 1598
33137 33139 896
33038 33004 1104
33138 33004 883
33138 33139 1594
33134 33130 1920
33134 33133 264
33134 33135 509
33086 33085 1373
33086 33087 1128
33086 33088 651
33094 33095 1269
33094 33120 946
33094 33121 842
33122 33121 826
33122 33128 775
33122 33129 1575
33130 33121 816
33130 33134 1920
33130 33142 1027
33139 33074 448
33139 33137 896
33139 33138 1594
33085 33086 1373
33088 33086 651
33095 33094 1269
33120 33094 946
33128 33122 775
33128 33123 1000
33128 33127 891
33128 34919 947
33129 33122 1575
33129 33142 1110
33129 33143 504
33142 33129 1110
33142 33130 1027
33142 33140 676
33074 33139 448
33074 35239 712
33123 33124 557
33123 33125 903
33123 33128 1000
33127 33125 944
33127 33128 891
33127 33131 285
33127 33132 1178
34919 33128 947
33143 33129 504
33143 33132 1097
33140 33142 676
33140 33144 3404
35239 33074 712
33124 33123 557
33125 33123 903
33125 33126 317
33125 33127 944
33131 33127 285
33132 33127 1178
33132 33143 1097
33132 33144 762
33132 33150 1265
33144 33132 762
33144 33140 3404
33144 33145 680
33144 33158 1402
33126 33125 317
33150 33132 1265
33145 33083 783
33145 33144 680
33145 33160 1292
33158 33144 1402
33158 33160 718
33158 35025 596
33083 33145 783
33083 33155 4305
33160 33145 1292
33160 33158 718
33160 33159 611
35025 33158 596
35025 33159 625
33155 33083 4305
33155 33149 1023
33155 33156 2205
33159 33160 611
33159 35025 625
33159 35026 290
33149 33148 1414
33149 33152 1360
33149 33155 1023
33156 32917 1581
33156 33155 2205
33156 33157 664
35026 33159 290
33148 33111 318
33148 33116 2086
33148 33149 1414
33152 33149 1360
33152 33151 880
33152 33154 636
32917 32916 842
32917 33156 1581
33157 33156 664
33111 33110 930
33111 33147 2152
33111 33148 318
33116 33115 395
33116 33117 673
33116 33148 2086
33151 33152 880
33154 33152 636
33154 33153 207
32916 32917 842
32916 33194 865
33110 33111 930
33147 33097 573
33147 33098 939
33147 33111 2152
33115 33114 918
33115 33116 395
33117 33116 673
33153 33154 207
33194 32916 865
33097 33098 1209
33097 33147 573
33098 33097 1209
33098 33147 939
33114 32918 1943
33114 33107 848
33114 33115 918
32918 32919 539
32918 33104 1049
32918 33114 1943
33107 33108 579
33107 33114 848
32919 32918 539
33104 32918 1049
33104 33103 910
33104 33112 1760
33108 33107 579
33103 33099 1753
33103 33104 910
33112 33104 1760
33099 33100 420
33099 33103 1753
33100 33099 420
70
32980
32976
32981
32997
33091
33087
33135
33137
33134
33086
33122
33130
33139
33085
33088
33095
33128
33129
33142
33074
33123
33127
34919
33143
33140
35239
33124
33125
33131
33132
33144
33126
33150
33145
33158
33083
33160
35025
33155
33159
33149
33156
35026
33148
33152
32917
33157
33111
33116
33151
33154
32916
33110
33147
33115
33117
33153
33194
33097
33098
33114
32918
33107
32919
33104
33108
33103
33112
33099
33100
