16
205864 205869 1963
205869 205864 1963
206179 206187 773
206187 206179 773
206805 206806 1458
206806 206805 1458
206866 206872 741
206872 206866 741
181011 181012 807
181012 181011 807
181266 181295 818
181109 181064 131
181109 181295 1234
181295 181109 1234
181295 181266 818
181064 181109 131
31
205864
205869
205875
205883
206546
206549
206179
206618
206620
206615
206187
206561
206565
206616
206624
206628
206800
206805
206806
206812
206852
206864
206866
206872
206882
209183
181012
181016
181062
181266
181301
