20
222988 222986 1184
222986 222988 1184
218690 222998 511
222998 218690 511
222939 222938 764
222938 222939 764
222960 222961 674
222952 222962 1024
222961 222960 674
222962 222952 1024
223043 223051 818
223046 223048 1088
223050 223048 770
223050 223051 878
223051 223043 818
223051 223050 878
223048 223046 1088
223048 223050 770
150848 151000 2279
151000 150848 2279
35
224135
220264
224377
222762
222975
224900
224903
222982
222988
222993
218683
222986
218690
222998
222939
223000
222938
222945
222960
222961
222962
222920
222955
223036
223037
223044
223043
223060
223050
223051
223048
223100
150848
151000
151003
