18
68135 68122 893
68122 68135 893
68486 68490 1906
68490 68486 1906
68504 68508 929
68508 68504 929
68702 68908 1155
68908 68702 1155
68915 68917 553
68917 68915 553
68985 68979 891
68979 68985 891
68981 69347 698
69347 68981 698
69347 69349 1555
69349 69347 1555
69349 69355 639
69355 69349 639
35
68135
68136
68122
68143
68138
68312
68486
68490
68571
68653
68654
68655
68643
68494
68504
68508
68658
68676
68675
68696
68686
68702
68908
68915
68917
68984
68986
68979
68981
69355
72629
72899
73067
73068
76645
