38
127757 127760 872
127760 127757 872
127760 127763 1447
127763 127760 1447
127763 127765 1018
127763 132409 918
127765 127763 1018
127765 127764 688
127765 127778 684
132409 127763 918
132409 127785 1209
127764 127765 688
127764 127777 850
127778 127765 684
127778 127779 1399
127778 127784 2236
127785 127779 964
127785 132409 1209
127777 127764 850
127779 127778 1399
127779 127785 964
127779 127786 169
127784 127778 2236
127786 127779 169
127786 127787 796
127787 127786 796
127787 127788 954
127787 127790 874
127788 127787 954
127788 127789 1344
127790 127787 874
127790 127789 673
127790 127829 1989
127789 127788 1344
127789 127790 673
127829 127790 1989
127829 127830 337
127830 127829 337
18
127757
127760
127763
127765
132409
127764
127778
127785
127777
127779
127784
127786
127787
127788
127790
127789
127829
127830
