16
163656 163655 1345
185060 185059 119
185059 185060 119
166290 166291 843
166291 166290 843
166324 166329 766
166329 166324 766
163655 163656 1345
180531 180590 889
180540 180590 2044
180590 180531 889
180590 180540 2044
182423 182422 728
182453 182445 1335
182422 182423 728
182445 182453 1335
37
163656
184961
185060
185059
185065
185056
185064
166255
163702
166290
166292
166589
163697
166291
166323
166324
166329
166338
166831
163655
166250
180768
180772
180774
180804
180806
180508
180811
180531
180540
180590
182407
182437
182453
182422
182445
182234
