18
154992 154993 905
154993 154992 905
157854 157855 951
155052 155060 782
155060 155052 782
155130 155129 2605
155129 155130 2605
155142 155333 1118
155333 155142 1118
155338 155347 811
157855 157854 951
155158 155159 924
155159 155158 924
155159 155160 475
155160 155159 475
155347 155338 811
155376 155377 1028
155377 155376 1028
35
154962
154992
154993
154985
155003
155044
157861
157862
157854
157850
157852
155052
155060
155126
155130
155129
155142
155143
155333
155336
155338
157755
157855
157890
157888
157893
157896
157899
155158
155159
155160
155376
155377
159845
155404
