22
206373 206372 802
206372 206373 802
206372 208803 779
208803 206372 779
208824 208825 796
208825 208824 796
208825 208827 825
208827 208825 825
208827 208861 867
208861 208827 867
208862 201463 841
201463 208862 841
201478 201477 1137
201477 201478 1137
201477 201484 901
201474 201484 867
201484 201474 867
201484 201477 901
201565 201571 1360
201551 201571 779
201571 201551 779
201571 201565 1360
36
206373
206372
208803
208809
208828
208824
208825
208833
208846
208827
208861
208862
201463
201466
201478
201477
201474
201579
201484
201565
201551
201582
201595
201624
201630
201636
201958
209744
201616
209696
209743
214400
192356
194100
224985
224995
