26
203437 203429 730
203303 203304 539
203304 203303 539
203429 203437 730
203498 203477 2025
203521 203525 894
203477 203498 2025
203525 203521 894
205702 205704 1278
205704 205702 1278
203468 203469 691
203469 203468 691
202559 202562 825
202559 202564 1577
202561 202562 875
202561 202654 1224
202654 202561 1224
202562 202559 825
202562 202561 875
202562 202563 664
202714 202715 143
202715 202714 143
202563 202562 664
202564 202559 1577
202716 202720 1552
202720 202716 1552
33
203437
203438
203301
203303
203304
203429
203435
203498
203501
203521
203477
203525
205677
205702
205704
203454
203468
203467
203469
202510
202559
202712
202714
202715
202564
202659
202661
202674
202716
202720
202690
196134
196118
