20
134429 134428 2559
134428 134429 2559
134452 134453 677
134453 134452 677
134453 134454 604
134454 134453 604
133510 134604 884
134604 133510 884
133442 133441 847
133441 133442 847
133648 133647 1948
133647 133643 2555
133647 133648 1948
133643 133647 2555
133677 133678 764
133678 133677 764
133678 133681 1786
133681 133678 1786
133707 133710 2005
133710 133707 2005
37
134291
134369
134417
134429
134431
133246
134428
134452
133249
134453
134454
133510
134597
134604
133506
133516
133372
133397
133519
133523
133532
134614
133389
133442
133398
133437
133441
133392
133648
133647
133644
133677
133681
133707
133710
133715
133815
