14
143135 143335 416
143335 143135 416
146460 146464 1145
146464 146460 1145
146464 146477 840
146477 146464 840
146638 146639 906
146639 146638 906
146645 146660 1027
146660 146645 1027
146772 146775 1466
146775 146772 1466
146796 146791 1252
146791 146796 1252
39
143111
143128
143135
143335
143338
143352
143664
143384
143400
143678
212608
212609
146371
146401
146460
146399
146464
146477
146481
146490
146638
146639
146645
146660
146666
146775
146777
146796
146780
146782
146791
146804
149978
150373
153591
153617
153638
153624
153667
