16
164110 164112 537
164112 164110 537
164122 164124 1255
164124 164122 1255
164135 164137 129
164135 164137 129
212372 212375 787
212375 212372 787
212378 212388 745
212388 212378 745
212389 212396 727
212396 212389 727
164137 164135 129
164137 164135 129
211966 211968 986
211968 211966 986
37
164279
164191
164202
164196
164276
164101
164110
164112
164153
164122
164127
164124
164130
164135
212372
214313
212375
212378
212388
212389
212396
164137
164146
164149
211816
211820
211821
211825
211966
211968
212137
212143
212147
212312
212313
212161
212329
