18
123300 128075 630
128075 123300 630
130661 130662 1188
130668 130662 1381
130662 130661 1188
130662 130668 1381
130981 130946 344
130946 130981 344
130926 130934 789
130934 130926 789
130948 130949 1258
130948 130950 1055
130950 130225 3068
130950 130948 1055
130949 130948 1258
130225 130226 2139
130225 130950 3068
130226 130225 2139
34
47271
47215
47362
123300
128075
129949
129959
130577
130658
47195
130624
130626
130579
130661
130680
130125
130136
130669
130944
130976
130946
130926
130934
130948
130950
130924
130949
130225
130226
130276
131231
131083
131099
131103
