18
49692 49797 1085
49797 49692 1085
144387 144388 793
144388 144387 793
144381 144380 370
144380 144381 370
144409 144410 593
144410 144409 593
144595 144596 420
144596 144595 420
144596 144600 933
144600 144596 933
196722 196363 1254
196363 196722 1254
196414 196430 723
196372 196416 1764
196416 196372 1764
196430 196414 723
38
49692
49796
49797
53807
53809
53819
144387
144388
144381
142455
144380
142439
142400
142401
142434
142436
144400
144409
144410
144450
144464
144466
144580
144595
144596
144600
144632
196688
196691
196696
196704
196722
196363
196414
196427
196372
196416
141537
