20
186614 186613 746
186613 186614 746
141035 141037 237
141037 141035 237
141723 140776 679
141723 141724 607
140776 141723 679
140776 141724 851
140779 140780 1578
140779 141726 271
140780 140779 1578
140780 141067 2128
141701 141704 414
141701 141724 2120
141704 141701 414
141724 140776 851
141724 141701 2120
141724 141723 607
141726 140779 271
141067 140780 2128
36
140026
139809
139810
190412
190417
139923
187961
190464
190687
189688
190686
186616
189692
186614
186613
141029
141035
141037
141074
141080
141063
141076
141142
141662
141696
140780
141701
141704
141726
141067
141068
55684
55688
55842
55843
55698
