18
145433 145460 779
145460 145433 779
145460 145461 797
145461 145460 797
151371 151364 780
151371 151372 772
151372 151371 772
151372 151416 481
151416 151372 481
151364 151371 780
151342 151343 825
151343 151342 825
204100 204101 762
204101 204100 762
204112 204114 990
204114 204112 990
204118 204322 710
204322 204118 710
40
196868
196894
196882
196881
196819
196822
145346
145431
145433
145460
145461
145985
146001
151410
151371
151372
151416
146005
151365
151364
151373
151339
151341
139761
151342
151343
139759
203583
203998
204004
204100
204101
204112
204114
204113
204118
204322
204330
203581
203605
