20
242503 242499 1576
242499 242503 1576
242500 242555 750
242553 242555 1188
251465 251469 826
251482 251481 1114
251469 251465 826
251481 251482 1114
250414 250429 788
250429 250414 788
242555 242500 750
242555 242553 1188
250517 250518 1111
250517 250518 1111
250518 250517 1111
250518 250517 1111
250598 250599 275
250598 250603 168
250603 250598 168
250599 250598 275
34
250303
250331
242503
242487
242504
242499
242500
241987
242553
251456
251465
251482
251469
251485
251473
251481
251432
251471
250501
251455
250414
250429
242561
242489
250359
250366
250381
250511
250325
250603
250605
250599
250335
250522
