16
37676 37679 2688
37687 37679 924
37679 37676 2688
37679 37687 924
38112 38116 948
38114 38115 2160
38087 38116 558
38116 38087 558
38116 38112 948
38115 38114 2160
38115 38133 1503
38133 38115 1503
38133 38129 2068
38129 38133 2068
41494 41488 1933
41488 41494 1933
38
36531
36537
36908
37581
36376
36538
36754
36910
37636
37644
37654
50297
37676
37687
37688
37679
37990
37988
37989
37975
37999
38015
38017
38678
38679
38112
38114
38087
38115
38129
41494
41488
41493
38033
38041
38042
38084
38077
