98
121661 121662 1960
121661 121919 924
121661 121920 1657
121662 121661 1960
121662 121928 713
121662 121930 789
121662 121931 1105
121919 121661 924
121919 121918 713
121919 121923 953
121919 121928 1856
121920 121661 1657
121920 121683 1081
121920 121921 837
121920 132453 710
121928 121662 713
121928 121919 1856
121928 121929 807
121930 121662 789
121930 121932 1081
121931 121662 1105
121918 121917 1357
121918 121919 713
121918 121922 355
121923 121919 953
121683 121681 789
121683 121693 1705
121683 121695 713
121683 121920 1081
121921 121695 1304
121921 121920 837
132453 121920 710
132453 132521 236
121929 121928 807
121932 121930 1081
121917 121918 1357
121922 121918 355
121681 121680 650
121681 121682 1705
121681 121683 789
121681 121684 1028
121693 121682 789
121693 121683 1705
121693 121688 2056
121693 121694 789
121695 121683 713
121695 121694 1557
121695 121696 1067
121695 121921 1304
132521 132453 236
121680 121679 1381
121680 121681 650
121682 121681 1705
121682 121686 2363
121682 121693 789
121684 121681 1028
121688 121676 1504
121688 121686 678
121688 121689 747
121688 121693 2056
121694 121689 2132
121694 121693 789
121694 121695 1557
121694 121937 1053
121696 121695 1067
121696 121937 1507
121696 121938 747
121679 121680 1381
121686 121664 1389
121686 121682 2363
121686 121685 893
121686 121688 678
121676 121664 890
121676 121687 2059
121676 121688 1504
121689 121688 747
121689 121690 1221
121689 121694 2132
121937 121690 2357
121937 121694 1053
121937 121696 1507
121937 121938 1653
121938 121696 747
121938 121936 1228
121938 121937 1653
121664 121663 197
121664 121676 890
121664 121686 1389
121685 121686 893
121687 121676 2059
121687 121690 953
121687 121691 3008
121690 121687 953
121690 121689 1221
121690 121937 2357
121936 121938 1228
121663 121664 197
121691 121687 3008
39
121661
121662
121919
121920
121928
121930
121931
121918
121923
121683
121921
132453
121929
121932
121917
121922
121681
121693
121695
132521
121680
121682
121684
121688
121694
121696
121679
121686
121676
121689
121937
121938
121664
121685
121687
121690
121936
121663
121691
