18
152615 152625 807
152603 152671 1064
152671 152603 1064
152678 152599 747
152599 152678 747
153530 162518 2088
162518 153530 2088
152517 152521 475
152521 152517 475
152608 152607 558
152607 152608 558
152625 152615 807
168509 168510 951
168510 168509 951
167631 167632 1029
167632 167631 1029
167650 167663 1905
167663 167650 1905
37
211293
211290
215066
215068
167410
167559
152615
152618
152663
152603
152671
152596
152678
152599
152586
153527
153530
162518
168516
152521
152535
152608
152607
152625
168509
162514
168510
167595
167594
167638
167631
167632
167650
167663
167803
168443
152527
