14
181569 181581 765
181581 181569 765
184474 184471 818
184471 184474 818
184569 184570 818
184536 184523 345
184570 184569 818
184523 184536 345
184533 184532 1873
184558 184557 435
184557 184558 435
184532 184533 1873
183151 183152 1323
183152 183151 1323
38
181542
181559
181569
181581
181576
181638
181642
184474
184471
184569
184536
184570
184571
184527
163126
163128
184382
184380
184523
184538
184533
184558
184557
184532
163130
163133
163073
163088
163082
163098
163124
163110
183115
183151
183122
183152
183125
183164
