498
37218 37219 730
37219 37218 730
37219 37791 4868
37219 38426 937
37791 37219 4868
37791 42535 4041
37791 45835 852
38426 37219 937
42535 37791 4041
42535 42536 2419
42535 42537 738
45835 37791 852
45835 46242 2638
45835 47644 1460
42536 39589 4567
42536 42535 2419
42537 42535 738
42537 42543 1427
46242 45835 2638
46242 46241 315
46242 49663 346
47644 45835 1460
47644 50420 505
47644 50421 452
39589 39590 1800
39589 42536 4567
39589 42615 4181
39589 42651 1009
42543 42532 1028
42543 42537 1427
42543 42544 1771
46241 46242 315
46241 49690 138
46241 50425 322
49663 46242 346
49663 49664 304
49663 49664 304
50420 47644 505
50420 47645 729
50420 50422 300
50421 47644 452
39590 39589 1800
39590 40605 1097
42615 39589 4181
42615 42616 2304
42615 42631 656
42651 39589 1009
42532 42530 1224
42532 42539 1063
42532 42543 1028
42544 42542 873
42544 42543 1771
42544 42609 57
49690 46241 138
49690 50339 267
49690 50358 431
50425 46241 322
50425 50358 292
50425 50423 1107
49664 46274 190
49664 49663 304
49664 49663 304
47645 47646 1181
47645 50390 738
47645 50420 729
50422 50420 300
40605 38656 2455
40605 39590 1097
40605 41373 876
42616 42615 2304
42616 42633 852
42616 42669 778
42631 42614 831
42631 42615 656
42631 42633 1996
42530 42531 947
42530 42532 1224
42530 42538 1209
42539 42532 1063
42539 42538 1623
42539 42542 673
42542 42539 673
42542 42541 581
42542 42544 873
42609 42544 57
42609 42606 1126
42609 50428 574
50339 49690 267
50358 49690 431
50358 50359 301
50358 50425 292
50423 47646 2234
50423 50425 1107
50423 50426 641
46274 46275 37
46274 49664 190
47646 47645 1181
47646 50423 2234
47646 50424 654
50390 47645 738
38656 38657 3513
38656 40605 2455
38656 41374 1612
41373 40605 876
41373 41374 2013
41373 41374 2013
42633 42616 852
42633 42631 1996
42633 42634 180
42669 42616 778
42669 42668 556
42614 42613 354
42614 42631 831
42614 42632 1602
42531 42530 947
42538 42530 1209
42538 42539 1623
42538 42540 682
42541 42540 1168
42541 42542 581
42541 42602 1209
42606 42607 1248
42606 42609 1126
42606 42611 1627
50428 42609 574
50428 50496 1649
50428 50498 573
50359 50358 301
50426 50423 641
46275 46274 37
50424 47646 654
38657 38656 3513
38657 41954 7600
38657 41961 2871
41374 38656 1612
41374 41373 2013
41374 41373 2013
42634 42632 1234
42634 42633 180
42634 42636 599
42668 42667 551
42668 42669 556
42668 42670 939
42613 42610 1633
42613 42614 354
42613 42628 2153
42632 42614 1602
42632 42634 1234
42632 42635 757
42540 42538 682
42540 42541 1168
42540 42600 2046
42602 42541 1209
42607 42601 1338
42607 42606 1248
42607 42608 901
42611 42606 1627
42611 42610 982
42611 50429 972
50496 50428 1649
50496 50429 828
50496 50429 828
50498 50428 573
41954 38657 7600
41954 43823 589
41954 43834 1063
41961 38657 2871
42636 42634 599
42636 42638 682
42636 42639 556
42667 42668 551
42670 42639 2224
42670 42668 939
42670 42671 1079
42610 42611 982
42610 42612 3971
42610 42613 1633
42628 42613 2153
42628 42626 1594
42628 42630 3155
42635 42630 1161
42635 42632 757
42635 42637 1350
42600 42540 2046
42600 42601 386
42600 42603 1180
42601 42600 386
42601 42607 1338
42608 42605 2000
42608 42607 901
50429 42611 972
50429 50430 2066
50429 50496 828
50429 50496 828
43823 41954 589
43823 43810 3508
43823 43837 673
43834 41954 1063
43834 43806 1040
43834 50465 450
42638 42636 682
42638 42645 333
42638 42648 673
42639 42636 556
42639 42670 2224
42671 42645 2894
42671 42649 1180
42671 42670 1079
42612 42599 1903
42612 42610 3971
42612 42617 2362
42612 42618 751
42626 42618 252
42626 42627 276
42626 42628 1594
42630 42628 3155
42630 42629 1161
42630 42635 1161
42637 42635 1350
42637 42646 1114
42637 42647 1602
42603 42600 1180
42603 42604 1205
42603 42605 1613
42605 42599 939
42605 42603 1613
42605 42608 2000
50430 50429 2066
43810 43808 2640
43810 43821 3635
43810 43822 1350
43810 43823 3508
43837 43823 673
43837 43830 1099
43837 43838 2967
43806 43803 1836
43806 43832 1494
43806 43834 1040
50465 43834 450
42645 42638 333
42645 42671 2894
42648 42638 673
42649 42646 3893
42649 42671 1180
42649 42672 1811
42649 42673 1602
42599 42596 738
42599 42605 939
42599 42612 1903
42617 42612 2362
42617 50266 1350
42618 42612 751
42618 42619 2087
42618 42626 252
42627 42626 276
42627 42629 3024
42627 50266 1732
42629 42627 3024
42629 42630 1161
42629 42640 1299
42629 42643 3039
42646 42637 1114
42646 42649 3893
42647 42637 1602
42647 42643 435
42647 43802 782
42604 42603 1205
43808 43807 1079
43808 43810 2640
43808 43820 5500
43821 43810 3635
43821 43820 818
43821 43824 1696
43822 43810 1350
43822 43824 4089
43822 43826 1183
43830 43827 2319
43830 43837 1099
43830 43843 3255
43830 43862 505
43838 43837 2967
43838 43839 2272
43838 43840 1152
43803 43804 429
43803 43806 1836
43832 43805 1702
43832 43806 1494
43832 43835 1124
42672 42649 1811
42673 42649 1602
42673 43805 2446
42673 43833 893
42673 43835 1378
42596 42595 1274
42596 42599 738
50266 42617 1350
50266 42627 1732
42619 42618 2087
42640 42629 1299
42640 42641 1878
42640 42644 889
42643 42629 3039
42643 42647 435
42643 43804 599
43802 42647 782
43802 43805 1780
43807 43800 336
43807 43808 1079
43820 43808 5500
43820 43814 445
43820 43821 818
43820 43892 6179
43824 43821 1696
43824 43822 4089
43824 43825 2125
43824 43892 5449
43826 43822 1183
43826 43827 1636
43826 43828 682
43827 43826 1636
43827 43830 2319
43827 43831 1967
43843 43830 3255
43843 43840 517
43843 43865 2053
43843 43866 4445
43862 43830 505
43862 43863 2951
43862 43864 1697
43839 43838 2272
43839 43841 1534
43839 43842 1812
43840 43838 1152
43840 43841 2068
43840 43843 517
43804 42643 599
43804 43803 429
43804 50280 828
43805 42673 2446
43805 43802 1780
43805 43832 1702
43835 42673 1378
43835 43832 1124
43835 43836 612
43833 42673 893
42595 42593 676
42595 42596 1274
42595 42597 2787
42641 42640 1878
42644 42640 889
42644 42642 344
42644 43798 2690
43800 43798 751
43800 43801 475
43800 43807 336
43800 43809 3927
43814 43813 1636
43814 43820 445
43892 43820 6179
43892 43824 5449
43825 43824 2125
43825 43828 3449
43825 43899 1702
43828 43825 3449
43828 43826 682
43828 43829 2378
43831 43827 1967
43831 43829 2613
43831 43864 1421
43865 43843 2053
43865 43868 3011
43866 43843 4445
43866 43868 2876
43863 43862 2951
43863 43870 810
43863 43871 2643
43864 43831 1421
43864 43862 1697
43864 43870 2850
43841 43839 1534
43841 43840 2068
43841 43844 1812
43842 43839 1812
43842 43844 1534
43842 43846 1484
50280 43804 828
43836 43835 612
42593 42592 612
42593 42595 676
42597 42595 2787
42597 42598 1141
42642 42624 1745
42642 42644 344
42642 43797 927
43798 42644 2690
43798 43800 751
43801 43795 1344
43801 43796 3434
43801 43800 475
43809 43796 1026
43809 43800 3927
43809 43813 2885
43813 43809 2885
43813 43812 2002
43813 43814 1636
43813 43819 2417
43899 43825 1702
43899 43829 2598
43899 43905 6340
43829 43828 2378
43829 43831 2613
43829 43899 2598
43829 43900 2561
43868 43865 3011
43868 43866 2876
43868 43869 1063
43870 43863 810
43870 43864 2850
43870 43873 836
43871 43863 2643
43844 43841 1812
43844 43842 1534
43844 43854 757
43846 42677 279
43846 43842 1484
43846 43847 3237
42592 42529 872
42592 42591 1762
42592 42593 612
42598 42597 1141
42624 42625 475
42624 42642 1745
43797 42642 927
43797 43782 336
43795 43794 2376
43795 43799 676
43795 43801 1344
43796 43794 1274
43796 43801 3434
43796 43809 1026
43812 43793 1337
43812 43811 1768
43812 43813 2002
43812 43818 1140
43819 43738 5989
43819 43813 2417
43819 43818 1394
43905 43899 6340
43905 43900 9030
43900 43829 2561
43900 43901 537
43900 43905 9030
43869 43868 1063
43869 43872 1152
43869 43872 1152
43873 43870 836
43873 43874 2142
43873 43912 1224
43854 43844 757
42677 42678 2286
42677 43845 1393
42677 43846 279
43847 43846 3237
42529 42473 2309
42529 42590 1854
42529 42592 872
42591 42590 947
42591 42592 1762
42591 42594 84
42625 42624 475
43782 42622 373
43782 43797 336
43794 43784 1421
43794 43795 2376
43794 43796 1274
43799 43795 676
43793 43786 3726
43793 43812 1337
43811 43812 1768
43818 43812 1140
43818 43819 1394
43738 43819 5989
43901 43900 537
43872 43869 1152
43872 43869 1152
43872 43874 1258
43874 43872 1258
43874 43873 2142
43912 43873 1224
42678 42677 2286
43845 42677 1393
42473 42529 2309
42590 42529 1854
42590 42591 947
42594 42591 84
42622 43782 373
43784 43794 1421
43786 43793 3726
197
37791
42535
45835
42536
42537
46242
47644
39589
42543
46241
49663
50420
50421
39590
42615
42651
42532
42544
49690
50425
49664
47645
50422
40605
42616
42631
42530
42539
42542
42609
50339
50358
50423
46274
47646
50390
38656
41373
42633
42669
42614
42531
42538
42541
42606
50428
50359
50426
46275
50424
38657
41374
42634
42668
42613
42632
42540
42602
42607
42611
50496
50498
41954
41961
42636
42667
42670
42610
42628
42635
42600
42601
42608
50429
43823
43834
42638
42639
42671
42612
42626
42630
42637
42603
42605
50430
43810
43837
43806
50465
42645
42648
42649
42599
42617
42618
42627
42629
42646
42647
42604
43808
43821
43822
43830
43838
43803
43832
42672
42673
42596
50266
42619
42640
42643
43802
43807
43820
43824
43826
43827
43843
43862
43839
43840
43804
43805
43835
43833
42595
42641
42644
43800
43814
43892
43825
43828
43831
43865
43866
43863
43864
43841
43842
50280
43836
42593
42597
42642
43798
43801
43809
43813
43899
43829
43868
43870
43871
43844
43846
42592
42598
42624
43797
43795
43796
43812
43819
43905
43900
43869
43873
43854
42677
43847
42529
42591
42625
43782
43794
43799
43793
43811
43818
43738
43901
43872
43874
43912
42678
43845
42473
42590
42594
42622
43784
43786
