460
113851 113852 201
113851 114213 785
113852 113851 201
113852 114218 603
114213 113851 785
114213 114212 580
114213 116161 1292
114213 116179 514
114218 113852 603
114218 114217 788
114218 114222 1270
114218 114430 785
114212 114213 580
116161 114213 1292
116179 114213 514
114217 114218 788
114222 114218 1270
114222 114221 1026
114222 114223 670
114430 114197 475
114430 114218 785
114430 114221 947
114221 114220 735
114221 114222 1026
114221 114430 947
114223 114219 610
114223 114222 670
114223 115461 1124
114197 114198 475
114197 114430 475
114220 114219 472
114220 114221 735
114220 114431 626
114219 114220 472
114219 114223 610
114219 114431 927
115461 114223 1124
114198 114197 475
114198 114199 748
114198 114306 1218
114431 114219 927
114431 114220 626
114431 116162 498
114199 114198 748
114199 114200 1059
114199 114205 1391
114306 114198 1218
114306 114305 2734
114306 114428 1014
116162 114431 498
114200 114199 1059
114200 114201 1192
114200 114205 796
114205 114199 1391
114205 114200 796
114205 114206 1575
114305 114304 1689
114305 114306 2734
114305 116164 1225
114428 114306 1014
114428 114429 3887
114201 114200 1192
114201 114202 2448
114201 114207 1447
114206 114205 1575
114206 114207 735
114206 114214 695
114206 114429 875
114304 114302 4387
114304 114305 1689
116164 114305 1225
116164 114432 6894
114429 114206 875
114429 114428 3887
114202 114201 2448
114202 114203 781
114207 114201 1447
114207 114206 735
114207 114216 1939
114214 114206 695
114214 114215 2740
114214 114424 787
114302 114303 1561
114302 114304 4387
114432 114433 7508
114432 116164 6894
114203 114191 344
114203 114202 781
114216 114207 1939
114216 114215 610
114215 114214 2740
114215 114216 610
114215 114425 787
114424 114214 787
114424 114425 2740
114303 114302 1561
114303 114307 920
114303 114323 580
114433 114432 7508
114433 114437 1348
114191 114017 1021
114191 114190 2303
114191 114203 344
114425 114215 787
114425 114424 2740
114425 116163 926
114307 114303 920
114323 114303 580
114323 114322 1093
114323 114324 1898
114437 114354 353
114437 114433 1348
114437 114434 5828
114017 114016 4263
114017 114018 1014
114017 114191 1021
114190 114188 1004
114190 114191 2303
114190 114196 353
116163 114425 926
116163 116159 577
116163 116256 1671
114322 114320 695
114322 114323 1093
114322 114331 936
114322 114333 883
114324 114312 417
114324 114321 1004
114324 114323 1898
114324 116174 603
114354 114355 2149
114354 114437 353
114434 114435 2113
114434 114437 5828
114434 114566 2669
114016 113971 4629
114016 114017 4263
114016 114192 866
114018 114017 1014
114018 114019 1165
114188 114189 472
114188 114190 1004
114188 114196 835
114196 114188 835
114196 114190 353
114196 114204 1014
116159 116160 359
116159 116163 577
116159 116255 1043
116256 116163 1671
114320 114321 695
114320 114322 695
114320 116268 1004
114331 114322 936
114331 114332 835
114331 116267 621
114333 114322 883
114333 114332 803
114333 116265 1161
114312 114311 417
114312 114313 950
114312 114324 417
114321 114320 695
114321 114324 1004
114321 116269 874
116174 114324 603
114355 114354 2149
114355 114410 4269
114435 114434 2113
114435 114436 3084
114435 114440 7835
114566 114409 111
114566 114434 2669
114566 114588 1341
113971 113970 887
113971 114016 4629
114192 114016 866
114192 114193 1010
114192 114194 1031
114019 114018 1165
114019 114020 887
114019 114038 1656
114189 114188 472
114189 114210 649
114204 114196 1014
116160 116159 359
116255 116159 1043
116268 114320 1004
114332 114331 835
114332 114333 803
114332 116266 1342
116267 114331 621
116265 114333 1161
114311 114310 402
114311 114312 417
114311 116270 1808
114313 114312 950
116269 114321 874
114410 114355 4269
114410 114411 433
114436 114420 3862
114436 114435 3084
114440 114435 7835
114409 114408 2972
114409 114566 111
114588 114566 1341
114588 114586 807
114588 114587 1582
114588 116188 757
113970 113969 510
113970 113971 887
113970 114172 1274
114193 114192 1010
114193 114194 1165
114194 114192 1031
114194 114193 1165
114194 114195 614
114020 114019 887
114020 114021 445
114020 114037 1010
114038 114019 1656
114038 114039 1617
114038 116260 429
114210 114189 649
114210 114211 3015
116266 114332 1342
114310 114308 1375
114310 114311 402
114310 114325 402
116270 114311 1808
114411 114397 1647
114411 114408 626
114411 114410 433
114420 114421 817
114420 114423 2624
114420 114436 3862
114420 114442 2703
114408 114409 2972
114408 114411 626
114586 114585 1498
114586 114588 807
114586 114589 671
114586 114599 832
114587 114585 735
114587 114588 1582
116188 114588 757
116188 114599 802
116188 116189 217
116188 116190 304
113969 113970 510
113969 113984 1218
113969 114173 1357
114172 113970 1274
114195 114194 614
114021 114020 445
114021 114022 749
114021 114023 472
114037 114020 1010
114037 114023 1113
114037 114036 514
114039 114038 1617
114039 114040 482
114039 114043 502
116260 114038 429
114211 114208 452
114211 114210 3015
114308 114309 510
114308 114310 1375
114308 114319 746
114325 114310 402
114325 114318 502
114325 114327 1470
114397 114395 748
114397 114398 1398
114397 114411 1647
114421 114420 817
114421 114422 2411
114421 114441 344
114423 114420 2624
114423 114422 778
114423 115187 474
114442 114420 2703
114442 114441 2848
114585 114586 1498
114585 114587 735
114585 114590 671
114589 114574 671
114589 114586 671
114589 114590 1498
114589 114598 1848
114599 114586 832
114599 114598 837
114599 116188 802
116189 116188 217
116190 116188 304
113984 113969 1218
113984 113983 1426
113984 113985 730
113984 114009 1454
114173 113969 1357
114173 114008 2450
114173 114174 1119
114022 114021 749
114023 114021 472
114023 114024 1138
114023 114037 1113
114036 114024 1114
114036 114025 1410
114036 114037 514
114040 114039 482
114040 114041 2239
114040 114042 437
114043 114039 502
114043 114412 1336
114208 114209 924
114208 114211 452
114309 114247 472
114309 114308 510
114309 116175 2454
114319 114308 746
114319 114315 2623
114319 114318 475
114318 114317 705
114318 114319 475
114318 114325 502
114327 114325 1470
114327 114326 887
114395 114394 674
114395 114396 2983
114395 114397 748
114398 114397 1398
114398 114399 482
114398 114402 1299
114422 114421 2411
114422 114423 778
114422 115188 901
114441 114421 344
114441 114442 2848
114441 114581 1234
115187 114423 474
114590 114583 671
114590 114585 671
114590 114589 1498
114574 114572 735
114574 114573 1677
114574 114583 1498
114574 114589 671
114598 114589 1848
114598 114599 837
113983 113981 2150
113983 113984 1426
113983 114010 1686
113983 114012 1706
113985 113984 730
114009 113984 1454
114009 114008 2454
114009 114187 474
114008 113990 1436
114008 114009 2454
114008 114173 2450
114008 114175 1410
114174 114173 1119
114024 114023 1138
114024 114025 1571
114024 114036 1114
114025 114024 1571
114025 114026 1070
114025 114036 1410
114041 114040 2239
114042 114040 437
114412 114043 1336
114412 114413 2364
114412 116257 936
114209 114208 924
114247 114245 139
114247 114309 472
116175 114309 2454
114315 114314 603
114315 114319 2623
114315 116178 189
114317 114316 649
114317 114318 705
114317 114326 735
114326 114317 735
114326 114327 887
114326 114330 649
114394 114392 712
114394 114395 674
114394 114576 1449
114396 114395 2983
114399 114398 482
114399 114400 2443
114399 114401 1582
114402 114398 1299
115188 114422 901
114581 114441 1234
114581 114452 1172
114581 114480 712
114583 114574 1498
114583 114582 735
114583 114590 671
114572 114573 1574
114572 114574 735
114572 114582 1498
114572 114603 671
114573 114572 1574
114573 114574 1677
113981 113979 678
113981 113982 1111
113981 113983 2150
114010 113983 1686
114010 114011 583
114010 114012 2775
114012 113976 1688
114012 113983 1706
114012 114010 2775
114187 114009 474
113990 113989 452
113990 113991 735
113990 114008 1436
114175 114008 1410
114175 114168 1136
114175 114170 2740
114026 114025 1070
114026 114027 817
114026 114034 1461
114413 114044 582
114413 114412 2364
114413 114419 3159
116257 114412 936
114245 114247 139
114314 114315 603
114314 114316 887
116178 114315 189
114316 114314 887
114316 114317 649
114316 114330 735
114330 114316 735
114330 114326 649
114392 114394 712
114576 114394 1449
114400 114399 2443
114401 114399 1582
114452 114581 1172
114480 114581 712
114582 114572 1498
114582 114583 735
114603 114572 671
113979 113981 678
113982 113981 1111
114011 114010 583
113976 114012 1688
113989 113990 452
113991 113990 735
114168 114175 1136
114170 114175 2740
114027 114026 817
114034 114026 1461
114044 114413 582
114419 114413 3159
22
116257
114245
114314
116178
114316
114330
114392
114576
114452
114480
114582
114603
113979
113976
113989
113991
114168
114170
114027
114034
114044
114419
