22
52029 52030 788
52032 52030 928
52669 52677 354
52677 52669 354
52679 52674 697
52674 52679 697
52030 52029 788
52030 52032 928
186373 186382 1486
194575 194579 786
194517 194662 470
194662 194517 470
194652 194653 183
194653 194652 183
186382 186373 1486
190698 190706 231
190706 190698 231
187048 187071 900
187071 187048 900
190734 190737 167
190737 190734 167
194579 194575 786
36
52015
52027
52029
52733
52032
52669
52677
52679
52674
52689
52030
186351
186321
186325
186362
186373
194575
214430
194604
194662
194661
194653
186382
186965
187041
187053
190698
190706
187045
187046
187048
187071
190734
190735
194579
194597
